Wtorek,01,Wrzesieñ,2026,16:08:47:00009-VCID:1C3761778CABCE7337-515A,Wersja VCDS: AKP 23.3.1,Wersja danych: 20230601 DS346.2
047 906 033 L,,1.4l SIMOS3PA   00HS5401,

,Grupa A:,'001,,,,Grupa B:,'002,,,,Grupa C:,'033
,,Obroty silnika,Temperatura,Lambda,Bity binarnie,,Obroty silnika,Obci¹¿enie,Czas wtrysku,Ciœnienie rzecz.,,Lambda,Napiêcie, , 
,CZAS,,,,,CZAS,,,,,CZAS,,,,
Znacznik,ZAPISU, /min,*C, %,,ZAPISU, /min, %, ms, mbar,ZAPISU, %, V,,
,0.88,768,96.0,-0.4,10111111,0.29,800,29.4,4.12,418.2,0.59,-0.4,1.52, , 
,1.83,768,96.0,0.0,10111111,1.19,800,29.4,4.12,438.6,1.50,0.0,1.52, , 
,2.72,768,96.0,0.0,10111111,2.14,800,29.4,4.12,438.6,2.42,0.0,1.48, , 
,3.60,800,96.0,0.0,10111111,3.02,800,29.4,4.12,418.2,3.31,0.0,1.48, , 
,4.52,800,96.0,0.0,10111111,3.91,768,29.4,4.12,418.2,4.23,0.0,1.48, , 
,5.39,800,96.0,0.0,10111111,4.81,768,29.4,4.12,418.2,5.10,0.0,1.48, , 
,6.24,768,96.0,-0.4,10111111,5.67,800,29.4,4.12,418.2,5.95,0.0,1.48, , 
,7.17,704,96.0,0.0,10101011,6.55,768,29.4,4.12,438.6,6.86,0.4,1.52, , 
,8.15,1280,96.0,-0.4,10101011,7.49,864,57.6,9.27,714.0,7.82,0.0,1.56, , 
,9.05,768,96.0,0.0,10101011,8.44,1120,48.6,7.21,591.6,8.75,0.0,1.64, , 
,10.05,1248,96.0,0.0,10101011,9.36,896,57.6,8.24,714.0,9.69,0.0,1.56, , 
,11.02,1568,96.0,0.0,10111111,10.37,1440,63.5,10.30,734.4,10.73,0.0,0.82, , 
,11.92,1024,96.0,0.0,10101011,11.32,1152,28.2,4.12,397.8,11.61,0.0,3.24, , 
,12.87,1120,96.0,0.0,10101011,12.22,1024,40.0,6.18,520.2,12.56,0.0,1.60, , 
,13.85,1408,96.0,0.0,10101011,13.18,1184,66.3,10.30,795.6,13.52,0.0,1.45, , 
,14.79,1664,96.0,-5.5,10101011,14.12,1472,65.1,10.30,775.2,14.46,-5.5,1.13, , 
,15.87,2080,94.5,-9.4,10101001,15.16,1760,75.3,12.36,867.0,15.53,-8.2,1.45, , 
,16.90,2496,94.5,-13.3,10101001,16.21,2176,84.3,13.39,948.6,16.56,-12.9,1.45, , 
,17.91,2368,96.0,0.0,10111101,17.22,2592,82.7,12.36,928.2,17.57,0.0,1.48, , 
,18.97,1792,94.5,0.0,10101011,18.23,1824,0.0,0.00,295.8,18.61,0.0,3.79, , 
,20.06,1856,94.5,0.0,10101011,19.34,1824,40.0,6.18,479.4,19.71,0.0,1.45, , 
,21.14,2016,94.5,-5.5,10101001,20.42,1920,63.5,10.30,734.4,20.78,-2.7,1.29, , 
,22.16,2112,94.5,-11.3,10101001,21.47,2048,62.0,9.27,714.0,21.83,-10.2,1.33, , 
,23.22,2208,94.5,-11.3,11101001,22.52,2176,59.2,8.24,693.6,22.88,-12.1,1.52, , 
,24.23,2304,94.5,-5.1,11101001,23.55,2240,45.9,6.18,550.8,23.90,-6.3,1.64, , 
,25.28,2400,93.0,-12.9,11101001,24.55,2304,59.2,8.24,673.2,24.91,-10.5,1.45, , 
,26.38,2496,93.0,-16.4,11101001,25.64,2432,62.0,8.24,714.0,26.02,-16.0,1.41, , 
,27.42,2656,93.0,-10.9,11101001,26.71,2560,59.2,8.24,673.2,27.06,-12.1,1.45, , 
,28.45,2816,93.0,-9.0,11101001,27.78,2688,81.2,12.36,907.8,28.11,-10.5,1.52, , 
,29.44,1920,93.0,0.0,11111111,28.79,2880,73.7,9.27,867.0,29.12,0.0,3.36, , 
,30.50,2048,93.0,0.0,11101001,29.80,1408,22.0,3.09,316.2,30.16,0.0,3.05, , 
,31.56,2080,91.5,0.0,11101001,30.83,2080,44.3,7.21,499.8,31.19,0.0,1.25, , 
,32.56,2144,91.5,-4.7,11101001,31.89,2112,57.6,8.24,673.2,32.23,-3.9,1.45, , 
,33.57,2208,91.5,-5.9,11101001,32.89,2144,59.2,8.24,673.2,33.22,-5.9,1.45, , 
,34.59,2240,91.5,-7.4,11101001,33.92,2208,57.6,8.24,673.2,34.25,-6.3,1.52, , 
,35.61,2304,91.5,-12.1,11101001,34.92,2272,66.3,9.27,754.8,35.25,-10.9,1.41, , 
,36.65,2336,91.5,-12.1,11101001,35.94,2336,65.1,9.27,734.4,36.29,-13.3,1.52, , 
,37.67,2400,91.5,-9.0,11101001,36.97,2368,59.2,8.24,673.2,37.30,-9.8,1.60, , 
,38.70,2432,91.5,-5.9,11101001,38.01,2400,56.1,7.21,652.8,38.35,-6.6,1.48, , 
,39.78,2496,91.5,-3.5,11101001,39.04,2464,54.5,8.24,632.4,39.41,-4.3,1.48, , 
,40.82,2528,91.5,-2.0,11101001,40.14,2496,53.3,8.24,632.4,40.46,-3.1,1.48, , 
,41.87,2560,91.5,-9.8,11101001,41.16,2528,53.3,7.21,612.0,41.53,-9.0,1.45, , 
,42.90,2560,90.0,-10.2,11101001,42.22,2560,54.5,8.24,632.4,42.55,-9.8,1.45, , 
,43.92,2592,90.0,-9.4,11101001,43.23,2592,53.3,8.24,612.0,43.57,-9.8,1.52, , 
,44.95,2624,90.0,-7.8,11101001,44.27,2624,51.8,7.21,612.0,44.61,-8.2,1.52, , 
,45.98,2656,90.0,-7.0,11101001,45.30,2624,51.8,7.21,612.0,45.65,-6.6,1.45, , 
,47.04,2656,90.0,-7.0,11101001,46.35,2656,51.8,8.24,591.6,46.69,-7.0,1.45, , 
,48.06,2688,90.0,-6.3,11101001,47.38,2688,50.2,7.21,591.6,47.71,-6.3,1.52, , 
,49.09,2720,91.5,-6.3,11101001,48.41,2720,50.2,7.21,591.6,48.75,-6.3,1.45, , 
,50.10,2784,90.0,-10.5,11101001,49.43,2720,69.4,10.30,775.2,49.77,-9.8,1.41, , 
,51.12,2848,90.0,-11.3,11101001,50.42,2816,79.6,12.36,887.4,50.77,-11.3,1.48, , 
,52.09,2912,90.0,-10.9,11101001,51.45,2880,79.6,12.36,887.4,51.74,-11.7,1.48, , 
,53.14,2080,90.0,0.0,11111101,52.45,2944,78.4,12.36,867.0,52.79,0.0,2.93, , 
,54.13,2208,90.0,0.0,11101001,53.45,1600,0.0,0.00,316.2,53.80,0.0,3.87, , 
,55.15,2176,90.0,-2.7,11101001,54.47,2176,19.2,3.09,275.4,54.79,0.0,1.37, , 
,56.16,2208,90.0,0.0,11101001,55.49,2208,50.2,8.24,591.6,55.82,0.0,1.09, , 
,57.16,2208,90.0,-4.7,11101001,56.51,2208,66.3,11.33,754.8,56.83,-3.5,1.29, , 
,58.19,2240,90.0,-5.9,11101001,57.50,2208,65.1,10.30,754.8,57.83,-8.6,1.29, , 
,59.20,2240,90.0,-4.7,11101001,58.53,2208,45.9,6.18,550.8,58.86,-5.1,1.56, , 
,60.22,2240,90.0,-3.1,11101001,59.54,2240,44.3,6.18,520.2,59.88,-3.1,1.48, , 
,61.28,2208,90.0,-3.9,11101001,60.58,2240,38.4,6.18,479.4,60.93,-4.3,1.45, , 
,62.32,2208,88.5,-4.3,11101001,61.64,2208,36.9,5.15,459.0,61.97,-4.3,1.48, , 
,63.33,2208,88.5,-2.3,11101001,62.67,2208,44.3,6.18,520.2,63.01,-3.5,1.52, , 
,64.37,2208,88.5,-5.9,11101001,63.68,2240,53.3,8.24,612.0,64.03,-5.1,1.33, , 
,65.38,2240,88.5,-7.4,11101001,64.69,2240,53.3,8.24,632.4,65.04,-7.4,1.45, , 
,66.41,2240,88.5,-5.1,11101001,65.72,2208,50.2,7.21,591.6,66.07,-7.0,1.52, , 
,67.43,2208,88.5,-3.5,11101001,66.74,2240,36.9,5.15,459.0,67.08,-4.3,1.48, , 
,68.45,2240,88.5,-3.9,11101001,67.78,2208,50.2,7.21,591.6,68.12,-4.3,1.52, , 
,69.42,2240,88.5,-3.1,11101001,68.78,2240,50.2,7.21,591.6,69.09,-3.1,1.45, , 
,70.42,2240,88.5,-1.2,11101001,69.75,2240,42.7,6.18,520.2,70.09,-2.0,1.48, , 
,71.45,2272,88.5,-1.2,11101001,70.75,2240,42.7,6.18,520.2,71.11,-1.2,1.48, , 
,72.42,2272,88.5,-2.3,11101001,71.78,2272,41.2,6.18,499.8,72.09,-2.0,1.41, , 
,73.43,2272,88.5,-2.3,11101001,72.75,2272,19.2,3.09,295.8,73.09,-2.3,1.48, , 
,74.44,2272,88.5,-2.0,11101001,73.77,2272,19.2,3.09,275.4,74.11,-1.6,1.48, , 
,75.44,2272,88.5,-1.2,11101001,74.78,2272,19.2,3.09,275.4,75.10,-1.2,1.45, , 
,76.45,2272,88.5,-0.4,11101001,75.77,2272,19.2,3.09,275.4,76.11,-0.4,1.52, , 
,77.45,2272,88.5,-0.4,11101001,76.78,2272,20.8,3.09,295.8,77.11,0.4,1.45, , 
,78.47,2272,88.5,0.4,11101001,77.78,2272,29.4,4.12,377.4,78.11,0.0,1.52, , 
,79.48,2272,88.5,0.8,11101001,78.82,2272,32.5,5.15,418.2,79.15,0.8,1.48, , 
,80.49,2272,88.5,2.0,11101001,79.80,2272,34.1,5.15,418.2,80.15,2.3,1.48, , 
,81.56,2272,87.0,1.6,11101001,80.86,2272,32.5,5.15,418.2,81.21,1.2,1.45, , 
,82.58,2240,87.0,0.4,11101001,81.89,2272,32.5,5.15,397.8,82.22,0.8,1.45, , 
,83.61,2240,87.0,2.0,11101001,82.91,2272,44.3,7.21,520.2,83.25,1.2,1.52, , 
,84.59,2208,87.0,-1.6,11101001,83.96,2240,45.9,7.21,550.8,84.28,2.7,1.45, , 
,85.61,2208,87.0,-9.4,11101001,84.92,2208,59.2,9.27,673.2,85.27,-7.0,1.29, , 
,86.64,2208,87.0,-13.3,11101001,85.96,2208,63.5,9.27,734.4,86.30,-12.1,1.45, , 
,87.66,2208,87.0,-15.6,11101001,86.97,2208,65.1,9.27,734.4,87.32,-15.2,1.52, , 
,88.70,2208,87.0,-15.6,11101001,88.02,2208,65.1,9.27,734.4,88.37,-15.6,1.56, , 
,89.75,2240,87.0,-14.8,11101001,89.03,2208,65.1,9.27,734.4,89.39,-15.2,1.52, , 
,90.77,2240,87.0,-14.8,11101001,90.08,2240,65.1,9.27,734.4,90.43,-14.5,1.52, , 
,91.79,2240,87.0,-14.5,11101001,91.12,2240,65.1,9.27,734.4,91.46,-14.5,1.48, , 
,92.82,2272,87.0,-14.5,11101001,92.14,2240,65.1,9.27,734.4,92.47,-14.8,1.48, , 
,93.83,2272,87.0,-14.5,11101001,93.16,2272,65.1,9.27,734.4,93.49,-14.5,1.48, , 
,94.85,2272,85.5,-14.8,11101001,94.17,2272,65.1,9.27,734.4,94.51,-14.1,1.45, , 
,95.88,2304,85.5,-12.5,11101001,95.18,2304,63.5,9.27,714.0,95.52,-14.5,1.52, , 
,96.88,2304,85.5,-11.7,11101001,96.22,2304,59.2,8.24,673.2,96.56,-11.3,1.48, , 
,97.90,2336,85.5,-10.5,11101001,97.21,2336,59.2,8.24,673.2,97.55,-11.3,1.45, , 
,98.96,2336,85.5,-4.7,11101001,98.24,2336,51.8,7.21,612.0,98.60,-5.9,1.52, , 
,100.00,2336,85.5,-3.9,11101001,99.29,2336,53.3,8.24,612.0,99.64,-3.5,1.45, , 
,101.08,2336,85.5,-3.9,11101001,100.38,2336,53.3,8.24,612.0,100.71,-3.9,1.45, , 
,102.10,2336,85.5,-4.3,11101001,101.43,2336,53.3,8.24,612.0,101.76,-3.9,1.52, , 
,103.13,2336,85.5,-4.3,11101001,102.45,2336,51.8,8.24,612.0,102.79,-4.3,1.41, , 
,104.17,2336,85.5,-3.9,11101001,103.49,2336,53.3,8.24,612.0,103.84,-3.9,1.48, , 
,105.20,2336,85.5,-4.7,11101001,104.50,2304,53.3,8.24,612.0,104.86,-4.7,1.48, , 
,106.19,2304,85.5,0.4,11101001,105.52,2304,42.7,6.18,520.2,105.85,0.0,1.52, , 
,107.21,2304,85.5,0.4,11101001,106.53,2304,35.3,5.15,438.6,106.86,0.0,1.48, , 
,108.22,2272,85.5,0.0,11101001,107.54,2304,35.3,5.15,438.6,107.88,0.4,1.45, , 
,109.25,2272,85.5,3.1,11101001,108.57,2272,36.9,6.18,459.0,108.91,1.2,1.52, , 
,110.26,2272,85.5,3.5,11101001,109.57,2272,42.7,6.18,520.2,109.91,3.5,1.45, , 
,111.29,2240,85.5,3.9,11101001,110.60,2272,45.9,7.21,520.2,110.94,3.9,1.45, , 
,112.31,2240,85.5,3.1,11101001,111.64,2240,45.9,7.21,550.8,111.98,3.5,1.45, , 
,113.32,2240,85.5,2.0,11101001,112.64,2240,45.9,7.21,550.8,112.98,2.7,1.45, , 
,114.34,2240,85.5,1.2,11101001,113.68,2272,44.3,7.21,520.2,114.01,2.0,1.52, , 
,115.36,2240,85.5,1.2,11101001,114.68,2240,34.1,5.15,418.2,115.02,1.2,1.45, , 
,116.37,2208,85.5,0.0,11101001,115.70,2208,34.1,5.15,418.2,116.04,0.0,1.45, , 
,117.40,2208,85.5,0.8,11101001,116.71,2208,32.5,5.15,418.2,117.06,-1.2,1.45, , 
,118.43,2176,85.5,3.5,11101001,117.74,2176,16.1,2.06,244.8,118.08,-3.9,1.29, , 
,119.44,2112,84.0,0.8,11101001,118.77,2144,16.1,2.06,244.8,119.10,0.4,1.64, , 
,120.49,2112,84.0,0.4,11101001,119.79,2112,14.9,2.06,244.8,120.14,5.1,1.68, , 
,121.53,2080,84.0,6.6,11101001,120.84,2080,14.9,2.06,244.8,121.19,0.8,1.41, , 
,122.57,2080,84.0,0.0,11101001,121.87,2080,22.0,3.09,316.2,122.22,4.3,1.45, , 
,123.64,2080,84.0,-2.0,11101001,122.92,2048,53.3,8.24,612.0,123.29,-1.6,1.45, , 
,124.69,2080,84.0,0.4,11101001,123.99,2080,53.3,8.24,612.0,124.34,2.0,1.48, , 
,125.70,2112,84.0,-1.2,11101001,125.02,2080,54.5,8.24,632.4,125.35,-0.8,1.41, , 
,126.72,2112,84.0,0.4,11101001,126.04,2112,57.6,8.24,673.2,126.38,-2.7,1.48, , 
,127.76,2144,84.0,-4.3,11101001,127.06,2112,60.4,8.24,693.6,127.41,-2.3,1.41, , 
,128.78,2176,84.0,-1.2,11101001,128.09,2176,67.8,10.30,775.2,128.44,-0.8,1.48, , 
,129.80,2208,84.0,3.5,11101001,129.12,2176,69.4,10.30,775.2,129.47,2.7,1.52, , 
,130.81,2240,84.0,3.9,11101001,130.15,2208,69.4,10.30,775.2,130.48,4.7,1.52, , 
,131.80,2240,84.0,6.6,11101001,131.15,2240,51.8,6.18,612.0,131.49,0.0,1.76, , 
,132.81,2240,84.0,12.9,11101001,132.14,2240,51.8,7.21,612.0,132.48,10.9,1.60, , 
,133.80,2240,84.0,16.8,11101001,133.15,2240,51.8,7.21,612.0,133.48,16.0,1.52, , 
,134.79,2240,84.0,0.0,11101001,134.14,2272,51.8,8.24,612.0,134.47,0.0,1.72, , 
,135.82,2240,84.0,12.5,11101001,135.12,2240,42.7,6.18,520.2,135.47,10.5,1.68, , 
1,136.84,2208,84.0,4.7,11101001,136.16,2208,25.1,3.09,336.6,136.50,5.1,1.72, , 
,137.86,2176,84.0,12.5,11101001,137.18,2208,32.5,4.12,418.2,137.51,10.5,1.64, , 
,138.94,2176,84.0,16.8,11101001,138.22,2176,35.3,5.15,438.6,138.57,18.0,1.60, , 
,139.95,2176,84.0,19.1,11101001,139.28,2176,50.2,7.21,591.6,139.62,18.8,1.45, , 
,140.96,2144,84.0,22.7,11101001,140.27,2176,45.9,7.21,550.8,140.62,22.7,1.52, , 
,141.99,2144,82.5,23.0,11101001,141.31,2176,45.9,7.21,550.8,141.65,23.0,1.45, , 
,143.02,2144,84.0,2.3,11101001,142.34,2144,45.9,7.21,550.8,142.69,2.7,1.41, , 
,144.06,2144,84.0,2.0,11101001,143.36,2144,45.9,7.21,550.8,143.72,2.3,1.45, , 
,145.10,2144,82.5,1.2,11101001,144.41,2144,45.9,7.21,550.8,144.75,1.2,1.41, , 
,146.13,2144,82.5,0.0,11101001,145.45,2144,47.1,7.21,571.2,145.79,0.4,1.48, , 
,147.16,2144,82.5,0.4,11101001,146.48,2144,47.1,7.21,550.8,146.83,0.4,1.48, , 
,148.23,2144,82.5,0.0,11101001,147.52,2144,45.9,7.21,550.8,147.87,0.0,1.45, , 
,149.30,2144,82.5,0.0,11101001,148.58,2144,47.1,7.21,550.8,148.94,0.0,1.48, , 
,150.33,2176,82.5,0.0,11101001,149.66,2144,45.9,7.21,550.8,150.01,0.4,1.48, , 
,151.40,2176,82.5,0.8,11101001,150.70,2176,45.9,7.21,550.8,151.05,0.4,1.52, , 
,152.44,2176,82.5,0.4,11101001,151.74,2176,45.9,7.21,550.8,152.08,1.2,1.45, , 
,153.47,2240,82.5,0.0,11101001,152.79,2176,65.1,11.33,734.4,153.13,0.0,1.25, , 
,154.47,2272,82.5,-3.1,11101001,153.80,2240,90.2,16.48,989.4,154.13,-2.7,1.25, , 
,155.48,2336,82.5,-4.3,11101001,154.80,2304,90.2,15.45,989.4,155.15,-3.9,1.45, , 
,156.53,2432,82.5,-4.7,11101001,155.84,2368,90.2,15.45,989.4,156.20,-2.7,1.52, , 
,157.55,2464,82.5,-0.8,11101001,156.86,2432,90.2,17.51,969.0,157.20,-1.6,1.17, , 
,158.57,2528,82.5,1.2,11101001,157.90,2496,90.2,17.51,969.0,158.25,0.4,1.13, , 
,159.60,2592,82.5,0.0,11101001,158.91,2560,90.2,16.48,969.0,159.27,0.0,1.37, , 
,160.64,2624,82.5,0.0,11101001,159.96,2592,84.3,14.42,907.8,160.30,-3.1,1.41, , 
,161.67,2688,82.5,-2.7,11101001,160.97,2656,73.7,12.36,826.2,161.32,-2.0,1.41, , 
,162.71,2720,82.5,-4.7,11101001,162.00,2688,73.7,12.36,826.2,162.37,-4.3,1.45, , 
,163.76,2752,82.5,-5.9,11101001,163.05,2720,73.7,11.33,826.2,163.41,-5.5,1.45, , 
,164.75,2784,82.5,0.0,11111101,164.09,2752,72.2,11.33,795.6,164.41,0.0,1.45, , 
,165.79,2688,82.5,0.0,11111101,165.11,2720,0.0,0.00,244.8,165.46,0.0,3.48, , 
,166.80,2624,82.5,0.0,11111101,166.12,2656,0.0,0.00,244.8,166.45,0.0,3.87, , 
,167.82,2560,82.5,0.0,11101001,167.13,2624,17.6,3.09,244.8,167.48,0.0,1.60, , 
,168.85,2560,82.5,0.0,11101001,168.16,2592,44.3,7.21,499.8,168.50,0.0,1.17, , 
,169.87,2560,82.5,-6.6,11101001,169.19,2560,62.0,10.30,693.6,169.52,-5.1,1.37, , 
,170.93,2560,82.5,-7.0,11101001,170.23,2560,57.6,8.24,652.8,170.57,-8.2,1.48, , 
,171.91,2528,82.5,3.5,11101001,171.24,2528,22.0,3.09,316.2,171.56,0.0,1.72, , 
,172.96,2496,82.5,2.0,11101001,172.26,2464,40.0,6.18,459.0,172.60,1.6,1.48, , 
,174.00,2464,82.5,2.0,11101001,173.29,2496,40.0,6.18,479.4,173.65,1.6,1.45, , 
,175.04,2464,82.5,1.2,11101001,174.35,2464,41.2,6.18,479.4,174.70,1.2,1.45, , 
,176.11,2432,82.5,2.0,11101001,175.41,2432,42.7,7.21,499.8,175.78,1.2,1.52, , 
,177.14,2432,82.5,-2.3,11101001,176.46,2432,44.3,7.21,520.2,176.81,3.1,1.48, , 
,178.23,2432,82.5,-2.3,11101001,177.49,2432,69.4,11.33,754.8,177.87,-2.0,1.37, , 
,179.30,2432,82.5,-3.9,11101001,178.58,2432,67.8,11.33,754.8,178.94,-3.1,1.45, , 
,180.42,2400,82.5,-6.6,11101001,179.68,2432,67.8,10.30,754.8,180.05,-6.6,1.41, , 
,181.45,2400,82.5,-3.5,11101001,180.78,2400,51.8,7.21,591.6,181.11,-4.7,1.48, , 
,182.43,2368,82.5,0.0,11101001,181.76,2368,51.8,8.24,591.6,182.10,-3.1,1.48, , 
,183.44,2304,82.5,3.5,11111101,182.76,2336,20.8,3.09,295.8,183.10,0.0,1.68, , 
,184.45,2208,82.5,0.0,11111101,183.77,2272,0.0,0.00,244.8,184.11,0.0,3.79, , 
,185.44,2144,82.5,0.0,11111101,184.79,2208,0.0,0.00,244.8,185.12,0.0,3.87, , 
,186.44,2080,82.5,0.0,11111101,185.78,2112,0.0,0.00,244.8,186.10,0.0,3.91, , 
,187.48,1984,82.5,0.0,11111101,186.80,2048,0.0,0.00,244.8,187.14,0.0,3.91, , 
,188.55,1920,82.5,0.0,11111111,187.84,1984,0.0,0.00,244.8,188.21,0.0,3.95, , 
,189.54,1888,82.5,0.0,11111111,188.88,1920,0.0,0.00,275.4,189.21,0.0,3.95, , 
,190.69,1856,82.5,0.0,11101011,189.92,1856,17.6,3.09,275.4,190.31,0.0,1.95, , 
,191.81,1792,82.5,8.2,11101011,191.06,1824,17.6,3.09,275.4,191.42,0.0,1.52, , 
,192.92,1760,82.5,3.5,11101011,192.19,1792,19.2,3.09,275.4,192.55,7.4,1.21, , 
,193.99,1760,82.5,2.7,11101011,193.31,1728,19.2,3.09,295.8,193.65,4.3,1.48, , 
,194.96,1344,82.5,0.0,11111111,194.35,1728,23.5,4.12,336.6,194.65,0.0,1.37, , 
,195.92,1152,82.5,0.0,11111111,195.29,992,26.7,4.12,377.4,195.62,0.0,2.58, , 
,196.94,2112,82.5,0.0,11111101,196.27,1536,20.8,4.12,295.8,196.61,0.0,2.66, , 
,197.99,2016,82.5,0.0,11101001,197.28,2080,0.0,0.00,244.8,197.65,0.0,3.98, , 
,199.07,1984,82.5,0.0,11101011,198.35,2016,14.9,2.06,224.4,198.70,0.0,1.13, , 
,200.16,1920,82.5,4.3,11101011,199.43,1952,14.9,2.06,244.8,199.80,0.0,1.72, , 
,201.24,1920,82.5,9.0,11101011,200.53,1920,17.6,3.09,275.4,200.88,7.0,1.64, , 
,202.34,1888,82.5,7.0,11101011,201.60,1920,25.1,4.12,357.0,201.97,7.4,1.48, , 
,203.45,1888,82.5,5.5,11101011,202.72,1888,28.2,4.12,377.4,203.08,7.0,1.41, , 
,204.55,1856,82.5,3.5,11101011,203.80,1856,22.0,3.09,316.2,204.19,3.5,1.37, , 
,205.66,1824,82.5,2.7,11101011,204.93,1824,23.5,3.09,336.6,205.30,3.1,1.48, , 
,206.74,1856,82.5,-1.2,11101011,206.01,1856,54.5,9.27,632.4,206.38,0.0,1.37, , 
,207.86,1856,82.5,2.7,11101011,207.09,1888,34.1,5.15,438.6,207.47,2.7,1.56, , 
,208.97,1856,81.0,3.5,11101011,208.24,1856,28.2,4.12,377.4,208.60,3.1,1.48, , 
,210.02,1856,82.5,3.9,11101011,209.35,1856,28.2,4.12,377.4,209.67,4.3,1.48, , 
,211.17,1856,82.5,5.5,11101011,210.39,1856,28.2,4.12,377.4,210.79,5.5,1.45, , 
,212.28,1856,82.5,5.5,11101011,211.54,1856,28.2,4.12,377.4,211.91,5.1,1.45, , 
,213.36,1824,81.0,5.1,11101011,212.62,1856,29.4,4.12,377.4,212.99,5.5,1.48, , 
,214.48,1824,82.5,4.3,11101011,213.72,1824,29.4,5.15,397.8,214.10,5.1,1.45, , 
,215.61,1792,82.5,3.5,11101011,214.86,1792,29.4,5.15,397.8,215.24,3.9,1.45, , 
,216.71,1792,82.5,2.7,11101011,216.00,1792,31.0,5.15,397.8,216.33,3.5,1.45, , 
,217.87,1792,82.5,2.3,11101011,217.09,1792,31.0,5.15,397.8,217.48,2.7,1.48, , 
,218.95,1760,82.5,1.2,11101011,218.24,1792,31.0,5.15,397.8,218.59,2.0,1.48, , 
,220.07,1760,82.5,-1.2,11101011,219.34,1792,31.0,4.12,397.8,219.69,-0.4,1.45, , 
,221.19,1792,82.5,-1.6,11101011,220.43,1760,31.0,5.15,397.8,220.82,-1.6,1.52, , 
,222.24,1792,82.5,5.5,11101011,221.51,1792,31.0,4.12,397.8,221.84,3.5,1.52, , 
,223.31,1760,82.5,3.1,11101011,222.59,1760,22.0,3.09,316.2,222.96,5.1,1.41, , 
,224.38,1760,82.5,1.2,11101011,223.67,1760,22.0,3.09,316.2,224.02,2.0,1.41, , 
,225.45,1728,82.5,3.5,11111111,224.74,1760,20.8,3.09,295.8,225.09,3.1,1.60, , 
,226.48,1728,82.5,0.0,11111111,225.81,1760,20.8,3.09,316.2,226.15,0.0,1.84, , 
,227.53,1696,82.5,0.0,11101011,226.83,1728,0.0,0.00,316.2,227.18,0.0,3.95, , 
,228.58,1696,82.5,0.0,11101011,227.87,1696,20.8,3.09,295.8,228.21,0.0,0.70, , 
,229.66,1696,82.5,1.2,11101011,228.96,1728,20.8,3.09,295.8,229.31,2.0,1.56, , 
,230.78,1728,82.5,2.7,11101011,230.04,1696,28.2,4.12,377.4,230.43,2.7,1.52, , 
,231.87,1728,82.5,3.1,11101011,231.15,1728,29.4,4.12,377.4,231.54,2.7,1.48, , 
,232.98,1728,82.5,2.0,11101011,232.24,1728,29.4,4.12,397.8,232.61,2.0,1.45, , 
,234.06,1728,82.5,1.6,11101011,233.35,1728,26.7,4.12,357.0,233.70,2.0,1.48, , 
,235.17,1728,82.5,0.4,11101011,234.44,1728,23.5,4.12,336.6,234.81,0.0,1.41, , 
,236.25,1696,82.5,2.3,11101011,235.53,1728,20.8,3.09,295.8,235.86,2.3,1.56, , 
,237.30,1696,82.5,2.0,11101011,236.60,1696,20.8,3.09,295.8,236.94,2.7,1.52, , 
,238.36,1664,82.5,1.2,11101011,237.68,1664,20.8,3.09,295.8,238.03,1.2,1.45, , 
,239.41,1632,82.5,-0.8,11101011,238.70,1664,20.8,3.09,316.2,239.05,0.0,1.41, , 
,240.49,1632,82.5,-1.6,11101011,239.77,1632,22.0,3.09,316.2,240.12,-2.7,1.41, , 
,241.56,1632,82.5,0.0,11111111,240.85,1600,41.2,6.18,499.8,241.19,0.0,1.21, , 
,242.51,1152,82.5,0.0,11101011,241.86,1248,0.0,0.00,418.2,242.17,0.0,3.44, , 
,243.58,2144,82.5,0.0,11101001,242.88,1760,23.5,4.12,336.6,243.22,0.0,1.13, , 
,244.65,2112,82.5,0.0,11101001,243.94,2112,23.5,3.09,316.2,244.30,0.0,1.52, , 
,245.70,2176,82.5,1.6,11101001,245.01,2144,51.8,7.21,591.6,245.36,0.8,1.52, , 
,246.71,2208,82.5,4.3,11101001,246.04,2176,48.6,7.21,571.2,246.39,3.9,1.56, , 
,247.77,2272,82.5,6.3,11101001,247.06,2240,48.6,7.21,571.2,247.43,5.9,1.45, , 
,248.82,2304,82.5,7.0,11101001,248.13,2272,47.1,7.21,550.8,248.46,6.6,1.45, , 
,249.88,2336,82.5,2.3,11101001,249.18,2336,47.1,7.21,550.8,249.52,7.0,1.48, , 
,250.95,2336,82.5,2.0,11101001,250.26,2368,41.2,6.18,499.8,250.61,2.3,1.48, , 
,251.94,2304,82.5,0.0,11101001,251.28,2336,25.1,4.12,336.6,251.60,0.4,1.41, , 
,252.97,2272,82.5,0.4,11101001,252.30,2304,25.1,4.12,336.6,252.64,0.0,1.48, , 
,253.98,2240,82.5,1.2,11101001,253.30,2272,26.7,4.12,336.6,253.65,1.6,1.52, , 
,254.99,2240,82.5,2.7,11101001,254.31,2240,26.7,4.12,357.0,254.65,2.0,1.52, , 
,256.00,2208,82.5,1.2,11101001,255.33,2240,26.7,4.12,357.0,255.66,1.6,1.45, , 
,257.02,2208,82.5,0.8,11101001,256.32,2208,28.2,4.12,377.4,256.67,0.8,1.45, , 
,258.07,2208,82.5,0.0,11101001,257.37,2208,28.2,4.12,377.4,257.72,0.8,1.48, , 
,259.11,2208,82.5,-0.4,11101001,258.41,2208,28.2,4.12,377.4,258.76,0.0,1.48, , 
,260.15,2208,82.5,-0.4,11101001,259.46,2208,28.2,4.12,377.4,259.81,-0.4,1.48, , 
,261.18,2208,82.5,-0.4,11101001,260.51,2208,28.2,4.12,377.4,260.84,-0.4,1.48, , 
,262.22,2208,82.5,-3.1,11101001,261.56,2208,28.2,4.12,357.0,261.87,-1.2,1.45, , 
,263.25,2176,82.5,-3.1,11101001,262.56,2208,22.0,3.09,316.2,262.90,-3.1,1.45, , 
,264.26,2176,82.5,-2.3,11101001,263.59,2176,22.0,3.09,316.2,263.91,-2.0,1.48, , 
,265.29,2176,82.5,-1.6,11101001,264.59,2176,22.0,3.09,316.2,264.93,-2.3,1.52, , 
,266.33,2176,82.5,0.4,11101001,265.64,2176,22.0,3.09,316.2,265.97,-2.0,1.45, , 
,267.36,2144,82.5,3.5,11101001,266.68,2144,19.2,3.09,275.4,267.02,2.7,1.60, , 
,268.42,2144,82.5,5.1,11101001,267.71,2144,19.2,3.09,275.4,268.08,4.7,1.52, , 
,269.44,2144,82.5,5.9,11101001,268.77,2144,19.2,3.09,275.4,269.10,5.5,1.48, , 
,270.48,2112,82.5,5.5,11101001,269.80,2112,19.2,3.09,275.4,270.14,5.9,1.45, , 
,271.49,2112,82.5,5.5,11101001,270.81,2112,19.2,3.09,275.4,271.15,5.5,1.45, , 
,272.51,2112,82.5,5.1,11101001,271.82,2112,19.2,3.09,275.4,272.16,4.7,1.45, , 
,273.52,2144,82.5,4.7,11101001,272.86,2144,19.2,3.09,275.4,273.19,5.1,1.45, , 
,274.55,2144,82.5,5.1,11101001,273.87,2144,19.2,3.09,275.4,274.20,5.1,1.52, , 
,275.55,2144,82.5,-1.2,11111101,274.88,2144,17.6,3.09,244.8,275.21,1.6,1.25, , 
,276.58,2112,82.5,0.0,11111101,275.90,2144,16.1,2.06,244.8,276.23,0.0,2.66, , 
,277.59,2112,82.5,0.0,11101001,276.91,2112,0.0,0.00,244.8,277.25,0.0,3.91, , 
,278.62,2080,82.5,0.0,11101001,277.93,2080,14.9,3.09,244.8,278.27,0.0,0.90, , 
,279.64,2112,82.5,-0.4,11101001,278.96,2112,14.9,2.06,244.8,279.30,0.0,1.52, , 
,280.68,2144,82.5,0.0,11101001,279.98,2112,16.1,2.06,244.8,280.33,-0.8,1.48, , 
,281.71,2176,84.0,3.1,11101001,281.04,2144,19.2,3.09,275.4,281.37,2.7,1.60, , 
,282.72,2208,82.5,4.7,11101001,282.04,2176,20.8,3.09,295.8,282.37,4.7,1.52, , 
,283.69,2240,82.5,5.1,11101001,283.05,2208,19.2,3.09,275.4,283.36,5.5,1.48, , 
,284.68,2272,82.5,5.1,11101001,284.02,2240,19.2,3.09,275.4,284.35,5.5,1.45, , 
,285.67,2304,82.5,2.7,11101001,285.02,2272,17.6,3.09,244.8,285.34,4.3,1.37, , 
,286.66,2304,82.5,0.4,11101001,286.00,2304,16.1,2.06,244.8,286.34,1.2,1.41, , 
,287.66,2336,82.5,-0.4,11101001,286.99,2304,16.1,2.06,244.8,287.31,0.0,1.45, , 
,288.65,2336,82.5,0.8,11111101,287.99,2336,16.1,2.06,244.8,288.32,-0.8,1.52, , 
,289.62,2336,82.5,0.0,11111101,288.99,2336,0.0,0.00,244.8,289.30,0.0,3.55, , 
,290.64,2304,82.5,0.0,11111101,289.96,2336,0.0,0.00,244.8,290.30,0.0,3.98, , 
,291.62,2304,84.0,0.0,11111101,290.97,2304,0.0,0.00,244.8,291.29,0.0,3.95, , 
,292.61,2272,82.5,0.0,11111101,291.96,2272,0.0,0.00,244.8,292.30,0.0,3.95, , 
,293.61,2272,82.5,0.0,11101001,292.94,2304,16.1,3.09,244.8,293.28,0.0,1.52, , 
,294.64,2304,82.5,-0.4,11101001,293.96,2272,16.1,2.06,244.8,294.30,0.0,1.48, , 
,295.63,2336,82.5,0.4,11111101,294.97,2336,16.1,2.06,244.8,295.30,0.0,1.52, , 
,296.63,2336,82.5,0.0,11111101,295.97,2336,17.6,2.06,244.8,296.30,2.7,1.56, , 
,297.60,2336,82.5,0.0,11111101,296.96,2336,0.0,0.00,244.8,297.28,0.0,3.98, , 
,298.59,2304,82.5,0.0,11111101,297.91,2336,0.0,0.00,244.8,298.25,0.0,3.98, , 
,299.57,2304,82.5,0.0,11111101,298.91,2304,0.0,0.00,244.8,299.23,0.0,3.91, , 
,300.53,2304,82.5,0.0,11111101,299.88,2304,0.0,0.00,244.8,300.21,0.0,3.95, , 
,301.51,2304,82.5,0.0,11111101,300.86,2304,0.0,0.00,244.8,301.19,0.0,3.98, , 
,302.49,2304,82.5,0.0,11111101,301.85,2304,0.0,0.00,244.8,302.17,0.0,3.91, , 
,303.48,2336,82.5,0.0,11111101,302.83,2304,0.0,0.00,244.8,303.15,0.0,4.02, , 
,304.45,2336,82.5,0.0,11111101,303.81,2336,0.0,0.00,244.8,304.13,0.0,4.02, , 
,305.43,2368,82.5,0.0,11111101,304.79,2368,0.0,0.00,244.8,305.10,0.0,3.91, , 
,306.39,2400,82.5,0.0,11111101,305.74,2400,0.0,0.00,244.8,306.05,0.0,3.91, , 
,307.37,2400,82.5,0.0,11111101,306.70,2400,0.0,0.00,244.8,307.02,0.0,4.02, , 
,308.31,2400,82.5,0.0,11111101,307.68,2400,0.0,0.00,244.8,308.00,0.0,3.91, , 
,309.27,2368,82.5,0.0,11111101,308.63,2400,0.0,0.00,244.8,308.95,0.0,3.95, , 
,310.20,2368,82.5,0.0,11111101,309.59,2368,0.0,0.00,244.8,309.89,0.0,3.87, , 
,311.18,2304,82.5,0.0,11111101,310.54,2336,0.0,0.00,244.8,310.85,0.0,4.02, , 
,312.17,2272,82.5,0.0,11111101,311.50,2304,0.0,0.00,244.8,311.84,0.0,4.02, , 
,313.19,2240,81.0,0.0,10111101,312.51,2272,0.0,0.00,244.8,312.87,0.0,3.95, , 
,314.21,2208,81.0,0.0,10111101,313.55,2240,0.0,0.00,244.8,313.89,0.0,3.91, , 
,315.24,2176,81.0,0.0,10111101,314.57,2176,0.0,0.00,244.8,314.91,0.0,4.02, , 
,316.23,2144,81.0,0.0,10111101,315.57,2144,0.0,0.00,244.8,315.89,0.0,3.95, , 
,317.26,2112,81.0,0.0,10111101,316.56,2112,0.0,0.00,244.8,316.90,0.0,3.98, , 
,318.26,2080,81.0,0.0,10111101,317.60,2080,0.0,0.00,244.8,317.93,0.0,3.95, , 
,319.33,2048,81.0,0.0,10111101,318.62,2080,0.0,0.00,244.8,318.98,0.0,3.98, , 
,320.40,2048,81.0,0.0,10111101,319.69,2048,0.0,0.00,244.8,320.04,0.0,3.95, , 
,321.44,2016,81.0,0.0,10111101,320.75,2048,0.0,0.00,244.8,321.10,0.0,4.02, , 
,322.48,2016,81.0,0.0,10101001,321.78,2016,0.0,0.00,244.8,322.13,0.0,4.02, , 
,323.53,1984,81.0,0.0,10101001,322.83,2016,14.9,2.06,224.4,323.18,0.0,1.09, , 
,324.59,2016,81.0,0.0,10101001,323.87,1984,14.9,2.06,244.8,324.23,0.0,1.80, , 
,325.67,1984,81.0,5.1,10101011,324.95,1984,14.9,2.06,244.8,325.31,4.3,1.48, , 
,326.74,1984,81.0,5.9,10101011,326.03,1984,14.9,2.06,244.8,326.39,5.1,1.45, , 
,327.83,1984,81.0,5.5,10101011,327.09,1984,14.9,2.06,244.8,327.45,5.5,1.48, , 
,328.89,1984,81.0,7.0,10101011,328.18,1984,16.1,3.09,244.8,328.53,7.0,1.56, , 
,329.93,2080,81.0,0.4,10101001,329.27,2048,41.2,6.18,499.8,329.60,0.0,1.52, , 
,330.98,2144,81.0,0.8,10101001,330.30,2112,36.9,5.15,459.0,330.65,0.0,1.48, , 
,332.01,2208,81.0,0.8,10101001,331.32,2176,32.5,5.15,418.2,331.65,1.2,1.48, , 
,333.02,2272,79.5,3.5,10101001,332.34,2240,32.5,5.15,397.8,332.68,1.6,1.52, , 
,334.04,2336,81.0,3.5,10101001,333.36,2304,29.4,5.15,377.4,333.69,4.7,1.45, , 
,335.02,2368,81.0,3.9,10101001,334.35,2368,28.2,4.12,357.0,334.68,3.9,1.48, , 
,336.10,2400,81.0,7.4,10101001,335.37,2368,19.2,3.09,275.4,335.71,5.9,1.56, , 
,337.12,2368,81.0,7.8,10101001,336.45,2368,19.2,3.09,275.4,336.80,7.8,1.45, , 
,338.15,2400,81.0,9.0,10101001,337.47,2400,19.2,3.09,275.4,337.81,8.2,1.45, , 
,339.21,2400,81.0,9.0,10101001,338.53,2400,19.2,3.09,275.4,338.88,9.0,1.48, , 
,340.26,2400,81.0,9.0,10101001,339.56,2400,19.2,3.09,275.4,339.87,9.0,1.41, , 
,341.26,2368,81.0,9.4,10101001,340.59,2400,16.1,3.09,244.8,340.91,9.4,1.48, , 
,342.26,2336,81.0,10.9,10111101,341.60,2368,16.1,3.09,244.8,341.92,9.4,1.48, , 
,343.26,2272,79.5,0.0,10111101,342.60,2304,0.0,0.00,244.8,342.92,0.0,3.75, , 
,344.25,2208,81.0,0.0,10111101,343.58,2240,0.0,0.00,244.8,343.91,0.0,3.98, , 
,345.24,2176,81.0,0.0,10101001,344.56,2176,0.0,0.00,244.8,344.90,0.0,3.59, , 
,346.29,2112,81.0,0.8,10101001,345.57,2144,16.1,2.06,244.8,345.93,0.0,1.41, , 
,347.36,2112,81.0,5.1,10101001,346.65,2112,17.6,3.09,275.4,347.01,3.9,1.64, , 
,348.38,2080,81.0,7.4,10101001,347.70,2112,19.2,3.09,275.4,348.05,6.6,1.52, , 
,349.40,2080,81.0,7.0,10101001,348.71,2080,19.2,3.09,275.4,349.05,8.2,1.48, , 
,350.47,2048,81.0,7.0,10101001,349.77,2080,19.2,3.09,295.8,350.11,7.0,1.45, , 
,351.53,2016,81.0,7.4,10101001,350.82,2048,19.2,3.09,275.4,351.17,6.6,1.45, , 
,352.60,1984,81.0,6.6,10101011,351.89,1984,19.2,3.09,295.8,352.25,7.4,1.45, , 
,353.68,1952,81.0,4.3,10101011,352.95,1952,20.8,3.09,295.8,353.31,5.9,1.45, , 
,354.78,1920,81.0,2.3,10101011,354.05,1920,26.7,4.12,357.0,354.42,3.5,1.45, , 
,355.89,1952,81.0,5.1,10101011,355.15,1920,32.5,5.15,397.8,355.53,6.3,1.48, , 
,356.97,1952,81.0,1.6,10111111,356.25,1952,26.7,4.12,357.0,356.61,0.0,1.64, , 
,357.91,960,81.0,0.0,10111111,357.30,1856,0.0,0.00,275.4,357.60,0.0,3.36, , 
,358.84,1088,81.0,0.0,10111111,358.24,1024,29.4,5.15,397.8,358.55,0.0,1.84, , 
,359.83,832,81.0,0.0,10111111,359.20,992,22.0,3.09,336.6,359.53,0.0,1.09, , 
,360.74,864,81.0,1.2,10111111,360.12,864,26.7,4.12,397.8,360.44,0.4,1.56, , 
,361.65,896,81.0,5.9,10111111,361.03,864,26.7,4.12,397.8,361.34,4.3,1.64, , 
,362.55,896,81.0,9.4,10111111,361.97,864,26.7,4.12,397.8,362.27,8.2,1.60, , 
,363.46,896,81.0,8.2,10111111,362.84,896,26.7,4.12,377.4,363.15,7.4,1.56, , 
,364.39,960,81.0,9.4,10111111,363.75,864,26.7,4.12,397.8,364.05,9.0,1.52, , 
,365.34,1120,81.0,10.5,10101011,364.68,1184,22.0,3.09,336.6,365.01,9.4,1.45, , 
,366.29,1152,81.0,17.2,10101011,365.65,1120,28.2,4.12,377.4,365.96,14.8,1.56, , 
,367.23,1216,81.0,18.4,10101011,366.60,1152,36.9,6.18,479.4,366.92,18.8,1.52, , 
,368.25,1216,81.0,15.2,10101011,367.58,1216,31.0,5.15,418.2,367.91,16.0,1.33, , 
,369.22,1408,81.0,0.0,10101011,368.57,1312,38.4,6.18,479.4,368.91,17.6,1.45, , 
,370.26,1696,81.0,0.0,10101011,369.51,1472,63.5,10.30,734.4,369.88,0.0,1.17, , 
,371.36,2112,81.0,16.4,10101001,370.64,1856,63.5,10.30,734.4,371.01,8.6,1.48, , 
,372.39,2560,81.0,11.3,10101001,371.70,2240,75.3,12.36,846.6,372.03,12.5,1.37, , 
,373.38,2176,81.0,0.0,10111101,372.72,2688,69.4,10.30,754.8,373.05,0.0,1.84, , 
,374.37,1440,81.0,0.0,10101011,373.66,1696,0.0,0.00,295.8,373.98,0.0,3.91, , 
,375.45,1952,81.0,0.0,10101011,374.72,1920,17.6,2.06,275.4,375.09,0.0,1.60, , 
,376.51,2048,81.0,23.8,10101001,375.81,2016,34.1,5.15,418.2,376.17,16.4,1.68, , 
,377.54,2208,81.0,31.6,10101001,376.87,2112,50.2,8.24,591.6,377.19,29.3,1.52, , 
,378.54,2368,81.0,33.2,10101001,377.88,2272,47.1,7.21,550.8,378.20,34.0,1.45, , 
,379.57,2464,81.0,31.6,10101001,378.89,2400,40.0,6.18,459.0,379.23,30.9,1.56, , 
,380.60,2560,81.0,33.2,11101001,379.90,2496,36.9,6.18,438.6,380.27,32.8,1.52, , 
,381.60,2656,81.0,20.3,11101001,380.92,2592,36.9,6.18,438.6,381.26,20.7,1.52, , 
,382.67,1280,81.0,0.0,11111111,381.94,2336,0.0,0.00,275.4,382.31,0.0,3.71, , 
,383.76,2016,81.0,0.0,10101001,383.03,1728,19.2,3.09,295.8,383.39,0.0,1.09, , 
,384.81,2048,81.0,0.0,10101001,384.10,2016,23.5,3.09,336.6,384.45,0.0,1.72, , 
,385.79,2112,81.0,2.0,11101001,385.13,2048,62.0,8.24,693.6,385.46,1.6,1.56, , 
,386.82,2176,81.0,3.1,11101001,386.15,2112,76.9,12.36,846.6,386.49,2.7,1.48, , 
,387.84,2272,82.5,2.0,11101001,387.16,2208,84.3,13.39,928.2,387.50,2.7,1.45, , 
,388.82,2368,81.0,0.8,11101001,388.16,2304,84.3,14.42,928.2,388.48,1.6,1.45, , 
,389.85,2464,81.0,0.8,11101001,389.17,2400,85.5,15.45,948.6,389.51,0.8,1.48, , 
,390.85,2528,81.0,-0.8,11101001,390.16,2464,88.6,15.45,969.0,390.51,0.4,1.48, , 
,391.85,2656,82.5,0.0,11101001,391.18,2592,90.2,16.48,969.0,391.51,0.0,1.52, , 
,392.84,2688,81.0,0.0,11101001,392.17,2656,84.3,13.39,907.8,392.52,0.0,1.48, , 
,393.82,2688,82.5,0.0,11101001,393.16,2688,25.1,3.09,316.2,393.50,0.0,1.72, , 
,394.84,2784,82.5,-2.0,11101001,394.17,2720,79.6,12.36,867.0,394.51,0.0,1.52, , 
,395.90,2880,82.5,2.0,11101001,395.20,2816,90.2,15.45,969.0,395.57,0.8,1.56, , 
,396.85,2976,82.5,2.0,11101001,396.31,2912,91.4,16.48,969.0,396.58,3.1,1.45, , 
,397.67,3008,82.5,0.0,11101001,397.13,2976,87.1,15.45,928.2,397.39,0.0,1.52, , 
,398.72,3040,82.5,5.1,11101001,398.08,3040,59.2,8.24,652.8,398.36,3.9,1.60, , 
,399.81,3072,82.5,9.0,11101001,399.10,3040,59.2,8.24,652.8,399.46,7.8,1.52, , 
,400.87,3104,82.5,13.3,11101001,400.16,3072,57.6,8.24,652.8,400.53,10.9,1.52, , 
,401.96,3104,82.5,19.1,11101001,401.25,3104,48.6,7.21,550.8,401.59,16.4,1.48, , 
,403.01,3040,82.5,16.8,11101001,402.30,3104,32.5,5.15,397.8,402.64,21.1,1.45, , 
,404.06,3040,82.5,6.6,11101001,403.39,3072,17.6,3.09,275.4,403.80,9.8,1.17, , 
,405.31,2976,82.5,5.5,11101001,404.39,3008,17.6,2.06,275.4,404.84,2.3,1.33, , 
,406.34,2912,82.5,4.3,11101001,405.58,2944,19.2,2.06,275.4,405.99,3.9,1.45, , 
,407.37,2912,82.5,15.6,11101001,406.64,2944,38.4,5.15,459.0,406.99,12.9,1.76, , 
,408.40,2912,82.5,21.9,11101001,407.76,2912,42.7,6.18,499.8,408.13,19.5,1.60, , 
,409.46,2944,82.5,24.6,11101001,408.76,2912,45.9,7.21,520.2,409.19,23.4,1.45, , 
,410.53,2944,84.0,24.6,11101001,409.92,2944,45.9,7.21,520.2,410.19,25.0,1.45, , 
,411.55,2976,84.0,24.6,11101001,410.99,2944,45.9,7.21,520.2,411.29,24.2,1.45, , 
,412.68,2976,84.0,21.5,11101001,411.82,2976,45.9,7.21,520.2,412.20,21.5,1.45, , 
,413.59,2976,84.0,20.7,11101001,413.03,2976,42.7,6.18,499.8,413.31,20.7,1.45, , 
,414.39,2976,84.0,21.1,11101001,413.86,2976,42.7,6.18,499.8,414.13,20.7,1.48, , 
,415.39,2976,84.0,20.7,11101001,414.66,3008,42.7,6.18,499.8,414.94,21.1,1.48, , 
,416.58,3008,84.0,20.7,11101001,415.84,3008,42.7,6.18,499.8,416.29,20.7,1.48, , 
,417.39,2976,84.0,18.8,11101001,416.84,3008,42.7,6.18,499.8,417.12,19.1,1.45, , 
,418.50,3008,84.0,18.4,11101001,417.71,3008,42.7,6.18,499.8,418.19,18.8,1.45, , 
,419.59,3008,84.0,18.8,11101001,418.77,3008,41.2,6.18,499.8,419.14,18.8,1.52, , 
,420.60,3008,84.0,18.0,11101001,419.86,3008,41.2,6.18,499.8,420.25,18.0,1.48, , 
,421.61,3008,84.0,18.0,11101001,420.88,3008,41.2,6.18,499.8,421.34,18.0,1.48, , 
,422.67,3040,84.0,18.4,11101001,421.99,3008,41.2,6.18,499.8,422.34,17.6,1.48, , 
,423.76,3040,84.0,19.1,11101001,423.04,3040,41.2,6.18,499.8,423.37,19.1,1.52, , 
,424.79,3040,84.0,18.8,11101001,424.10,3040,41.2,6.18,499.8,424.46,18.8,1.45, , 
,425.88,3008,84.0,19.1,11101001,425.15,3040,42.7,6.18,499.8,425.49,18.8,1.52, , 
,426.88,3072,84.0,0.0,11111101,426.15,3040,47.1,7.21,550.8,426.51,0.0,1.09, , 
,427.92,1856,84.0,0.0,11101011,427.18,2560,0.0,0.00,295.8,427.54,0.0,3.87, , 
,428.91,2304,84.0,0.0,11101001,428.24,2304,22.0,4.12,295.8,428.56,0.0,1.21, , 
,429.90,2336,84.0,0.0,11101001,429.24,2304,65.1,9.27,734.4,429.56,0.0,1.52, , 
,430.88,2336,84.0,1.2,11101001,430.23,2336,47.1,6.18,571.2,430.56,0.0,1.72, , 
,431.89,2368,84.0,2.3,11101001,431.21,2336,62.0,8.24,693.6,431.55,1.6,1.48, , 
,432.88,2336,84.0,0.0,11101001,432.22,2368,59.2,8.24,673.2,432.55,0.0,1.84, , 
,433.90,2336,84.0,7.4,11101001,433.21,2336,25.1,3.09,336.6,433.53,5.1,1.64, , 
,434.92,2304,84.0,14.5,11101001,434.25,2336,36.9,5.15,459.0,434.60,12.5,1.60, , 
,435.91,2304,84.0,17.6,11101001,435.25,2304,44.3,7.21,520.2,435.59,18.0,1.52, , 
,436.95,2304,84.0,19.9,11101001,436.27,2304,48.6,7.21,571.2,436.63,18.8,1.45, , 
,437.97,2304,84.0,20.3,11101001,437.30,2304,42.7,7.21,499.8,437.65,19.9,1.41, , 
,439.02,2304,85.5,20.7,11101001,438.32,2304,44.3,7.21,520.2,438.67,20.7,1.48, , 
,440.03,2304,84.0,19.9,11101001,439.37,2304,44.3,7.21,520.2,439.69,20.3,1.48, , 
,441.07,2304,84.0,19.5,11101001,440.37,2304,44.3,7.21,520.2,440.72,19.5,1.45, , 
,442.11,2272,85.5,18.4,11101001,441.42,2272,44.3,7.21,520.2,441.77,18.4,1.45, , 
,443.15,2304,85.5,18.4,11101001,442.46,2272,44.3,7.21,520.2,442.80,18.4,1.48, , 
,444.13,2272,84.0,3.9,11101001,443.49,2272,32.5,4.12,418.2,443.80,0.0,1.64, , 
,445.16,2240,84.0,8.6,11101001,444.49,2272,26.7,3.09,357.0,444.82,5.9,1.64, , 
,446.19,2240,84.0,12.9,11101001,445.51,2240,32.5,5.15,397.8,445.84,11.7,1.56, , 
,447.27,2240,84.0,15.6,11101001,446.55,2240,31.0,4.12,397.8,446.91,14.1,1.52, , 
,448.32,2240,84.0,19.5,11101001,447.65,2208,42.7,6.18,499.8,448.00,20.3,1.45, , 
,449.32,2240,84.0,15.6,11101001,448.65,2240,57.6,9.27,652.8,448.99,14.8,1.29, , 
,450.32,2240,84.0,14.8,11101001,449.65,2240,50.2,8.24,591.6,449.99,15.6,1.48, , 
,451.34,2240,84.0,14.5,11101001,450.65,2240,51.8,8.24,591.6,451.01,14.5,1.41, , 
,452.37,2272,84.0,13.7,11101001,451.68,2240,51.8,8.24,612.0,452.04,13.7,1.52, , 
,453.37,2272,84.0,13.7,11101001,452.71,2272,51.8,8.24,612.0,453.04,13.7,1.48, , 
,454.40,2272,84.0,0.0,11101001,453.71,2272,51.8,8.24,612.0,454.04,0.0,1.48, , 
,455.42,2240,84.0,6.6,11101001,454.74,2272,28.2,3.09,357.0,455.07,4.7,1.72, , 
,456.43,2240,84.0,13.7,11101001,455.76,2240,35.3,5.15,438.6,456.09,11.3,1.64, , 
,457.43,2272,84.0,17.6,11101001,456.77,2240,48.6,7.21,571.2,457.10,16.4,1.52, , 
,458.43,2240,84.0,0.0,11101001,457.77,2272,50.2,7.21,591.6,458.10,19.1,1.45, , 
,459.46,2208,84.0,5.9,11101001,458.76,2240,22.0,3.09,316.2,459.11,5.5,1.76, , 
,460.46,2176,84.0,9.4,11101001,459.78,2208,19.2,3.09,295.8,460.12,8.2,1.60, , 
,461.50,2176,84.0,10.2,11101001,460.80,2176,20.8,3.09,295.8,461.14,10.5,1.52, , 
,462.51,2144,85.5,7.4,11101001,461.83,2144,22.0,3.09,316.2,462.15,8.2,1.37, , 
,463.53,2112,84.0,12.9,11101001,462.85,2144,29.4,4.12,377.4,463.18,10.2,1.56, , 
,464.60,2112,84.0,18.0,11101001,463.87,2112,36.9,5.15,459.0,464.25,18.0,1.52, , 
,465.62,2112,84.0,22.3,11101001,464.93,2112,34.1,5.15,418.2,465.27,19.5,1.56, , 
,466.67,2112,85.5,17.2,11101001,465.99,2112,53.3,9.27,632.4,466.33,18.4,1.21, , 
,467.69,2144,84.0,14.5,11101001,467.02,2112,57.6,9.27,652.8,467.36,15.6,1.33, , 
,468.77,2144,84.0,17.2,11101001,468.04,2144,54.5,8.24,632.4,468.42,15.2,1.60, , 
,469.80,2144,84.0,19.1,11101001,469.10,2144,35.3,5.15,438.6,469.45,18.4,1.52, , 
,470.82,2144,84.0,21.1,11101001,470.12,2144,45.9,7.21,550.8,470.47,21.5,1.52, , 
,471.85,2112,85.5,12.9,11101001,471.16,2112,28.2,4.12,377.4,471.51,16.4,1.29, , 
,472.88,2112,84.0,16.0,11101001,472.19,2112,34.1,5.15,418.2,472.53,14.8,1.56, , 
,473.91,2112,84.0,16.8,11101001,473.21,2080,40.0,6.18,479.4,473.54,16.8,1.56, , 
,474.96,2080,84.0,19.5,11101001,474.26,2080,38.4,6.18,479.4,474.63,17.6,1.52, , 
,476.01,2080,84.0,20.7,11101001,475.31,2080,38.4,6.18,479.4,475.66,20.7,1.48, , 
,477.05,2080,84.0,19.1,11101001,476.35,2080,35.3,5.15,438.6,476.68,18.4,1.33, , 
,478.09,2080,84.0,21.9,11101001,477.39,2080,45.9,7.21,550.8,477.73,21.9,1.48, , 
,479.14,2080,84.0,22.3,11101001,478.45,2080,38.4,6.18,479.4,478.80,21.9,1.48, , 
,480.20,2048,84.0,21.5,11101001,479.49,2048,40.0,6.18,479.4,479.85,21.9,1.45, , 
,481.25,2048,84.0,16.4,11101001,480.54,2048,41.2,6.18,499.8,480.91,18.8,1.45, , 
,482.32,2048,84.0,13.7,11101001,481.62,2048,32.5,5.15,418.2,481.97,14.5,1.41, , 
,483.36,2016,84.0,14.5,11101001,482.67,2048,32.5,5.15,418.2,483.02,13.3,1.52, , 
,484.41,2016,84.0,16.4,11101001,483.71,2016,40.0,6.18,479.4,484.05,16.4,1.52, , 
,485.46,2016,84.0,19.1,11101001,484.75,2016,38.4,5.15,459.0,485.10,18.0,1.52, , 
,486.54,2016,84.0,21.1,11101001,485.81,2016,41.2,6.18,499.8,486.17,20.3,1.48, , 
,487.59,2016,84.0,21.9,11101001,486.88,2016,41.2,6.18,499.8,487.24,21.9,1.48, , 
,488.67,2016,84.0,23.0,11101001,487.95,2016,41.2,7.21,499.8,488.31,23.0,1.52, , 
,489.68,1120,84.0,0.0,11111111,489.03,2016,35.3,5.15,459.0,489.36,0.0,3.05, , 
,490.61,1568,84.0,0.0,11111111,490.00,1056,26.7,4.12,377.4,490.30,0.0,1.99, , 
,491.60,2432,84.0,0.0,11101001,490.96,1952,0.0,0.00,295.8,491.27,0.0,3.79, , 
,492.59,2400,84.0,0.0,11101001,491.92,2432,17.6,3.09,244.8,492.27,0.0,1.48, , 
,493.59,2336,84.0,8.6,11101001,492.92,2368,19.2,3.09,275.4,493.26,5.1,1.68, , 
,494.61,2304,84.0,15.2,11101001,493.94,2336,47.1,7.21,550.8,494.29,13.3,1.60, , 
,495.60,2272,84.0,19.1,11101001,494.96,2304,47.1,7.21,550.8,495.27,18.4,1.52, , 
,496.62,2240,84.0,19.9,11101001,495.93,2272,29.4,5.15,377.4,496.27,19.9,1.45, , 
,497.65,2176,84.0,21.1,11101001,496.97,2208,34.1,5.15,418.2,497.31,20.7,1.45, , 
,498.67,2144,84.0,22.7,11101001,497.99,2176,44.3,7.21,520.2,498.32,22.7,1.45, , 
,499.77,2080,84.0,16.4,11101001,499.04,2112,29.4,5.15,377.4,499.41,19.1,1.29, , 
,500.84,2016,84.0,0.0,11101001,500.13,2048,32.5,5.15,418.2,500.47,15.2,1.41, , 
,501.92,2016,84.0,9.0,11101001,501.19,2016,48.6,6.18,591.6,501.55,6.6,1.80, , 
,502.97,2048,84.0,16.0,11101001,502.27,2016,50.2,7.21,591.6,502.63,13.7,1.60, , 
,504.03,2080,84.0,20.7,11101001,503.32,2048,48.6,7.21,571.2,503.67,19.1,1.52, , 
,505.08,2112,84.0,21.9,11101001,504.40,2080,47.1,7.21,571.2,504.74,21.9,1.41, , 
,506.11,2144,84.0,21.9,11101001,505.43,2112,47.1,7.21,550.8,505.78,22.3,1.45, , 
,507.12,2208,84.0,21.9,11101001,506.44,2176,45.9,7.21,550.8,506.79,21.9,1.41, , 
,508.13,2240,84.0,20.7,11101001,507.47,2208,44.3,7.21,520.2,507.80,21.5,1.45, , 
,509.19,2336,84.0,20.3,11101001,508.47,2272,42.7,7.21,499.8,508.83,20.3,1.48, , 
,510.23,2400,84.0,17.2,11101001,509.54,2368,41.2,6.18,499.8,509.89,17.6,1.45, , 
,511.32,2496,84.0,16.4,11101001,510.61,2432,40.0,6.18,479.4,511.00,16.4,1.52, , 
,512.39,2528,84.0,12.1,11101001,511.68,2496,42.7,6.18,499.8,512.01,15.6,1.45, , 
,513.43,2624,84.0,5.9,11101001,512.75,2560,59.2,9.27,673.2,513.08,8.6,1.37, , 
,514.44,2688,84.0,0.0,11101001,513.80,2624,65.1,10.30,714.0,514.13,0.0,1.52, , 
,515.43,2752,82.5,0.4,11101001,514.76,2720,85.5,14.42,928.2,515.10,0.4,1.52, , 
,516.46,2880,84.0,0.4,11101001,515.75,2816,88.6,15.45,948.6,516.12,0.4,1.48, , 
,517.44,2944,84.0,0.4,11101001,516.78,2880,88.6,15.45,948.6,517.17,0.4,1.45, , 
,518.40,3040,84.0,1.2,11101001,517.84,2976,87.1,15.45,928.2,518.11,1.2,1.52, , 
,519.54,3040,84.0,0.0,11101001,518.77,3040,72.2,10.30,795.6,519.15,0.0,1.68, , 
,520.62,3072,84.0,8.2,11101001,519.92,3072,51.8,7.21,591.6,520.28,6.3,1.60, , 
,521.65,3072,84.0,11.7,11101001,520.94,3072,51.8,7.21,591.6,521.29,10.5,1.52, , 
,522.72,3072,84.0,15.2,11101001,522.03,3072,44.3,6.18,520.2,522.39,14.1,1.45, , 
,523.70,3072,84.0,18.4,11101001,523.05,3072,41.2,6.18,479.4,523.37,16.4,1.48, , 
,524.65,2400,84.0,0.0,11111101,524.01,3072,35.3,5.15,438.6,524.31,0.0,1.80, , 
,525.75,1824,82.5,0.0,11101011,525.04,1856,0.0,0.00,275.4,525.39,0.0,3.83, , 
,526.75,2304,84.0,0.0,11101001,526.06,2336,22.0,3.09,295.8,526.41,0.0,1.52, , 
,527.72,2336,84.0,0.0,11101001,527.07,2304,90.2,16.48,989.4,527.39,0.0,1.45, , 
,528.70,2400,84.0,1.6,11101001,528.05,2368,90.2,15.45,989.4,528.38,0.8,1.52, , 
,529.75,2432,82.5,0.8,11101001,529.04,2400,90.2,16.48,989.4,529.41,2.7,1.45, , 
,530.74,2432,84.0,0.0,11101001,530.08,2432,84.3,14.42,928.2,530.41,0.0,1.48, , 
,531.78,2432,84.0,6.3,11101001,531.07,2432,51.8,7.21,591.6,531.40,3.5,1.60, , 
,532.82,2432,84.0,10.9,11101001,532.12,2432,47.1,7.21,550.8,532.49,9.4,1.56, , 
,533.88,2432,84.0,14.8,11101001,533.17,2432,47.1,7.21,550.8,533.54,13.3,1.48, , 
,534.93,2400,84.0,15.2,11101001,534.24,2432,47.1,7.21,571.2,534.59,15.2,1.41, , 
,535.95,2400,84.0,16.0,11101001,535.27,2400,48.6,7.21,571.2,535.59,15.2,1.45, , 
,537.04,2400,84.0,15.2,11101001,536.31,2400,48.6,7.21,571.2,536.67,15.6,1.45, , 
,538.05,2400,84.0,9.0,11101001,537.37,2400,54.5,8.24,632.4,537.71,10.5,1.29, , 
,539.10,2400,84.0,5.9,11101001,538.41,2400,56.1,8.24,652.8,538.77,6.6,1.45, , 
,540.14,2400,84.0,2.3,11101001,539.45,2400,57.6,8.24,652.8,539.82,3.1,1.37, , 
,541.19,2432,84.0,1.6,11101001,540.49,2400,57.6,8.24,652.8,540.81,1.6,1.48, , 
,542.25,2432,84.0,4.7,11101001,541.55,2432,59.2,8.24,673.2,541.90,4.7,1.52, , 
,543.30,2432,85.5,7.4,11101001,542.59,2432,59.2,8.24,652.8,542.94,4.7,1.48, , 
,544.36,2432,84.0,8.2,11101001,543.67,2432,57.6,8.24,652.8,544.02,8.2,1.52, , 
,545.44,2432,85.5,13.3,11101001,544.73,2432,57.6,8.24,652.8,545.10,9.0,1.48, , 
,546.49,2432,84.0,0.0,11101001,545.78,2432,54.5,8.24,612.0,546.15,14.1,1.45, , 
,547.51,2400,84.0,10.9,11101001,546.82,2432,41.2,5.15,499.8,547.18,7.8,1.88, , 
,548.56,2400,84.0,15.6,11101001,547.86,2400,32.5,4.12,397.8,548.21,15.6,1.64, , 
,549.59,2368,84.0,16.4,11101001,548.92,2368,23.5,3.09,316.2,549.26,15.6,1.45, , 
,550.61,2336,84.0,17.2,11101001,549.95,2368,25.1,4.12,336.6,550.28,17.2,1.45, , 
,551.65,2304,84.0,16.0,11101001,550.95,2336,25.1,4.12,336.6,551.30,16.8,1.41, , 
,552.64,2304,84.0,0.0,11101001,551.97,2304,26.7,4.12,357.0,552.32,16.8,1.48, , 
,553.65,2304,84.0,0.0,11101001,552.97,2304,65.1,9.27,734.4,553.30,0.0,1.52, , 
,554.69,2336,84.0,0.0,11101001,554.00,2336,84.3,14.42,928.2,554.35,0.4,1.52, , 
,555.68,2368,84.0,0.0,11101001,555.02,2368,65.1,7.21,775.2,555.35,0.0,1.80, , 
,556.75,2368,84.0,12.9,11101001,556.06,2368,40.0,5.15,479.4,556.40,9.8,1.76, , 
,557.75,2368,84.0,19.9,11101001,557.08,2336,42.7,6.18,499.8,557.41,18.0,1.64, , 
,558.80,2336,84.0,24.6,11101001,558.11,2336,42.7,6.18,499.8,558.44,23.4,1.48, , 
,559.80,2336,84.0,26.6,11101001,559.13,2336,41.2,6.18,479.4,559.47,26.2,1.41, , 
,560.79,2336,84.0,27.0,11101001,560.13,2336,41.2,6.18,479.4,560.45,26.6,1.45, , 
,561.82,2336,84.0,5.9,11101001,561.12,2336,54.5,7.21,632.4,561.48,0.0,1.76, , 
,562.82,2336,84.0,13.3,11101001,562.16,2336,53.3,7.21,632.4,562.49,10.9,1.64, , 
,563.85,2336,84.0,19.9,11101001,563.18,2368,47.1,7.21,571.2,563.51,18.4,1.60, , 
,564.87,2336,84.0,25.4,11101001,564.19,2336,45.9,7.21,550.8,564.54,24.2,1.48, , 
,565.90,2336,84.0,25.8,11101001,565.22,2368,47.1,7.21,550.8,565.55,25.8,1.45, , 
,566.99,2336,84.0,24.2,11101001,566.26,2336,48.6,8.24,571.2,566.61,25.0,1.33, , 
,567.97,2336,84.0,24.6,11101001,567.32,2336,45.9,7.21,550.8,567.64,24.6,1.45, , 
,568.97,2336,84.0,20.3,11101001,568.30,2336,48.6,7.21,571.2,568.64,21.5,1.45, , 
,570.03,2336,84.0,14.5,11101001,569.30,2336,50.2,8.24,591.6,569.66,17.6,1.29, , 
,571.01,2336,84.0,10.5,11101001,570.35,2336,56.1,8.24,652.8,570.68,11.3,1.45, , 
,572.05,2336,84.0,0.0,11101001,571.36,2336,56.1,8.24,632.4,571.72,9.4,1.52, , 
,573.05,2304,84.0,11.3,11101001,572.37,2336,38.4,5.15,459.0,572.72,8.2,1.76, , 
,574.12,2304,84.0,18.4,11101001,573.39,2304,42.7,6.18,499.8,573.76,16.0,1.64, , 
,575.15,2304,84.0,21.9,11101001,574.47,2304,42.7,6.18,499.8,574.80,21.1,1.48, , 
,576.19,2304,84.0,24.2,11101001,575.51,2304,42.7,7.21,499.8,575.85,23.4,1.41, , 
,577.22,2272,84.0,24.6,11101001,576.54,2272,42.7,7.21,499.8,576.88,24.6,1.45, , 
,578.27,2272,84.0,21.1,11101001,577.55,2272,50.2,8.24,591.6,577.90,22.7,1.33, , 
,579.30,2272,84.0,16.0,11101001,578.61,2272,50.2,8.24,591.6,578.95,17.6,1.41, , 
,580.33,2272,84.0,14.1,11101001,579.64,2272,53.3,8.24,612.0,579.99,13.7,1.37, , 
,581.35,2272,84.0,13.3,11101001,580.67,2272,51.8,8.24,591.6,581.01,14.1,1.52, , 
,582.39,2304,84.0,13.7,11101001,581.69,2272,51.8,7.21,591.6,582.02,14.1,1.52, , 
,583.38,2304,84.0,12.9,11101001,582.71,2304,51.8,8.24,591.6,583.04,13.3,1.45, , 
,584.39,2304,84.0,14.1,11101001,583.71,2304,51.8,8.24,591.6,584.04,13.3,1.52, , 
,585.41,2304,84.0,13.3,11101001,584.74,2304,51.8,7.21,591.6,585.06,13.7,1.48, , 
,586.43,2304,84.0,14.5,11101001,585.75,2304,50.2,8.24,591.6,586.08,14.8,1.48, , 
,587.45,2304,84.0,13.7,11101001,586.78,2304,51.8,8.24,591.6,587.13,13.7,1.48, , 
,588.44,2304,84.0,13.7,11101001,587.79,2304,51.8,7.21,591.6,588.11,13.7,1.48, , 
,589.45,2304,84.0,15.6,11101001,588.77,2304,50.2,8.24,591.6,589.11,16.0,1.45, , 
,590.49,2272,84.0,16.0,11101001,589.80,2304,50.2,8.24,591.6,590.15,16.0,1.52, , 
,591.52,2304,84.0,16.0,11101001,590.83,2304,50.2,7.21,591.6,591.19,16.4,1.48, , 
,592.52,2304,84.0,15.6,11101001,591.86,2304,51.8,8.24,591.6,592.19,15.6,1.45, , 
,593.55,2304,84.0,16.4,11101001,592.87,2304,50.2,7.21,591.6,593.22,16.0,1.52, , 
,594.54,2272,84.0,7.8,11101001,593.87,2272,40.0,5.15,479.4,594.21,0.0,1.80, , 
,595.53,2272,84.0,13.3,11101001,594.87,2272,34.1,5.15,418.2,595.21,10.9,1.64, , 
,596.59,2240,84.0,19.5,11101001,595.87,2240,35.3,5.15,438.6,596.23,16.4,1.56, , 
,597.59,2240,84.0,24.2,11101001,596.92,2240,41.2,6.18,499.8,597.25,22.3,1.45, , 
,598.65,2240,84.0,25.4,11101001,597.93,2240,44.3,7.21,520.2,598.28,25.0,1.45, , 
,599.74,2240,84.0,25.4,11101001,599.01,2240,44.3,7.21,520.2,599.37,25.8,1.41, , 
,600.76,2240,84.0,23.0,11101001,600.07,2240,45.9,7.21,520.2,600.42,23.0,1.45, , 
,601.78,2240,84.0,20.7,11101001,601.11,2240,45.9,7.21,550.8,601.44,21.9,1.41, , 
,602.79,2240,84.0,16.4,11101001,602.12,2240,50.2,8.24,591.6,602.45,16.8,1.41, , 
,603.87,2240,84.0,17.6,11101001,603.15,2240,41.2,6.18,499.8,603.51,17.2,1.52, , 
,604.90,2240,84.0,17.6,11101001,604.21,2240,40.0,6.18,479.4,604.55,17.2,1.48, , 
,605.95,2208,84.0,18.4,11101001,605.25,2208,41.2,6.18,499.8,605.59,18.4,1.52, , 
,606.97,2208,84.0,17.6,11101001,606.30,2208,40.0,6.18,479.4,606.63,18.0,1.45, , 
,607.96,2208,84.0,18.8,11101001,607.30,2208,41.2,6.18,499.8,607.62,18.0,1.52, , 
,608.99,2208,84.0,19.5,11101001,608.30,2208,41.2,6.18,499.8,608.65,19.5,1.48, , 
,610.01,2176,84.0,16.8,11101001,609.34,2208,35.3,5.15,438.6,609.67,17.6,1.41, , 
,611.03,2176,84.0,15.2,11101001,610.34,2176,34.1,5.15,418.2,610.68,15.2,1.45, , 
,612.06,2176,84.0,13.7,11101001,611.39,2176,34.1,5.15,418.2,611.72,14.5,1.45, , 
,613.08,2176,84.0,14.1,11101001,612.42,2176,35.3,5.15,438.6,612.75,13.7,1.52, , 
,614.10,2144,84.0,16.4,11101001,613.41,2144,36.9,5.15,438.6,613.76,16.0,1.52, , 
,615.12,2144,84.0,17.6,11101001,614.44,2144,35.3,5.15,438.6,614.78,17.6,1.52, , 
,616.17,2144,84.0,18.4,11101001,615.49,2144,36.9,5.15,438.6,615.81,18.4,1.48, , 
,617.22,2112,84.0,18.0,11101001,616.52,2144,35.3,5.15,438.6,616.87,17.6,1.45, , 
,618.27,2112,84.0,17.6,11101001,617.58,2112,35.3,5.15,438.6,617.93,17.2,1.48, , 
,619.30,2112,84.0,16.0,11101001,618.62,2112,35.3,5.15,438.6,618.96,17.2,1.45, , 
,620.33,2080,84.0,10.5,11101001,619.63,2112,32.5,4.12,418.2,619.99,14.5,1.41, , 
,621.39,2048,84.0,6.3,11101001,620.67,2080,23.5,3.09,316.2,621.02,7.0,1.33, , 
,622.46,2048,84.0,10.5,11101001,621.75,2048,34.1,4.12,438.6,622.11,8.2,1.64, , 
,623.52,2048,84.0,16.0,11101001,622.81,2048,40.0,6.18,479.4,623.17,12.9,1.60, , 
,624.60,2016,84.0,19.1,11101001,623.87,2016,36.9,5.15,459.0,624.24,18.4,1.52, , 
,625.68,2016,84.0,21.5,11101001,624.95,2016,38.4,6.18,459.0,625.32,21.1,1.52, , 
,626.73,2016,84.0,23.4,11101001,626.02,1984,38.4,6.18,479.4,626.36,23.4,1.48, , 
,627.80,1984,84.0,25.0,11101001,627.09,2016,38.4,6.18,479.4,627.45,23.8,1.48, , 
,628.88,1728,84.0,0.0,11111111,628.16,1984,56.1,7.21,652.8,628.52,5.1,1.72, , 
,629.86,1088,84.0,0.0,11111111,629.22,1216,0.0,0.00,357.0,629.53,0.0,3.52, , 
,630.80,2464,84.0,0.0,11101001,630.16,1440,22.0,3.09,316.2,630.48,0.0,0.82, , 
,631.83,2464,84.0,0.0,11101001,631.14,2464,17.6,2.06,244.8,631.48,3.9,1.64, , 
,632.84,2432,84.0,12.1,11101001,632.17,2432,36.9,4.12,438.6,632.51,9.4,1.80, , 
,633.85,2400,84.0,19.9,11101001,633.19,2432,36.9,5.15,438.6,633.52,17.6,1.64, , 
,634.88,2432,84.0,23.8,11101001,634.20,2400,38.4,6.18,459.0,634.55,22.7,1.48, , 
,635.91,2400,84.0,0.0,11101001,635.21,2400,38.4,6.18,459.0,635.56,25.0,1.41, , 
,636.93,2336,84.0,9.8,11101001,636.26,2368,20.8,3.09,295.8,636.60,7.8,1.72, , 
,637.92,2304,84.0,12.5,11101001,637.26,2336,20.8,3.09,295.8,637.58,12.1,1.56, , 
,638.94,2272,84.0,12.9,11101001,638.26,2304,22.0,3.09,295.8,638.61,12.9,1.37, , 
,639.96,2240,84.0,11.3,11101001,639.27,2272,22.0,3.09,295.8,639.61,12.5,1.45, , 
,640.99,2176,84.0,12.9,11101001,640.30,2208,22.0,3.09,316.2,640.64,10.5,1.33, , 
,642.04,2144,82.5,19.9,11101001,641.34,2144,40.0,6.18,479.4,641.70,18.0,1.56, , 
,643.04,2144,84.0,22.7,11101001,642.36,2144,40.0,6.18,479.4,642.71,21.5,1.48, , 
,644.09,2112,82.5,19.5,11101001,643.39,2112,35.3,6.18,438.6,643.73,21.5,1.41, , 
,645.14,2080,82.5,20.3,11101001,644.45,2112,31.0,5.15,397.8,644.80,19.5,1.45, , 
,646.18,2016,82.5,19.9,11101001,645.49,2080,34.1,5.15,418.2,645.82,19.5,1.41, , 
,647.25,1984,82.5,0.0,11101001,646.54,2016,19.2,3.09,295.8,646.89,0.0,1.29, , 
,648.33,1952,82.5,12.1,11101011,647.61,1984,48.6,6.18,571.2,647.97,8.2,1.76, , 
,649.42,1984,82.5,14.5,11101011,648.69,1984,56.1,8.24,652.8,649.06,13.7,1.45, , 
,650.52,1984,82.5,14.5,11101001,649.79,1984,62.0,10.30,714.0,650.16,14.8,1.41, , 
,651.62,1984,84.0,12.5,11101001,650.89,1984,62.0,9.27,714.0,651.25,13.3,1.37, , 
,652.71,1952,82.5,6.3,11101011,651.98,1984,35.3,4.12,438.6,652.35,0.0,1.84, , 
,653.79,1920,82.5,11.7,11101011,653.07,1920,29.4,4.12,377.4,653.43,9.0,1.64, , 
,654.88,1856,82.5,19.5,11101011,654.15,1888,36.9,5.15,459.0,654.51,16.0,1.60, , 
,655.94,1888,82.5,0.0,11101011,655.21,1888,62.0,9.27,714.0,655.58,0.0,1.60, , 
,657.08,1920,82.5,0.0,11101011,656.31,1888,76.9,11.33,867.0,656.70,2.3,1.60, , 
,658.16,1920,82.5,4.3,11101011,657.43,1920,62.0,8.24,714.0,657.79,3.5,1.60, , 
,659.27,1920,82.5,0.0,11101011,658.52,1920,62.0,9.27,714.0,658.89,8.6,1.52, , 
,660.38,1888,82.5,8.6,11101011,659.62,1920,44.3,5.15,520.2,660.00,7.0,1.84, , 
,661.48,1856,82.5,14.1,11101011,660.73,1888,38.4,5.15,459.0,661.11,12.9,1.64, , 
,662.60,1792,82.5,18.0,11101011,661.85,1824,31.0,4.12,397.8,662.23,17.2,1.52, , 
,663.70,1760,82.5,20.7,11101011,662.98,1792,35.3,5.15,438.6,663.36,20.3,1.48, , 
,664.82,1728,82.5,22.3,11101011,664.07,1760,35.3,5.15,459.0,664.44,21.1,1.45, , 
,665.88,1728,84.0,25.4,11101011,665.16,1728,38.4,6.18,479.4,665.54,24.2,1.52, , 
,666.95,1728,84.0,23.4,11101011,666.24,1760,44.3,7.21,550.8,666.60,25.8,1.45, , 
,668.11,1760,84.0,23.0,11101011,667.34,1760,45.9,7.21,550.8,667.72,22.7,1.45, , 
,669.21,1792,84.0,4.7,11101011,668.49,1760,59.2,9.27,693.6,668.81,0.0,1.64, , 
,670.26,1824,84.0,0.0,11101011,669.56,1792,54.5,8.24,652.8,669.93,10.2,1.68, , 
,671.36,1824,84.0,9.0,11101011,670.63,1824,38.4,4.12,479.4,671.00,7.4,1.80, , 
,672.49,1824,84.0,12.5,11101011,671.75,1856,35.3,5.15,438.6,672.12,11.7,1.60, , 
,673.61,1856,84.0,16.0,11101011,672.85,1856,32.5,5.15,418.2,673.22,14.8,1.52, , 
,674.73,1856,84.0,18.4,11101011,673.99,1824,32.5,5.15,418.2,674.36,17.6,1.48, , 
,675.85,1856,84.0,18.4,11101011,675.10,1856,32.5,5.15,418.2,675.47,18.4,1.41, , 
,676.95,1856,84.0,18.4,11101011,676.22,1856,32.5,5.15,418.2,676.59,18.8,1.45, , 
,678.07,1856,84.0,18.4,11101011,677.32,1856,32.5,5.15,418.2,677.69,18.4,1.45, , 
,679.17,1856,84.0,18.0,11101011,678.45,1856,32.5,5.15,418.2,678.82,17.6,1.45, , 
,680.30,1856,84.0,17.2,11101011,679.55,1856,32.5,5.15,418.2,679.92,17.6,1.45, , 
,681.43,1856,84.0,16.8,11101011,680.67,1856,31.0,4.12,397.8,681.05,16.8,1.48, , 
,682.55,1856,84.0,16.8,11101011,681.80,1856,31.0,4.12,397.8,682.17,16.8,1.48, , 
,683.68,1856,84.0,16.8,11101011,682.92,1856,34.1,5.15,418.2,683.30,16.4,1.48, , 
,684.76,1888,84.0,20.3,11101011,684.05,1856,35.3,5.15,438.6,684.41,18.8,1.56, , 
,685.88,1888,84.0,24.6,11101011,685.12,1888,41.2,6.18,499.8,685.50,23.4,1.52, , 
,686.95,1920,84.0,25.8,11101011,686.24,1888,42.7,7.21,520.2,686.60,27.3,1.48, , 
,688.04,1952,84.0,18.8,11101011,687.32,1920,56.1,9.27,652.8,687.67,19.5,1.21, , 
,689.11,2016,84.0,16.8,11101001,688.41,1984,53.3,8.24,632.4,688.77,17.2,1.45, , 
,690.14,2048,84.0,20.7,11101001,689.46,2016,45.9,7.21,550.8,689.80,18.8,1.60, , 
,691.21,2048,84.0,23.4,11101001,690.49,2048,44.3,7.21,520.2,690.84,22.7,1.52, , 
,692.25,2080,82.5,23.0,11101001,691.54,2048,44.3,7.21,520.2,691.89,24.2,1.48, , 
,693.30,2080,84.0,21.5,11101001,692.61,2080,38.4,6.18,459.0,692.95,21.9,1.45, , 
,694.40,2080,84.0,20.7,11101001,693.67,2080,38.4,6.18,459.0,694.03,21.1,1.48, , 
,695.44,2112,84.0,18.0,11101001,694.74,2080,38.4,6.18,459.0,695.08,18.0,1.48, , 
,696.53,2112,84.0,16.8,11101001,695.81,2080,38.4,6.18,479.4,696.18,17.6,1.48, , 
,697.61,2112,84.0,17.2,11101001,696.89,2112,38.4,6.18,459.0,697.23,16.8,1.52, , 
,698.67,2112,84.0,16.8,11101001,697.96,2112,36.9,6.18,459.0,698.30,18.0,1.48, , 
,699.72,2080,84.0,12.5,11101001,699.01,2080,17.6,3.09,275.4,699.36,13.7,1.33, , 
,700.74,2048,84.0,7.8,11101001,700.06,2080,17.6,3.09,275.4,700.41,9.4,1.37, , 
,701.77,2016,84.0,5.5,11101001,701.08,2048,17.6,3.09,275.4,701.43,6.3,1.45, , 
,702.82,2016,84.0,8.2,11101001,702.11,2016,17.6,3.09,275.4,702.46,5.1,1.52, , 
,703.89,1984,84.0,12.9,11101001,703.16,2016,25.1,3.09,336.6,703.54,7.0,1.52, , 
,704.97,1984,84.0,17.2,11101001,704.25,1984,36.9,5.15,459.0,704.61,16.4,1.60, , 
,706.06,2016,84.0,20.3,11101001,705.34,1984,36.9,5.15,459.0,705.70,19.5,1.52, , 
,707.13,2016,84.0,21.1,11101001,706.43,2016,35.3,5.15,438.6,706.77,21.1,1.48, , 
,708.19,2016,84.0,21.1,11101001,707.47,2016,36.9,5.15,459.0,707.83,21.5,1.45, , 
,709.25,2016,84.0,21.1,11101001,708.54,2016,35.3,5.15,438.6,708.89,20.7,1.48, , 
,710.29,2016,84.0,19.5,11101001,709.60,2016,35.3,5.15,438.6,709.94,20.7,1.45, , 
,711.35,2016,84.0,19.1,11101001,710.65,2016,34.1,5.15,418.2,711.01,19.1,1.48, , 
,712.41,2048,84.0,18.4,11101001,711.71,2016,35.3,5.15,438.6,712.06,19.5,1.48, , 
,713.50,2016,84.0,14.8,11101001,712.78,2016,23.5,3.09,336.6,713.14,14.5,1.37, , 
,714.56,1984,84.0,10.2,11101001,713.86,2016,17.6,3.09,275.4,714.21,11.3,1.37, , 
,715.65,1952,84.0,6.3,11101011,714.92,1984,17.6,3.09,275.4,715.28,8.2,1.45, , 
,716.72,1920,84.0,5.9,11101011,716.00,1952,17.6,2.06,275.4,716.37,5.1,1.52, , 
,717.83,1920,84.0,10.9,11101011,717.09,1952,22.0,3.09,316.2,717.45,9.0,1.56, , 
,718.95,1888,84.0,13.3,11101011,718.20,1920,25.1,3.09,336.6,718.58,12.1,1.52, , 
,720.07,1888,84.0,18.4,11101011,719.33,1888,26.7,4.12,357.0,719.71,15.2,1.52, , 
,721.17,1888,84.0,21.5,11101011,720.43,1888,28.2,4.12,377.4,720.81,20.7,1.52, , 
,722.24,1888,84.0,22.7,11101011,721.53,1888,29.4,4.12,397.8,721.88,21.9,1.45, , 
,723.35,1888,84.0,22.3,11101011,722.60,1888,31.0,4.12,397.8,722.97,22.7,1.48, , 
,724.45,1888,84.0,22.3,11101011,723.71,1888,31.0,5.15,397.8,724.09,22.3,1.48, , 
,725.56,1888,82.5,21.9,11101011,724.82,1888,31.0,5.15,397.8,725.19,21.9,1.45, , 
,726.69,1888,84.0,18.8,11101011,725.94,1888,31.0,4.12,397.8,726.31,18.8,1.45, , 
,727.78,1888,84.0,14.8,11101011,727.07,1888,22.0,3.09,316.2,727.43,14.5,1.37, , 
,728.92,1856,82.5,13.7,11101011,728.16,1856,22.0,3.09,316.2,728.53,13.7,1.48, , 
,730.06,1856,84.0,12.9,11101011,729.30,1856,23.5,3.09,336.6,729.67,12.9,1.48, , 
,731.17,1856,84.0,15.6,11101011,730.44,1856,28.2,4.12,357.0,730.80,14.5,1.56, , 
,732.27,1856,82.5,19.1,11101011,731.54,1856,29.4,4.12,397.8,731.91,17.6,1.52, , 
,733.41,1856,84.0,26.6,11101011,732.66,1856,42.7,6.18,520.2,733.04,23.8,1.60, , 
,734.48,1888,84.0,29.7,11101011,733.76,1888,41.2,6.18,499.8,734.10,28.1,1.52, , 
,735.59,1888,84.0,28.9,11101011,734.85,1888,40.0,6.18,499.8,735.22,29.3,1.45, , 
,736.70,1888,84.0,18.8,11101011,735.97,1888,29.4,4.12,397.8,736.35,22.3,1.37, , 
,737.78,1856,84.0,14.5,11101011,737.08,1888,20.8,3.09,295.8,737.41,15.6,1.37, , 
,738.87,1856,82.5,12.5,11101011,738.16,1856,22.0,3.09,316.2,738.50,12.9,1.48, , 
,739.95,1856,84.0,10.5,11101011,739.24,1856,23.5,3.09,336.6,739.59,10.2,1.52, , 
,741.04,1856,84.0,0.0,11101011,740.32,1856,34.1,5.15,438.6,740.69,0.0,1.68, , 
,742.00,1152,82.5,0.0,11101011,741.37,1568,0.0,0.00,397.8,741.65,0.0,3.55, , 
,742.97,2368,82.5,0.0,11101001,742.33,2048,26.7,4.12,357.0,742.65,0.0,1.33, , 
,744.00,2368,84.0,8.6,11101001,743.32,2368,19.2,3.09,275.4,743.66,4.3,1.64, , 
,745.02,2336,82.5,16.0,11101001,744.33,2400,31.0,4.12,397.8,744.67,14.1,1.68, , 
,746.01,2336,82.5,19.5,11101001,745.34,2336,29.4,4.12,377.4,745.68,19.1,1.52, , 
,747.01,2272,82.5,18.8,11101001,746.34,2336,25.1,4.12,336.6,746.69,18.0,1.37, , 
,748.00,2240,82.5,18.8,11101001,747.34,2272,17.6,3.09,244.8,747.67,18.4,1.41, , 
,749.00,2176,84.0,18.8,11101001,748.34,2240,17.6,3.09,275.4,748.67,18.8,1.45, , 
,750.01,2144,82.5,10.9,11111101,749.33,2176,16.1,3.09,244.8,749.67,12.9,1.17, , 
,751.05,2048,82.5,0.0,11111101,750.34,2112,16.1,3.09,244.8,750.71,0.0,1.95, , 
,752.09,1984,82.5,0.0,11101001,751.40,2048,16.1,3.09,244.8,751.74,0.0,1.68, , 
,753.18,1920,82.5,0.0,11101011,752.44,1984,14.9,2.06,244.8,752.81,0.0,1.91, , 
,754.26,1856,82.5,7.0,11101011,753.54,1920,17.6,2.06,275.4,753.89,5.5,1.60, , 
,755.35,1824,82.5,14.1,11101011,754.61,1856,20.8,3.09,295.8,754.98,14.5,1.68, , 
,756.46,1856,82.5,19.9,11101011,755.72,1824,28.2,4.12,357.0,756.09,17.6,1.56, , 
,757.57,1888,82.5,26.2,11101011,756.83,1856,41.2,6.18,499.8,757.21,25.0,1.52, , 
,758.68,1920,82.5,29.3,11101011,757.92,1888,40.0,6.18,499.8,758.31,29.3,1.48, , 
,759.78,1952,82.5,27.0,11101011,759.05,1920,38.4,6.18,479.4,759.42,27.7,1.45, , 
,760.86,1984,82.5,21.9,11101011,760.15,1952,36.9,6.18,459.0,760.50,23.0,1.41, , 
,761.94,1984,82.5,20.3,11101001,761.22,1984,36.9,6.18,459.0,761.58,20.3,1.48, , 
,763.00,2016,82.5,21.5,11101001,762.29,2016,42.7,6.18,499.8,762.64,21.1,1.56, , 
,764.05,2080,82.5,19.9,11101001,763.35,2048,41.2,6.18,499.8,763.71,21.9,1.45, , 
,765.09,2080,82.5,16.8,11101001,764.40,2080,35.3,5.15,438.6,764.74,18.0,1.41, , 
,766.15,2112,82.5,15.2,11101001,765.45,2112,34.1,5.15,418.2,765.80,15.6,1.48, , 
,767.15,2144,82.5,12.5,11101001,766.48,2144,29.4,4.12,397.8,766.82,14.5,1.41, , 
,768.18,2112,82.5,11.3,11101001,767.49,2144,19.2,3.09,295.8,767.84,12.1,1.48, , 
,769.23,2112,82.5,10.5,11101001,768.53,2112,20.8,3.09,295.8,768.89,10.9,1.48, , 
,770.29,2048,82.5,10.2,11101001,769.58,2048,20.8,3.09,295.8,769.94,10.2,1.52, , 
,771.36,1984,82.5,10.5,11101001,770.64,2016,20.8,3.09,295.8,771.00,10.2,1.52, , 
,772.45,1952,82.5,10.9,11101011,771.73,1952,20.8,3.09,316.2,772.10,11.3,1.52, , 
,773.58,1856,82.5,8.2,11101011,772.82,1952,22.0,3.09,316.2,773.20,9.8,1.45, , 
,774.68,1824,82.5,10.9,11101011,773.96,1856,19.2,3.09,295.8,774.34,9.8,1.60, , 
,775.80,1824,82.5,14.1,11101011,775.06,1856,26.7,4.12,357.0,775.43,13.3,1.56, , 
,776.88,1856,82.5,22.3,11101011,776.17,1824,35.3,5.15,438.6,776.53,19.5,1.60, , 
,777.94,1920,82.5,27.0,11101011,777.21,1856,41.2,6.18,499.8,777.57,24.2,1.52, , 
,779.03,1952,82.5,23.4,11101011,778.31,1920,48.6,8.24,591.6,778.68,24.2,1.25, , 
,780.10,1920,82.5,0.0,11111111,779.39,1984,48.6,8.24,591.6,779.76,23.8,1.45, , 
,781.05,1088,82.5,0.0,11111111,780.42,1440,0.0,0.00,357.0,780.74,0.0,3.71, , 
,781.99,896,82.5,0.0,11111111,781.36,1056,23.5,4.12,357.0,781.67,0.0,1.33, , 
,782.84,864,82.5,0.0,11111111,782.27,864,25.1,3.09,377.4,782.57,0.0,1.25, , 
,783.78,864,82.5,3.5,11111111,783.16,864,28.2,3.09,397.8,783.47,1.2,1.68, , 
,784.73,896,82.5,10.5,11111111,784.10,864,28.2,4.12,397.8,784.41,8.2,1.72, , 
,785.71,896,82.5,15.6,11111111,785.06,896,28.2,4.12,397.8,785.40,14.1,1.64, , 
,786.65,896,84.0,19.1,11111111,786.02,896,28.2,4.12,397.8,786.34,18.0,1.60, , 
,787.56,896,84.0,21.1,11111111,786.94,896,26.7,4.12,397.8,787.25,20.7,1.56, , 
,788.53,1568,84.0,0.0,11101011,787.87,928,32.5,5.15,418.2,788.17,0.0,1.72, , 
,789.44,1472,84.0,0.0,11101011,788.91,1440,34.1,4.12,438.6,789.18,9.0,1.76, , 
,790.46,1600,84.0,4.3,11101011,789.77,1504,56.1,8.24,673.2,790.09,0.0,1.72, , 
,791.55,1664,84.0,0.0,11101011,790.80,1632,51.8,7.21,612.0,791.17,0.0,1.68, , 
,792.55,1664,84.0,5.9,11111111,791.88,1696,28.2,4.12,377.4,792.22,5.1,1.60, , 
,793.59,1600,84.0,-4.3,11101011,792.88,1632,22.0,3.09,316.2,793.23,-2.3,1.17, , 
,794.58,1472,84.0,-6.6,11111111,793.95,1568,20.8,3.09,316.2,794.31,-2.0,1.52, , 
,795.74,1472,84.0,2.0,11101011,794.97,1472,22.0,3.09,316.2,795.40,-0.4,1.68, , 
,796.87,1440,84.0,0.0,11101011,796.10,1440,38.4,5.15,479.4,796.42,5.9,1.72, , 
,797.94,1632,84.0,0.0,11101011,797.21,1536,76.9,12.36,887.4,797.59,0.0,1.52, , 
,799.00,1792,84.0,0.0,11101011,798.28,1664,54.5,8.24,632.4,798.66,0.0,1.60, , 
,800.08,1984,84.0,3.1,11101001,799.37,1856,71.0,10.30,795.6,799.72,2.3,1.60, , 
,801.13,2144,84.0,6.3,11101001,800.44,2080,63.5,9.27,734.4,800.78,0.0,1.80, , 
,802.15,2176,84.0,12.9,11101001,801.47,2176,51.8,7.21,612.0,801.81,10.2,1.68, , 
,803.17,2304,84.0,18.0,11101001,802.49,2240,50.2,7.21,591.6,802.83,16.4,1.56, , 
,804.18,2336,84.0,20.3,11101001,803.51,2272,48.6,7.21,571.2,803.85,20.7,1.45, , 
,805.27,2464,84.0,16.8,11101001,804.51,2368,51.8,8.24,591.6,804.87,18.0,1.37, , 
,806.30,2464,84.0,18.8,11101001,805.61,2496,51.8,8.24,591.6,805.96,17.6,1.52, , 
,807.33,2400,84.0,20.3,11101001,806.65,2464,34.1,5.15,418.2,807.00,20.7,1.45, , 
,808.38,2336,84.0,17.6,11101001,807.67,2400,35.3,5.15,438.6,808.03,19.1,1.45, , 
,809.41,2176,84.0,11.3,11101001,808.72,2272,20.8,3.09,295.8,809.07,12.9,1.29, , 
,810.48,1984,84.0,7.0,11101001,809.77,2112,22.0,3.09,316.2,810.12,9.4,1.41, , 
,811.56,1952,84.0,13.3,11101011,810.83,1984,36.9,5.15,459.0,811.19,11.3,1.64, , 
,812.63,1952,84.0,0.0,11101011,811.91,1920,51.8,7.21,612.0,812.27,0.0,1.60, , 
,813.73,1952,84.0,0.0,11101011,813.00,1952,57.6,8.24,673.2,813.36,0.0,1.76, , 
,814.81,1952,84.0,12.9,11101011,814.08,1952,47.1,6.18,571.2,814.44,10.9,1.72, , 
,815.89,1952,84.0,16.8,11101011,815.17,1952,35.3,5.15,438.6,815.54,15.6,1.56, , 
,816.98,1920,85.5,0.0,11101011,816.26,1920,36.9,5.15,459.0,816.63,19.9,1.52, , 
,818.04,2016,84.0,7.0,11101001,817.33,1984,53.3,7.21,632.4,817.69,6.3,1.76, , 
,819.12,1952,85.5,6.3,11101011,818.41,2016,45.9,5.15,571.2,818.77,0.0,1.80, , 
,820.21,2016,84.0,13.3,11101001,819.47,1984,38.4,5.15,479.4,819.83,11.7,1.72, , 
,821.21,2112,84.0,13.7,11101001,820.55,2080,56.1,8.24,652.8,820.88,13.3,1.45, , 
,822.23,2176,85.5,14.8,11101001,821.57,2144,53.3,8.24,632.4,821.90,14.1,1.45, , 
,823.28,2240,85.5,14.5,11101001,822.59,2240,53.3,8.24,612.0,822.94,15.6,1.48, , 
,824.26,2336,85.5,13.3,11101001,823.62,2304,53.3,8.24,612.0,823.94,14.1,1.41, , 
,825.31,2400,85.5,14.1,11101001,824.62,2336,53.3,8.24,612.0,824.95,13.7,1.52, , 
,826.34,2464,85.5,14.5,11101001,825.65,2432,53.3,8.24,612.0,826.00,14.1,1.48, , 
,827.38,2496,85.5,15.6,11101001,826.69,2464,50.2,7.21,591.6,827.03,16.0,1.48, , 
,828.40,2624,85.5,11.7,11101001,827.73,2528,54.5,8.24,632.4,828.07,11.3,1.33, , 
,829.40,2848,85.5,8.6,11101001,828.70,2688,75.3,12.36,826.2,829.05,9.8,1.45, , 
,830.58,3168,85.5,4.7,11101001,829.86,2944,81.2,14.42,887.4,830.22,6.3,1.45, , 
,831.59,2304,85.5,0.0,11101001,830.94,3264,75.3,11.33,846.6,831.26,0.0,3.44, , 
,832.61,2048,85.5,0.0,11101001,831.93,2016,26.7,4.12,357.0,832.27,0.0,1.29, , 
,833.65,2112,85.5,2.0,11101001,832.96,2048,63.5,8.24,714.0,833.31,0.8,1.56, , 
,834.66,2144,85.5,3.1,11101001,833.98,2112,63.5,9.27,714.0,834.31,3.1,1.52, , 
,835.69,2176,85.5,6.3,11101001,835.02,2176,62.0,9.27,714.0,835.35,4.3,1.48, , 
,836.72,2208,85.5,0.0,11101001,836.03,2208,53.3,7.21,632.4,836.39,11.7,1.60, , 
,837.73,1408,85.5,0.0,11111111,837.05,2208,32.5,3.09,418.2,837.40,0.0,2.81, , 
,838.68,1024,85.5,0.0,11111111,838.03,1024,25.1,4.12,357.0,838.37,0.0,2.77, , 
,839.60,928,85.5,0.0,11111111,838.97,1024,23.5,4.12,357.0,839.28,0.0,1.02, , 
,840.53,864,85.5,0.0,11111111,839.91,864,25.1,3.09,377.4,840.22,0.0,1.41, , 
,841.45,864,87.0,4.3,11111111,840.84,832,28.2,3.09,397.8,841.14,2.7,1.68, , 
,842.36,896,87.0,10.9,11111111,841.76,864,28.2,3.09,397.8,842.04,9.4,1.68, , 
,843.27,896,87.0,15.6,11111111,842.65,896,28.2,4.12,397.8,842.95,14.1,1.68, , 
,844.19,960,87.0,18.8,11111111,843.58,896,28.2,4.12,397.8,843.91,17.6,1.64, , 
,845.15,1056,87.0,27.7,11101011,844.50,1088,23.5,4.12,357.0,844.83,25.8,1.56, , 
,846.11,1088,87.0,0.0,11101011,845.47,992,32.5,5.15,438.6,845.78,31.3,1.64, , 
,847.03,1184,87.0,0.0,11101011,846.43,1088,50.2,6.18,612.0,846.71,0.0,1.91, , 
,848.10,1408,87.0,0.0,11101011,847.39,1248,72.2,10.30,846.6,847.73,0.0,1.76, , 
,849.21,1664,87.0,0.0,11101011,848.47,1536,66.3,10.30,775.2,848.84,6.6,1.56, , 
,850.30,1856,87.0,12.1,11101011,849.57,1728,47.1,6.18,571.2,849.93,8.2,1.80, , 
,851.40,2016,87.0,19.5,11101001,850.67,1920,53.3,8.24,632.4,851.03,17.2,1.64, , 
,852.46,2080,87.0,18.4,11101001,851.75,2048,32.5,5.15,418.2,852.11,19.5,1.41, , 
,853.52,2080,87.0,14.1,11101001,852.82,2048,23.5,3.09,336.6,853.18,14.5,1.29, , 
,854.52,2080,87.0,10.9,11101001,853.85,2080,23.5,3.09,336.6,854.18,11.3,1.33, , 
,855.55,2080,87.0,9.8,11101001,854.86,2080,23.5,3.09,336.6,855.21,9.8,1.45, , 
,856.59,2080,87.0,12.5,11101001,855.90,2080,20.8,3.09,295.8,856.23,12.1,1.56, , 
,857.65,2112,87.0,14.5,11101001,856.94,2112,20.8,3.09,295.8,857.28,14.5,1.56, , 
,858.59,1056,87.0,0.0,11111111,857.97,1952,0.0,0.00,295.8,858.27,0.0,3.05, , 
,859.53,1088,85.5,0.0,11111111,858.93,1088,26.7,4.12,377.4,859.24,0.0,1.80, , 
,860.51,800,85.5,0.0,11111111,859.90,1024,20.8,3.09,336.6,860.21,0.0,0.94, , 
,861.41,864,87.0,1.2,11111111,860.80,832,28.2,4.12,397.8,861.10,0.0,1.56, , 
,862.33,864,87.0,7.4,11111111,861.72,864,26.7,3.09,397.8,862.02,5.5,1.72, , 
,863.23,864,85.5,13.3,11111111,862.65,864,26.7,4.12,397.8,862.94,11.7,1.72, , 
,864.18,896,85.5,18.0,11111111,863.54,896,26.7,4.12,397.8,863.86,16.4,1.64, , 
,865.12,896,85.5,20.7,11111111,864.49,896,26.7,4.12,397.8,864.81,19.5,1.60, , 
,866.06,896,85.5,22.3,11111111,865.43,896,26.7,4.12,397.8,865.72,21.9,1.56, , 
,867.03,896,85.5,23.4,11111111,866.39,896,26.7,4.12,397.8,866.70,23.0,1.52, , 
,867.96,896,87.0,24.2,11111111,867.34,864,26.7,4.12,397.8,867.66,24.2,1.52, , 
,868.88,864,87.0,22.7,11111111,868.27,864,26.7,4.12,377.4,868.58,23.4,1.41, , 
,869.76,864,87.0,21.9,11111111,869.18,896,26.7,4.12,377.4,869.47,21.9,1.45, , 
,870.67,896,87.0,19.9,11111111,870.06,896,26.7,4.12,397.8,870.36,19.9,1.48, , 
,871.61,896,87.0,19.9,11111111,870.98,896,26.7,4.12,397.8,871.29,19.9,1.48, , 
,872.52,896,87.0,19.5,11111111,871.92,896,26.7,4.12,397.8,872.22,19.5,1.48, , 
,873.47,768,87.0,19.5,11111111,872.86,832,25.1,4.12,377.4,873.16,19.5,1.48, , 
,874.38,768,87.0,18.8,11111111,873.78,768,28.2,4.12,418.2,874.08,18.8,1.45, , 
,875.27,768,87.0,19.9,11111111,874.68,768,28.2,4.12,418.2,874.99,19.5,1.52, , 
,876.18,768,87.0,19.1,11111111,875.58,768,28.2,4.12,418.2,875.89,18.8,1.52, , 
,877.11,768,87.0,19.9,11111111,876.48,800,28.2,4.12,418.2,876.79,19.5,1.52, , 
,878.01,800,87.0,19.9,11111111,877.40,800,28.2,4.12,418.2,877.71,19.9,1.48, , 
,878.90,800,87.0,19.1,11111111,878.31,800,26.7,4.12,397.8,878.61,19.5,1.45, , 
,879.81,800,87.0,17.6,11111111,879.19,800,26.7,4.12,397.8,879.51,18.0,1.37, , 
,880.71,896,87.0,0.0,11101011,880.11,800,28.2,4.12,397.8,880.40,0.0,1.45, , 
,881.67,1280,87.0,0.0,11111111,881.01,1088,60.4,8.24,693.6,881.36,0.0,1.37, , 
,882.65,992,87.0,0.0,11111111,881.99,1056,25.1,4.12,377.4,882.33,0.0,2.15, , 
,883.53,736,87.0,0.0,11101011,882.93,800,19.2,3.09,316.2,883.23,0.0,1.13, , 
,884.43,832,87.0,0.0,11101011,883.86,960,29.4,3.09,418.2,884.14,0.0,1.45, , 
,885.31,736,87.0,9.8,11101011,884.72,640,32.5,4.12,438.6,885.02,4.3,1.72, , 
,886.23,896,87.0,12.1,11101011,885.62,800,36.9,5.15,499.8,885.91,12.5,1.64, , 
,887.23,992,87.0,13.7,11111111,886.54,960,28.2,4.12,397.8,886.89,12.5,1.52, , 
,888.20,992,87.0,13.3,11111111,887.55,992,25.1,4.12,357.0,887.85,13.3,1.48, , 
,889.15,864,87.0,13.7,11111111,888.53,928,23.5,3.09,357.0,888.84,13.7,1.52, , 
,890.06,832,87.0,14.1,11111111,889.45,864,26.7,4.12,397.8,889.75,14.1,1.48, , 
,890.98,800,87.0,13.7,11111111,890.34,768,26.7,4.12,397.8,890.67,14.1,1.48, , 
,891.87,800,87.0,14.1,11111111,891.28,800,28.2,4.12,418.2,891.58,14.1,1.52, , 
,892.77,800,87.0,15.2,11111111,892.17,768,28.2,4.12,418.2,892.46,14.5,1.52, , 
,893.68,800,87.0,16.8,11111111,893.08,768,28.2,4.12,418.2,893.38,16.0,1.56, , 
,894.56,800,87.0,16.8,11111111,893.97,800,26.7,4.12,397.8,894.26,17.2,1.48, , 
,895.48,800,87.0,15.6,11111111,894.87,800,25.1,4.12,377.4,895.16,16.4,1.45, , 
,896.38,800,87.0,14.1,11111111,895.76,800,25.1,4.12,377.4,896.06,14.5,1.41, , 
