Czwartek,01,Paüdziernik,2026,16:10:04:00009-VCID:1C3761778CABCE7337-515A,Wersja VCDS: AKP 23.3.1,Wersja danych: 20230601 DS346.2
047 906 033 L,,1.4l SIMOS3PA   00HS5401,

,Grupa A:,'001,,,,Grupa B:,'002,,,,Grupa C:,'032
,,Obroty silnika,Temperatura,Lambda,Bity binarnie,,Obroty silnika,Obciπøenie,Czas wtrysku,Ciúnienie rzecz.,,Lambda,Lambda, , 
,CZAS,,,,,CZAS,,,,,CZAS,,,,
Znacznik,ZAPISU, /min,*C, %,,ZAPISU, /min, %, ms, mbar,ZAPISU, %, %,,
,0.26,0,91.5,0.0,10110111,0.53,0,0.0,0.00,1009.8,0.01,-100.0,0.0, , 
,1.06,0,91.5,0.0,10110111,1.33,0,0.0,0.00,1009.8,0.79,-100.0,0.0, , 
,1.87,0,91.5,0.0,10110111,2.14,0,0.0,0.00,1009.8,1.60,-100.0,0.0, , 
,2.67,0,91.5,0.0,10110111,2.94,0,0.0,0.00,1009.8,2.40,-100.0,0.0, , 
,3.47,0,91.5,0.0,10110111,3.73,0,0.0,0.00,1009.8,3.20,-100.0,0.0, , 
,4.27,0,91.5,0.0,10110111,4.55,0,0.0,0.00,1009.8,4.00,-100.0,0.0, , 
,5.08,0,91.5,0.0,10110111,5.34,0,0.0,0.00,1009.8,4.81,-100.0,0.0, , 
,5.88,0,91.5,0.0,10110111,6.16,0,0.0,0.00,1009.8,5.61,-100.0,0.0, , 
,6.69,0,91.5,0.0,10110111,6.95,192,84.3,20.60,989.4,6.42,-100.0,0.0, , 
,7.54,960,91.5,0.0,10110111,7.86,1088,34.1,5.15,459.0,7.23,-100.0,0.0, , 
,8.46,832,91.5,0.0,10110111,8.77,832,32.5,5.15,459.0,8.17,-2.3,0.0, , 
,9.37,864,91.5,0.0,10110111,9.67,864,32.5,5.15,459.0,9.09,-2.3,0.0, , 
,10.28,832,91.5,0.0,10110111,10.57,768,34.1,5.15,479.4,9.98,-2.3,0.0, , 
,11.18,800,91.5,0.0,10100011,11.51,1088,51.8,8.24,652.8,10.87,-2.3,0.0, , 
,12.13,1152,91.5,0.0,10100011,12.46,1152,53.3,8.24,652.8,11.82,-1.6,0.0, , 
,13.14,1312,90.0,0.0,10100011,13.47,1344,51.8,8.24,632.4,12.80,-0.8,0.0, , 
,14.08,1088,90.0,0.0,10100011,14.36,928,60.4,9.27,734.4,13.76,-0.8,0.0, , 
,15.01,1184,88.5,0.0,10100011,15.34,1312,41.2,6.18,520.2,14.66,-1.6,0.0, , 
,16.00,1536,87.0,0.0,10100011,16.35,1664,53.3,8.24,632.4,15.68,-1.6,0.0, , 
,17.06,2144,87.0,0.0,10100001,17.41,2112,0.0,0.00,377.4,16.71,0.0,1.6, , 
,18.08,960,85.5,0.0,10110111,18.40,1216,34.1,5.15,438.6,17.76,-1.6,1.6, , 
,19.09,1344,84.0,0.0,10100011,19.41,1344,48.6,8.24,591.6,18.75,-1.6,0.0, , 
,20.06,1472,84.0,0.0,10100011,20.41,1568,62.0,9.27,734.4,19.72,-0.8,0.0, , 
,21.07,1728,82.5,0.0,10100011,21.39,1760,40.0,5.15,499.8,20.75,-0.8,1.6, , 
,22.09,1856,82.5,0.0,10100011,22.46,1920,60.4,9.27,693.6,21.72,0.0,1.6, , 
,23.16,2080,82.5,0.0,10100001,23.48,2176,66.3,10.30,734.4,22.82,0.0,1.6, , 
,24.14,2368,82.5,0.0,10100001,24.47,2400,0.0,0.00,438.6,23.82,0.0,1.6, , 
,25.13,1408,82.5,0.0,10110111,25.43,960,25.1,4.12,357.0,24.81,0.0,1.6, , 
,26.09,1696,82.5,0.0,10100011,26.45,1536,28.2,4.12,377.4,25.73,-1.6,0.0, , 
,27.14,1568,82.5,0.0,10100011,27.49,1568,26.7,3.09,357.0,26.80,-1.6,1.6, , 
,28.17,1568,81.0,0.0,10110111,28.54,1504,22.0,3.09,316.2,27.86,-1.6,1.6, , 
,29.20,1504,81.0,0.0,10110111,29.47,1504,22.0,3.09,316.2,28.84,-1.6,1.6, , 
,30.04,1568,81.0,0.0,10100011,30.32,1440,51.8,8.24,612.0,29.74,-1.6,0.0, , 
,31.04,1568,81.0,0.0,10100011,31.40,1632,72.2,11.33,826.2,30.68,-0.8,1.6, , 
,32.11,1696,81.0,0.0,10100011,32.48,1760,73.7,11.33,846.6,31.73,-0.8,1.6, , 
,33.20,1856,81.0,0.0,10100011,33.55,1920,75.3,11.33,867.0,32.84,0.0,1.6, , 
,34.23,2016,81.0,0.0,10100001,34.60,2048,76.9,11.33,867.0,33.89,0.0,1.6, , 
,35.28,2144,81.0,-1.2,10101001,35.62,2208,76.9,11.33,846.6,34.93,0.0,1.6, , 
,36.29,2304,81.0,-2.3,10101001,36.63,2336,73.7,11.33,826.2,35.96,0.0,1.6, , 
,37.33,2432,81.0,-0.4,10101001,37.66,2496,73.7,11.33,795.6,36.97,0.0,1.6, , 
,38.37,2592,81.0,1.2,10101001,38.70,2624,75.3,11.33,826.2,38.03,0.0,1.6, , 
,39.35,2688,81.0,1.2,11101001,39.72,2752,73.7,11.33,826.2,39.03,0.0,1.6, , 
,40.41,2848,81.0,2.0,11101001,40.76,2912,60.4,8.24,693.6,40.08,0.0,1.6, , 
,41.45,2208,81.0,0.0,11111101,41.77,1632,0.0,0.00,295.8,41.10,0.0,1.6, , 
,42.43,1440,81.0,0.0,11101011,42.78,2144,22.0,3.09,316.2,42.09,-2.3,0.0, , 
,43.44,2080,81.0,-4.3,11101001,43.79,2080,51.8,8.24,612.0,43.11,0.0,1.6, , 
,44.48,2080,81.0,0.4,11101001,44.82,2112,57.6,8.24,673.2,44.14,0.0,1.6, , 
,45.52,2144,81.0,2.0,11101001,45.87,2144,56.1,8.24,652.8,45.17,0.0,1.6, , 
,46.53,2176,81.0,3.1,11101001,46.87,2176,63.5,10.30,714.0,46.20,0.0,1.6, , 
,47.57,2208,81.0,1.6,11101001,47.91,2240,65.1,9.27,734.4,47.21,0.0,1.6, , 
,48.61,2272,81.0,2.0,11101001,48.95,2304,65.1,10.30,734.4,48.26,0.0,1.6, , 
,49.61,2336,81.0,1.6,11101001,49.95,2336,69.4,10.30,775.2,49.28,0.0,1.6, , 
,50.69,2400,81.0,0.8,11101001,51.02,2400,69.4,10.30,775.2,50.32,0.0,1.6, , 
,51.71,2432,81.0,1.2,11101001,52.10,2464,73.7,11.33,795.6,51.36,0.0,1.6, , 
,52.79,2496,81.0,0.4,11101001,53.13,2528,72.2,11.33,795.6,52.43,0.0,1.6, , 
,53.79,2560,81.0,0.4,11101001,54.15,2592,71.0,11.33,775.2,53.47,0.0,1.6, , 
,54.83,2624,81.0,0.8,11101001,55.16,2656,71.0,11.33,775.2,54.49,0.0,1.6, , 
,55.81,2688,81.0,1.6,11101001,56.16,2688,69.4,10.30,775.2,55.48,0.0,1.6, , 
,56.87,2752,81.0,3.1,11101001,57.23,2752,67.8,10.30,754.8,56.51,0.0,1.6, , 
,57.92,2304,81.0,0.0,11111101,58.26,1760,0.0,0.00,295.8,57.57,0.0,1.6, , 
,58.88,1056,81.0,0.0,11101011,59.23,1920,32.5,5.15,418.2,58.56,-2.3,0.0, , 
,59.92,2048,81.0,0.0,11101001,60.27,2080,62.0,9.27,693.6,59.58,0.0,1.6, , 
,60.94,2080,81.0,0.8,11101001,61.28,2080,67.8,9.27,754.8,60.61,0.0,1.6, , 
,61.95,2112,81.0,0.8,11101001,62.29,2112,69.4,10.30,775.2,61.61,0.0,1.6, , 
,63.00,2112,81.0,2.3,11101001,63.33,2144,53.3,7.21,612.0,62.65,0.0,1.6, , 
,64.02,2144,81.0,0.0,11101001,64.37,2144,51.8,7.21,591.6,63.69,0.0,1.6, , 
,65.07,2144,81.0,-0.4,11101001,65.40,2144,51.8,7.21,591.6,64.71,0.0,1.6, , 
,66.08,2144,81.0,-0.4,11101001,66.42,2144,51.8,7.21,612.0,65.74,0.0,1.6, , 
,67.07,2144,81.0,0.0,11101001,67.41,2144,38.4,5.15,479.4,66.75,0.0,1.6, , 
,68.09,2112,81.0,-1.6,11101001,68.43,2144,40.0,5.15,479.4,67.74,0.0,1.6, , 
,69.13,2112,81.0,-2.0,11101001,69.49,2112,45.9,6.18,550.8,68.78,0.0,1.6, , 
,70.19,2112,81.0,-0.8,11101001,70.53,2112,45.9,6.18,520.2,69.84,0.0,1.6, , 
,71.22,2112,81.0,1.2,11101001,71.57,2112,44.3,6.18,520.2,70.88,0.0,1.6, , 
,72.29,2112,81.0,1.2,11101001,72.65,2112,44.3,6.18,520.2,71.93,0.0,1.6, , 
,73.34,2112,81.0,1.2,11101001,73.69,2112,44.3,6.18,520.2,72.99,0.0,1.6, , 
,74.41,2112,81.0,1.2,11101001,74.75,2112,45.9,6.18,550.8,74.04,0.0,1.6, , 
,75.41,2112,81.0,2.7,11101001,75.77,2112,45.9,6.18,550.8,75.08,0.0,1.6, , 
,76.46,2112,81.0,1.6,11101001,76.80,2112,45.9,6.18,550.8,76.10,0.0,1.6, , 
,77.49,2112,81.0,2.0,11101001,77.83,2112,45.9,6.18,550.8,77.15,0.0,1.6, , 
,78.54,2112,82.5,1.6,11101001,78.90,2112,45.9,6.18,550.8,78.18,0.0,1.6, , 
,79.62,2112,81.0,2.3,11101001,79.96,2112,45.9,6.18,550.8,79.25,0.0,1.6, , 
,80.67,2112,82.5,1.2,11101001,81.02,2144,45.9,6.18,550.8,80.32,0.0,1.6, , 
,81.71,2144,81.0,0.8,11101001,82.08,2144,44.3,6.18,520.2,81.35,0.0,1.6, , 
,82.79,2176,82.5,0.4,11101001,83.15,2176,44.3,6.18,520.2,82.43,0.0,1.6, , 
,83.83,2176,82.5,0.0,11101001,84.17,2176,17.6,2.06,275.4,83.50,0.0,1.6, , 
,84.84,2208,82.5,-12.5,11101001,85.17,2176,16.1,2.06,244.8,84.51,0.0,1.6, , 
,85.84,2176,82.5,-24.6,11101001,86.17,2176,16.1,1.03,244.8,85.51,0.0,1.6, , 
,86.82,2176,82.5,-28.5,11101001,87.17,2144,16.1,1.03,244.8,86.50,0.0,1.6, , 
,87.87,2144,82.5,-27.3,11101001,88.21,2144,16.1,1.03,244.8,87.53,0.0,1.6, , 
,88.90,2144,82.5,-25.8,11101001,89.24,2144,16.1,1.03,244.8,88.57,0.0,1.6, , 
,89.93,2144,82.5,-25.8,11101001,90.29,2112,16.1,1.03,244.8,89.60,0.0,1.6, , 
,90.98,2112,82.5,-24.6,11101001,91.33,2080,19.2,2.06,275.4,90.62,0.0,1.6, , 
,92.03,2112,82.5,-17.2,11101001,92.39,2080,23.5,3.09,316.2,91.66,0.0,1.6, , 
,93.09,2080,82.5,-9.4,11101001,93.43,2080,38.4,5.15,479.4,92.75,0.0,1.6, , 
,94.12,2048,82.5,0.0,11101001,94.47,2080,57.6,8.24,652.8,93.78,0.0,1.6, , 
,95.15,2080,82.5,-0.4,11101001,95.49,2048,57.6,8.24,673.2,94.80,0.0,1.6, , 
,96.19,2048,82.5,2.3,11101001,96.55,2048,57.6,8.24,673.2,95.84,0.0,1.6, , 
,97.23,2016,82.5,4.7,11101001,97.59,2048,59.2,9.27,673.2,96.89,0.0,1.6, , 
,98.29,2048,82.5,0.0,11101001,98.66,2048,78.4,11.33,867.0,97.94,0.0,1.6, , 
,99.36,2048,82.5,-7.0,11101001,99.72,2048,85.5,12.36,948.6,99.01,0.0,1.6, , 
,100.42,2080,82.5,-10.5,11101001,100.76,2080,85.5,12.36,948.6,100.08,0.0,1.6, , 
,101.46,2112,82.5,-10.5,11101001,101.80,2080,79.6,11.33,887.4,101.12,0.0,1.6, , 
,102.49,2112,82.5,6.3,11101001,102.84,2112,75.3,10.30,846.6,102.15,0.0,1.6, , 
,103.57,2112,82.5,9.4,11101001,103.94,2144,72.2,10.30,795.6,103.21,0.0,1.6, , 
,104.65,2144,82.5,12.9,11101001,105.01,2144,71.0,10.30,775.2,104.29,0.0,1.6, , 
,105.70,2144,82.5,15.6,11101001,106.03,2144,69.4,10.30,775.2,105.35,0.0,1.6, , 
,106.73,2176,82.5,18.0,11101001,107.08,2176,65.1,9.27,734.4,106.38,0.0,1.6, , 
,107.76,2176,82.5,20.3,11101001,108.10,2176,57.6,8.24,652.8,107.42,0.0,1.6, , 
,108.78,2176,82.5,23.0,11101001,109.12,2208,56.1,8.24,652.8,108.44,0.0,1.6, , 
,109.82,2208,82.5,24.2,11101001,110.18,2208,56.1,8.24,652.8,109.48,0.0,1.6, , 
,110.88,2176,82.5,25.0,11101001,111.22,2208,56.1,8.24,632.4,110.52,0.0,1.6, , 
,111.91,2208,82.5,2.3,11101001,112.25,2176,54.5,8.24,632.4,111.57,0.0,1.6, , 
,112.94,2208,82.5,2.3,11101001,113.28,2208,54.5,8.24,632.4,112.60,0.0,1.6, , 
,113.96,2208,82.5,2.0,11101001,114.31,2176,51.8,7.21,612.0,113.61,0.0,1.6, , 
,114.97,2208,82.5,0.0,11101001,115.31,2176,53.3,7.21,612.0,114.64,0.0,1.6, , 
,115.99,2176,82.5,-0.8,11101001,116.34,2176,54.5,7.21,632.4,115.65,0.0,1.6, , 
,117.04,2176,82.5,-0.8,11101001,117.39,2176,54.5,8.24,632.4,116.68,0.0,1.6, , 
,118.06,2176,82.5,-1.2,11101001,118.40,2176,54.5,8.24,632.4,117.73,0.0,1.6, , 
,119.07,2176,82.5,-0.8,11101001,119.41,2176,54.5,8.24,632.4,118.75,0.0,1.6, , 
,120.08,2176,82.5,-1.6,11101001,120.42,2176,54.5,8.24,632.4,119.75,0.0,1.6, , 
,121.11,2176,82.5,-1.2,11101001,121.44,2176,54.5,7.21,632.4,120.77,0.0,1.6, , 
,122.12,2176,82.5,0.8,11101001,122.46,2176,54.5,8.24,632.4,121.78,0.0,1.6, , 
,123.14,2176,82.5,0.4,11101001,123.47,2176,54.5,7.21,632.4,122.80,0.0,1.6, , 
,124.15,2176,82.5,0.8,11101001,124.49,2176,54.5,8.24,632.4,123.81,0.0,1.6, , 
,125.17,2208,82.5,0.8,11101001,125.52,2208,54.5,7.21,632.4,124.83,0.0,1.6, , 
,126.20,2208,82.5,0.8,11101001,126.53,2208,53.3,7.21,632.4,125.86,0.0,1.6, , 
,127.22,2208,82.5,0.8,11101001,127.56,2208,36.9,4.12,459.0,126.87,0.0,1.6, , 
,128.23,2208,82.5,0.0,11101001,128.57,2208,26.7,3.09,336.6,127.90,0.0,1.6, , 
,129.27,2176,82.5,-5.9,11101001,129.60,2176,20.8,2.06,295.8,128.92,0.0,1.6, , 
,130.30,2144,82.5,0.0,11111101,130.65,2144,0.0,0.00,244.8,129.96,0.0,1.6, , 
,131.34,2112,82.5,0.0,11111101,131.70,2080,0.0,0.00,244.8,131.00,0.0,1.6, , 
,132.41,2048,82.5,0.0,11111101,132.75,2016,0.0,0.00,244.8,132.06,0.0,1.6, , 
,133.45,1984,82.5,0.0,11111101,133.81,1984,0.0,0.00,244.8,133.09,0.0,1.6, , 
,134.51,1952,82.5,0.0,11101011,134.85,1920,16.1,2.06,244.8,134.15,0.0,1.6, , 
,135.58,1888,82.5,0.0,11101011,135.94,1920,28.2,4.12,377.4,135.22,0.0,1.6, , 
,136.67,1888,82.5,0.0,11101011,137.04,1920,59.2,8.24,673.2,136.30,0.0,1.6, , 
,137.77,1920,82.5,1.6,11101011,138.14,1920,60.4,9.27,693.6,137.40,0.0,1.6, , 
,138.88,1952,82.5,3.5,11101011,139.26,1952,67.8,10.30,775.2,138.53,0.0,1.6, , 
,139.98,1952,82.5,0.4,11101011,140.36,1984,73.7,11.33,826.2,139.62,0.0,1.6, , 
,141.06,2016,82.5,-0.4,11101001,141.40,2016,78.4,12.36,887.4,140.70,0.0,1.6, , 
,142.13,2048,82.5,-4.7,11101001,142.47,2080,85.5,12.36,948.6,141.76,0.0,1.6, , 
,143.13,2080,82.5,-9.8,11101001,143.48,2112,87.1,13.39,969.0,142.80,0.0,1.6, , 
,144.19,2144,82.5,-10.9,11101001,144.53,2144,88.6,12.36,969.0,143.84,0.0,1.6, , 
,145.20,2176,82.5,-12.1,11101001,145.53,2208,87.1,12.36,969.0,144.87,0.0,1.6, , 
,146.21,2208,82.5,-11.7,11101001,146.56,2240,87.1,12.36,948.6,145.87,0.0,1.6, , 
,147.23,2272,82.5,-10.9,11101001,147.56,2272,87.1,12.36,948.6,146.89,0.0,1.6, , 
,148.24,2304,82.5,-9.8,11101001,148.58,2304,87.1,13.39,948.6,147.90,0.0,1.6, , 
,149.26,2336,82.5,-9.4,11101001,149.62,2336,87.1,12.36,948.6,148.93,0.0,1.6, , 
,150.27,2368,82.5,0.0,11101001,150.59,2368,72.2,10.30,795.6,149.95,0.0,1.6, , 
,151.22,2368,82.5,0.0,11101001,151.54,2400,66.3,10.30,734.4,150.91,0.0,1.6, , 
,152.21,2400,82.5,0.0,11101001,152.56,2400,54.5,8.24,632.4,151.87,0.0,1.6, , 
,153.23,2400,82.5,1.2,11101001,153.56,2400,54.5,8.24,612.0,152.90,0.0,1.6, , 
,154.27,2400,82.5,2.3,11101001,154.61,2400,38.4,5.15,479.4,153.92,0.0,1.6, , 
,155.28,2368,82.5,-0.4,11101001,155.61,2368,32.5,4.12,397.8,154.97,0.0,1.6, , 
,156.27,2368,82.5,-0.8,11101001,156.64,2368,35.3,5.15,438.6,155.94,0.0,1.6, , 
,157.28,2336,82.5,-1.2,11101001,157.63,2336,42.7,6.18,499.8,156.96,0.0,1.6, , 
,158.30,2336,82.5,0.0,11101001,158.63,2336,45.9,6.18,550.8,157.97,0.0,1.6, , 
,159.28,2336,82.5,3.5,11101001,159.63,2336,45.9,6.18,520.2,158.95,0.0,1.6, , 
,160.29,2336,82.5,5.9,11101001,160.62,2336,45.9,7.21,550.8,159.97,0.0,1.6, , 
,161.31,2336,84.0,4.7,11101001,161.65,2336,44.3,6.18,520.2,160.96,0.0,1.6, , 
,162.35,2336,84.0,4.7,11101001,162.69,2336,44.3,6.18,520.2,162.03,0.0,1.6, , 
,163.34,2368,84.0,4.3,11101001,163.69,2368,44.3,6.18,520.2,163.01,0.0,1.6, , 
,164.38,2368,82.5,4.3,11101001,164.74,2368,44.3,6.18,520.2,164.02,0.0,1.6, , 
,165.39,2400,84.0,4.3,11101001,165.76,2400,44.3,6.18,520.2,165.07,0.0,1.6, , 
,166.46,2400,84.0,3.5,11101001,166.83,2400,44.3,6.18,520.2,166.09,0.0,1.6, , 
,167.55,2400,84.0,3.1,11101001,167.90,2432,42.7,6.18,499.8,167.17,0.0,1.6, , 
,168.62,2432,84.0,3.1,11101001,169.01,2432,42.7,6.18,499.8,168.24,0.0,1.6, , 
,169.74,2432,82.5,-0.4,11101001,170.07,2432,31.0,4.12,377.4,169.38,0.0,1.6, , 
,170.76,2432,84.0,-1.6,11101001,171.13,2432,25.1,3.09,336.6,170.42,0.0,1.6, , 
,171.86,2432,84.0,-5.9,11101001,172.20,2400,22.0,3.09,295.8,171.50,0.0,1.6, , 
,172.86,2400,84.0,-5.5,11101001,173.20,2400,35.3,4.12,438.6,172.53,0.0,1.6, , 
,173.93,2400,84.0,-4.7,11101001,174.28,2400,35.3,5.15,438.6,173.58,0.0,1.6, , 
,174.98,2400,84.0,-2.7,11101001,175.34,2400,35.3,5.15,438.6,174.64,0.0,1.6, , 
,176.03,2432,84.0,0.0,11101001,176.38,2432,35.3,5.15,438.6,175.67,0.0,1.6, , 
,177.10,2432,84.0,-0.8,11101001,177.47,2432,35.3,5.15,418.2,176.75,0.0,1.6, , 
,178.12,2432,84.0,-0.4,11101001,178.49,2400,35.3,5.15,438.6,177.80,0.0,1.6, , 
,179.19,2400,84.0,0.0,11101001,179.56,2400,40.0,5.15,459.0,178.86,0.0,1.6, , 
,180.24,2368,84.0,0.0,11101001,180.59,2368,40.0,5.15,479.4,179.88,0.0,1.6, , 
,181.26,2336,84.0,1.6,11101001,181.62,2336,40.0,5.15,479.4,180.93,0.0,1.6, , 
,182.30,2336,84.0,1.2,11101001,182.65,2336,41.2,5.15,479.4,181.96,0.0,1.6, , 
,183.32,2304,84.0,0.4,11101001,183.65,2304,41.2,6.18,499.8,182.98,0.0,1.6, , 
,184.34,2304,84.0,0.8,11101001,184.68,2304,42.7,6.18,499.8,183.99,0.0,1.6, , 
,185.34,2304,84.0,2.3,11101001,185.68,2304,51.8,7.21,591.6,185.01,0.0,1.6, , 
,186.37,2304,84.0,4.3,11101001,186.69,2272,54.5,8.24,632.4,186.03,0.0,1.6, , 
,187.35,2304,84.0,7.4,11101001,187.67,2304,59.2,9.27,673.2,187.02,0.0,1.6, , 
,188.35,2272,84.0,7.4,11101001,188.71,2272,60.4,9.27,673.2,188.01,0.0,1.6, , 
,189.38,2304,84.0,7.8,11101001,189.73,2272,59.2,9.27,673.2,189.05,0.0,1.6, , 
,190.42,2304,84.0,7.0,11101001,190.77,2272,60.4,9.27,673.2,190.07,0.0,1.6, , 
,191.45,2272,84.0,7.0,11101001,191.80,2272,60.4,9.27,673.2,191.11,0.0,1.6, , 
,192.48,2272,84.0,4.3,11101001,192.82,2272,59.2,9.27,673.2,192.14,0.0,1.6, , 
,193.50,2272,84.0,4.3,11101001,193.83,2272,57.6,8.24,652.8,193.16,0.0,1.6, , 
,194.49,2272,82.5,3.1,11101001,194.82,2272,56.1,8.24,632.4,194.15,0.0,1.6, , 
,195.49,2240,84.0,3.5,11101001,195.84,2240,54.5,8.24,632.4,195.16,0.0,1.6, , 
,196.51,2208,84.0,1.2,11101001,196.86,2208,45.9,6.18,550.8,196.19,0.0,1.6, , 
,197.52,2208,84.0,0.8,11101001,197.85,2208,47.1,6.18,550.8,197.18,0.0,1.6, , 
,198.51,2176,84.0,0.0,11101001,198.86,2144,47.1,6.18,571.2,198.19,0.0,1.6, , 
,199.53,2112,84.0,0.0,11101001,199.88,2112,25.1,3.09,336.6,199.19,0.0,1.6, , 
,200.57,2080,84.0,-5.9,11101001,200.93,2048,31.0,4.12,397.8,200.21,0.0,1.6, , 
,201.62,2048,84.0,-5.5,11101001,201.99,2016,44.3,5.15,520.2,201.28,0.0,1.6, , 
,202.70,2016,84.0,-3.9,11101001,203.05,2016,47.1,6.18,571.2,202.34,0.0,1.6, , 
,203.75,2016,84.0,1.2,11101001,204.09,1984,32.5,4.12,418.2,203.41,0.0,1.6, , 
,204.78,1984,84.0,-2.3,11101011,205.13,1952,19.2,2.06,275.4,204.44,0.0,1.6, , 
,205.85,1952,84.0,-11.3,11101011,206.22,1952,17.6,2.06,275.4,205.48,0.0,1.6, , 
,206.93,1920,84.0,0.0,11111111,207.28,1888,0.0,0.00,275.4,206.58,0.0,1.6, , 
,207.95,1856,84.0,0.0,11111111,208.31,1856,0.0,0.00,295.8,207.60,0.0,1.6, , 
,208.97,1792,84.0,0.0,11111111,209.31,1760,0.0,0.00,316.2,208.64,0.0,1.6, , 
,209.97,1728,84.0,0.0,11111111,210.33,1696,0.0,0.00,316.2,209.65,-1.6,1.6, , 
,211.02,1664,84.0,0.0,11111111,211.34,1632,0.0,0.00,316.2,210.68,-1.6,1.6, , 
,212.01,1568,84.0,0.0,11111111,212.36,1536,0.0,0.00,316.2,211.69,-1.6,1.6, , 
,213.00,1504,84.0,0.0,11111111,213.36,1504,0.0,0.00,316.2,212.73,-1.6,1.6, , 
,213.92,1472,84.0,0.0,11111111,214.26,1440,0.0,0.00,336.6,213.65,-1.6,0.0, , 
,214.96,1440,84.0,0.0,11111111,215.30,1408,0.0,0.00,336.6,214.60,-1.6,0.0, , 
,215.96,1376,84.0,0.0,11111111,216.28,1376,0.0,0.00,336.6,215.62,-1.6,0.0, , 
,216.94,1344,84.0,0.0,11111111,217.26,1344,0.0,0.00,336.6,216.61,-1.6,0.0, , 
,217.89,1312,84.0,0.0,11111111,218.22,1312,0.0,0.00,336.6,217.58,-1.6,0.0, , 
,218.85,1152,84.0,0.0,11111111,219.15,1024,25.1,3.09,357.0,218.54,-1.6,0.0, , 
,219.71,960,84.0,0.0,11111111,220.02,928,26.7,4.12,377.4,219.42,-2.3,0.0, , 
,220.61,928,84.0,0.0,11111111,220.92,896,26.7,3.09,377.4,220.31,-2.3,0.0, , 
,221.54,928,84.0,0.4,11111111,221.85,1056,25.1,3.09,357.0,221.24,-2.3,0.0, , 
,222.51,1472,84.0,2.3,11111111,222.88,1504,23.5,3.09,336.6,222.15,-2.3,0.0, , 
,223.56,1472,84.0,4.3,11101011,223.87,1440,22.0,3.09,336.6,223.16,-1.6,0.0, , 
,224.53,1440,84.0,3.5,11111111,224.89,1408,23.5,3.09,336.6,224.22,-1.6,0.0, , 
,225.58,1376,84.0,3.9,11111111,225.91,1376,23.5,3.09,336.6,225.24,-1.6,0.0, , 
,226.56,1408,84.0,3.5,11101011,226.92,1376,34.1,5.15,438.6,226.23,-1.6,0.0, , 
,227.59,1376,84.0,0.0,11101011,227.94,1408,60.4,9.27,714.0,227.27,-0.8,0.0, , 
,228.63,1440,82.5,0.4,11101011,229.01,1440,50.2,7.21,612.0,228.28,-0.8,0.0, , 
,229.93,1504,82.5,0.0,11101011,230.21,1504,29.4,4.12,397.8,229.47,-0.8,0.0, , 
,231.04,1472,82.5,0.0,11101011,231.34,1504,28.2,4.12,377.4,230.60,-1.6,1.6, , 
,231.87,1472,82.5,-1.2,11101011,232.14,1472,28.2,4.12,377.4,231.61,-1.6,1.6, , 
,232.67,1472,82.5,0.0,11101011,232.95,1472,29.4,4.12,377.4,232.40,-1.6,1.6, , 
,233.48,1472,82.5,0.0,11101011,233.76,1472,25.1,3.09,357.0,233.22,-1.6,0.0, , 
,234.52,1472,82.5,-1.2,11101011,234.93,1472,26.7,3.09,357.0,234.22,-1.6,0.0, , 
,235.60,1440,82.5,0.0,11101011,235.97,1440,26.7,3.09,377.4,235.21,-1.6,0.0, , 
,236.66,1440,82.5,1.2,11101011,236.99,1440,26.7,3.09,377.4,236.32,-1.6,0.0, , 
,237.69,1440,82.5,0.8,11101011,238.03,1440,26.7,3.09,377.4,237.34,-1.6,0.0, , 
,238.71,1440,82.5,1.6,11101011,239.06,1408,23.5,3.09,336.6,238.38,-1.6,0.0, , 
,239.79,1408,82.5,-0.8,11101011,240.15,1408,23.5,3.09,336.6,239.43,-1.6,0.0, , 
,240.85,1408,82.5,-0.8,11101011,241.20,1376,23.5,3.09,336.6,240.52,-1.6,0.0, , 
,241.90,1376,82.5,0.0,11101011,242.25,1376,26.7,3.09,357.0,241.54,-1.6,0.0, , 
,242.95,1376,82.5,2.0,11101011,243.32,1376,26.7,3.09,377.4,242.57,-1.6,0.0, , 
,243.98,1408,82.5,5.1,11101011,244.32,1408,34.1,5.15,438.6,243.66,-1.6,0.0, , 
,245.05,1408,82.5,7.8,11101011,245.39,1408,34.1,5.15,438.6,244.69,-1.6,0.0, , 
,246.04,1440,82.5,7.4,11101011,246.43,1440,35.3,5.15,459.0,245.72,-1.6,0.0, , 
,247.22,1504,82.5,8.6,11101011,247.63,1504,36.9,5.15,459.0,246.76,-1.6,0.0, , 
,248.29,1536,82.5,5.9,11101011,248.67,1504,35.3,5.15,459.0,247.91,-1.6,1.6, , 
,249.42,1536,82.5,4.7,11101011,249.80,1568,34.1,5.15,438.6,249.06,-1.6,1.6, , 
,250.52,1568,82.5,5.1,11101011,250.89,1600,34.1,5.15,438.6,250.14,-1.6,1.6, , 
,251.58,1600,82.5,5.1,11101011,251.93,1600,34.1,5.15,438.6,251.23,-1.6,1.6, , 
,252.63,1632,82.5,4.3,11101011,253.02,1632,32.5,4.12,418.2,252.30,-1.6,1.6, , 
,253.82,1632,82.5,3.1,11101011,254.18,1632,32.5,4.12,418.2,253.42,-1.6,1.6, , 
,254.92,1664,82.5,3.5,11101011,255.29,1664,32.5,4.12,418.2,254.56,-1.6,1.6, , 
,256.01,1664,82.5,2.7,11101011,256.37,1664,23.5,3.09,336.6,255.65,-1.6,1.6, , 
,257.08,1632,82.5,0.0,11101011,257.43,1632,25.1,3.09,357.0,256.73,-1.6,1.6, , 
,258.11,1632,82.5,0.0,11101011,258.46,1632,23.5,3.09,336.6,257.77,-1.6,1.6, , 
,259.16,1600,82.5,-1.6,11101011,259.49,1600,22.0,3.09,316.2,258.81,-1.6,1.6, , 
,260.18,1600,82.5,-2.7,11101011,260.54,1568,26.7,3.09,357.0,259.83,-1.6,1.6, , 
,261.31,1568,82.5,-0.8,11101011,261.66,1568,35.3,5.15,438.6,260.93,-1.6,1.6, , 
,262.32,1568,82.5,2.3,11101011,262.67,1600,38.4,5.15,479.4,261.98,-1.6,1.6, , 
,263.37,1600,82.5,4.7,11101011,263.73,1600,38.4,5.15,479.4,263.03,-0.8,1.6, , 
,264.48,1632,82.5,3.9,11101011,264.84,1600,38.4,5.15,479.4,264.11,-0.8,1.6, , 
,265.56,1632,82.5,4.7,11101011,265.90,1600,38.4,5.15,479.4,265.20,-1.6,1.6, , 
,266.61,1600,82.5,4.7,11101011,266.94,1600,38.4,5.15,479.4,266.25,-1.6,1.6, , 
,267.66,1600,82.5,4.3,11101011,268.01,1632,38.4,5.15,479.4,267.29,-1.6,1.6, , 
,268.73,1600,82.5,4.3,11101011,269.09,1600,38.4,5.15,479.4,268.37,-1.6,1.6, , 
,269.81,1632,82.5,3.5,11101011,270.16,1600,38.4,5.15,479.4,269.44,-1.6,1.6, , 
,270.90,1600,82.5,2.7,11101011,271.27,1600,38.4,5.15,479.4,270.53,-1.6,1.6, , 
,271.97,1568,82.5,2.7,11101011,272.31,1600,38.4,5.15,479.4,271.60,-0.8,1.6, , 
,273.06,1600,82.5,2.7,11101011,273.42,1600,38.4,5.15,479.4,272.68,-0.8,1.6, , 
,274.09,1568,82.5,2.3,11101011,274.44,1600,28.2,4.12,377.4,273.75,-1.6,1.6, , 
,275.15,1568,82.5,0.8,11101011,275.49,1568,28.2,4.12,377.4,274.79,-1.6,1.6, , 
,276.18,1536,82.5,-0.8,11101011,276.55,1536,29.4,4.12,397.8,275.84,-1.6,1.6, , 
,277.24,1536,82.5,-3.1,11101011,277.61,1536,29.4,4.12,397.8,276.89,-1.6,1.6, , 
,278.38,1536,82.5,-3.9,11101011,278.73,1504,29.4,4.12,397.8,277.98,-1.6,1.6, , 
,279.46,1504,82.5,-4.3,11101011,279.81,1504,29.4,4.12,397.8,279.04,-1.6,1.6, , 
,280.58,1536,82.5,-1.6,11101011,280.88,1504,29.4,4.12,397.8,280.17,-1.6,1.6, , 
,281.67,1504,82.5,-2.0,11101011,281.94,1504,29.4,4.12,397.8,281.21,-1.6,1.6, , 
,282.68,1504,82.5,0.0,11101011,283.08,1504,29.4,4.12,397.8,282.22,-1.6,1.6, , 
,283.65,1504,82.5,0.8,11101011,284.09,1504,32.5,4.12,418.2,283.35,-1.6,1.6, , 
,284.76,1504,82.5,4.7,11101011,285.08,1504,36.9,5.15,459.0,284.40,-1.6,1.6, , 
,285.83,1504,82.5,7.0,11101011,286.18,1536,36.9,5.15,479.4,285.46,-1.6,1.6, , 
,286.87,1536,82.5,7.8,11101011,287.24,1568,34.1,5.15,438.6,286.53,-1.6,1.6, , 
,287.91,1568,82.5,6.6,11101011,288.25,1568,29.4,4.12,397.8,287.58,-1.6,1.6, , 
,288.96,1568,82.5,3.5,11111111,289.30,1568,22.0,3.09,316.2,288.60,-1.6,1.6, , 
,289.98,1600,82.5,-0.4,11111111,290.34,1568,22.0,3.09,316.2,289.62,-1.6,1.6, , 
,291.06,1536,82.5,-0.8,11111111,291.40,1568,22.0,3.09,316.2,290.71,-1.6,1.6, , 
,292.04,1536,82.5,-0.8,11111111,292.43,1504,22.0,3.09,336.6,291.72,-1.6,1.6, , 
,293.22,1536,82.5,-1.2,11101011,293.57,1504,22.0,3.09,316.2,292.81,-1.6,1.6, , 
,294.23,1536,82.5,-2.7,11101011,294.59,1536,22.0,3.09,316.2,293.86,-1.6,1.6, , 
,295.32,1536,82.5,-3.1,11101011,295.65,1536,22.0,3.09,316.2,294.96,-1.6,1.6, , 
,296.33,1536,82.5,-3.5,11101011,296.67,1536,22.0,3.09,316.2,296.00,-1.6,1.6, , 
,297.39,1536,82.5,-2.0,11111111,297.71,1536,22.0,3.09,316.2,296.99,-1.6,1.6, , 
,298.42,1504,82.5,0.4,11111111,298.76,1536,22.0,3.09,316.2,298.08,-1.6,1.6, , 
,299.45,1536,82.5,1.6,11111111,299.79,1536,22.0,3.09,316.2,299.10,-1.6,1.6, , 
,300.49,1536,82.5,2.0,11111111,300.81,1536,22.0,3.09,316.2,300.12,-1.6,1.6, , 
,301.49,1536,81.0,2.0,11111111,301.85,1568,22.0,3.09,316.2,301.16,-1.6,1.6, , 
,302.55,1568,82.5,1.2,11111111,302.89,1568,22.0,3.09,316.2,302.21,-1.6,1.6, , 
,303.57,1568,82.5,2.0,11111111,303.92,1568,22.0,3.09,316.2,303.23,-1.6,1.6, , 
,304.61,1600,82.5,1.6,11111111,304.98,1600,22.0,3.09,316.2,304.28,-1.6,1.6, , 
,305.68,1600,82.5,2.0,11111111,306.02,1632,22.0,3.09,316.2,305.34,-1.6,1.6, , 
,306.72,1632,82.5,3.5,11111111,307.06,1632,22.0,3.09,316.2,306.38,-1.6,1.6, , 
,307.75,1632,82.5,4.3,11111111,308.07,1632,22.0,3.09,316.2,307.40,-1.6,1.6, , 
,308.81,1632,82.5,3.5,11111111,309.16,1632,22.0,3.09,316.2,308.45,-1.6,1.6, , 
,309.84,1632,82.5,3.9,11111111,310.16,1632,22.0,3.09,316.2,309.52,-1.6,1.6, , 
,310.87,1632,82.5,3.9,11111111,311.22,1632,22.0,3.09,316.2,310.50,-1.6,1.6, , 
,311.91,1632,82.5,3.5,11111111,312.27,1632,22.0,3.09,316.2,311.56,-1.6,1.6, , 
,313.03,1664,82.5,3.9,11111111,313.37,1664,0.0,0.00,316.2,312.65,-1.6,1.6, , 
,314.06,1664,82.5,0.0,11111111,314.41,1664,0.0,0.00,316.2,313.71,-1.6,1.6, , 
,315.11,1664,82.5,0.0,11111111,315.43,1664,0.0,0.00,316.2,314.73,-1.6,1.6, , 
,316.14,1664,82.5,0.0,11111111,316.50,1696,20.8,3.09,295.8,315.80,-1.6,1.6, , 
,317.18,1696,82.5,0.0,11101011,317.53,1696,20.8,3.09,295.8,316.82,-1.6,1.6, , 
,318.25,1728,82.5,-3.1,11101011,318.59,1728,22.0,3.09,316.2,317.89,-1.6,1.6, , 
,319.30,1760,82.5,-0.8,11111111,319.64,1760,0.0,0.00,316.2,318.95,-1.6,1.6, , 
,320.30,1760,82.5,0.0,11111111,320.64,1760,0.0,0.00,316.2,319.98,-1.6,1.6, , 
,321.36,1760,82.5,0.0,11111111,321.71,1760,0.0,0.00,316.2,320.99,-1.6,1.6, , 
,322.42,1760,82.5,0.0,11111111,322.76,1760,0.0,0.00,316.2,322.07,-1.6,1.6, , 
,323.45,1760,82.5,0.0,11111111,323.82,1760,0.0,0.00,316.2,323.10,-1.6,1.6, , 
,324.52,1760,82.5,0.0,10111111,324.86,1760,0.0,0.00,316.2,324.17,-1.6,1.6, , 
,325.55,1760,82.5,0.0,10111111,325.88,1760,0.0,0.00,316.2,325.20,-1.6,1.6, , 
,326.57,1760,82.5,0.0,10111111,326.92,1760,0.0,0.00,316.2,326.23,-1.6,1.6, , 
,327.62,1760,81.0,0.0,10111111,327.97,1760,0.0,0.00,316.2,327.28,0.0,1.6, , 
,328.66,1760,81.0,0.0,10111111,329.01,1728,0.0,0.00,316.2,328.31,-1.6,1.6, , 
,329.72,1696,81.0,0.0,10111111,330.07,1664,0.0,0.00,316.2,329.37,-1.6,1.6, , 
,330.73,1664,81.0,0.0,10111111,331.06,1632,0.0,0.00,316.2,330.41,-1.6,1.6, , 
,331.73,1600,81.0,0.0,10111111,332.08,1600,0.0,0.00,316.2,331.38,-1.6,1.6, , 
,332.77,1568,81.0,0.0,10111111,333.10,1568,0.0,0.00,316.2,332.42,-1.6,1.6, , 
,333.73,1568,81.0,0.0,10111111,334.06,1568,0.0,0.00,316.2,333.42,-1.6,1.6, , 
,334.73,1600,81.0,0.0,10111111,335.09,1600,0.0,0.00,316.2,334.40,-1.6,1.6, , 
,335.78,1632,81.0,0.0,10111111,336.11,1632,0.0,0.00,316.2,335.44,-1.6,1.6, , 
,336.82,1664,81.0,0.0,10111111,337.14,1664,0.0,0.00,316.2,336.48,-1.6,1.6, , 
,337.81,1696,81.0,0.0,10111111,338.14,1664,0.0,0.00,316.2,337.48,-1.6,1.6, , 
,338.80,1632,81.0,0.0,10111111,339.11,1632,0.0,0.00,316.2,338.47,-1.6,1.6, , 
,339.78,1600,81.0,0.0,10111111,340.11,1568,0.0,0.00,316.2,339.45,-1.6,1.6, , 
,340.78,1536,81.0,0.0,10111111,341.09,1536,0.0,0.00,316.2,340.45,-1.6,1.6, , 
,341.82,1504,81.0,0.0,10111111,342.10,1504,0.0,0.00,316.2,341.40,-1.6,1.6, , 
,342.64,1472,81.0,0.0,10111111,342.98,1472,0.0,0.00,336.6,342.38,-1.6,1.6, , 
,343.56,1440,81.0,0.0,10111111,343.91,1440,0.0,0.00,336.6,343.27,-1.6,0.0, , 
,344.53,1440,81.0,0.0,10111111,344.87,1440,0.0,0.00,336.6,344.22,-1.6,0.0, , 
,345.53,1408,81.0,0.0,10111111,345.87,1408,0.0,0.00,336.6,345.20,-1.6,0.0, , 
,346.50,1408,79.5,0.0,10111111,346.86,1408,0.0,0.00,336.6,346.17,-1.6,0.0, , 
,347.54,1408,79.5,0.0,10111111,347.90,1408,0.0,0.00,336.6,347.20,-1.6,0.0, , 
,348.57,1376,79.5,0.0,10111111,348.91,1376,0.0,0.00,336.6,348.25,-1.6,0.0, , 
,349.56,1376,79.5,0.0,10111111,349.89,1376,0.0,0.00,336.6,349.24,-1.6,0.0, , 
,350.58,1344,79.5,0.0,10111111,350.93,1408,20.8,3.09,316.2,350.23,-1.6,0.0, , 
,351.60,1376,79.5,0.0,10101011,351.93,1376,23.5,3.09,336.6,351.26,-1.6,0.0, , 
,352.61,1376,79.5,0.0,10111111,352.92,1376,23.5,3.09,336.6,352.27,-1.6,0.0, , 
,353.62,1376,79.5,2.3,10111111,353.96,1408,25.1,3.09,336.6,353.28,-1.6,0.0, , 
,354.64,1376,79.5,3.1,10101011,354.99,1408,35.3,5.15,459.0,354.30,-1.6,0.0, , 
,355.77,1472,79.5,6.3,10101011,356.09,1472,34.1,5.15,438.6,355.36,-1.6,0.0, , 
,356.83,1504,79.5,7.8,10101011,357.20,1536,34.1,5.15,438.6,356.40,-1.6,0.0, , 
,357.95,1568,79.5,7.0,10101010,358.32,1568,29.4,4.12,397.8,357.56,-1.6,1.6, , 
,359.04,1568,79.5,4.7,10101010,359.40,1600,22.0,3.09,316.2,358.68,-1.6,1.6, , 
,360.18,1600,79.5,2.0,10101010,360.57,1600,22.0,3.09,316.2,359.79,-1.6,1.6, , 
,361.25,1600,79.5,0.8,10101010,361.59,1632,22.0,3.09,316.2,360.91,-1.6,1.6, , 
,362.30,1632,79.5,1.2,10101010,362.65,1632,22.0,3.09,316.2,361.94,-1.6,1.6, , 
,363.37,1632,79.5,2.0,10101010,363.72,1664,22.0,3.09,316.2,363.01,-1.6,1.6, , 
,364.39,1664,79.5,1.6,10101010,364.76,1664,22.0,3.09,316.2,364.04,-1.6,1.6, , 
,365.47,1664,79.5,1.2,10101010,365.81,1664,22.0,3.09,316.2,365.11,-1.6,1.6, , 
,366.54,1664,79.5,2.0,10101010,366.92,1664,22.0,3.09,316.2,366.18,-1.6,1.6, , 
,367.62,1664,79.5,0.4,10101010,367.97,1664,22.0,3.09,316.2,367.27,-1.6,1.6, , 
,368.64,1664,79.5,-0.4,10101011,369.01,1664,22.0,3.09,316.2,368.30,-1.6,1.6, , 
,369.68,1664,79.5,-0.8,10101011,370.08,1664,22.0,3.09,316.2,369.35,-1.6,1.6, , 
,370.75,1664,79.5,-1.2,10101010,371.12,1664,22.0,3.09,316.2,370.41,-1.6,1.6, , 
,371.83,1664,79.5,-0.4,10101010,372.19,1664,22.0,3.09,316.2,371.46,-1.6,1.6, , 
,372.89,1664,79.5,-0.4,10101011,373.23,1664,22.0,3.09,316.2,372.55,-1.6,1.6, , 
,373.92,1664,79.5,-0.4,10101010,374.25,1664,22.0,3.09,316.2,373.56,-1.6,1.6, , 
,374.97,1664,79.5,-0.8,10101011,375.35,1632,22.0,3.09,316.2,374.62,-1.6,1.6, , 
,376.05,1632,79.5,-0.4,10111111,376.42,1600,22.0,3.09,316.2,375.71,-1.6,1.6, , 
,377.13,1600,79.5,-0.8,10111111,377.45,1600,22.0,3.09,316.2,376.79,-1.6,1.6, , 
,378.12,1568,79.5,2.0,10111111,378.47,1536,22.0,3.09,316.2,377.80,-1.6,1.6, , 
,379.25,1472,79.5,2.7,10111111,379.69,1472,22.0,3.09,336.6,378.87,-1.6,1.6, , 
,380.31,1472,79.5,3.9,10111111,380.66,1440,23.5,3.09,336.6,379.95,-1.6,0.0, , 
,381.34,1408,79.5,5.1,10111111,381.66,1408,23.5,3.09,336.6,380.99,-1.6,0.0, , 
,382.33,1408,79.5,3.5,10111111,382.65,1408,23.5,3.09,336.6,381.98,-1.6,0.0, , 
,383.32,1408,79.5,3.5,10111111,383.67,1376,23.5,3.09,336.6,383.00,-1.6,0.0, , 
,384.34,1376,79.5,3.1,10111111,384.64,1216,23.5,3.09,336.6,384.01,-1.6,0.0, , 
,385.27,1024,79.5,2.7,10111111,385.53,992,25.1,3.09,357.0,384.95,-2.3,0.0, , 
,386.11,928,79.5,1.2,10111111,386.42,928,26.7,3.09,377.4,385.82,-2.3,0.0, , 
,387.06,960,79.5,1.6,10111111,387.37,960,25.1,3.09,377.4,386.76,-2.3,0.0, , 
,388.00,896,79.5,0.8,10111111,388.33,896,26.7,3.09,397.8,387.69,-2.3,0.0, , 
,388.95,896,79.5,0.4,10111111,389.23,960,26.7,3.09,377.4,388.65,-2.3,0.0, , 
,389.88,1120,79.5,0.0,10111111,390.18,1152,20.8,3.09,316.2,389.56,-2.3,0.0, , 
,390.82,1088,81.0,1.6,10101011,391.16,1120,26.7,3.09,377.4,390.51,-2.3,0.0, , 
,391.80,1056,79.5,-0.4,10111111,392.13,1088,25.1,3.09,357.0,391.49,-2.3,0.0, , 
,392.77,1056,79.5,-1.2,10111111,393.08,1024,25.1,3.09,357.0,392.42,-2.3,0.0, , 
,393.66,1024,79.5,-1.6,10101011,393.98,1024,36.9,5.15,479.4,393.38,-2.3,0.0, , 
,394.60,1088,81.0,0.0,10101011,394.91,1184,51.8,8.24,632.4,394.30,-1.6,0.0, , 
,395.54,1312,81.0,0.0,10101011,395.86,1440,66.3,10.30,775.2,395.24,-0.8,0.0, , 
,396.58,1696,79.5,0.0,10101011,396.94,1856,79.6,13.39,887.4,396.21,-0.8,1.6, , 
,397.64,2176,81.0,0.0,10101001,397.97,2336,82.7,12.36,907.8,397.30,0.0,1.6, , 
,398.62,2624,81.0,-5.5,10101001,398.96,2752,71.0,9.27,775.2,398.31,0.0,1.6, , 
,399.66,2176,81.0,0.0,10111101,400.02,1632,0.0,0.00,316.2,399.31,0.0,1.6, , 
,400.70,1312,81.0,0.0,10101011,401.06,1920,19.2,3.09,295.8,400.34,-2.3,0.0, , 
,401.78,2016,81.0,0.0,10101001,402.13,2016,31.0,4.12,397.8,401.42,0.0,1.6, , 
,402.85,2112,81.0,-4.3,10101001,403.18,2144,48.6,6.18,571.2,402.50,0.0,1.6, , 
,403.87,2240,81.0,-4.3,10101001,404.21,2272,45.9,6.18,520.2,403.54,0.0,1.6, , 
,404.93,2368,81.0,-0.8,10101001,405.28,2432,44.3,6.18,520.2,404.56,0.0,1.6, , 
,405.97,2496,81.0,1.6,10101001,406.31,2528,41.2,6.18,479.4,405.63,0.0,1.6, , 
,406.99,2624,81.0,1.2,10101001,407.31,2656,31.0,4.12,397.8,406.65,0.0,1.6, , 
,407.99,2688,81.0,0.0,10101001,408.35,2720,31.0,4.12,397.8,407.64,0.0,1.6, , 
,409.04,2784,81.0,0.4,10101001,409.40,2816,44.3,6.18,499.8,408.70,0.0,1.6, , 
,410.06,2912,79.5,3.9,10101001,410.50,2944,63.5,9.27,693.6,409.74,0.0,1.6, , 
,411.22,3040,79.5,2.0,11101001,411.56,3072,62.0,9.27,693.6,410.85,0.0,1.6, , 
,412.30,3168,79.5,0.8,11101001,412.60,3168,0.0,0.00,520.2,411.93,0.0,1.6, , 
,413.26,2176,81.0,0.0,11101001,413.59,2368,19.2,3.09,275.4,412.92,0.0,1.6, , 
,414.27,2336,79.5,0.0,11101001,414.60,2336,69.4,10.30,775.2,413.93,0.0,1.6, , 
,415.29,2400,81.0,-0.8,11101001,415.63,2432,73.7,11.33,795.6,414.94,0.0,1.6, , 
,416.32,2464,79.5,-0.8,11101001,416.66,2496,72.2,11.33,795.6,415.98,0.0,1.6, , 
,417.36,2560,79.5,-1.2,11101001,417.71,2560,72.2,10.30,795.6,417.03,0.0,1.6, , 
,418.40,2592,79.5,-0.8,11101001,418.74,2624,71.0,10.30,775.2,418.07,0.0,1.6, , 
,419.41,2656,81.0,-0.4,11101001,419.73,2688,71.0,10.30,775.2,419.08,0.0,1.6, , 
,420.44,2720,81.0,-1.2,11101001,420.76,2752,69.4,10.30,754.8,420.07,0.0,1.6, , 
,421.43,2784,81.0,-0.8,11101001,421.79,2784,69.4,10.30,754.8,421.09,0.0,1.6, , 
,422.50,2848,81.0,-0.4,11101001,422.83,2848,67.8,10.30,754.8,422.14,0.0,1.6, , 
,423.47,2880,81.0,1.6,11101001,423.81,2912,73.7,11.33,795.6,423.15,0.0,1.6, , 
,424.54,2624,81.0,0.0,11111101,424.90,2112,0.0,0.00,316.2,424.22,0.0,1.6, , 
,425.57,1088,81.0,0.0,11101011,425.96,1568,29.4,4.12,397.8,425.25,-1.6,1.6, , 
,426.63,2240,81.0,0.0,11101001,426.97,2176,29.4,4.12,377.4,426.30,0.0,1.6, , 
,427.65,2176,81.0,-7.8,11101001,428.00,2176,38.4,4.12,459.0,427.31,0.0,1.6, , 
,428.67,2176,81.0,-6.3,11101001,429.02,2176,36.9,4.12,438.6,428.32,0.0,1.6, , 
,429.69,2176,81.0,0.0,11101001,430.01,2176,57.6,8.24,673.2,429.35,0.0,1.6, , 
,430.69,2176,81.0,1.2,11101001,431.03,2208,60.4,8.24,693.6,430.35,0.0,1.6, , 
,431.72,2208,81.0,4.3,11101001,432.06,2208,60.4,9.27,693.6,431.37,0.0,1.6, , 
,432.74,2208,81.0,7.4,11101001,433.08,2240,59.2,9.27,673.2,432.41,0.0,1.6, , 
,433.74,2240,82.5,7.4,11101001,434.07,2240,59.2,9.27,673.2,433.41,0.0,1.6, , 
,434.77,2272,82.5,7.8,11101001,435.09,2272,59.2,9.27,673.2,434.43,0.0,1.6, , 
,435.77,2272,82.5,7.4,11101001,436.10,2272,59.2,9.27,673.2,435.43,0.0,1.6, , 
,436.78,2272,82.5,4.3,11101001,437.12,2304,59.2,8.24,673.2,436.44,0.0,1.6, , 
,437.79,2304,82.5,3.5,11101001,438.13,2304,54.5,8.24,632.4,437.45,0.0,1.6, , 
,438.80,2304,82.5,2.3,11101001,439.12,2304,54.5,8.24,632.4,438.45,0.0,1.6, , 
,439.83,2336,82.5,3.1,11101001,440.18,2336,54.5,7.21,612.0,439.46,0.0,1.6, , 
,440.84,2336,82.5,2.7,11101001,441.18,2336,53.3,8.24,612.0,440.51,0.0,1.6, , 
,441.85,2336,82.5,3.1,11101001,442.18,2336,54.5,8.24,612.0,441.52,0.0,1.6, , 
,442.82,2336,82.5,5.1,11101001,443.15,2336,53.3,8.24,612.0,442.50,0.0,1.6, , 
,443.82,2336,82.5,4.3,11101001,444.17,2336,53.3,8.24,612.0,443.49,0.0,1.6, , 
,444.85,2336,82.5,3.9,11101001,445.20,2336,53.3,8.24,612.0,444.50,0.0,1.6, , 
,445.87,2368,82.5,5.1,11101001,446.21,2368,51.8,7.21,612.0,445.54,0.0,1.6, , 
,446.91,2368,82.5,0.0,11101001,447.24,2368,36.9,5.15,438.6,446.56,0.0,1.6, , 
,447.92,2336,82.5,-1.2,11101001,448.27,2336,38.4,5.15,459.0,447.58,0.0,1.6, , 
,448.93,2336,82.5,-0.8,11101001,449.28,2336,38.4,5.15,459.0,448.60,0.0,1.6, , 
,449.97,2336,82.5,-1.6,11101001,450.29,2336,40.0,5.15,479.4,449.63,0.0,1.6, , 
,451.00,2336,82.5,-1.6,11101001,451.33,2336,41.2,5.15,479.4,450.65,0.0,1.6, , 
,451.98,2304,82.5,-0.4,11101001,452.32,2304,41.2,5.15,479.4,451.66,0.0,1.6, , 
,453.01,2304,82.5,-0.8,11101001,453.35,2304,45.9,6.18,520.2,452.68,0.0,1.6, , 
,454.02,2304,82.5,2.3,11101001,454.35,2304,56.1,8.24,632.4,453.67,0.0,1.6, , 
,455.05,2336,82.5,0.0,11101001,455.38,2336,73.7,11.33,826.2,454.71,0.0,1.6, , 
,456.04,2336,82.5,-0.8,11101001,456.41,2368,85.5,13.39,928.2,455.70,0.0,1.6, , 
,457.08,2400,82.5,-9.0,11101001,457.43,2400,90.2,13.39,969.0,456.73,0.0,1.6, , 
,458.15,2432,82.5,-11.7,11101001,458.51,2464,90.2,13.39,969.0,457.79,0.0,1.6, , 
,459.23,2496,82.5,-11.3,11101001,459.58,2496,81.2,11.33,887.4,458.87,0.0,1.6, , 
,460.26,2528,82.5,0.0,11101001,460.60,2528,51.8,6.18,591.6,459.92,0.0,1.6, , 
,461.26,2496,82.5,1.2,11101001,461.60,2528,48.6,7.21,571.2,460.94,0.0,1.6, , 
,462.28,2528,82.5,2.3,11101001,462.62,2528,57.6,8.24,652.8,461.92,0.0,1.6, , 
,463.27,2528,82.5,2.0,11101001,463.62,2528,59.2,8.24,652.8,462.96,0.0,1.6, , 
,464.33,2528,82.5,3.5,11101001,464.65,2528,78.4,12.36,846.6,463.99,0.0,1.6, , 
,465.34,2560,82.5,-4.3,11101001,465.68,2592,84.3,12.36,928.2,465.00,0.0,1.6, , 
,466.37,2592,84.0,-7.8,11101001,466.73,2592,71.0,10.30,775.2,466.04,0.0,1.6, , 
,467.39,2624,84.0,0.0,11101001,467.72,2624,53.3,7.21,612.0,467.07,0.0,1.6, , 
,468.37,2624,84.0,1.6,11101001,468.69,2624,53.3,7.21,612.0,468.05,0.0,1.6, , 
,469.35,2624,84.0,2.0,11101001,469.68,2624,53.3,7.21,612.0,469.02,0.0,1.6, , 
,470.34,2624,84.0,2.7,11101001,470.67,2624,51.8,7.21,591.6,470.02,0.0,1.6, , 
,471.33,2624,84.0,2.7,11101001,471.65,2624,51.8,7.21,591.6,471.00,0.0,1.6, , 
,472.32,2624,84.0,3.1,11101001,472.65,2624,53.3,7.21,612.0,471.97,0.0,1.6, , 
,473.31,2624,84.0,2.0,11101001,473.65,2624,53.3,7.21,612.0,472.99,0.0,1.6, , 
,474.31,2624,84.0,2.7,11101001,474.65,2624,53.3,7.21,612.0,473.98,0.0,1.6, , 
,475.30,2624,84.0,3.1,11101001,475.62,2624,53.3,7.21,612.0,474.98,0.0,1.6, , 
,476.29,2624,84.0,2.7,11101001,476.63,2624,53.3,7.21,612.0,475.96,0.0,1.6, , 
,477.30,2624,84.0,2.3,11101001,477.62,2624,51.8,7.21,591.6,476.96,0.0,1.6, , 
,478.29,2624,84.0,2.7,11101001,478.64,2624,51.8,7.21,591.6,477.96,0.0,1.6, , 
,479.29,2624,84.0,2.3,11101001,479.65,2624,53.3,7.21,612.0,478.97,0.0,1.6, , 
,480.32,2624,84.0,3.1,11101001,480.64,2624,53.3,7.21,612.0,479.98,0.0,1.6, , 
,481.34,2656,84.0,2.3,11101001,481.69,2624,51.8,7.21,591.6,481.00,0.0,1.6, , 
,482.38,2624,84.0,3.1,11101001,482.70,2624,53.3,7.21,612.0,482.04,0.0,1.6, , 
,483.39,2624,84.0,3.1,11101001,483.73,2624,53.3,7.21,612.0,483.05,0.0,1.6, , 
,484.41,2624,84.0,2.7,11101001,484.75,2624,53.3,7.21,612.0,484.08,0.0,1.6, , 
,485.44,2624,84.0,2.3,11101001,485.78,2624,53.3,7.21,612.0,485.09,0.0,1.6, , 
,486.46,2624,84.0,3.5,11101001,486.80,2624,53.3,7.21,612.0,486.12,0.0,1.6, , 
,487.49,2624,84.0,3.5,11101001,487.81,2624,53.3,7.21,612.0,487.13,0.0,1.6, , 
,488.49,2624,84.0,2.7,11101001,488.81,2624,53.3,7.21,612.0,488.15,0.0,1.6, , 
,489.48,2624,84.0,3.5,11101001,489.81,2624,53.3,7.21,612.0,489.14,0.0,1.6, , 
,490.48,2624,82.5,3.1,11101001,490.82,2624,53.3,7.21,612.0,490.15,0.0,1.6, , 
,491.49,2624,84.0,2.7,11101001,491.84,2624,51.8,7.21,591.6,491.16,0.0,1.6, , 
,492.50,2624,84.0,3.1,11101001,492.82,2624,51.8,7.21,591.6,492.18,0.0,1.6, , 
,493.48,2624,84.0,3.5,11101001,493.81,2624,51.8,7.21,591.6,493.15,0.0,1.6, , 
,494.49,2624,84.0,3.1,11101001,494.81,2624,51.8,7.21,591.6,494.15,0.0,1.6, , 
,495.46,2624,84.0,3.1,11101001,495.77,2624,51.8,7.21,591.6,495.13,0.0,1.6, , 
,496.43,2624,84.0,2.7,11101001,496.76,2624,51.8,7.21,591.6,496.10,0.0,1.6, , 
,497.45,2592,84.0,1.6,11101001,497.79,2592,51.8,7.21,591.6,497.10,0.0,1.6, , 
,498.49,2592,84.0,-0.4,11101001,498.82,2624,51.8,7.21,591.6,498.14,0.0,1.6, , 
,499.47,2592,84.0,0.8,11101001,499.79,2624,51.8,7.21,591.6,499.14,0.0,1.6, , 
,500.48,2592,84.0,0.0,11111101,500.84,2592,19.2,2.06,275.4,500.14,0.0,1.6, , 
,501.53,2528,84.0,0.0,11111101,501.87,2528,0.0,0.00,244.8,501.18,0.0,1.6, , 
,502.56,2496,84.0,0.0,11111101,502.90,2464,0.0,0.00,244.8,502.21,0.0,1.6, , 
,503.56,2432,84.0,0.0,11111101,503.90,2400,0.0,0.00,244.8,503.23,0.0,1.6, , 
,504.56,2368,84.0,0.0,11111101,504.89,2368,0.0,0.00,244.8,504.23,0.0,1.6, , 
,505.54,2304,84.0,0.0,11111101,505.88,2304,0.0,0.00,244.8,505.22,0.0,1.6, , 
,506.55,2272,84.0,0.0,11111101,506.87,2240,0.0,0.00,244.8,506.22,0.0,1.6, , 
,507.55,2208,84.0,0.0,11111101,507.89,2208,0.0,0.00,244.8,507.21,0.0,1.6, , 
,508.58,2208,84.0,0.0,11101001,508.92,2176,22.0,3.09,316.2,508.24,0.0,1.6, , 
,509.60,2144,84.0,-5.1,11101001,509.95,2144,34.1,4.12,418.2,509.26,0.0,1.6, , 
,510.64,2112,84.0,-3.1,11101001,510.98,2080,45.9,6.18,550.8,510.30,0.0,1.6, , 
,511.68,2080,84.0,-3.1,11101001,512.04,2080,54.5,7.21,632.4,511.33,0.0,1.6, , 
,512.74,2048,84.0,-1.2,11101001,513.07,2016,41.2,5.15,499.8,512.39,0.0,1.6, , 
,513.79,2016,84.0,-1.2,11101001,514.15,1984,38.4,5.15,479.4,513.43,0.0,1.6, , 
,514.89,1952,82.5,-3.1,11101011,515.25,1920,28.2,3.09,377.4,514.51,0.0,1.6, , 
,516.02,1888,84.0,-4.3,11101011,516.40,1856,31.0,4.12,397.8,515.63,0.0,1.6, , 
,517.14,1824,84.0,-1.6,11101011,517.52,1824,44.3,6.18,520.2,516.78,0.0,1.6, , 
,518.26,1824,84.0,2.3,11101011,518.62,1824,60.4,9.27,693.6,517.88,0.0,1.6, , 
,519.37,1856,84.0,5.5,11101011,519.74,1856,57.6,8.24,673.2,518.99,0.0,1.6, , 
,520.47,1856,82.5,8.6,11101011,520.85,1888,50.2,7.21,612.0,520.10,0.0,1.6, , 
,521.57,1888,82.5,0.0,11101011,521.95,1888,34.1,4.12,438.6,521.21,0.0,1.6, , 
,522.67,1920,84.0,0.0,11101011,523.06,1920,32.5,4.12,418.2,522.31,0.0,1.6, , 
,523.80,1952,82.5,-2.0,11101011,524.17,1952,41.2,5.15,499.8,523.42,0.0,1.6, , 
,524.90,1984,82.5,-1.6,11101001,525.25,2016,50.2,6.18,591.6,524.55,0.0,1.6, , 
,525.98,2048,84.0,3.1,11101001,526.32,2080,50.2,7.21,591.6,525.62,0.0,1.6, , 
,527.04,2080,82.5,6.3,11101001,527.40,2112,60.4,8.24,693.6,526.67,0.0,1.6, , 
,528.09,2112,82.5,3.9,11101001,528.44,2144,66.3,10.30,734.4,527.74,0.0,1.6, , 
,529.11,2144,82.5,5.1,11101001,529.44,2176,69.4,10.30,775.2,528.78,0.0,1.6, , 
,530.12,2208,84.0,3.5,11101001,530.48,2208,73.7,11.33,826.2,529.80,0.0,1.6, , 
,531.17,2208,82.5,2.7,11101001,531.51,2240,69.4,10.30,775.2,530.83,0.0,1.6, , 
,532.19,2240,82.5,5.1,11101001,532.51,2240,65.1,9.27,714.0,531.84,0.0,1.6, , 
,533.18,2240,82.5,6.3,11101001,533.53,2272,65.1,9.27,734.4,532.84,0.0,1.6, , 
,534.21,2272,82.5,7.8,11101001,534.57,2272,63.5,9.27,714.0,533.87,0.0,1.6, , 
,535.25,2304,82.5,7.4,11101001,535.59,2304,62.0,9.27,714.0,534.92,0.0,1.6, , 
,536.28,2304,82.5,7.8,11101001,536.61,2304,62.0,9.27,693.6,535.94,0.0,1.6, , 
,537.29,2336,82.5,4.3,11101001,537.64,2336,60.4,9.27,673.2,536.96,0.0,1.6, , 
,538.32,2336,82.5,5.1,11101001,538.67,2336,60.4,9.27,673.2,537.98,0.0,1.6, , 
,539.39,2336,82.5,5.1,11101001,539.75,2336,57.6,8.24,652.8,539.04,0.0,1.6, , 
,540.39,2368,82.5,4.3,11101001,540.73,2368,56.1,8.24,632.4,540.06,0.0,1.6, , 
,541.44,2368,82.5,4.3,11101001,541.77,2368,54.5,8.24,632.4,541.07,0.0,1.6, , 
,542.45,2368,82.5,4.3,11101001,542.79,2368,53.3,7.21,612.0,542.11,0.0,1.6, , 
,543.48,2368,82.5,5.5,11101001,543.86,2368,53.3,8.24,612.0,543.14,0.0,1.6, , 
,544.54,2368,82.5,5.5,11101001,544.90,2368,53.3,8.24,612.0,544.21,0.0,1.6, , 
,545.59,2368,82.5,7.0,11101001,545.95,2368,53.3,8.24,612.0,545.27,0.0,1.6, , 
,546.67,2400,82.5,5.9,11101001,547.02,2368,51.8,8.24,591.6,546.31,0.0,1.6, , 
,547.67,2400,82.5,2.7,11101001,548.01,2400,51.8,7.21,591.6,547.33,0.0,1.6, , 
,548.67,2400,82.5,2.7,11101001,549.07,2400,51.8,7.21,591.6,548.33,0.0,1.6, , 
,549.78,2400,82.5,2.0,11101001,550.14,2400,51.8,7.21,591.6,549.42,0.0,1.6, , 
,550.85,2400,82.5,2.0,11101001,551.19,2400,51.8,7.21,591.6,550.49,0.0,1.6, , 
,551.88,2400,82.5,2.7,11101001,552.25,2400,51.8,8.24,591.6,551.54,0.0,1.6, , 
,552.92,2400,82.5,0.0,11101001,553.25,2400,69.4,10.30,775.2,552.58,0.0,1.6, , 
,553.97,2432,82.5,-0.8,11101001,554.30,2432,69.4,10.30,775.2,553.60,0.0,1.6, , 
,555.02,2432,82.5,0.0,11101001,555.37,2432,67.8,10.30,754.8,554.67,0.0,1.6, , 
,556.09,2464,82.5,0.0,11101001,556.43,2464,65.1,10.30,734.4,555.74,0.0,1.6, , 
,557.17,2464,82.5,0.8,11101001,557.50,2464,65.1,9.27,734.4,556.79,0.0,1.6, , 
,558.22,2496,82.5,0.0,11101001,558.55,2496,65.1,9.27,734.4,557.85,0.0,1.6, , 
,559.24,2496,82.5,0.0,11101001,559.59,2496,57.6,9.27,652.8,558.88,0.0,1.6, , 
,560.28,2496,82.5,2.0,11101001,560.62,2496,56.1,8.24,632.4,559.93,0.0,1.6, , 
,561.34,2496,82.5,3.1,11101001,561.69,2496,56.1,8.24,632.4,560.98,0.0,1.6, , 
,562.35,2496,82.5,2.3,11101001,562.68,2496,56.1,8.24,632.4,562.03,0.0,1.6, , 
,563.37,2496,82.5,2.3,11101001,563.70,2496,56.1,8.24,632.4,563.03,0.0,1.6, , 
,564.37,2528,82.5,2.7,11101001,564.71,2528,56.1,8.24,632.4,564.05,0.0,1.6, , 
,565.41,2528,82.5,2.7,11101001,565.75,2528,56.1,8.24,632.4,565.08,0.0,1.6, , 
,566.47,2528,82.5,2.3,11101001,566.84,2528,56.1,8.24,632.4,566.13,0.0,1.6, , 
,567.51,2528,84.0,2.3,11101001,567.84,2528,56.1,8.24,632.4,567.18,0.0,1.6, , 
,568.53,2528,82.5,3.5,11101001,568.87,2528,56.1,8.24,632.4,568.17,0.0,1.6, , 
,569.54,2528,82.5,2.3,11101001,569.87,2528,56.1,8.24,632.4,569.21,0.0,1.6, , 
,570.57,2528,82.5,1.2,11101001,570.91,2528,50.2,7.21,591.6,570.21,0.0,1.6, , 
,571.61,2528,84.0,0.4,11101001,571.93,2528,51.8,7.21,591.6,571.25,0.0,1.6, , 
,572.62,2528,84.0,0.8,11101001,572.97,2528,50.2,7.21,591.6,572.27,0.0,1.6, , 
,573.65,2528,82.5,0.4,11101001,574.02,2528,50.2,7.21,591.6,573.31,0.0,1.6, , 
,574.75,2528,82.5,0.8,11101001,575.10,2528,51.8,7.21,591.6,574.39,0.0,1.6, , 
,575.82,2528,84.0,0.4,11101001,576.17,2528,50.2,7.21,591.6,575.44,0.0,1.6, , 
,576.87,2528,84.0,0.4,11101001,577.23,2528,50.2,7.21,591.6,576.52,0.0,1.6, , 
,577.94,2528,84.0,0.0,11101001,578.29,2528,51.8,7.21,591.6,577.57,0.0,1.6, , 
,579.00,2528,84.0,1.2,11101001,579.36,2528,51.8,7.21,591.6,578.65,0.0,1.6, , 
,580.06,2528,84.0,0.4,11101001,580.40,2528,51.8,7.21,591.6,579.71,0.0,1.6, , 
,581.10,2528,84.0,0.4,11101001,581.45,2528,51.8,7.21,591.6,580.72,0.0,1.6, , 
,582.15,2528,84.0,0.4,11101001,582.50,2528,51.8,7.21,591.6,581.81,0.0,1.6, , 
,583.21,2496,84.0,0.0,11101001,583.57,2528,51.8,7.21,591.6,582.87,0.0,1.6, , 
,584.24,2528,84.0,-2.0,11101001,584.57,2528,63.5,9.27,693.6,583.90,0.0,1.6, , 
,585.26,2528,84.0,-0.4,11101001,585.58,2528,63.5,9.27,714.0,584.88,0.0,1.6, , 
,586.31,2528,84.0,-0.8,11101001,586.64,2528,62.0,9.27,693.6,585.96,0.0,1.6, , 
,587.32,2528,82.5,0.0,11101001,587.66,2560,62.0,9.27,693.6,586.99,0.0,1.6, , 
,588.35,2560,84.0,-0.4,11101001,588.69,2560,62.0,9.27,693.6,588.00,0.0,1.6, , 
,589.40,2560,84.0,-0.4,11101001,589.72,2560,62.0,9.27,693.6,589.04,0.0,1.6, , 
,590.42,2560,84.0,0.4,11101001,590.76,2592,62.0,9.27,693.6,590.07,0.0,1.6, , 
,591.46,2592,84.0,0.0,11101001,591.78,2592,62.0,9.27,693.6,591.11,0.0,1.6, , 
,592.51,2592,84.0,0.8,11101001,592.85,2592,48.6,7.21,571.2,592.14,0.0,1.6, , 
,593.53,2560,84.0,2.7,11101001,593.87,2560,48.6,7.21,571.2,593.18,0.0,1.6, , 
,594.52,2560,84.0,1.2,11101001,594.88,2560,48.6,7.21,571.2,594.21,0.0,1.6, , 
,595.53,2560,84.0,2.7,11101001,595.89,2560,50.2,7.21,571.2,595.20,0.0,1.6, , 
,596.60,2560,84.0,1.6,11101001,596.95,2560,50.2,7.21,571.2,596.25,0.0,1.6, , 
,597.63,2560,84.0,-0.8,11101001,597.96,2560,50.2,7.21,571.2,597.29,0.0,1.6, , 
,598.65,2560,84.0,-0.4,11101001,598.99,2560,50.2,7.21,591.6,598.31,0.0,1.6, , 
,599.68,2560,84.0,0.4,11101001,600.04,2560,50.2,7.21,591.6,599.32,0.0,1.6, , 
,600.75,2560,84.0,-0.4,11101001,601.10,2560,50.2,7.21,591.6,600.39,0.0,1.6, , 
,601.80,2528,84.0,0.4,11101001,602.14,2528,50.2,7.21,591.6,601.43,0.0,1.6, , 
,602.84,2560,84.0,0.8,11101001,603.19,2560,50.2,7.21,571.2,602.49,0.0,1.6, , 
,603.87,2528,84.0,0.4,11101001,604.23,2560,50.2,7.21,591.6,603.52,0.0,1.6, , 
,604.90,2528,84.0,0.4,11101001,605.23,2560,50.2,7.21,591.6,604.56,0.0,1.6, , 
,605.91,2560,84.0,0.4,11101001,606.25,2560,50.2,7.21,591.6,605.57,0.0,1.6, , 
,606.94,2528,84.0,0.8,11101001,607.27,2560,50.2,7.21,591.6,606.59,0.0,1.6, , 
,607.95,2560,84.0,0.4,11101001,608.30,2528,50.2,7.21,591.6,607.62,0.0,1.6, , 
,608.98,2528,84.0,0.8,11101001,609.31,2528,50.2,7.21,591.6,608.63,0.0,1.6, , 
,609.98,2528,84.0,0.8,11101001,610.32,2528,50.2,7.21,591.6,609.65,0.0,1.6, , 
,611.00,2528,84.0,1.2,11101001,611.37,2528,50.2,7.21,591.6,610.66,0.0,1.6, , 
,612.04,2528,84.0,0.4,11101001,612.39,2528,50.2,7.21,591.6,611.71,0.0,1.6, , 
,613.13,2528,84.0,0.4,11101001,613.46,2528,50.2,7.21,591.6,612.75,0.0,1.6, , 
,614.16,2528,84.0,1.2,11101001,614.49,2528,50.2,7.21,591.6,613.80,0.0,1.6, , 
,615.19,2496,84.0,0.8,11101001,615.51,2496,50.2,7.21,591.6,614.86,0.0,1.6, , 
,616.17,2496,84.0,0.4,11101001,616.49,2496,50.2,7.21,591.6,615.85,0.0,1.6, , 
,617.17,2496,84.0,0.8,11101001,617.54,2496,51.8,7.21,591.6,616.84,0.0,1.6, , 
,618.22,2496,84.0,0.8,11101001,618.58,2496,51.8,7.21,591.6,617.90,0.0,1.6, , 
,619.27,2496,84.0,0.0,11101001,619.62,2496,50.2,7.21,591.6,618.94,0.0,1.6, , 
,620.29,2496,84.0,0.8,11101001,620.62,2496,51.8,7.21,591.6,619.93,0.0,1.6, , 
,621.31,2496,84.0,0.0,11101001,621.66,2496,51.8,7.21,591.6,620.98,0.0,1.6, , 
,622.34,2496,84.0,-0.4,11101001,622.65,2496,51.8,7.21,591.6,622.01,0.0,1.6, , 
,623.32,2496,84.0,0.8,11101001,623.64,2496,47.1,7.21,550.8,622.97,0.0,1.6, , 
,624.36,2496,84.0,2.3,11101001,624.72,2496,45.9,6.18,550.8,624.00,0.0,1.6, , 
,625.39,2496,84.0,3.1,11101001,625.72,2496,47.1,7.21,550.8,625.06,0.0,1.6, , 
,626.43,2496,84.0,1.6,11101001,626.77,2464,45.9,6.18,520.2,626.08,0.0,1.6, , 
,627.47,2464,84.0,0.0,11101001,627.81,2464,28.2,3.09,357.0,627.13,0.0,1.6, , 
,628.50,2432,84.0,-4.3,11101001,628.83,2432,20.8,2.06,295.8,628.15,0.0,1.6, , 
,629.54,2400,84.0,-11.3,11101001,629.89,2400,20.8,2.06,295.8,629.18,0.0,1.6, , 
,630.59,2368,84.0,-14.8,11101001,630.96,2368,20.8,2.06,295.8,630.25,0.0,1.6, , 
,631.62,2304,84.0,0.0,11111101,631.95,2304,0.0,0.00,244.8,631.28,0.0,1.6, , 
,632.60,2272,84.0,0.0,11111101,632.93,2272,0.0,0.00,244.8,632.27,0.0,1.6, , 
,633.58,2240,84.0,0.0,11111101,633.95,2208,0.0,0.00,244.8,633.26,0.0,1.6, , 
,634.62,2176,84.0,0.0,11111101,634.95,2144,0.0,0.00,244.8,634.29,0.0,1.6, , 
,635.61,2112,84.0,0.0,11111101,635.95,2112,0.0,0.00,244.8,635.27,0.0,1.6, , 
,636.64,2080,84.0,0.0,11111101,636.98,2048,0.0,0.00,244.8,636.28,0.0,1.6, , 
,637.66,2016,84.0,0.0,11111101,638.02,1984,0.0,0.00,244.8,637.31,0.0,1.6, , 
,638.74,1952,84.0,0.0,11111111,639.10,1952,0.0,0.00,275.4,638.38,0.0,1.6, , 
,639.75,1920,84.0,0.0,11111111,640.10,1888,0.0,0.00,275.4,639.42,0.0,1.6, , 
,640.80,1856,84.0,0.0,11111111,641.16,1824,0.0,0.00,295.8,640.45,0.0,1.6, , 
,641.87,1792,84.0,0.0,11111111,642.25,1760,20.8,3.09,316.2,641.52,0.0,1.6, , 
,642.95,1760,84.0,0.0,11101011,643.28,1728,20.8,3.09,295.8,642.59,0.0,1.6, , 
,643.95,960,84.0,0.0,11111111,644.27,1056,29.4,4.12,397.8,643.63,-1.6,0.0, , 
,644.90,1152,82.5,0.0,11101011,645.26,1504,25.1,3.09,357.0,644.58,-2.3,0.0, , 
,645.93,2080,82.5,-3.5,11101001,646.27,2080,16.1,2.06,244.8,645.59,0.0,1.6, , 
,646.97,2080,82.5,-11.7,11101001,647.32,2080,20.8,2.06,295.8,646.63,0.0,1.6, , 
,648.03,2016,82.5,-10.2,11101001,648.37,2016,25.1,3.09,336.6,647.67,0.0,1.6, , 
,649.10,1984,82.5,-10.5,11101011,649.46,1952,25.1,3.09,357.0,648.72,0.0,1.6, , 
,650.17,1952,82.5,-9.4,11101011,650.52,1920,28.2,3.09,377.4,649.81,0.0,1.6, , 
,651.27,1920,82.5,-8.2,11101011,651.64,1920,45.9,6.18,550.8,650.89,0.0,1.6, , 
,652.40,1920,82.5,-2.3,11101011,652.76,1888,45.9,6.18,550.8,652.02,0.0,1.6, , 
,653.54,1856,82.5,1.2,11101011,653.91,1856,23.5,3.09,336.6,653.14,0.0,1.6, , 
,654.67,1824,82.5,0.4,11101011,654.98,1792,29.4,4.12,397.8,654.29,0.0,1.6, , 
,655.67,1760,82.5,1.2,11101011,656.04,1760,32.5,4.12,418.2,655.28,0.0,1.6, , 
,656.76,1728,82.5,3.9,11101011,657.11,1728,63.5,10.30,734.4,656.40,-1.6,1.6, , 
,657.84,1760,82.5,0.0,11101011,658.19,1760,54.5,7.21,632.4,657.47,-0.8,1.6, , 
,658.92,1760,82.5,1.6,11101011,659.29,1728,53.3,8.24,632.4,658.56,-0.8,1.6, , 
,659.99,1728,82.5,3.9,11101011,660.37,1728,53.3,8.24,632.4,659.64,-0.8,1.6, , 
,661.11,1760,82.5,5.1,11101011,661.48,1728,47.1,7.21,571.2,660.73,-0.8,1.6, , 
,662.19,1728,82.5,5.5,11101011,662.58,1696,38.4,5.15,479.4,661.83,-0.8,1.6, , 
,663.33,1696,82.5,0.0,11101011,663.66,1696,63.5,10.30,734.4,662.98,-0.8,1.6, , 
,664.43,1728,82.5,0.8,11101011,664.77,1696,67.8,10.30,775.2,664.05,-0.8,1.6, , 
,665.51,1760,81.0,2.3,11101011,665.87,1728,67.8,10.30,775.2,665.15,-0.8,1.6, , 
,666.56,1760,82.5,0.0,11101011,666.94,1792,73.7,11.33,846.6,666.21,-0.8,1.6, , 
,667.59,1056,81.0,0.0,11111111,667.93,1184,31.0,5.15,418.2,667.30,-1.6,0.0, , 
,668.61,2176,82.5,0.0,11101001,668.96,2240,31.0,4.12,377.4,668.27,0.0,1.6, , 
,669.64,2176,82.5,0.0,11101001,669.99,2176,45.9,6.18,550.8,669.30,0.0,1.6, , 
,670.66,2176,82.5,2.0,11101001,671.00,2176,36.9,5.15,459.0,670.35,0.0,1.6, , 
,671.70,2176,82.5,1.2,11101001,672.03,2176,42.7,6.18,499.8,671.36,0.0,1.6, , 
,672.71,2176,82.5,-0.8,11101001,673.07,2176,40.0,5.15,479.4,672.37,0.0,1.6, , 
,673.76,2176,81.0,-1.2,11101001,674.09,2176,40.0,5.15,479.4,673.41,0.0,1.6, , 
,674.76,2208,82.5,-2.3,11101001,675.11,2208,41.2,5.15,479.4,674.42,0.0,1.6, , 
,675.80,2208,82.5,-2.0,11101001,676.15,2208,41.2,5.15,479.4,675.45,0.0,1.6, , 
,676.83,2208,82.5,-0.8,11101001,677.15,2208,41.2,5.15,479.4,676.50,0.0,1.6, , 
,677.84,2240,82.5,3.9,11101001,678.20,2240,40.0,5.15,479.4,677.50,0.0,1.6, , 
,678.88,2272,82.5,3.5,11101001,679.22,2304,40.0,5.15,479.4,678.54,0.0,1.6, , 
,679.88,2304,82.5,2.3,11101001,680.22,2304,25.1,3.09,336.6,679.54,0.0,1.6, , 
,680.92,2304,82.5,-2.0,11101001,681.27,2272,23.5,3.09,316.2,680.58,0.0,1.6, , 
,681.94,2272,82.5,-4.7,11101001,682.27,2272,23.5,3.09,316.2,681.60,0.0,1.6, , 
,682.95,2240,82.5,-5.9,11101001,683.32,2240,23.5,3.09,316.2,682.60,0.0,1.6, , 
,684.01,2240,81.0,-6.6,11101001,684.36,2240,23.5,3.09,316.2,683.66,0.0,1.6, , 
,685.04,2208,82.5,-7.4,11101001,685.38,2208,23.5,3.09,316.2,684.71,0.0,1.6, , 
,686.07,2208,82.5,-7.8,11101001,686.41,2208,28.2,3.09,357.0,685.72,0.0,1.6, , 
,687.11,2208,82.5,-2.0,11101001,687.44,2208,31.0,4.12,397.8,686.77,0.0,1.6, , 
,688.14,2240,82.5,2.7,11101001,688.47,2240,31.0,4.12,397.8,687.79,0.0,1.6, , 
,689.15,2240,82.5,5.9,11101001,689.48,2240,36.9,5.15,438.6,688.82,0.0,1.6, , 
,690.14,2272,82.5,7.0,11101001,690.48,2272,35.3,5.15,438.6,689.81,0.0,1.6, , 
,691.15,2272,82.5,6.3,11101001,691.50,2304,35.3,5.15,438.6,690.81,0.0,1.6, , 
,692.16,2304,82.5,5.9,11101001,692.47,2304,35.3,5.15,438.6,691.82,0.0,1.6, , 
,693.15,2304,82.5,6.3,11101001,693.48,2336,34.1,4.12,418.2,692.80,0.0,1.6, , 
,694.13,2336,82.5,5.9,11101001,694.47,2336,34.1,4.12,418.2,693.81,0.0,1.6, , 
,695.14,2368,82.5,5.9,11101001,695.50,2368,34.1,4.12,418.2,694.82,0.0,1.6, , 
,696.23,2368,82.5,6.3,11101001,696.57,2368,17.6,2.06,275.4,695.89,0.0,1.6, , 
,697.22,2336,82.5,-4.7,11101001,697.59,2336,17.6,2.06,275.4,696.90,0.0,1.6, , 
,698.27,2304,82.5,-12.5,11101001,698.61,2304,19.2,2.06,275.4,697.91,0.0,1.6, , 
,699.30,2304,82.5,-13.7,11101001,699.65,2272,20.8,2.06,295.8,698.96,0.0,1.6, , 
,700.34,2240,82.5,-12.9,11101001,700.69,2240,22.0,2.06,316.2,700.00,0.0,1.6, , 
,701.38,2240,82.5,-11.3,11101001,701.72,2208,22.0,2.06,316.2,701.05,0.0,1.6, , 
,702.37,2208,82.5,-5.5,11101001,702.72,2208,26.7,3.09,336.6,702.03,0.0,1.6, , 
,703.41,2208,82.5,3.1,11101001,703.76,2208,28.2,3.09,377.4,703.07,0.0,1.6, , 
,704.42,2208,82.5,5.1,11101001,704.79,2208,28.2,3.09,357.0,704.10,0.0,1.6, , 
,705.48,2208,82.5,4.7,11101001,705.80,2208,26.7,3.09,357.0,705.14,0.0,1.6, , 
,706.47,2176,82.5,5.1,11101001,706.82,2176,26.7,3.09,357.0,706.14,0.0,1.6, , 
,707.50,2176,82.5,5.1,11101001,707.87,2176,28.2,3.09,377.4,707.16,0.0,1.6, , 
,708.55,2208,82.5,9.0,11101001,708.90,2208,34.1,4.12,418.2,708.21,0.0,1.6, , 
,709.60,2208,82.5,9.8,11101001,709.95,2208,32.5,4.12,397.8,709.25,0.0,1.6, , 
,710.63,2240,82.5,10.5,11101001,710.94,2240,31.0,4.12,397.8,710.28,0.0,1.6, , 
,711.63,2240,82.5,11.7,11101001,711.97,2240,31.0,4.12,397.8,711.28,0.0,1.6, , 
,712.64,2272,82.5,9.4,11101001,713.00,2272,31.0,4.12,397.8,712.31,0.0,1.6, , 
,713.68,2272,82.5,10.2,11101001,714.02,2272,38.4,5.15,479.4,713.34,0.0,1.6, , 
,714.69,2304,82.5,8.2,11101001,715.05,2272,17.6,2.06,244.8,714.37,0.0,1.6, , 
,715.73,2240,82.5,-6.6,11101001,716.04,2240,16.1,2.06,244.8,715.38,0.0,1.6, , 
,716.74,2208,82.5,-13.7,11101001,717.05,2208,19.2,2.06,275.4,716.38,0.0,1.6, , 
,717.73,2208,82.5,-13.3,11101001,718.07,2176,23.5,2.06,316.2,717.38,0.0,1.6, , 
,718.73,2176,82.5,-9.4,11101001,719.07,2176,38.4,4.12,459.0,718.40,0.0,1.6, , 
,719.72,2208,82.5,-0.4,11101001,720.07,2208,36.9,4.12,459.0,719.38,0.0,1.6, , 
,720.71,2240,82.5,4.3,11101001,721.04,2240,35.3,4.12,438.6,720.40,0.0,1.6, , 
,721.70,2240,82.5,7.4,11101001,722.02,2272,36.9,5.15,459.0,721.37,0.0,1.6, , 
,722.70,2272,82.5,11.3,11101001,723.03,2272,25.1,3.09,336.6,722.36,0.0,1.6, , 
,723.71,2272,82.5,3.5,11101001,724.04,2272,17.6,2.06,275.4,723.37,0.0,1.6, , 
,724.69,2240,82.5,-2.7,11101001,725.04,2240,20.8,2.06,295.8,724.37,0.0,1.6, , 
,725.74,2208,82.5,-2.7,11101001,726.06,2208,26.7,3.09,357.0,725.39,0.0,1.6, , 
,726.72,2208,82.5,-0.4,11101001,727.04,2208,28.2,3.09,357.0,726.41,0.0,1.6, , 
,727.74,2240,82.5,2.3,11101001,728.07,2240,34.1,4.12,418.2,727.38,0.0,1.6, , 
,728.74,2240,82.5,8.6,11101001,729.08,2272,44.3,6.18,520.2,728.39,0.0,1.6, , 
,729.74,2304,82.5,12.9,11101001,730.08,2304,40.0,5.15,479.4,729.42,0.0,1.6, , 
,730.75,2336,82.5,13.3,11101001,731.10,2336,38.4,5.15,459.0,730.42,0.0,1.6, , 
,731.83,2368,82.5,12.1,11101001,732.15,2368,36.9,5.15,438.6,731.46,0.0,1.6, , 
,732.85,2400,82.5,8.2,11101001,733.19,2400,36.9,5.15,438.6,732.50,0.0,1.6, , 
,733.92,2432,82.5,8.2,11101001,734.26,2432,35.3,5.15,438.6,733.55,0.0,1.6, , 
,734.99,2464,82.5,6.3,11101001,735.34,2464,34.1,5.15,418.2,734.61,0.0,1.6, , 
,736.05,2496,82.5,2.7,11101001,736.38,2496,34.1,4.12,418.2,735.70,0.0,1.6, , 
,737.06,2496,82.5,3.5,11101001,737.38,2496,34.1,4.12,418.2,736.73,0.0,1.6, , 
,738.07,2528,82.5,5.1,11101001,738.40,2528,32.5,4.12,397.8,737.74,0.0,1.6, , 
,739.07,2528,82.5,4.7,11101001,739.43,2528,20.8,3.09,295.8,738.73,0.0,1.6, , 
,740.09,2496,82.5,0.8,11101001,740.42,2496,20.8,2.06,275.4,739.75,0.0,1.6, , 
,741.11,2464,82.5,-2.0,11101001,741.46,2464,20.8,2.06,295.8,740.75,0.0,1.6, , 
,742.14,2464,82.5,-5.1,11101001,742.48,2432,20.8,2.06,295.8,741.79,0.0,1.6, , 
,743.18,2432,82.5,-5.9,11101001,743.53,2432,20.8,2.06,295.8,742.81,0.0,1.6, , 
,744.17,2400,82.5,-6.3,11101001,744.51,2400,20.8,3.09,295.8,743.85,0.0,1.6, , 
,745.20,2368,82.5,-5.1,11101001,745.54,2368,25.1,3.09,336.6,744.87,0.0,1.6, , 
,746.27,2368,82.5,-1.6,11101001,746.60,2368,20.8,3.09,295.8,745.89,0.0,1.6, , 
,747.26,2336,82.5,-5.9,11101001,747.62,2336,19.2,2.06,275.4,746.93,0.0,1.6, , 
,748.29,2304,82.5,-6.6,11101001,748.64,2304,22.0,2.06,295.8,747.94,0.0,1.6, , 
,749.30,2304,82.5,-3.1,11101001,749.62,2304,29.4,4.12,377.4,748.96,0.0,1.6, , 
,750.30,2336,82.5,2.0,11101001,750.66,2336,36.9,5.15,459.0,749.96,0.0,1.6, , 
,751.34,2336,82.5,5.1,11101001,751.67,2368,36.9,5.15,438.6,750.99,0.0,1.6, , 
,752.34,2400,82.5,4.7,11101001,752.67,2400,36.9,5.15,438.6,751.99,0.0,1.6, , 
,753.39,2368,82.5,4.7,11101001,753.75,2400,35.3,5.15,418.2,753.02,0.0,1.6, , 
,754.43,2432,82.5,4.3,11101001,754.78,2432,34.1,4.12,418.2,754.10,0.0,1.6, , 
,755.52,2432,82.5,3.1,11101001,755.90,2432,34.1,5.15,418.2,755.16,0.0,1.6, , 
,756.63,2464,82.5,2.7,11101001,756.99,2464,32.5,4.12,418.2,756.27,0.0,1.6, , 
,757.68,2496,82.5,3.9,11101001,758.04,2496,32.5,4.12,397.8,757.34,0.0,1.6, , 
,758.74,2496,84.0,4.7,11101001,759.07,2528,31.0,4.12,397.8,758.39,0.0,1.6, , 
,759.76,2528,82.5,5.5,11101001,760.11,2528,32.5,4.12,397.8,759.41,0.0,1.6, , 
,760.79,2528,82.5,7.0,11101001,761.14,2528,32.5,4.12,397.8,760.44,0.0,1.6, , 
,761.83,2528,82.5,2.0,11101001,762.16,2528,29.4,4.12,377.4,761.49,0.0,1.6, , 
,762.89,2528,82.5,-0.8,11101001,763.25,2496,19.2,2.06,275.4,762.54,0.0,1.6, , 
,763.95,2464,82.5,-5.9,11101001,764.27,2432,19.2,2.06,275.4,763.61,0.0,1.6, , 
,764.98,2400,82.5,-9.4,11101001,765.34,2368,19.2,2.06,275.4,764.60,0.0,1.6, , 
,766.01,2368,82.5,-11.7,11101001,766.34,2336,19.2,2.06,275.4,765.68,0.0,1.6, , 
,767.00,2336,82.5,-13.3,11101001,767.34,2304,19.2,2.06,275.4,766.67,0.0,1.6, , 
,768.00,2272,82.5,-15.2,11101001,768.34,2272,19.2,2.06,275.4,767.67,0.0,1.6, , 
,769.04,2240,82.5,-16.0,11101001,769.39,2208,19.2,2.06,275.4,768.69,0.0,1.6, , 
,770.09,2208,82.5,-15.6,11101001,770.43,2176,19.2,2.06,295.8,769.74,0.0,1.6, , 
,771.09,2176,82.5,-14.1,11101001,771.42,2144,34.1,4.12,418.2,770.76,0.0,1.6, , 
,772.09,2176,82.5,-7.4,11101001,772.41,2208,36.9,4.12,459.0,771.75,0.0,1.6, , 
,773.09,2208,82.5,-4.3,11101001,773.43,2176,35.3,4.12,438.6,772.75,0.0,1.6, , 
,774.12,2208,82.5,-2.0,11101001,774.47,2208,35.3,4.12,438.6,773.78,0.0,1.6, , 
,775.14,2208,82.5,1.2,11101001,775.47,2208,35.3,5.15,438.6,774.80,0.0,1.6, , 
,776.14,2240,82.5,0.8,11101001,776.48,2240,34.1,4.12,418.2,775.81,0.0,1.6, , 
,777.14,2240,82.5,-0.8,11101001,777.47,2208,25.1,3.09,336.6,776.81,0.0,1.6, , 
,778.15,2208,82.5,-3.1,11101001,778.49,2208,25.1,3.09,336.6,777.82,0.0,1.6, , 
,779.17,2208,82.5,-4.7,11101001,779.51,2176,26.7,3.09,357.0,778.83,0.0,1.6, , 
,780.18,2144,82.5,-5.9,11101001,780.51,2176,16.1,2.06,244.8,779.85,0.0,1.6, , 
,781.16,2144,82.5,-16.8,11101001,781.50,2144,16.1,2.06,244.8,780.84,0.0,1.6, , 
,782.19,2112,82.5,-25.0,11101001,782.53,2080,16.1,1.03,244.8,781.84,0.0,1.6, , 
,783.23,2080,82.5,-29.3,11101001,783.58,2048,16.1,1.03,244.8,782.89,0.0,1.6, , 
,784.30,2048,82.5,-28.9,11101001,784.67,2016,14.9,1.03,244.8,783.94,0.0,1.6, , 
,785.36,1952,82.5,-27.0,11101011,785.73,1952,19.2,2.06,275.4,785.02,0.0,1.6, , 
,786.44,1920,82.5,-14.8,11101011,786.80,1888,29.4,3.09,377.4,786.10,0.0,1.6, , 
,787.54,1888,82.5,-7.4,11101011,787.91,1888,28.2,3.09,377.4,787.18,0.0,1.6, , 
,788.67,1856,82.5,-2.7,11101011,789.03,1856,20.8,3.09,316.2,788.29,0.0,1.6, , 
,789.77,1792,82.5,-1.6,11111111,790.12,1760,0.0,0.00,295.8,789.40,0.0,1.6, , 
,790.81,1696,82.5,0.0,11111111,791.15,1664,0.0,0.00,316.2,790.48,-1.6,1.6, , 
,791.85,1632,82.5,0.0,11101011,792.18,1664,22.0,3.09,316.2,791.50,-1.6,1.6, , 
,792.91,1600,82.5,0.0,11101011,793.27,1600,26.7,3.09,357.0,792.54,-1.6,1.6, , 
,794.01,1600,82.5,0.8,11101011,794.38,1600,31.0,4.12,418.2,793.63,-1.6,1.6, , 
,795.13,1632,82.5,2.7,11101011,795.48,1632,36.9,5.15,459.0,794.75,-1.6,1.6, , 
,796.18,1632,82.5,5.1,11101011,796.52,1664,36.9,5.15,459.0,795.84,-1.6,1.6, , 
,797.21,1664,82.5,5.9,11101011,797.58,1664,31.0,4.12,397.8,796.88,-0.8,1.6, , 
,798.33,1664,82.5,3.9,11101011,798.68,1696,25.1,3.09,357.0,797.97,-1.6,1.6, , 
,799.40,1664,82.5,1.6,11101011,799.74,1632,22.0,3.09,316.2,799.05,-1.6,1.6, , 
,800.45,1600,82.5,0.0,11111111,800.80,1600,22.0,3.09,316.2,800.11,-1.6,1.6, , 
,801.49,1504,82.5,0.4,11111111,801.76,1504,22.0,3.09,336.6,801.15,-1.6,1.6, , 
,802.41,1344,82.5,1.2,11111111,802.74,1312,22.0,3.09,336.6,802.07,-1.6,0.0, , 
,803.35,1216,82.5,3.1,11111111,803.68,1184,26.7,4.12,357.0,803.03,-2.3,0.0, , 
,804.36,1152,82.5,0.0,11101011,804.66,1184,60.4,9.27,714.0,804.02,-1.6,0.0, , 
,805.32,1248,82.5,0.0,11101011,805.64,1248,59.2,8.24,693.6,804.99,-0.8,0.0, , 
,806.28,1280,84.0,-1.6,11101011,806.58,1280,59.2,8.24,714.0,805.96,-0.8,0.0, , 
,807.30,1344,84.0,-0.8,11101011,807.64,1344,41.2,5.15,520.2,806.96,-0.8,0.0, , 
,808.29,1344,84.0,0.0,11101011,808.63,1312,25.1,3.09,357.0,807.95,-1.6,0.0, , 
,809.30,1280,82.5,-2.0,11111111,809.64,1280,22.0,3.09,316.2,808.97,-1.6,0.0, , 
,810.28,1216,82.5,-2.3,11111111,810.62,1152,23.5,3.09,336.6,809.94,-2.3,0.0, , 
,811.27,1088,84.0,0.0,11111111,811.57,1056,25.1,3.09,357.0,810.94,-2.3,0.0, , 
,812.16,928,84.0,2.3,11111111,812.49,928,26.7,3.09,397.8,811.87,-2.3,0.0, , 
,813.18,1664,84.0,0.0,11101011,813.48,1408,36.9,5.15,459.0,812.81,-1.6,0.0, , 
,814.25,1440,84.0,0.0,11101011,814.61,1504,66.3,10.30,775.2,813.82,-1.6,0.0, , 
,815.35,1664,84.0,-0.4,11101011,815.73,1728,63.5,9.27,734.4,814.99,-0.8,1.6, , 
,816.40,1856,84.0,0.4,11101011,816.76,1888,57.6,8.24,673.2,816.06,0.0,1.6, , 
,817.47,1984,82.5,3.9,11101001,817.84,2016,53.3,8.24,632.4,817.12,0.0,1.6, , 
,818.54,2080,84.0,2.0,11101001,818.89,2112,51.8,7.21,612.0,818.20,0.0,1.6, , 
,819.60,2176,84.0,1.2,11101001,819.93,2240,51.8,7.21,591.6,819.24,0.0,1.6, , 
,820.60,2272,84.0,0.8,11101001,820.94,2272,51.8,7.21,612.0,820.27,0.0,1.6, , 
,821.64,2368,84.0,3.9,11101001,821.98,2368,50.2,7.21,591.6,821.30,0.0,1.6, , 
,822.66,2432,82.5,3.5,11101001,823.02,2432,48.6,7.21,571.2,822.32,0.0,1.6, , 
,823.74,2432,84.0,2.7,11101001,824.09,2432,38.4,5.15,459.0,823.39,0.0,1.6, , 
,824.81,2400,84.0,-1.6,11101001,825.17,2368,31.0,4.12,397.8,824.43,0.0,1.6, , 
,825.82,2272,84.0,-3.1,11101001,826.17,2240,19.2,2.06,295.8,825.49,0.0,1.6, , 
,826.84,2112,84.0,-5.1,11101001,827.18,2048,22.0,3.09,316.2,826.51,0.0,1.6, , 
,827.88,1984,82.5,0.0,11101011,828.24,1984,62.0,8.24,714.0,827.52,0.0,1.6, , 
,828.94,2048,82.5,0.0,11101001,829.29,2080,71.0,10.30,795.6,828.60,0.0,1.6, , 
,829.94,2144,82.5,3.1,11101001,830.27,2176,48.6,5.15,591.6,829.62,0.0,1.6, , 
,830.96,2144,82.5,0.0,11101001,831.32,2080,20.8,2.06,295.8,830.62,0.0,1.6, , 
,832.04,1952,84.0,-3.5,11101011,832.41,1952,34.1,4.12,418.2,831.68,0.0,1.6, , 
,833.15,1952,84.0,0.0,11101011,833.50,2016,57.6,7.21,673.2,832.79,0.0,1.6, , 
,834.19,2080,84.0,4.7,11101001,834.53,2080,40.0,5.15,499.8,833.84,0.0,1.6, , 
,835.22,2016,84.0,6.3,11101001,835.58,1984,41.2,5.15,499.8,834.86,0.0,1.6, , 
,836.29,2016,84.0,8.6,11101001,836.63,2080,57.6,8.24,652.8,835.95,0.0,1.6, , 
,837.34,2208,84.0,11.7,11101001,837.67,2240,62.0,9.27,693.6,836.99,0.0,1.6, , 
,838.35,2336,84.0,14.5,11101001,838.69,2304,59.2,8.24,673.2,838.00,0.0,1.6, , 
,839.43,2432,84.0,15.2,11101001,839.79,2464,56.1,8.24,652.8,839.09,0.0,1.6, , 
,840.49,2496,84.0,15.6,11101001,840.83,2528,53.3,8.24,612.0,840.15,0.0,1.6, , 
,841.53,2560,84.0,1.6,11101001,841.87,2528,32.5,4.12,397.8,841.19,0.0,1.6, , 
,842.57,2496,84.0,-1.2,11101001,842.92,2464,35.3,5.15,438.6,842.21,0.0,1.6, , 
,843.62,2432,84.0,-4.7,11101001,843.95,2400,42.7,5.15,499.8,843.29,0.0,1.6, , 
,844.63,2432,84.0,-2.3,11101001,844.99,2432,53.3,7.21,612.0,844.28,0.0,1.6, , 
,845.68,2464,84.0,0.4,11101001,846.03,2528,57.6,8.24,652.8,845.34,0.0,1.6, , 
,846.69,2592,84.0,1.6,11101001,847.02,2624,56.1,8.24,652.8,846.36,0.0,1.6, , 
,847.73,2720,84.0,3.1,11101001,848.08,2752,54.5,8.24,632.4,847.36,0.0,1.6, , 
,848.76,2816,84.0,3.1,11101001,849.09,2848,54.5,8.24,632.4,848.43,0.0,1.6, , 
,849.80,2912,84.0,2.0,11101001,850.11,2944,0.0,0.00,499.8,849.40,0.0,1.6, , 
,850.78,1952,84.0,0.0,11111111,851.11,1536,22.0,4.12,316.2,850.45,0.0,1.6, , 
,851.86,1792,84.0,0.0,11101011,852.19,1760,36.9,5.15,438.6,851.50,0.0,1.6, , 
,852.91,1792,84.0,0.0,11101011,853.28,1792,56.1,8.24,652.8,852.53,0.0,1.6, , 
,854.02,1792,84.0,0.0,11101011,854.38,1792,25.1,3.09,357.0,853.63,0.0,1.6, , 
,855.10,1728,84.0,-3.1,11101011,855.43,1696,19.2,2.06,295.8,854.73,-1.6,1.6, , 
,856.15,1632,84.0,-11.3,11101011,856.49,1600,20.8,2.06,295.8,855.79,-1.6,1.6, , 
,857.16,1536,85.5,-12.9,11101011,857.43,1504,20.8,2.06,316.2,856.81,-1.6,1.6, , 
,858.16,1472,85.5,-13.7,11101011,858.49,1440,22.0,2.06,316.2,857.87,-1.6,1.6, , 
,859.15,1408,85.5,-10.9,11111111,859.48,1344,23.5,3.09,336.6,858.82,-1.6,0.0, , 
,860.13,1088,85.5,-5.9,11111111,860.44,992,25.1,3.09,377.4,859.80,-1.6,0.0, , 
,861.06,864,85.5,-3.9,11111111,861.35,896,28.2,3.09,397.8,860.77,-2.3,0.0, , 
,861.95,896,85.5,-1.6,11111111,862.24,896,28.2,3.09,418.2,861.65,-2.3,0.0, , 
,862.85,896,85.5,-0.4,11111111,863.16,896,28.2,3.09,397.8,862.54,-2.3,0.0, , 
,863.75,992,85.5,0.8,11111111,864.04,1088,23.5,3.09,336.6,863.44,-2.3,0.0, , 
,864.63,992,85.5,2.7,11111111,864.95,960,23.5,3.09,357.0,864.37,-2.3,0.0, , 
,865.52,928,85.5,2.3,11101011,865.84,928,35.3,5.15,479.4,865.22,-2.3,0.0, , 
,866.53,992,85.5,0.0,11101011,866.84,1024,50.2,7.21,632.4,866.19,-1.6,0.0, , 
,867.49,1152,85.5,-3.1,11101011,867.80,1216,48.6,6.18,612.0,867.18,-1.6,0.0, , 
,868.46,1312,85.5,-2.0,11101011,868.77,1312,34.1,4.12,438.6,868.14,-1.6,0.0, , 
,869.41,1344,85.5,-2.3,11101011,869.76,1344,23.5,3.09,336.6,869.08,-1.6,0.0, , 
,870.45,1344,85.5,-5.5,11111111,870.78,1280,23.5,3.09,336.6,870.11,-1.6,0.0, , 
,871.40,1312,85.5,-4.7,11111111,871.73,1280,23.5,3.09,336.6,871.10,-1.6,0.0, , 
,872.35,1184,85.5,-2.7,11111111,872.68,1152,23.5,3.09,357.0,872.04,-2.3,0.0, , 
,873.33,1088,85.5,0.4,11101011,873.65,1088,25.1,3.09,377.4,873.01,-2.3,0.0, , 
,874.30,1120,85.5,3.1,11101011,874.63,1120,26.7,3.09,377.4,873.98,-2.3,0.0, , 
,875.32,1152,85.5,3.1,11101011,875.64,1152,26.7,3.09,377.4,875.00,-2.3,0.0, , 
,876.27,1184,85.5,0.0,11101011,876.58,1184,26.7,3.09,377.4,875.95,-2.3,0.0, , 
,877.20,1216,85.5,-2.0,11101011,877.53,1216,25.1,3.09,357.0,876.89,-1.6,0.0, , 
,878.18,1248,85.5,-3.1,11101011,878.51,1248,25.1,3.09,357.0,877.87,-1.6,0.0, , 
,879.15,1280,85.5,-3.5,11101011,879.48,1312,26.7,3.09,377.4,878.84,-1.6,0.0, , 
,880.12,1344,85.5,-3.5,11101011,880.43,1344,26.7,3.09,357.0,879.81,-1.6,0.0, , 
,881.10,1376,85.5,-4.3,11101011,881.44,1376,26.7,3.09,357.0,880.76,-1.6,0.0, , 
,882.11,1408,85.5,-3.5,11101011,882.49,1440,25.1,3.09,357.0,881.78,-1.6,0.0, , 
,883.13,1440,85.5,-4.7,11101011,883.50,1472,23.5,3.09,336.6,882.84,-1.6,0.0, , 
,884.22,1472,85.5,-5.9,11101011,884.63,1504,23.5,3.09,336.6,883.78,-1.6,0.0, , 
,885.23,1504,85.5,-7.0,11101011,885.61,1504,22.0,2.06,316.2,884.90,-1.6,1.6, , 
,886.34,1504,85.5,-9.0,11101011,886.60,1504,22.0,3.09,316.2,885.90,-1.6,1.6, , 
,887.31,1472,85.5,-7.8,11111111,887.65,1344,23.5,3.09,336.6,886.99,-1.6,1.6, , 
,888.28,960,85.5,-5.9,11111111,888.57,896,26.7,3.09,377.4,887.97,-2.3,0.0, , 
,889.20,896,85.5,-2.3,11111111,889.49,896,28.2,3.09,397.8,888.88,-2.3,0.0, , 
,890.10,896,85.5,-1.2,11111111,890.44,896,28.2,4.12,418.2,889.80,-2.3,0.0, , 
,891.04,896,85.5,-0.4,11111111,891.34,896,28.2,3.09,397.8,890.74,-2.3,0.0, , 
,891.95,896,85.5,0.4,11111111,892.26,896,28.2,3.09,397.8,891.65,-2.3,0.0, , 
,892.88,896,85.5,0.0,11111111,893.20,896,28.2,3.09,397.8,892.57,-2.3,0.0, , 
,893.78,896,85.5,-1.2,11111111,894.06,896,28.2,3.09,397.8,893.48,-2.3,0.0, , 
,894.67,896,85.5,-1.6,11111111,894.97,896,28.2,3.09,397.8,894.37,-2.3,0.0, , 
,895.61,896,85.5,-2.0,11111111,895.92,896,28.2,3.09,397.8,895.29,-2.3,0.0, , 
,896.54,896,85.5,-2.0,11111111,896.86,864,28.2,3.09,397.8,896.21,-2.3,0.0, , 
,897.48,896,87.0,-2.3,11111111,897.79,864,26.7,3.09,397.8,897.17,-2.3,0.0, , 
,898.40,864,87.0,-2.3,11111111,898.69,864,28.2,3.09,397.8,898.10,-2.3,0.0, , 
,899.29,896,87.0,-1.2,11111111,899.62,896,28.2,4.12,418.2,899.00,-2.3,0.0, , 
,900.24,896,87.0,-0.8,11111111,900.55,896,28.2,3.09,397.8,899.93,-2.3,0.0, , 
,901.15,896,87.0,-0.8,11111111,901.47,896,28.2,3.09,397.8,900.86,-2.3,0.0, , 
,902.11,896,87.0,-0.8,11111111,902.42,896,26.7,3.09,397.8,901.80,-2.3,0.0, , 
,903.02,800,87.0,-0.8,11111111,903.34,736,26.7,3.09,397.8,902.72,-2.3,0.0, , 
,903.95,768,87.0,-1.6,11111111,904.25,768,29.4,3.09,438.6,903.64,-2.3,0.0, , 
,904.86,768,87.0,-0.8,11101011,905.14,736,36.9,5.15,499.8,904.54,-2.3,0.0, , 
,905.74,832,87.0,3.1,11101011,906.03,800,38.4,5.15,520.2,905.43,-2.3,0.0, , 
,906.59,896,87.0,0.0,11101011,906.90,1056,42.7,6.18,571.2,906.31,-1.6,0.0, , 
,907.52,1056,87.0,-0.8,11111111,907.82,1024,28.2,3.09,397.8,907.21,-1.6,0.0, , 
,908.38,672,87.0,-1.2,11111111,908.68,608,36.9,5.15,479.4,908.11,-2.3,0.0, , 
,909.31,768,87.0,-2.7,11111111,909.59,704,34.1,4.12,479.4,908.99,-2.3,0.0, , 
,910.16,608,87.0,0.0,11100011,910.47,640,40.0,5.15,520.2,909.87,-2.3,0.0, , 
,911.06,672,87.0,2.7,11101011,911.33,640,38.4,5.15,520.2,910.77,-2.3,0.0, , 
,911.93,640,87.0,2.7,10101011,912.24,672,38.4,5.15,520.2,911.64,-2.3,0.0, , 
,912.84,800,87.0,0.8,10111111,913.13,768,32.5,4.12,459.0,912.54,-2.3,0.0, , 
,913.73,736,87.0,-2.0,10111111,914.00,672,34.1,4.12,479.4,913.41,-2.3,0.0, , 
,914.63,960,87.0,0.0,10111111,914.93,992,31.0,3.09,438.6,914.30,-2.3,0.0, , 
,915.50,608,87.0,0.0,10110111,915.78,736,38.4,5.15,520.2,915.21,-3.1,0.0, , 
,916.38,768,87.0,-0.4,10111111,916.68,768,31.0,4.12,459.0,916.08,-2.3,0.0, , 
,917.27,800,87.0,0.0,10111111,917.57,768,32.5,4.12,459.0,916.98,-2.3,0.0, , 
,918.17,768,87.0,1.2,10111111,918.47,768,32.5,4.12,459.0,917.86,-2.3,0.0, , 
,919.08,768,87.0,2.3,10111111,919.38,768,32.5,4.12,459.0,918.77,-2.3,0.0, , 
,919.97,608,88.5,0.0,10100011,920.27,864,51.8,6.18,673.2,919.69,-2.3,0.0, , 
,920.86,768,88.5,0.0,10111111,921.15,768,29.4,3.09,438.6,920.55,-2.3,0.0, , 
,921.77,768,88.5,0.4,10111111,922.08,768,31.0,4.12,438.6,921.47,-2.3,0.0, , 
,922.68,800,88.5,2.0,10111111,922.98,768,31.0,4.12,438.6,922.38,-2.3,0.0, , 
,923.59,800,87.0,2.3,10111111,923.87,800,31.0,4.12,438.6,923.29,-2.3,0.0, , 
,924.45,768,88.5,1.2,10111111,924.75,800,31.0,4.12,438.6,924.15,-2.3,0.0, , 
,925.36,800,88.5,0.4,10111111,925.65,768,29.4,4.12,438.6,925.05,-2.3,0.0, , 
,926.25,768,88.5,0.4,10111111,926.55,800,31.0,4.12,438.6,925.94,-2.3,0.0, , 
,927.16,800,88.5,0.8,10111111,927.46,800,29.4,4.12,438.6,926.87,-2.3,0.0, , 
,928.06,800,88.5,0.8,10111111,928.35,768,31.0,4.12,438.6,927.76,-2.3,0.0, , 
,928.97,768,88.5,0.8,10111111,929.27,768,31.0,4.12,438.6,928.67,-2.3,0.0, , 
,929.88,768,88.5,-0.8,10111111,930.17,768,31.0,4.12,438.6,929.57,-2.3,0.0, , 
,930.77,768,88.5,-1.2,10111111,931.07,768,31.0,4.12,438.6,930.47,-2.3,0.0, , 
,931.67,768,88.5,0.0,10111111,931.98,768,31.0,4.12,459.0,931.37,-2.3,0.0, , 
,932.58,736,88.5,0.0,10111111,932.90,608,38.4,5.15,499.8,932.27,-2.3,0.0, , 
,933.50,736,88.5,-0.8,10111111,933.79,832,42.7,5.15,571.2,933.19,-2.3,0.0, , 
,934.42,896,88.5,-11.3,10111111,934.72,896,31.0,3.09,438.6,934.10,-2.3,0.0, , 
,935.33,896,88.5,-11.7,10111111,935.65,896,32.5,4.12,459.0,935.03,-2.3,0.0, , 
,936.26,896,88.5,-7.8,10111111,936.56,896,32.5,4.12,438.6,935.94,-2.3,0.0, , 
,937.16,896,88.5,-5.5,10111111,937.47,896,29.4,4.12,438.6,936.85,-2.3,0.0, , 
,938.08,768,88.5,-4.3,10111111,938.38,800,32.5,4.12,459.0,937.78,-2.3,0.0, , 
,938.95,800,88.5,-3.1,10111111,939.26,800,32.5,4.12,459.0,938.67,-2.3,0.0, , 
,939.86,800,88.5,-2.0,10111111,940.17,800,32.5,4.12,459.0,939.56,-2.3,0.0, , 
,940.79,800,88.5,-1.6,10111111,941.09,800,32.5,4.12,459.0,940.48,-2.3,0.0, , 
,941.70,800,88.5,-1.2,10111111,941.99,800,31.0,4.12,459.0,941.40,-2.3,0.0, , 
,942.59,800,88.5,-1.2,10111111,942.90,800,31.0,4.12,438.6,942.29,-2.3,0.0, , 
,943.50,800,88.5,-0.8,10111111,943.80,800,31.0,4.12,438.6,943.20,-2.3,0.0, , 
,944.40,800,88.5,-0.4,10111111,944.69,800,31.0,4.12,438.6,944.10,-2.3,0.0, , 
,945.35,800,90.0,-0.8,10111111,945.65,800,31.0,4.12,438.6,945.02,-2.3,0.0, , 
,946.25,768,90.0,-0.8,10111111,946.55,768,29.4,4.12,438.6,945.94,-2.3,0.0, , 
,947.13,768,90.0,-0.4,10111111,947.43,800,29.4,4.12,438.6,946.84,-2.3,0.0, , 
,948.03,800,90.0,-1.2,10111111,948.33,800,29.4,4.12,438.6,947.73,-2.3,0.0, , 
,948.93,768,90.0,-2.0,10111111,949.23,768,29.4,3.09,438.6,948.63,-2.3,0.0, , 
,949.83,768,90.0,-2.7,10111111,950.11,768,29.4,3.09,438.6,949.54,-2.3,0.0, , 
,950.73,768,90.0,-3.1,10111111,951.02,768,32.5,4.12,459.0,950.43,-2.3,0.0, , 
,951.64,800,90.0,-2.7,10111111,951.93,800,31.0,4.12,438.6,951.34,-2.3,0.0, , 
,952.54,800,90.0,-0.8,10111111,952.85,800,31.0,4.12,438.6,952.24,-2.3,0.0, , 
,953.46,800,90.0,0.4,10111111,953.76,800,31.0,4.12,438.6,953.15,-2.3,0.0, , 
,954.38,800,90.0,1.2,10111111,954.68,800,31.0,4.12,438.6,954.07,-2.3,0.0, , 
,955.29,800,90.0,1.2,10111111,955.59,800,29.4,4.12,438.6,954.98,-2.3,0.0, , 
,956.15,800,90.0,0.4,10111111,956.45,800,29.4,3.09,418.2,955.87,-2.3,0.0, , 
,957.05,800,90.0,-0.8,10111111,957.36,800,29.4,3.09,438.6,956.75,-2.3,0.0, , 
,957.96,768,90.0,-1.2,10111111,958.25,800,29.4,3.09,438.6,957.66,-2.3,0.0, , 
,958.86,768,90.0,-1.6,10111111,959.15,768,29.4,3.09,438.6,958.56,-2.3,0.0, , 
,959.75,800,90.0,-1.6,10111111,960.05,800,29.4,3.09,418.2,959.45,-2.3,0.0, , 
,960.65,768,90.0,-1.6,10111111,960.94,800,29.4,3.09,418.2,960.36,-2.3,0.0, , 
,961.55,800,90.0,-1.6,10111111,961.88,800,28.2,3.09,418.2,961.24,-2.3,0.0, , 
,962.46,800,91.5,-1.6,10111111,962.77,800,26.7,3.09,397.8,962.17,-2.3,0.0, , 
,963.36,768,91.5,-1.6,10111111,963.67,800,26.7,3.09,397.8,963.07,-3.1,0.0, , 
,964.30,768,91.5,-2.0,10111111,964.60,800,26.7,3.09,397.8,963.97,-2.3,0.0, , 
