Środa,05,Sierpień,2026,06:42:15:00009-VCID:1C3761778CABCE7337-515A,Wersja VCDS: AKP 23.3.1,Wersja danych: 20230601 DS346.2
047 906 033 L,,1.4l SIMOS3PA   00HS5401,

,Grupa A:,'001,,,,Grupa B:,'002,,,,Grupa C:,'033
,,Obroty silnika,Temperatura,Lambda,Bity binarnie,,Obroty silnika,Obciążenie,Czas wtrysku,Ciśnienie rzecz.,,Lambda,Napięcie, , 
,CZAS,,,,,CZAS,,,,,CZAS,,,,
Znacznik,ZAPISU, /min,*C, %,,ZAPISU, /min, %, ms, mbar,ZAPISU, %, V,,
,0.65,1120,25.5,3.9,10111110,0.01,1120,51.8,7.21,571.2,0.33,2.3,1.68, , 
,1.65,1120,25.5,7.8,10111110,0.97,1120,50.2,7.21,571.2,1.31,7.0,1.64, , 
,2.61,1152,25.5,9.8,10111110,1.98,1120,48.6,7.21,550.8,2.31,9.4,1.56, , 
,3.54,1152,25.5,10.5,10111110,2.92,1152,48.6,7.21,550.8,3.23,10.5,1.52, , 
,4.64,1568,25.5,13.3,10101010,3.88,1120,47.1,7.21,550.8,4.24,14.1,1.48, , 
,5.72,1280,25.5,9.8,10101010,5.02,1504,32.5,4.12,397.8,5.36,9.4,1.25, , 
,6.76,1536,25.5,6.3,10101010,6.09,1344,40.0,5.15,459.0,6.44,10.2,1.37, , 
,7.98,1440,25.5,13.3,10101010,7.13,1472,32.5,4.12,397.8,7.52,8.6,1.52, , 
,9.09,1696,25.5,7.8,10111110,8.32,1568,36.9,5.15,438.6,8.71,12.1,1.41, , 
,10.17,1088,27.0,0.0,10111110,9.51,1568,28.2,4.12,357.0,9.84,5.1,1.33, , 
,11.17,1088,27.0,0.0,10101010,10.51,1088,44.3,8.24,499.8,10.85,0.0,1.29, , 
,12.20,1312,27.0,2.0,10101010,11.52,1088,44.3,6.18,520.2,11.86,0.0,1.56, , 
,13.17,1408,27.0,0.8,10111110,12.51,1344,36.9,5.15,438.6,12.81,0.8,1.48, , 
,14.17,1088,27.0,0.0,10111110,13.50,1216,36.9,5.15,438.6,13.83,0.0,1.60, , 
,15.15,1088,27.0,0.8,10101010,14.47,1120,41.2,6.18,479.4,14.82,0.0,1.45, , 
,16.18,1248,27.0,2.3,10101010,15.48,1184,42.7,6.18,499.8,15.84,2.0,1.52, , 
,17.20,1280,27.0,5.1,10101010,16.51,1216,40.0,5.15,459.0,16.88,5.5,1.56, , 
,18.26,1280,27.0,10.2,10101010,17.55,1280,38.4,5.15,438.6,17.91,7.4,1.52, , 
,19.22,1472,27.0,13.3,10101010,18.64,1376,47.1,7.21,550.8,18.93,14.1,1.56, , 
,20.26,1280,27.0,11.7,10101010,19.57,1472,40.0,6.18,459.0,19.91,13.3,1.41, , 
,21.30,1248,28.5,9.4,10101010,20.61,1184,38.4,5.15,459.0,20.95,10.2,1.33, , 
,22.32,1312,28.5,9.0,10111110,21.65,1248,38.4,5.15,438.6,22.00,8.6,1.37, , 
,23.32,1280,28.5,0.0,10101010,22.66,1024,40.0,6.18,459.0,23.00,0.0,1.33, , 
,24.38,1120,28.5,0.0,10101010,23.70,1664,44.3,6.18,499.8,24.05,0.0,1.56, , 
,25.35,1216,28.5,0.0,10101010,24.71,1088,63.5,12.36,693.6,25.04,0.0,1.13, , 
,26.45,1504,28.5,0.0,10101010,25.70,1312,44.3,6.18,520.2,26.08,0.0,1.48, , 
,27.58,1792,28.5,3.5,10101010,26.82,1600,50.2,7.21,571.2,27.20,0.0,1.68, , 
,28.70,1888,28.5,0.0,10111110,27.96,1888,44.3,6.18,479.4,28.33,5.9,1.56, , 
,29.69,1184,28.5,0.0,10101010,29.08,1888,26.7,3.09,336.6,29.37,0.0,1.25, , 
,30.70,1152,30.0,0.0,10101010,30.06,1088,48.6,10.30,550.8,30.38,0.0,0.66, , 
,31.68,1344,30.0,0.0,10101010,31.04,1216,63.5,11.33,693.6,31.36,0.0,1.25, , 
,32.81,1504,30.0,2.0,10101010,32.03,1376,56.1,8.24,612.0,32.41,1.2,1.56, , 
,33.90,1664,30.0,3.1,10101010,33.17,1568,59.2,8.24,632.4,33.56,0.0,1.68, , 
,35.01,1824,30.0,5.1,10101010,34.27,1728,54.5,8.24,612.0,34.64,4.7,1.56, , 
,36.12,1952,30.0,3.1,10101010,35.38,1888,51.8,7.21,571.2,35.75,5.5,1.48, , 
,37.20,1984,30.0,2.3,10101000,36.50,1952,41.2,5.15,459.0,36.85,1.2,1.48, , 
,38.28,2080,30.0,0.0,10101000,37.57,2016,41.2,5.15,459.0,37.94,0.0,1.56, , 
,39.29,2176,31.5,1.6,10101000,38.60,2112,53.3,7.21,571.2,38.95,0.0,1.56, , 
,40.31,2208,31.5,5.1,10101000,39.63,2208,42.7,5.15,479.4,39.98,3.9,1.56, , 
,41.34,2208,31.5,0.0,10111100,40.65,2272,42.7,6.18,459.0,41.00,7.4,1.56, , 
,42.42,1376,31.5,0.0,10111110,41.68,2080,23.5,3.09,316.2,42.08,0.0,1.29, , 
,43.39,1056,31.5,-0.4,10111110,42.75,1024,36.9,6.18,438.6,43.08,-0.4,1.48, , 
,44.38,1024,33.0,1.2,10111110,43.73,1024,40.0,5.15,459.0,44.05,0.0,1.56, , 
,45.36,1024,33.0,3.5,10111110,44.73,1024,40.0,5.15,479.4,45.04,2.7,1.60, , 
,46.31,1024,33.0,5.5,10111110,45.69,1024,41.2,5.15,479.4,46.00,5.1,1.56, , 
,47.28,1024,33.0,6.3,10111110,46.64,1024,41.2,5.15,479.4,46.97,5.9,1.52, , 
,48.22,1024,33.0,6.6,10111110,47.58,1024,41.2,5.15,479.4,47.92,6.6,1.52, , 
,49.18,1024,33.0,7.0,10111110,48.54,1024,41.2,6.18,479.4,48.86,7.0,1.48, , 
,50.20,992,33.0,7.4,10111110,49.53,1024,41.2,6.18,479.4,49.85,7.4,1.52, , 
,51.13,1440,33.0,0.0,10101010,50.51,992,38.4,5.15,459.0,50.84,0.0,1.41, , 
,52.17,1504,33.0,0.0,10101010,51.46,1440,41.2,5.15,479.4,51.82,0.0,1.37, , 
,53.17,1344,34.5,0.0,10101010,52.49,1312,57.6,10.30,632.4,52.85,0.0,1.33, , 
,54.26,1728,34.5,0.0,10111110,53.51,1536,62.0,9.27,673.2,53.88,0.0,1.52, , 
,55.36,1024,34.5,0.0,10101010,54.63,1856,28.2,3.09,357.0,55.02,0.0,1.05, , 
,56.30,1152,34.5,0.0,10101010,55.67,1056,45.9,7.21,550.8,55.97,0.0,0.94, , 
,57.34,1376,34.5,0.0,10101010,56.61,1216,67.8,13.39,734.4,56.94,0.0,1.13, , 
,58.45,1632,34.5,0.0,10101010,57.72,1504,59.2,9.27,652.8,58.07,0.0,1.48, , 
,59.58,1856,36.0,0.0,10101010,58.84,1728,53.3,7.21,591.6,59.21,2.0,1.56, , 
,60.65,1984,36.0,-4.7,10101000,59.94,1920,34.1,4.12,418.2,60.29,0.0,1.25, , 
,61.70,2048,36.0,-3.9,10101000,61.00,2016,29.4,3.09,357.0,61.34,-3.9,1.52, , 
,62.75,2144,36.0,0.0,10101000,62.05,2080,29.4,3.09,357.0,62.40,-1.6,1.60, , 
,63.77,2208,36.0,4.3,10101000,63.09,2144,31.0,4.12,377.4,63.43,3.5,1.60, , 
,64.80,2240,36.0,4.3,10101000,64.13,2240,35.3,5.15,397.8,64.47,6.3,1.52, , 
,65.80,2272,36.0,2.3,10101000,65.14,2272,25.1,3.09,316.2,65.47,2.7,1.37, , 
,66.82,2272,36.0,0.4,10101000,66.14,2304,20.8,3.09,275.4,66.47,1.2,1.41, , 
,67.82,2240,37.5,1.6,10101000,67.17,2240,20.8,3.09,275.4,67.49,1.2,1.52, , 
,68.85,2208,37.5,2.3,10101000,68.16,2208,20.8,3.09,275.4,68.50,2.3,1.52, , 
,69.88,2176,37.5,3.1,10101000,69.19,2176,20.8,3.09,275.4,69.52,3.1,1.52, , 
,70.91,2176,37.5,3.9,10101000,70.23,2144,20.8,3.09,275.4,70.56,3.5,1.52, , 
,71.99,2144,37.5,4.3,10101000,71.27,2144,20.8,3.09,275.4,71.63,4.3,1.48, , 
,73.05,2144,37.5,4.7,10101000,72.35,2144,20.8,3.09,275.4,72.71,4.3,1.52, , 
,74.11,2112,37.5,7.4,10111100,73.42,2144,20.8,3.09,275.4,73.77,5.1,1.48, , 
,75.15,2016,39.0,10.5,10111100,74.45,2048,20.8,3.09,275.4,74.79,9.4,1.56, , 
,76.21,1952,39.0,10.9,10111110,75.51,1984,19.2,3.09,275.4,75.86,10.5,1.52, , 
,77.30,1920,39.0,10.5,10111110,76.58,1952,22.0,3.09,295.8,76.94,10.2,1.41, , 
,78.39,1888,39.0,9.8,10101010,77.67,1888,22.0,3.09,295.8,78.03,9.8,1.45, , 
,79.46,1952,39.0,7.8,10101010,78.75,1888,22.0,3.09,295.8,79.11,7.8,1.41, , 
,80.54,1952,39.0,7.0,10111110,79.82,1952,20.8,3.09,275.4,80.19,5.5,1.41, , 
,81.64,1920,39.0,9.4,10111110,80.91,1920,22.0,3.09,295.8,81.28,9.4,1.52, , 
,82.69,1824,39.0,11.3,10111110,81.99,1888,22.0,3.09,295.8,82.36,11.7,1.52, , 
,83.74,1472,40.5,13.7,10111110,83.04,1728,26.7,4.12,336.6,83.42,12.9,1.48, , 
,84.68,928,40.5,12.9,10111110,84.06,1184,29.4,4.12,377.4,84.36,12.5,1.45, , 
,85.62,928,40.5,7.8,10111110,84.98,928,41.2,7.21,499.8,85.29,9.8,1.09, , 
,86.56,928,40.5,7.0,10111110,85.95,928,41.2,6.18,499.8,86.26,7.0,1.41, , 
,87.46,928,40.5,7.8,10111110,86.87,928,41.2,6.18,499.8,87.17,7.4,1.48, , 
,88.42,896,40.5,8.6,10111110,87.78,928,41.2,6.18,499.8,88.09,8.2,1.48, , 
,89.44,1056,40.5,9.0,10111110,88.75,928,41.2,6.18,499.8,89.10,9.0,1.45, , 
,90.36,1504,40.5,8.6,10101010,89.73,1312,28.2,4.12,377.4,90.00,7.8,1.45, , 
,91.45,1600,40.5,9.8,10101010,90.73,1504,29.4,4.12,377.4,91.08,9.4,1.45, , 
,92.57,1696,40.5,0.0,10101010,91.83,1632,31.0,4.12,377.4,92.20,10.9,1.48, , 
,93.69,1888,42.0,5.1,10101010,92.94,1792,40.0,5.15,479.4,93.31,0.0,1.68, , 
,94.77,2016,42.0,5.1,10101000,94.04,1920,32.5,4.12,397.8,94.41,5.1,1.45, , 
,95.85,2048,42.0,2.0,10111100,95.15,2048,25.1,3.09,316.2,95.49,3.1,1.29, , 
,96.93,1952,42.0,5.1,10111110,96.21,2016,19.2,2.06,275.4,96.57,3.9,1.41, , 
,98.06,1888,42.0,8.2,10111110,97.30,1920,20.8,3.09,295.8,97.68,7.8,1.56, , 
,99.13,1856,42.0,9.8,10111110,98.42,1888,22.0,3.09,295.8,98.78,9.4,1.48, , 
,100.27,1824,42.0,9.0,10101010,99.51,1824,23.5,3.09,316.2,99.88,9.0,1.33, , 
,101.39,1952,42.0,9.0,10101010,100.65,1856,23.5,3.09,316.2,101.02,9.4,1.41, , 
,102.43,2048,42.0,6.3,10101000,101.74,1984,26.7,4.12,336.6,102.09,6.6,1.37, , 
,103.50,2176,43.5,-10.9,10101000,102.79,2080,25.1,3.09,316.2,103.16,-15.2,0.47, , 
,104.50,2272,43.5,-13.7,10101000,103.83,2208,26.7,3.09,336.6,104.17,-13.7,1.45, , 
,105.48,1408,43.5,0.0,10111110,104.83,2336,28.2,3.09,357.0,105.16,0.0,1.80, , 
,106.44,1696,43.5,0.0,10101010,105.78,960,36.9,6.18,438.6,106.07,0.0,1.72, , 
,107.52,1696,43.5,-10.9,10111110,106.77,1664,26.7,4.12,336.6,107.14,-11.7,0.66, , 
,108.62,1728,43.5,-10.9,10111110,107.88,1728,26.7,3.09,336.6,108.26,-11.3,1.45, , 
,109.68,1728,43.5,-8.6,10111110,108.98,1728,26.7,3.09,336.6,109.34,-9.4,1.56, , 
,110.78,1440,43.5,-5.9,10111110,110.04,1664,26.7,3.09,357.0,110.45,-6.3,1.56, , 
1,111.75,1024,43.5,-7.4,10111110,111.10,1344,28.2,3.09,377.4,111.41,-7.8,1.37, , 
,112.63,928,43.5,-7.0,10111110,112.04,896,38.4,5.15,479.4,112.34,-7.0,1.48, , 
,113.60,896,43.5,-7.0,10111110,112.96,896,38.4,4.12,479.4,113.28,-7.4,1.48, , 
,114.53,896,43.5,-5.5,10111110,113.90,896,38.4,4.12,479.4,114.21,-6.3,1.52, , 
,115.49,896,43.5,-3.9,10111110,114.85,896,38.4,5.15,479.4,115.16,-4.7,1.52, , 
,116.44,896,45.0,2.7,10111110,115.83,896,36.9,5.15,459.0,116.13,-3.5,1.48, , 
,117.34,896,45.0,-1.2,10111110,116.74,864,34.1,4.12,438.6,117.05,0.4,1.21, , 
,118.27,896,45.0,-3.9,10111110,117.64,896,34.1,4.12,438.6,117.95,-3.5,1.29, , 
,119.21,864,45.0,-5.1,10111110,118.58,864,35.3,4.12,459.0,118.88,-4.7,1.41, , 
,120.12,896,45.0,-4.7,10111110,119.52,864,36.9,4.12,459.0,119.82,-5.1,1.45, , 
,121.05,896,45.0,-4.3,10111110,120.42,896,35.3,4.12,459.0,120.73,-4.3,1.45, , 
,122.01,864,45.0,-4.3,10111110,121.39,896,35.3,4.12,459.0,121.70,-4.3,1.45, , 
,122.97,896,45.0,0.0,10101010,122.33,896,35.3,4.12,459.0,122.65,-4.3,1.45, , 
,124.02,1504,45.0,0.0,10101010,123.27,1312,48.6,8.24,571.2,123.64,0.0,0.82, , 
,125.01,1504,45.0,0.0,10101010,124.33,1088,66.3,12.36,734.4,124.66,0.0,0.39, , 
,126.05,1760,45.0,0.0,10111110,125.39,1728,63.5,10.30,693.6,125.73,0.0,0.86, , 
,127.04,1248,45.0,0.0,10101010,126.37,1152,32.5,4.12,418.2,126.69,0.0,2.70, , 
,128.06,1312,45.0,-9.0,10101010,127.37,1248,32.5,4.12,397.8,127.73,0.0,0.86, , 
,129.23,1472,46.5,-10.2,10101010,128.43,1376,34.1,4.12,418.2,128.77,-9.8,1.33, , 
,130.26,1568,46.5,0.0,10111110,129.58,1536,36.9,4.12,438.6,129.92,0.0,1.52, , 
,131.33,1632,46.5,-5.9,10111110,130.63,1568,26.7,3.09,357.0,131.00,-5.5,1.21, , 
,132.40,1536,46.5,-7.0,10111110,131.67,1600,26.7,3.09,336.6,132.03,-7.4,1.41, , 
,133.67,1472,46.5,-7.8,10101010,132.77,1504,26.7,3.09,357.0,133.23,-6.6,1.48, , 
,134.79,1600,46.5,0.0,10101010,134.07,1536,32.5,4.12,397.8,134.45,0.0,1.52, , 
,135.86,1888,46.5,0.0,10101010,135.13,1664,72.2,12.36,775.2,135.50,0.0,0.74, , 
,136.90,2208,46.5,-7.0,10101000,136.20,1984,65.1,9.27,693.6,136.55,-7.4,1.05, , 
,137.92,1920,46.5,0.0,10111110,137.25,2304,59.2,7.21,632.4,137.58,-6.3,1.48, , 
,138.99,1632,46.5,0.0,10101010,138.26,1312,0.0,0.00,397.8,138.62,0.0,3.40, , 
,140.09,1600,46.5,0.0,10101010,139.34,1632,28.2,4.12,357.0,139.72,-10.2,0.82, , 
,141.15,1632,46.5,-3.1,10101010,140.42,1632,40.0,5.15,459.0,140.78,-3.9,1.17, , 
,142.26,1664,46.5,-1.6,10101010,141.51,1664,38.4,5.15,438.6,141.88,-2.0,1.48, , 
,143.29,1728,48.0,-0.8,10101010,142.59,1696,41.2,5.15,479.4,142.94,-0.8,1.45, , 
,144.37,1760,48.0,-1.2,10101010,143.66,1728,41.2,5.15,479.4,144.01,-0.8,1.45, , 
,145.45,1824,48.0,-3.1,10101010,144.73,1760,38.4,5.15,459.0,145.09,-2.7,1.33, , 
,146.54,1824,48.0,-5.1,10101010,145.82,1792,36.9,4.12,438.6,146.18,-5.1,1.37, , 
,147.67,1856,48.0,-7.0,10101010,146.92,1824,36.9,4.12,438.6,147.29,-6.3,1.41, , 
,148.77,1888,48.0,-4.7,10101010,148.02,1888,35.3,4.12,418.2,148.40,-4.3,1.41, , 
,149.89,1920,48.0,-5.1,10101010,149.15,1888,34.1,4.12,418.2,149.52,-4.7,1.52, , 
,150.98,1984,48.0,-3.5,10101010,150.24,1952,40.0,4.12,459.0,150.62,-3.9,1.52, , 
,152.03,2048,48.0,-1.6,10101000,151.33,2016,42.7,5.15,479.4,151.68,-2.3,1.52, , 
,153.09,2144,48.0,0.0,10101000,152.38,2080,53.3,6.18,591.6,152.74,-0.4,1.48, , 
,154.12,2176,48.0,2.0,10101000,153.44,2144,51.8,6.18,571.2,153.78,0.4,1.48, , 
,155.16,2208,48.0,2.3,10101000,154.46,2208,50.2,6.18,550.8,154.81,2.0,1.45, , 
,156.19,2208,49.5,-2.0,10101000,155.50,2208,35.3,4.12,418.2,155.84,-1.2,1.33, , 
,157.22,2240,49.5,-2.7,10101000,156.54,2240,36.9,4.12,418.2,156.88,-2.7,1.45, , 
,158.20,2272,49.5,-2.7,10101000,157.55,2240,40.0,5.15,459.0,157.87,-3.1,1.41, , 
,159.18,2272,49.5,-1.2,10101000,158.53,2272,40.0,5.15,438.6,158.85,-2.7,1.48, , 
,160.20,2304,49.5,-3.1,10101000,159.51,2304,38.4,4.12,438.6,159.85,-2.3,1.45, , 
,161.19,2304,49.5,-6.6,10111100,160.53,2304,34.1,4.12,397.8,160.87,-5.1,1.33, , 
,162.18,2272,49.5,-7.0,10111100,161.51,2336,20.8,2.06,275.4,161.84,-8.2,1.45, , 
,163.20,2144,49.5,0.0,10101000,162.52,2208,0.0,0.00,275.4,162.86,0.0,3.55, , 
,164.23,2112,49.5,0.0,10101000,163.54,2176,19.2,3.09,275.4,163.89,0.0,0.43, , 
,165.27,2048,49.5,-13.7,10101000,164.57,2112,22.0,2.06,295.8,164.92,-12.1,1.21, , 
,166.31,2112,49.5,0.0,10101000,165.61,2080,34.1,3.09,397.8,165.95,0.0,1.56, , 
,167.33,2176,49.5,0.8,10101000,166.67,2112,53.3,7.21,591.6,167.00,0.4,1.48, , 
,168.33,2240,51.0,2.0,11101000,167.67,2176,51.8,7.21,571.2,167.99,1.6,1.45, , 
,169.32,2304,51.0,2.7,11101000,168.66,2272,51.8,6.18,571.2,169.00,3.1,1.48, , 
,170.34,2400,51.0,2.0,11101000,169.67,2336,54.5,7.21,591.6,170.01,2.0,1.33, , 
,171.36,2464,51.0,-0.8,11101000,170.68,2432,54.5,7.21,591.6,171.02,2.0,1.41, , 
,172.37,1664,51.0,0.0,11111110,171.72,2528,59.2,7.21,632.4,172.05,0.0,1.84, , 
,173.47,1792,51.0,0.0,11101010,172.72,1088,29.4,4.12,377.4,173.11,0.0,1.99, , 
,174.55,1856,51.0,0.0,11101010,173.83,1824,23.5,3.09,316.2,174.18,0.0,0.51, , 
,175.67,1856,51.0,-0.8,11101010,174.92,1856,51.8,7.21,571.2,175.29,0.0,1.21, , 
,176.78,1920,51.0,0.0,11101010,176.03,1888,50.2,7.21,571.2,176.41,-0.8,1.45, , 
,177.85,1952,51.0,0.0,11101010,177.14,1920,62.0,9.27,673.2,177.49,0.0,0.94, , 
,178.91,1984,51.0,0.0,11101010,178.22,1952,51.8,5.15,612.0,178.56,0.0,1.64, , 
,179.95,1984,52.5,0.4,11101000,179.25,1984,45.9,5.15,520.2,179.61,0.4,1.48, , 
,181.02,1984,52.5,0.0,11101010,180.31,1984,45.9,5.15,520.2,180.67,0.8,1.48, , 
,182.09,1984,52.5,-0.4,11101000,181.37,2016,53.3,7.21,591.6,181.73,-1.2,1.41, , 
,183.17,1984,52.5,-0.8,11101000,182.46,2016,41.2,5.15,479.4,182.83,-0.8,1.48, , 
,184.22,2016,52.5,-0.8,11101000,183.51,2016,42.7,5.15,479.4,183.87,-0.4,1.45, , 
,185.28,2016,52.5,-1.2,11101000,184.57,2016,41.2,5.15,479.4,184.92,-0.8,1.45, , 
,186.33,2048,52.5,0.4,11101000,185.63,2016,48.6,6.18,550.8,185.98,0.4,1.45, , 
,187.39,2048,52.5,1.2,11101000,186.68,2048,48.6,6.18,550.8,187.03,0.8,1.45, , 
,188.46,2080,54.0,1.2,11101000,187.73,2048,47.1,6.18,520.2,188.10,1.2,1.41, , 
,189.52,2080,54.0,0.0,11101000,188.82,2080,45.9,5.15,520.2,189.17,1.2,1.41, , 
,190.58,2080,54.0,-0.8,11101000,189.88,2080,38.4,5.15,459.0,190.24,-1.2,1.37, , 
,191.64,2080,54.0,-3.5,11101000,190.92,2080,38.4,4.12,438.6,191.28,-2.3,1.37, , 
,192.69,2048,54.0,-5.1,11101000,192.00,2080,35.3,4.12,418.2,192.34,-4.7,1.41, , 
,193.76,2048,54.0,-4.7,11101000,193.05,2048,38.4,4.12,438.6,193.40,-4.3,1.45, , 
,194.81,2048,54.0,-3.9,11101000,194.11,2048,36.9,4.12,438.6,194.46,-4.7,1.45, , 
,195.85,2048,54.0,-4.3,11101000,195.17,2048,36.9,4.12,438.6,195.50,-4.3,1.41, , 
,196.92,2016,54.0,-6.6,11101000,196.20,2048,28.2,3.09,357.0,196.55,-5.5,1.37, , 
,197.95,2016,54.0,-7.8,11101000,197.26,2016,28.2,3.09,357.0,197.61,-7.4,1.33, , 
,199.04,1984,54.0,-7.4,11101000,198.31,2016,28.2,3.09,357.0,198.68,-8.2,1.45, , 
,200.13,1952,55.5,-6.6,11101010,199.41,1984,28.2,3.09,357.0,199.77,-7.4,1.45, , 
,201.21,1952,55.5,-5.1,11101010,200.49,1952,29.4,3.09,357.0,200.85,-4.7,1.45, , 
,202.32,1920,55.5,-5.9,11101010,201.58,1952,29.4,3.09,377.4,201.93,-5.1,1.45, , 
,203.45,1920,55.5,-5.9,11101010,202.70,1920,31.0,3.09,377.4,203.07,-5.9,1.41, , 
,204.55,1920,55.5,-3.5,11101010,203.83,1920,34.1,4.12,418.2,204.19,-3.9,1.48, , 
,205.67,1920,55.5,2.3,11101010,204.93,1888,44.3,5.15,499.8,205.31,0.0,1.52, , 
,206.77,1920,55.5,4.3,11101010,206.03,1920,44.3,5.15,520.2,206.40,3.1,1.48, , 
,207.86,1952,55.5,4.3,11101010,207.12,1952,47.1,6.18,550.8,207.49,3.9,1.45, , 
,208.94,1952,55.5,4.3,11101010,208.21,1952,45.9,6.18,520.2,208.57,5.1,1.45, , 
,210.04,1984,55.5,2.7,11101010,209.30,1984,45.9,5.15,520.2,209.67,2.3,1.37, , 
,211.12,1984,55.5,2.7,11101000,210.40,1984,44.3,5.15,499.8,210.76,1.2,1.37, , 
,212.17,1984,57.0,1.6,11101000,211.47,1984,42.7,5.15,499.8,211.81,1.6,1.37, , 
,213.23,1984,57.0,0.4,11101000,212.53,1984,42.7,5.15,499.8,212.89,1.2,1.41, , 
,214.28,2016,57.0,0.4,11101000,213.59,1984,45.9,6.18,520.2,213.94,0.8,1.45, , 
,215.31,2016,57.0,-0.4,11101000,214.62,2016,48.6,6.18,571.2,214.96,0.0,1.37, , 
,216.38,2048,57.0,-0.8,11101000,215.67,2048,50.2,6.18,571.2,216.03,-0.8,1.37, , 
,217.46,2080,57.0,-0.8,11101000,216.74,2048,50.2,6.18,571.2,217.10,-1.6,1.41, , 
,218.53,2080,57.0,-0.4,11101000,217.80,2080,50.2,6.18,571.2,218.16,-0.8,1.45, , 
,219.58,2112,57.0,0.4,11101000,218.88,2112,48.6,6.18,550.8,219.24,0.4,1.45, , 
,220.61,2112,57.0,0.8,11101000,219.94,2112,48.6,6.18,550.8,220.28,1.2,1.45, , 
,221.65,2144,57.0,2.3,11101000,220.95,2112,47.1,6.18,550.8,221.30,1.2,1.45, , 
,222.70,2144,57.0,2.3,11101000,222.01,2144,47.1,6.18,550.8,222.35,2.3,1.45, , 
,223.71,2176,57.0,3.5,11101000,223.03,2144,47.1,6.18,550.8,223.36,2.7,1.45, , 
,224.74,2176,58.5,3.9,11101000,224.06,2176,47.1,6.18,520.2,224.40,3.9,1.41, , 
,225.74,2176,58.5,0.4,11101000,225.08,2176,40.0,5.15,459.0,225.40,1.2,1.29, , 
,226.76,2176,58.5,-2.3,11101000,226.08,2176,38.4,5.15,459.0,226.41,-2.3,1.37, , 
,227.79,2176,58.5,-2.7,11101000,227.10,2176,40.0,5.15,459.0,227.45,-2.3,1.41, , 
,228.83,2176,58.5,-3.5,11101000,228.14,2176,40.0,5.15,459.0,228.48,-3.1,1.45, , 
,229.84,2176,58.5,-3.9,11101000,229.17,2176,40.0,5.15,459.0,229.51,-3.5,1.41, , 
,230.86,2176,58.5,-3.9,11101000,230.18,2176,40.0,5.15,459.0,230.52,-3.9,1.45, , 
,231.88,2208,58.5,-2.7,11101000,231.20,2176,40.0,5.15,459.0,231.54,-3.5,1.45, , 
,232.90,2208,58.5,-0.8,11101000,232.23,2176,42.7,5.15,499.8,232.57,-1.2,1.48, , 
,233.94,2208,58.5,0.0,11101000,233.26,2208,42.7,5.15,479.4,233.60,0.4,1.45, , 
,234.98,2208,58.5,0.0,11101000,234.28,2208,41.2,5.15,479.4,234.63,0.8,1.41, , 
,236.01,2208,58.5,-0.4,11101000,235.32,2208,41.2,5.15,459.0,235.67,-0.8,1.37, , 
,236.99,2208,58.5,-3.5,11101000,236.33,2208,38.4,5.15,459.0,236.67,-2.0,1.33, , 
,237.99,2208,60.0,-7.4,11101000,237.33,2208,32.5,4.12,397.8,237.67,-6.3,1.33, , 
,239.03,2176,60.0,-10.5,11101000,238.34,2208,34.1,4.12,397.8,238.68,-8.6,1.37, , 
,240.03,2144,60.0,-10.9,11101000,239.35,2176,29.4,3.09,377.4,239.70,-11.3,1.41, , 
,241.05,2144,60.0,-10.2,11101000,240.37,2144,29.4,3.09,357.0,240.71,-10.2,1.48, , 
,242.12,2112,60.0,-9.8,11101000,241.42,2144,23.5,2.06,316.2,241.77,-10.2,1.41, , 
,243.17,2080,60.0,-7.4,11101000,242.48,2112,17.6,2.06,244.8,242.82,-9.8,1.45, , 
,244.21,2048,60.0,-8.6,11101000,243.51,2080,25.1,3.09,316.2,243.86,-9.4,1.37, , 
,245.25,2048,60.0,-8.2,11101000,244.56,2048,32.5,3.09,397.8,244.91,-9.0,1.45, , 
,246.30,2048,60.0,-2.3,11101000,245.59,2048,40.0,4.12,459.0,245.94,-3.5,1.52, , 
,247.35,2080,60.0,-0.8,11101000,246.65,2048,40.0,5.15,479.4,247.00,-1.2,1.45, , 
,248.40,2080,60.0,0.4,11101000,247.70,2080,40.0,5.15,459.0,248.04,-0.4,1.41, , 
,249.44,2112,60.0,-0.4,11101000,248.74,2080,38.4,5.15,459.0,249.11,-0.4,1.33, , 
,250.47,2144,61.5,-0.4,11101000,249.78,2112,40.0,5.15,459.0,250.13,0.0,1.41, , 
,251.52,2176,61.5,-1.2,11101000,250.82,2144,38.4,4.12,438.6,251.16,-0.4,1.41, , 
,252.56,2176,61.5,-7.0,11101000,251.87,2208,28.2,3.09,357.0,252.21,-6.6,1.21, , 
,253.58,2208,61.5,-9.4,11101000,252.90,2208,22.0,2.06,295.8,253.25,-7.8,1.45, , 
,254.63,2240,61.5,-9.8,11101000,253.91,2240,25.1,3.09,316.2,254.27,-9.0,1.41, , 
,255.65,2272,61.5,-6.3,11101000,254.98,2240,34.1,4.12,397.8,255.32,-7.8,1.56, , 
,256.69,2304,61.5,-5.9,11101000,255.99,2304,34.1,4.12,397.8,256.33,-5.5,1.48, , 
,257.70,2336,61.5,-5.9,11101000,257.01,2336,28.2,3.09,357.0,257.34,-6.6,1.37, , 
,258.76,2368,61.5,-5.5,11101000,258.07,2336,26.7,3.09,336.6,258.41,-6.6,1.45, , 
,259.79,2400,61.5,0.0,11101000,259.10,2368,31.0,4.12,377.4,259.43,0.0,1.41, , 
,260.88,2464,61.5,3.5,11101000,260.17,2400,42.7,5.15,499.8,260.52,2.0,1.52, , 
,261.98,2528,61.5,5.1,11101000,261.25,2464,44.3,5.15,499.8,261.62,5.1,1.48, , 
,263.01,2592,63.0,4.3,11101000,262.33,2528,54.5,7.21,591.6,262.67,4.7,1.29, , 
,264.01,2656,63.0,0.4,11101000,263.35,2624,56.1,7.21,612.0,263.69,3.9,1.37, , 
,265.06,2272,63.0,0.0,11111100,264.36,2688,62.0,8.24,673.2,264.70,0.0,1.45, , 
,266.06,1152,63.0,0.0,11101010,265.38,1600,0.0,0.00,336.6,265.72,0.0,3.91, , 
,267.12,2112,63.0,-12.1,11101000,266.40,2208,26.7,4.12,357.0,266.76,0.0,0.66, , 
,268.19,2080,63.0,0.0,11101000,267.46,2080,48.6,8.24,550.8,267.82,0.0,0.94, , 
,269.23,2112,63.0,-1.2,11101000,268.54,2112,57.6,7.21,632.4,268.88,-2.0,1.41, , 
,270.24,2144,63.0,1.6,11101000,269.56,2144,57.6,7.21,632.4,269.90,0.8,1.52, , 
,271.27,2144,63.0,3.9,11101000,270.59,2144,56.1,7.21,612.0,270.92,2.3,1.37, , 
,272.30,2176,63.0,0.0,11111100,271.62,2176,53.3,7.21,591.6,271.95,5.1,1.48, , 
,273.36,2112,63.0,0.0,11101000,272.65,2144,23.5,3.09,316.2,273.01,0.0,1.56, , 
,274.39,2144,63.0,0.0,11101000,273.71,2144,63.5,11.33,673.2,274.06,0.0,0.39, , 
,275.42,2176,63.0,0.0,11101000,274.74,2144,81.2,12.36,867.0,275.08,0.0,1.02, , 
,276.41,2240,63.0,-8.2,11101000,275.76,2208,81.2,11.33,867.0,276.09,-6.6,1.37, , 
,277.44,2272,63.0,-10.9,11101000,276.75,2240,81.2,10.30,867.0,277.10,-10.2,1.37, , 
,278.44,2304,64.5,-12.5,11101000,277.77,2272,79.6,10.30,846.6,278.11,-11.3,1.45, , 
,279.45,2336,64.5,-13.3,11101000,278.78,2304,79.6,10.30,846.6,279.14,-12.9,1.45, , 
,280.52,2368,64.5,-13.7,11101000,279.80,2336,82.7,10.30,867.0,280.16,-13.3,1.45, , 
,281.59,2432,64.5,0.0,11101000,280.86,2400,82.7,10.30,867.0,281.21,-12.1,1.48, , 
,282.66,2432,64.5,0.0,11101000,281.96,2432,71.0,9.27,754.8,282.32,0.0,1.29, , 
,283.69,2432,64.5,0.0,11101000,283.00,2432,50.2,5.15,571.2,283.34,0.0,1.64, , 
,284.75,2464,64.5,-4.3,11101000,284.04,2464,69.4,9.27,734.4,284.40,0.0,1.13, , 
,285.75,2496,64.5,-5.9,11101000,285.10,2464,71.0,8.24,754.8,285.44,-5.1,1.45, , 
,286.81,2528,64.5,-6.6,11101000,286.11,2496,71.0,8.24,754.8,286.45,-6.6,1.41, , 
,287.79,2528,64.5,0.0,11101000,287.14,2528,62.0,7.21,673.2,287.46,-2.0,1.56, , 
,288.83,2528,66.0,5.1,11101000,288.13,2528,50.2,6.18,571.2,288.47,3.9,1.56, , 
,289.87,2528,66.0,8.6,11101000,289.17,2528,44.3,6.18,499.8,289.50,7.8,1.48, , 
,290.90,2496,66.0,9.0,11101000,290.20,2528,44.3,6.18,499.8,290.55,9.4,1.33, , 
,291.95,2496,66.0,6.6,11101000,291.26,2496,42.7,6.18,479.4,291.60,8.6,1.33, , 
,292.96,2496,66.0,6.6,11101000,292.29,2496,42.7,6.18,499.8,292.62,6.6,1.41, , 
,294.07,2496,66.0,3.1,11101000,293.33,2496,42.7,5.15,479.4,293.69,3.9,1.37, , 
,295.14,2464,66.0,0.0,11101000,294.43,2464,31.0,4.12,377.4,294.80,0.0,1.37, , 
,296.22,2464,66.0,3.1,11101000,295.49,2464,50.2,6.18,571.2,295.86,2.0,1.52, , 
,297.33,2464,66.0,4.7,11101000,296.60,2464,48.6,6.18,550.8,296.96,3.9,1.41, , 
,298.38,2432,67.5,-0.4,11101000,297.66,2464,38.4,5.15,438.6,298.01,1.6,1.21, , 
,299.50,2432,67.5,-3.1,11101000,298.76,2432,32.5,4.12,397.8,299.15,-2.7,1.41, , 
,300.55,2432,67.5,-2.7,11101000,299.84,2432,38.4,5.15,459.0,300.19,-2.3,1.41, , 
,301.63,2432,67.5,-2.0,11101000,300.90,2432,38.4,5.15,438.6,301.26,-2.7,1.41, , 
,302.68,2400,67.5,-0.4,11101000,301.97,2432,38.4,5.15,459.0,302.32,-1.6,1.45, , 
,303.73,2400,67.5,1.2,11101000,303.02,2400,41.2,5.15,459.0,303.38,0.4,1.45, , 
,304.80,2400,67.5,4.3,11101000,304.09,2400,47.1,6.18,520.2,304.44,3.9,1.48, , 
,305.88,2400,67.5,4.7,11101000,305.18,2400,48.6,6.18,550.8,305.53,5.1,1.33, , 
,306.92,2432,67.5,2.3,11101000,306.23,2432,53.3,7.21,591.6,306.59,4.7,1.37, , 
,307.95,2432,67.5,1.2,11101000,307.25,2432,54.5,7.21,612.0,307.58,2.0,1.37, , 
,309.02,2432,67.5,0.8,11101000,308.31,2432,48.6,6.18,550.8,308.65,0.0,1.45, , 
,310.08,2432,67.5,0.0,11101000,309.39,2432,41.2,5.15,479.4,309.73,-0.8,1.37, , 
,311.10,2400,67.5,-8.6,11101000,310.41,2432,23.5,3.09,316.2,310.76,0.0,0.98, , 
,312.13,2368,67.5,-12.1,11101000,311.42,2368,23.5,3.09,316.2,311.79,-11.3,1.25, , 
,313.14,2336,69.0,-14.8,11101000,312.49,2336,23.5,2.06,316.2,312.82,-12.9,1.45, , 
,314.13,2336,69.0,-9.4,11101000,313.47,2336,35.3,4.12,418.2,313.79,-10.9,1.64, , 
,315.14,2336,69.0,-6.3,11101000,314.47,2336,38.4,4.12,438.6,314.81,-7.8,1.56, , 
,316.14,2304,69.0,-5.1,11101000,315.46,2304,38.4,5.15,438.6,315.80,-5.1,1.45, , 
,317.14,2304,69.0,-2.0,11101000,316.47,2304,38.4,5.15,459.0,316.79,-2.3,1.48, , 
,318.14,2304,69.0,-3.1,11101000,317.48,2304,38.4,5.15,438.6,317.83,-2.0,1.41, , 
,319.15,2272,69.0,-3.5,11101000,318.50,2272,34.1,4.12,418.2,318.83,-3.1,1.33, , 
,320.16,2240,69.0,-3.5,11101000,319.48,2272,34.1,4.12,418.2,319.81,-4.3,1.37, , 
,321.18,2240,69.0,2.0,11101000,320.51,2240,41.2,5.15,479.4,320.84,0.0,1.45, , 
,322.21,2240,69.0,0.0,11101000,321.52,2240,44.3,6.18,499.8,321.87,4.3,1.48, , 
,323.23,2208,69.0,-5.5,11101000,322.54,2240,25.1,3.09,336.6,322.88,0.0,1.09, , 
,324.24,2208,69.0,0.0,11101000,323.58,2208,32.5,4.12,397.8,323.90,0.0,1.45, , 
,325.27,2208,69.0,0.0,11101000,324.59,2208,45.9,6.18,520.2,324.93,2.3,1.52, , 
,326.26,2240,69.0,1.2,11101000,325.61,2208,54.5,7.21,612.0,325.94,0.4,1.45, , 
,327.27,2240,70.5,0.0,11101000,326.60,2240,51.8,7.21,591.6,326.94,0.0,1.52, , 
,328.32,2208,70.5,-6.6,11101000,327.62,2208,31.0,4.12,377.4,327.97,-3.9,1.25, , 
,329.34,2176,70.5,0.0,11101000,328.66,2176,20.8,2.06,295.8,329.00,0.0,1.33, , 
,330.36,2208,70.5,-3.1,11101000,329.68,2176,60.4,8.24,673.2,330.02,0.0,1.17, , 
,331.37,2208,70.5,0.0,11101000,330.69,2208,57.6,7.21,652.8,331.02,-0.8,1.45, , 
,332.38,2272,70.5,0.0,11101000,331.71,2240,90.2,14.42,948.6,332.05,0.0,0.78, , 
,333.37,2336,70.5,-8.2,11101000,332.71,2272,92.9,15.45,989.4,333.04,-6.6,1.09, , 
,334.38,2368,70.5,-10.9,11101000,333.69,2336,94.5,13.39,989.4,334.02,-9.8,1.33, , 
,335.41,2432,70.5,-11.3,11101000,334.73,2400,94.5,13.39,989.4,335.06,-11.3,1.41, , 
,336.45,2496,70.5,-10.2,11101000,335.79,2464,94.5,13.39,989.4,336.13,-10.9,1.45, , 
,337.47,2528,70.5,-9.8,11101000,336.80,2496,94.5,13.39,969.0,337.14,-9.4,1.41, , 
,338.49,2592,70.5,-9.0,11101000,337.80,2560,94.5,14.42,969.0,338.14,-9.0,1.09, , 
,339.50,2624,70.5,-8.6,11101000,338.84,2624,94.5,15.45,969.0,339.17,-8.6,1.05, , 
,340.53,2688,70.5,-9.0,11101000,339.85,2656,94.5,15.45,969.0,340.22,-8.2,1.05, , 
,341.57,2752,70.5,-7.8,11101000,340.86,2720,94.5,15.45,969.0,341.21,-8.2,1.02, , 
,342.59,2784,72.0,-8.6,11101000,341.91,2752,94.5,15.45,969.0,342.23,-8.6,0.98, , 
,343.58,2816,72.0,-9.0,11101000,342.93,2816,94.5,15.45,969.0,343.25,-8.6,1.02, , 
,344.59,2880,72.0,0.0,11101000,343.91,2848,91.4,12.36,948.6,344.25,0.0,1.13, , 
,345.58,2816,72.0,0.0,11111100,344.94,2848,44.3,5.15,499.8,345.24,0.0,1.68, , 
,346.58,2752,72.0,0.0,11111100,345.92,2816,0.0,0.00,275.4,346.25,0.0,3.40, , 
,347.58,2720,72.0,0.0,11111100,346.90,2752,0.0,0.00,275.4,347.25,0.0,3.87, , 
,348.57,2656,72.0,0.0,11101000,347.90,2688,0.0,0.00,275.4,348.21,0.0,3.83, , 
,349.56,2624,73.5,0.0,11101000,348.89,2624,20.8,3.09,275.4,349.23,0.0,0.43, , 
,350.50,2624,73.5,3.5,11101000,349.88,2624,44.3,5.15,499.8,350.19,2.0,1.52, , 
,351.49,2592,73.5,5.9,11101000,350.82,2592,50.2,7.21,571.2,351.15,5.5,1.45, , 
,352.52,2592,73.5,3.9,11101000,351.85,2592,53.3,7.21,591.6,352.18,4.7,1.29, , 
,353.55,2592,73.5,3.1,11101000,352.87,2592,53.3,7.21,591.6,353.20,3.1,1.37, , 
,354.54,2592,73.5,3.1,11101000,353.89,2592,53.3,7.21,591.6,354.21,3.1,1.37, , 
,355.60,2592,73.5,2.3,11101000,354.91,2592,51.8,7.21,591.6,355.25,2.3,1.37, , 
,356.67,2592,73.5,2.7,11101000,355.93,2592,51.8,7.21,591.6,356.29,3.1,1.52, , 
,357.70,2592,73.5,2.7,11101000,357.01,2592,53.3,7.21,591.6,357.34,3.1,1.41, , 
,358.72,2592,73.5,2.3,11101000,358.03,2592,51.8,7.21,591.6,358.37,2.3,1.41, , 
,359.74,2592,73.5,2.0,11101000,359.05,2592,53.3,7.21,591.6,359.39,2.0,1.41, , 
,360.77,2592,73.5,2.3,11101000,360.07,2592,53.3,7.21,591.6,360.44,2.7,1.48, , 
,361.80,2592,73.5,3.5,11101000,361.12,2592,51.8,7.21,591.6,361.47,3.1,1.41, , 
,362.77,2592,75.0,2.7,11101000,362.12,2592,51.8,7.21,591.6,362.44,3.1,1.41, , 
,363.79,2592,75.0,3.1,11101000,363.12,2592,53.3,7.21,591.6,363.45,3.1,1.45, , 
,364.81,2592,75.0,4.3,11101000,364.14,2592,51.8,7.21,591.6,364.46,3.9,1.41, , 
,365.85,2592,75.0,4.3,11101000,365.16,2592,51.8,7.21,591.6,365.49,3.9,1.37, , 
,366.88,2592,75.0,4.7,11101000,366.19,2592,51.8,7.21,591.6,366.53,4.3,1.45, , 
,367.91,2592,75.0,5.5,11101000,367.24,2592,50.2,7.21,571.2,367.58,5.1,1.48, , 
,368.94,2592,75.0,5.5,11101000,368.26,2592,48.6,7.21,550.8,368.60,5.5,1.41, , 
,369.96,2592,75.0,6.3,11101000,369.27,2592,48.6,7.21,550.8,369.62,6.6,1.45, , 
,370.98,2560,75.0,7.0,11101000,370.31,2560,47.1,6.18,550.8,370.64,7.0,1.48, , 
,372.01,2560,75.0,6.6,11101000,371.31,2560,45.9,6.18,520.2,371.67,7.0,1.45, , 
,373.10,2560,75.0,6.6,11101000,372.38,2560,45.9,6.18,520.2,372.74,7.0,1.41, , 
,374.16,2528,75.0,6.6,11101000,373.48,2528,45.9,6.18,520.2,373.83,6.6,1.41, , 
,375.18,2528,75.0,7.0,11101000,374.49,2528,47.1,6.18,520.2,374.82,6.3,1.41, , 
,376.22,2528,75.0,6.3,11101000,375.53,2528,47.1,6.18,520.2,375.88,6.3,1.41, , 
,377.28,2528,75.0,5.9,11101000,376.59,2528,45.9,6.18,520.2,376.93,6.3,1.41, , 
,378.32,2528,76.5,6.3,11101000,377.62,2528,47.1,6.18,520.2,377.96,6.3,1.48, , 
,379.34,2496,76.5,0.4,11101000,378.68,2496,41.2,6.18,479.4,379.03,3.9,1.33, , 
,380.37,2464,76.5,1.6,11101000,379.66,2496,31.0,4.12,377.4,380.02,-2.0,1.29, , 
,381.42,2464,76.5,5.5,11101000,380.72,2464,38.4,5.15,438.6,381.08,5.5,1.48, , 
,382.48,2432,76.5,5.5,11101000,381.77,2432,36.9,5.15,438.6,382.11,5.9,1.48, , 
,383.51,2432,76.5,5.5,11101000,382.82,2432,38.4,5.15,438.6,383.16,5.5,1.48, , 
,384.56,2400,76.5,6.6,11101000,383.86,2400,38.4,5.15,438.6,384.22,6.3,1.48, , 
,385.61,2368,76.5,2.7,11101000,384.94,2368,34.1,4.12,397.8,385.27,5.5,1.29, , 
,386.63,2304,76.5,-1.2,11101000,385.93,2336,26.7,3.09,336.6,386.29,-0.4,1.25, , 
,387.67,2240,76.5,1.6,11101000,386.99,2272,31.0,3.09,397.8,387.33,0.8,1.52, , 
,388.71,2176,75.0,0.8,11111100,388.01,2240,32.5,4.12,397.8,388.35,1.2,1.45, , 
,389.72,2080,75.0,0.0,11111100,389.05,2112,17.6,2.06,275.4,389.39,-1.2,1.37, , 
,390.78,2016,76.5,0.0,11101000,390.08,2048,0.0,0.00,244.8,390.44,0.0,3.55, , 
,391.84,1984,75.0,0.0,11101010,391.14,1952,56.1,9.27,612.0,391.48,0.0,1.05, , 
,392.92,1984,75.0,2.7,11101010,392.20,1984,69.4,9.27,775.2,392.56,0.0,1.45, , 
,394.00,1984,75.0,5.5,11101000,393.29,1984,63.5,8.24,714.0,393.66,5.1,1.52, , 
,395.09,2016,75.0,5.5,11101000,394.36,1984,63.5,8.24,714.0,394.72,5.5,1.37, , 
,396.14,2048,75.0,0.0,11101000,395.44,2016,62.0,8.24,693.6,395.80,7.0,1.48, , 
,397.18,2112,75.0,4.3,11101000,396.49,2048,56.1,6.18,632.4,396.83,5.9,1.68, , 
,398.22,2176,75.0,5.9,11101000,397.55,2112,62.0,8.24,693.6,397.88,5.1,1.41, , 
,399.23,2208,75.0,6.6,11101000,398.56,2176,62.0,8.24,693.6,398.89,6.6,1.45, , 
,400.22,2272,75.0,7.8,11101000,399.55,2240,59.2,8.24,673.2,399.88,7.4,1.37, , 
,401.21,2304,75.0,8.6,11101000,400.55,2272,59.2,8.24,652.8,400.87,8.2,1.45, , 
,402.21,2336,75.0,7.8,11101000,401.55,2336,59.2,8.24,652.8,401.89,8.6,1.45, , 
,403.23,2368,75.0,2.3,11101000,402.56,2368,66.3,9.27,734.4,402.88,3.5,1.25, , 
,404.26,2400,75.0,-2.0,11101000,403.56,2368,71.0,9.27,754.8,403.91,-0.4,1.37, , 
,405.31,2400,75.0,-2.3,11101000,404.63,2400,69.4,9.27,754.8,404.96,-2.3,1.52, , 
,406.32,2432,75.0,-1.2,11101000,405.64,2432,67.8,8.24,734.4,405.96,-1.6,1.48, , 
,407.40,2464,75.0,1.6,11101000,406.68,2432,67.8,8.24,734.4,407.04,1.6,1.52, , 
,408.47,2464,75.0,2.7,11101000,407.76,2464,67.8,8.24,734.4,408.11,2.0,1.45, , 
,409.45,2496,75.0,2.7,11101000,408.81,2464,66.3,8.24,734.4,409.13,2.3,1.45, , 
,410.46,2528,75.0,3.1,11101000,409.80,2496,66.3,8.24,714.0,410.13,3.1,1.48, , 
,411.48,2528,75.0,5.5,11101000,410.82,2528,66.3,8.24,714.0,411.13,5.1,1.48, , 
,412.49,2528,75.0,8.2,11101000,411.82,2528,65.1,8.24,714.0,412.16,6.3,1.52, , 
,413.52,2560,75.0,9.4,11101000,412.83,2560,60.4,8.24,673.2,413.18,9.4,1.41, , 
,414.54,2560,75.0,9.8,11101000,413.86,2560,60.4,8.24,673.2,414.19,10.9,1.52, , 
,415.58,2560,75.0,10.5,11101000,414.89,2560,59.2,8.24,652.8,415.23,10.5,1.45, , 
,416.58,2592,75.0,11.3,11101000,415.92,2592,59.2,8.24,652.8,416.25,9.8,1.33, , 
,417.58,2592,75.0,12.9,11101000,416.91,2592,57.6,7.21,632.4,417.25,12.1,1.41, , 
,418.59,2592,75.0,12.9,11101000,417.92,2592,56.1,7.21,632.4,418.24,12.9,1.48, , 
,419.62,2592,75.0,11.3,11101000,418.93,2592,56.1,7.21,632.4,419.28,12.9,1.45, , 
,420.67,2592,75.0,11.3,11101000,419.97,2592,56.1,7.21,632.4,420.31,11.3,1.41, , 
,421.68,2592,75.0,11.7,11101000,421.00,2592,54.5,7.21,612.0,421.33,12.1,1.48, , 
,422.72,2592,76.5,12.1,11101000,422.03,2592,54.5,7.21,612.0,422.38,11.7,1.48, , 
,423.71,2592,76.5,11.7,11101000,423.05,2592,53.3,7.21,591.6,423.38,10.9,1.45, , 
,424.72,2592,76.5,12.5,11101000,424.03,2592,51.8,7.21,591.6,424.38,12.5,1.45, , 
,425.72,2592,76.5,13.7,11101000,425.05,2592,51.8,7.21,591.6,425.39,13.7,1.48, , 
,426.70,2592,76.5,12.9,11101000,426.03,2592,51.8,7.21,591.6,426.37,14.1,1.48, , 
,427.71,2592,76.5,9.4,11101000,427.03,2592,54.5,7.21,612.0,427.38,11.7,1.37, , 
,428.74,2592,76.5,5.9,11101000,428.06,2592,56.1,8.24,632.4,428.38,7.0,1.33, , 
,429.77,2592,76.5,2.3,11101000,429.09,2592,62.0,8.24,673.2,429.44,2.3,1.41, , 
,430.76,2624,76.5,0.8,11101000,430.09,2592,60.4,8.24,673.2,430.42,1.6,1.45, , 
,431.77,2592,76.5,5.9,11101000,431.11,2624,60.4,8.24,673.2,431.44,3.9,1.56, , 
,432.80,2624,76.5,7.4,11101000,432.10,2592,57.6,8.24,632.4,432.46,6.6,1.48, , 
,433.77,2624,76.5,7.4,11101000,433.12,2624,57.6,7.21,632.4,433.45,7.4,1.48, , 
,434.78,2624,76.5,7.8,11101000,434.11,2592,56.1,7.21,632.4,434.44,7.8,1.45, , 
,435.79,2624,76.5,6.6,11101000,435.13,2624,57.6,7.21,632.4,435.47,7.0,1.41, , 
,436.77,2624,76.5,7.0,11101000,436.11,2624,57.6,8.24,632.4,436.44,6.3,1.41, , 
,437.76,2624,76.5,7.4,11101000,437.11,2624,57.6,7.21,632.4,437.43,7.0,1.45, , 
,438.77,2624,76.5,7.8,11101000,438.09,2624,56.1,7.21,632.4,438.43,7.4,1.45, , 
,439.78,2624,76.5,7.4,11101000,439.10,2624,56.1,7.21,632.4,439.43,7.8,1.45, , 
,440.78,2624,76.5,7.4,11101000,440.11,2624,56.1,7.21,632.4,440.44,8.2,1.45, , 
,441.80,2624,76.5,7.8,11101000,441.12,2624,56.1,7.21,632.4,441.46,7.8,1.48, , 
,442.80,2624,76.5,8.2,11101000,442.14,2624,56.1,7.21,632.4,442.46,8.2,1.45, , 
,443.82,2624,76.5,9.8,11101000,443.14,2624,54.5,7.21,612.0,443.48,8.6,1.48, , 
,444.83,2624,76.5,12.5,11101000,444.15,2624,47.1,6.18,550.8,444.49,11.3,1.48, , 
,445.79,2624,76.5,12.9,11101000,445.15,2624,48.6,7.21,571.2,445.47,12.9,1.52, , 
,446.76,2592,76.5,12.1,11101000,446.11,2592,51.8,7.21,591.6,446.43,12.1,1.41, , 
,447.81,2624,76.5,10.2,11101000,447.14,2592,53.3,7.21,591.6,447.46,9.4,1.25, , 
,448.81,2624,76.5,7.0,11101000,448.16,2592,54.5,7.21,612.0,448.49,7.0,1.41, , 
,449.80,2592,76.5,6.3,11101000,449.14,2592,54.5,7.21,612.0,449.46,7.4,1.52, , 
,450.80,2592,76.5,5.9,11101000,450.14,2592,54.5,7.21,612.0,450.48,6.6,1.48, , 
,451.76,2592,76.5,6.6,11101000,451.11,2624,54.5,7.21,612.0,451.43,6.3,1.41, , 
,452.80,2592,76.5,6.3,11101000,452.12,2592,54.5,7.21,612.0,452.46,5.9,1.45, , 
,453.81,2592,76.5,5.9,11101000,453.14,2592,54.5,7.21,612.0,453.46,5.9,1.52, , 
,454.85,2592,76.5,5.9,11101000,454.16,2592,54.5,7.21,612.0,454.49,6.3,1.52, , 
,455.88,2592,76.5,6.3,11101000,455.19,2592,54.5,7.21,612.0,455.52,5.9,1.45, , 
,456.88,2592,76.5,4.7,11101000,456.23,2592,56.1,7.21,632.4,456.55,5.5,1.48, , 
,457.88,2592,76.5,3.5,11101000,457.22,2592,57.6,7.21,632.4,457.55,4.3,1.48, , 
,458.88,2592,76.5,3.9,11101000,458.23,2592,57.6,7.21,632.4,458.55,4.3,1.45, , 
,459.90,2592,76.5,6.6,11101000,459.23,2592,53.3,7.21,612.0,459.56,5.5,1.48, , 
,460.94,2592,76.5,6.3,11101000,460.24,2592,53.3,7.21,612.0,460.60,6.6,1.52, , 
,461.96,2592,76.5,5.9,11101000,461.29,2592,54.5,7.21,612.0,461.62,7.0,1.48, , 
,463.00,2592,76.5,6.3,11101000,462.31,2592,54.5,7.21,612.0,462.65,6.3,1.41, , 
,464.00,2592,76.5,5.1,11101000,463.31,2592,57.6,8.24,632.4,463.67,5.1,1.45, , 
,465.00,2592,76.5,3.9,11101000,464.35,2592,57.6,7.21,632.4,464.69,5.1,1.52, , 
,465.99,2592,76.5,3.9,11101000,465.31,2592,57.6,7.21,632.4,465.63,4.3,1.48, , 
,467.00,2592,76.5,4.3,11101000,466.32,2592,57.6,8.24,632.4,466.67,4.3,1.45, , 
,468.02,2592,78.0,4.3,11101000,467.33,2624,57.6,8.24,632.4,467.67,4.3,1.48, , 
,469.00,2624,78.0,5.5,11101000,468.35,2592,57.6,7.21,632.4,468.68,5.5,1.56, , 
,469.95,2624,78.0,5.5,11101000,469.32,2592,57.6,7.21,632.4,469.64,5.9,1.52, , 
,470.92,2624,78.0,6.3,11101000,470.27,2624,56.1,7.21,632.4,470.59,5.5,1.45, , 
,471.92,2624,78.0,5.9,11101000,471.25,2592,56.1,8.24,632.4,471.57,5.1,1.41, , 
,472.99,2624,78.0,6.3,11101000,472.26,2624,56.1,7.21,632.4,472.60,6.3,1.52, , 
,473.98,2592,78.0,6.3,11101000,473.32,2624,56.1,7.21,632.4,473.65,5.9,1.48, , 
,475.03,2592,78.0,6.6,11101000,474.36,2592,56.1,7.21,632.4,474.69,6.3,1.45, , 
,476.04,2592,78.0,5.5,11101000,475.38,2624,56.1,8.24,632.4,475.72,5.5,1.41, , 
,477.00,2592,78.0,5.1,11101000,476.36,2624,56.1,7.21,632.4,476.67,5.1,1.45, , 
,478.03,2624,78.0,5.9,11101000,477.35,2624,57.6,7.21,632.4,477.70,4.7,1.41, , 
,479.10,2624,78.0,6.3,11101000,478.37,2624,56.1,7.21,632.4,478.74,5.5,1.41, , 
,480.14,2624,78.0,7.0,11101000,479.45,2624,56.1,7.21,632.4,479.79,6.6,1.52, , 
,481.15,2592,78.0,9.4,11101000,480.50,2592,51.8,7.21,591.6,480.83,8.6,1.52, , 
,482.19,2560,78.0,-3.9,11101000,481.50,2592,28.2,3.09,357.0,481.85,0.0,1.45, , 
,483.25,2528,78.0,-7.8,11101000,482.54,2560,22.0,2.06,295.8,482.90,-7.0,1.37, , 
,484.27,2496,78.0,-6.3,11101000,483.58,2496,20.8,2.06,295.8,483.92,-7.4,1.45, , 
,485.32,2432,78.0,-3.5,11101000,484.62,2464,19.2,2.06,275.4,484.96,-5.9,1.52, , 
,486.36,2400,78.0,-4.7,11101000,485.69,2432,17.6,2.06,244.8,486.04,-3.5,1.56, , 
,487.34,2336,78.0,0.0,11111100,486.68,2400,17.6,2.06,244.8,487.01,-3.9,1.48, , 
,488.31,2304,78.0,0.0,11111100,487.66,2336,0.0,0.00,275.4,487.98,0.0,3.83, , 
,489.33,2240,78.0,0.0,11111100,488.65,2272,0.0,0.00,244.8,488.99,0.0,3.95, , 
,490.35,2080,78.0,0.0,11111100,489.66,2176,0.0,0.00,244.8,490.00,0.0,3.91, , 
,491.42,1920,78.0,0.0,11111110,490.72,2048,0.0,0.00,244.8,491.07,0.0,3.95, , 
,492.52,1792,78.0,0.0,11111110,491.80,1888,0.0,0.00,295.8,492.15,0.0,3.91, , 
,493.58,1760,78.0,0.0,11101010,492.85,1792,0.0,0.00,316.2,493.20,0.0,3.48, , 
,494.67,1728,78.0,-1.6,11101010,493.94,1760,22.0,3.09,316.2,494.32,0.0,0.86, , 
,495.78,1696,78.0,0.0,11101010,495.07,1696,35.3,4.12,438.6,495.43,0.0,1.56, , 
,496.85,1696,78.0,6.3,11101010,496.13,1696,56.1,8.24,652.8,496.48,4.7,1.60, , 
,497.95,1664,78.0,9.0,11101010,497.23,1696,56.1,8.24,652.8,497.60,9.0,1.52, , 
,499.03,1664,76.5,10.2,11101010,498.32,1664,56.1,8.24,652.8,498.70,10.9,1.52, , 
,500.12,1632,76.5,0.0,11111110,499.38,1632,54.5,8.24,632.4,499.73,11.3,1.45, , 
,501.03,1184,76.5,0.0,11111110,500.40,1120,31.0,4.12,418.2,500.73,0.0,3.09, , 
,502.00,1632,76.5,0.0,11111110,501.34,1248,23.5,3.09,336.6,501.64,0.0,0.74, , 
2,503.12,1792,76.5,0.0,11101010,502.35,1888,20.8,3.09,295.8,502.73,0.0,2.15, , 
,504.11,1696,76.5,2.3,11111110,503.45,1760,19.2,2.06,295.8,503.80,0.0,1.60, , 
,505.05,1088,76.5,0.0,11111110,504.43,1440,0.0,0.00,336.6,504.72,0.0,3.09, , 
,505.94,928,76.5,0.0,11111110,505.37,1120,26.7,4.12,377.4,505.64,0.0,0.82, , 
,506.84,896,76.5,-1.2,11111110,506.21,864,28.2,3.09,397.8,506.52,0.0,1.02, , 
,507.81,896,76.5,-2.0,11111110,507.17,896,29.4,3.09,418.2,507.50,-2.0,1.41, , 
,508.74,896,76.5,-1.6,11111110,508.14,896,29.4,3.09,418.2,508.45,-2.0,1.52, , 
,509.69,896,76.5,-0.8,11111110,509.05,864,29.4,3.09,418.2,509.37,-0.8,1.48, , 
,510.58,896,76.5,0.4,11111110,509.98,864,29.4,3.09,418.2,510.27,0.0,1.52, , 
,511.57,1344,76.5,3.9,11101010,510.89,960,29.4,3.09,418.2,511.22,2.7,1.52, , 
,512.58,1280,76.5,0.0,11101010,511.92,1312,29.4,4.12,397.8,512.23,0.0,1.52, , 
,513.67,1440,76.5,0.0,11101010,512.94,1344,45.9,6.18,550.8,513.28,2.0,1.56, , 
,514.66,1600,76.5,0.0,11101010,513.95,1440,57.6,8.24,673.2,514.31,0.0,1.48, , 
,515.77,1888,76.5,0.4,11101010,515.03,1728,67.8,9.27,775.2,515.40,0.0,1.45, , 
,516.82,2112,76.5,2.7,11101000,516.12,1984,60.4,8.24,693.6,516.48,3.1,1.56, , 
,517.89,2400,76.5,0.8,11101000,517.15,2208,65.1,8.24,714.0,517.51,1.2,1.41, , 
,518.96,2688,76.5,-0.8,11101000,518.24,2496,73.7,10.30,795.6,518.61,-0.4,1.41, , 
,519.97,2400,76.5,0.0,11111100,519.33,2848,78.4,10.30,826.2,519.63,0.0,1.41, , 
,521.05,1888,76.5,0.0,11101010,520.34,1824,0.0,0.00,295.8,520.68,0.0,2.30, , 
,522.15,1920,76.5,0.0,11101010,521.42,1856,53.3,8.24,612.0,521.79,0.0,1.25, , 
,523.23,2048,76.5,3.5,11101000,522.51,1952,60.4,8.24,693.6,522.88,2.0,1.56, , 
,524.29,2144,76.5,2.0,11101000,523.58,2048,63.5,8.24,693.6,523.95,2.7,1.41, , 
,525.30,2240,76.5,2.0,11101000,524.66,2176,60.4,8.24,673.2,524.97,2.3,1.45, , 
,526.31,2368,76.5,2.3,11101000,525.61,2304,60.4,8.24,673.2,525.93,2.0,1.41, , 
,527.36,2496,76.5,2.3,11101000,526.66,2400,60.4,8.24,673.2,527.02,1.6,1.52, , 
,528.37,2592,76.5,2.7,11101000,527.70,2528,59.2,8.24,652.8,528.03,3.1,1.52, , 
,529.41,2656,76.5,7.0,11101000,528.72,2624,57.6,7.21,652.8,529.07,6.6,1.48, , 
,530.44,2016,76.5,0.0,11111100,529.74,2688,56.1,7.21,632.4,530.09,0.0,1.60, , 
,531.47,1984,76.5,0.0,11101010,530.79,1408,0.0,0.00,336.6,531.13,0.0,3.79, , 
,532.56,1888,76.5,0.0,11101010,531.82,1952,19.2,3.09,295.8,532.18,0.0,0.70, , 
,533.61,1888,76.5,3.1,11101010,532.91,1888,50.2,6.18,591.6,533.25,2.0,1.60, , 
,534.68,1920,76.5,9.4,11101010,533.97,1920,51.8,7.21,612.0,534.32,7.4,1.56, , 
,535.76,1952,76.5,11.7,11101010,535.05,1952,51.8,7.21,612.0,535.40,10.5,1.45, , 
,536.87,1952,76.5,11.7,11101010,536.14,1952,51.8,7.21,591.6,536.50,11.7,1.45, , 
,537.96,1920,76.5,7.0,11101010,537.25,1952,36.9,5.15,459.0,537.60,9.4,1.33, , 
,539.07,1888,76.5,2.7,11101010,538.33,1920,32.5,4.12,418.2,538.70,4.3,1.37, , 
,540.19,1888,76.5,1.6,11101010,539.44,1888,34.1,4.12,418.2,539.80,1.6,1.48, , 
,541.28,1856,76.5,0.4,11101010,540.52,1856,34.1,4.12,418.2,540.91,0.4,1.48, , 
,542.42,1792,78.0,-0.8,11101010,541.67,1824,31.0,3.09,397.8,542.07,0.0,1.48, , 
,543.54,1760,76.5,2.0,11101010,542.79,1792,28.2,3.09,357.0,543.15,0.4,1.52, , 
,544.60,1696,78.0,5.5,11101010,543.92,1728,28.2,3.09,377.4,544.28,3.1,1.56, , 
,545.68,1632,78.0,2.7,11111110,544.94,1696,26.7,3.09,357.0,545.31,5.9,1.41, , 
,546.74,1568,78.0,1.6,11101010,546.05,1600,23.5,3.09,316.2,546.40,0.8,1.41, , 
,547.76,1536,78.0,0.0,11101010,547.10,1568,23.5,3.09,336.6,547.41,0.0,1.48, , 
,548.83,1536,78.0,0.0,11101010,548.11,1536,65.1,9.27,734.4,548.46,0.0,1.33, , 
,549.92,1600,78.0,-1.6,11101010,549.18,1568,76.9,10.30,867.0,549.55,0.0,1.37, , 
,550.99,1664,78.0,-1.6,11101010,550.28,1632,81.2,11.33,907.8,550.61,-1.6,1.45, , 
,552.13,1696,78.0,-3.5,11101010,551.36,1664,82.7,11.33,928.2,551.75,-2.7,1.37, , 
,553.25,1760,78.0,-5.1,11101010,552.51,1728,85.5,11.33,948.6,552.88,-4.7,1.45, , 
,554.40,1792,78.0,-5.1,11101010,553.63,1792,84.3,11.33,928.2,554.02,-4.7,1.45, , 
,555.51,1856,78.0,-6.6,11101010,554.78,1824,85.5,11.33,948.6,555.13,-6.3,1.45, , 
,556.59,1856,78.0,-0.8,11101010,555.87,1856,73.7,10.30,846.6,556.22,0.0,1.41, , 
,557.71,1856,78.0,0.0,11101010,556.98,1856,67.8,8.24,775.2,557.34,-0.4,1.48, , 
,558.84,1824,78.0,0.0,11101010,558.07,1856,62.0,8.24,714.0,558.44,0.0,1.52, , 
,559.94,1824,78.0,0.0,11101010,559.21,1824,66.3,9.27,754.8,559.57,0.0,1.41, , 
,560.99,1824,78.0,-3.1,11101010,560.28,1792,79.6,11.33,887.4,560.65,-2.0,1.41, , 
,562.08,1792,78.0,-5.1,11101010,561.39,1824,84.3,11.33,928.2,561.73,-4.3,1.45, , 
,563.15,1792,78.0,-7.8,11101010,562.44,1792,85.5,11.33,948.6,562.79,-7.0,1.45, , 
,564.15,992,78.0,0.0,11101010,563.49,1824,82.7,9.27,928.2,563.84,0.0,3.01, , 
,565.17,2240,78.0,0.0,11101000,564.48,1568,38.4,5.15,479.4,564.82,0.0,0.86, , 
,566.17,2144,78.0,0.0,11101000,565.50,2176,60.4,8.24,673.2,565.84,0.0,1.29, , 
,567.19,2176,78.0,-2.3,11101000,566.53,2176,71.0,9.27,775.2,566.86,-2.0,1.45, , 
,568.20,2208,78.0,-3.1,11101000,567.54,2176,72.2,9.27,795.6,567.88,-3.1,1.45, , 
,569.22,2240,78.0,-0.8,11101000,568.54,2208,72.2,9.27,775.2,568.87,-2.7,1.52, , 
,570.20,2272,78.0,-0.8,11101000,569.55,2240,71.0,8.24,775.2,569.87,-2.0,1.48, , 
,571.21,2272,78.0,3.1,11101000,570.53,2272,65.1,8.24,714.0,570.87,3.1,1.52, , 
,572.20,2272,78.0,3.5,11101000,571.55,2272,66.3,8.24,734.4,571.88,2.7,1.48, , 
,573.21,2304,78.0,3.1,11101000,572.53,2272,66.3,8.24,734.4,572.87,3.5,1.41, , 
,574.27,2336,78.0,3.5,11101000,573.57,2336,66.3,8.24,734.4,573.92,3.5,1.48, , 
,575.33,2368,78.0,4.7,11101000,574.60,2336,65.1,8.24,714.0,574.96,4.3,1.45, , 
,576.34,2400,78.0,5.1,11101000,575.65,2368,63.5,8.24,693.6,575.98,4.7,1.48, , 
,577.37,2432,78.0,9.0,11101000,576.68,2400,60.4,8.24,673.2,577.04,7.8,1.60, , 
,578.45,2432,78.0,14.1,11101000,577.71,2400,57.6,7.21,632.4,578.10,12.5,1.52, , 
,579.45,2400,78.0,18.8,11101000,578.79,2400,50.2,7.21,571.2,579.12,17.6,1.48, , 
,580.49,2368,78.0,20.3,11101000,579.81,2400,47.1,6.18,550.8,580.16,19.9,1.45, , 
,581.52,2368,78.0,20.7,11101000,580.85,2368,47.1,6.18,550.8,581.18,20.7,1.41, , 
,582.57,2336,78.0,18.0,11101000,581.88,2336,47.1,7.21,550.8,582.22,19.9,1.41, , 
,583.61,2336,78.0,17.6,11101000,582.91,2336,48.6,7.21,550.8,583.25,17.2,1.45, , 
,584.64,2336,78.0,13.7,11101000,583.94,2336,50.2,7.21,571.2,584.29,13.7,1.37, , 
,585.67,2336,78.0,11.3,11101000,584.98,2336,51.8,7.21,591.6,585.34,12.1,1.48, , 
,586.69,2336,78.0,5.5,11101000,586.02,2336,54.5,7.21,612.0,586.36,7.0,1.37, , 
,587.69,2368,78.0,2.0,11101000,587.02,2368,60.4,8.24,673.2,587.33,2.3,1.37, , 
,588.73,2400,78.0,0.8,11101000,588.03,2400,60.4,8.24,673.2,588.38,0.4,1.56, , 
,589.77,2432,78.0,2.3,11101000,589.08,2432,59.2,8.24,673.2,589.41,1.6,1.52, , 
,590.81,2464,78.0,3.9,11101000,590.13,2464,59.2,8.24,652.8,590.46,2.3,1.45, , 
,591.84,2464,78.0,9.4,11101000,591.17,2464,47.1,6.18,550.8,591.51,7.8,1.56, , 
,592.91,2432,78.0,11.3,11101000,592.17,2432,47.1,6.18,550.8,592.53,10.9,1.45, , 
,594.00,2432,78.0,11.7,11101000,593.26,2432,48.6,7.21,550.8,593.63,12.1,1.45, , 
,595.07,2432,78.0,12.1,11101000,594.33,2432,48.6,7.21,550.8,594.70,11.7,1.45, , 
,596.16,2432,78.0,11.3,11101000,595.44,2432,48.6,7.21,550.8,595.79,12.5,1.45, , 
,597.20,2432,78.0,8.2,11101000,596.52,2432,50.2,7.21,571.2,596.86,10.5,1.41, , 
,598.32,2464,78.0,7.8,11101000,597.57,2464,50.2,7.21,571.2,597.94,7.4,1.45, , 
,599.41,2496,78.0,7.8,11101000,598.68,2464,50.2,7.21,571.2,599.05,8.2,1.52, , 
,600.46,2528,79.5,7.8,11101000,599.76,2496,48.6,7.21,571.2,600.10,7.8,1.48, , 
,601.49,2560,79.5,8.2,11101000,600.80,2528,48.6,7.21,571.2,601.14,9.0,1.45, , 
,602.51,2592,79.5,9.0,11101000,601.84,2560,48.6,7.21,550.8,602.17,9.4,1.52, , 
,603.51,2624,79.5,7.4,11101000,602.85,2592,47.1,6.18,550.8,603.19,9.0,1.48, , 
,604.52,2656,79.5,7.4,11101000,603.85,2624,45.9,6.18,520.2,604.19,7.0,1.48, , 
,605.52,2688,79.5,0.0,11101000,604.84,2656,44.3,6.18,520.2,605.19,7.0,1.45, , 
,606.56,2752,78.0,0.0,11101000,605.87,2720,62.0,8.24,693.6,606.22,-1.6,1.45, , 
,607.58,1568,78.0,0.0,11111110,606.89,2656,0.0,0.00,357.0,607.23,0.0,3.75, , 
,608.59,2016,79.5,0.0,11101000,607.87,992,25.1,4.12,357.0,608.24,0.0,3.44, , 
,609.68,1920,79.5,-3.1,11101010,608.95,2016,16.1,2.06,244.8,609.31,0.0,1.09, , 
,610.79,1920,79.5,-5.5,11101010,610.07,1920,26.7,3.09,357.0,610.44,-4.7,1.45, , 
,611.87,1920,79.5,-4.3,11101010,611.14,1920,34.1,4.12,418.2,611.52,-5.1,1.52, , 
,612.95,1952,79.5,-2.3,11101010,612.23,1920,38.4,4.12,459.0,612.60,-2.7,1.56, , 
,614.04,1952,78.0,3.9,11101010,613.31,1952,38.4,5.15,459.0,613.67,2.0,1.52, , 
,615.16,1952,79.5,-2.3,11101010,614.39,1952,31.0,4.12,397.8,614.77,0.4,1.21, , 
,616.21,1920,79.5,-3.9,11101010,615.50,1952,20.8,2.06,295.8,615.87,-2.0,1.48, , 
,617.31,1952,79.5,-5.1,11101010,616.55,1984,22.0,2.06,316.2,616.92,-5.5,1.37, , 
,618.41,1952,79.5,-5.9,11101010,617.70,1952,22.0,2.06,316.2,618.05,-5.9,1.45, , 
,619.53,1952,79.5,-3.9,11101010,618.78,1920,25.1,3.09,336.6,619.17,-4.7,1.52, , 
,620.63,1952,79.5,-0.8,11101010,619.90,1952,25.1,3.09,336.6,620.25,-3.1,1.56, , 
,621.74,1952,79.5,3.5,11101010,621.00,1952,32.5,4.12,397.8,621.38,1.6,1.60, , 
,622.81,1984,79.5,10.9,11101000,622.10,1984,41.2,5.15,499.8,622.45,7.8,1.60, , 
,623.86,2016,79.5,16.8,11101000,623.15,1984,44.3,6.18,520.2,623.51,15.2,1.56, , 
,624.92,2048,79.5,16.8,11101000,624.21,2048,45.9,6.18,550.8,624.56,17.6,1.45, , 
,626.02,2080,79.5,12.9,11101000,625.30,2048,44.3,6.18,520.2,625.65,16.4,1.37, , 
,627.07,2080,79.5,9.8,11101000,626.37,2080,41.2,6.18,499.8,626.73,12.9,1.41, , 
,628.10,2080,79.5,-1.6,11101000,627.42,2080,28.2,4.12,377.4,627.76,0.4,1.17, , 
,629.15,2080,79.5,-4.3,11101000,628.45,2080,31.0,3.09,397.8,628.80,-2.7,1.41, , 
,630.19,2080,78.0,-1.6,11101000,629.49,2080,31.0,4.12,397.8,629.84,-5.1,1.56, , 
,631.26,2112,78.0,4.7,11101000,630.54,2080,48.6,6.18,571.2,630.89,3.1,1.64, , 
,632.28,2144,78.0,6.3,11101000,631.60,2112,54.5,7.21,632.4,631.95,5.9,1.52, , 
,633.35,2144,78.0,7.0,11101000,632.63,2144,53.3,7.21,612.0,632.99,7.0,1.48, , 
,634.39,2176,78.0,7.0,11101000,633.69,2176,53.3,7.21,612.0,634.05,7.4,1.45, , 
,635.40,2208,78.0,9.4,11101000,634.72,2176,50.2,7.21,591.6,635.07,8.2,1.48, , 
,636.43,2208,78.0,10.9,11101000,635.74,2176,47.1,7.21,550.8,636.09,11.3,1.48, , 
,637.43,2208,78.0,11.7,11101000,636.77,2208,48.6,7.21,571.2,637.09,11.3,1.48, , 
,638.43,2208,78.0,10.9,11101000,637.76,2208,48.6,7.21,571.2,638.11,11.7,1.45, , 
,639.44,2208,78.0,8.6,11101000,638.76,2208,48.6,7.21,571.2,639.10,9.0,1.48, , 
,640.45,2208,78.0,9.0,11101000,639.79,2208,48.6,7.21,571.2,640.12,8.6,1.45, , 
,641.42,2240,78.0,9.0,11101000,640.78,2208,47.1,7.21,550.8,641.10,9.0,1.45, , 
,642.46,2240,78.0,7.0,11101000,641.77,2240,47.1,7.21,550.8,642.13,6.6,1.52, , 
,643.46,2272,78.0,7.4,11101000,642.79,2272,48.6,7.21,571.2,643.12,7.4,1.48, , 
,644.47,2304,78.0,7.4,11101000,643.81,2272,48.6,7.21,571.2,644.15,7.0,1.45, , 
,645.50,2336,78.0,8.6,11101000,644.82,2304,47.1,7.21,550.8,645.14,7.8,1.52, , 
,646.50,2368,78.0,8.6,11101000,645.83,2336,47.1,7.21,550.8,646.17,8.2,1.45, , 
,647.52,2368,78.0,9.0,11101000,646.83,2368,45.9,7.21,520.2,647.17,9.4,1.48, , 
,648.58,2400,78.0,9.0,11101000,647.91,2368,45.9,6.18,520.2,648.23,8.6,1.48, , 
,649.60,2432,78.0,7.4,11101000,648.91,2400,45.9,6.18,520.2,649.26,8.6,1.45, , 
,650.68,2432,78.0,6.3,11101000,649.96,2432,45.9,6.18,520.2,650.30,6.6,1.48, , 
,651.74,2464,78.0,5.9,11101000,651.02,2432,44.3,6.18,520.2,651.36,6.3,1.45, , 
,652.77,2464,78.0,0.0,11101000,652.09,2464,34.1,4.12,418.2,652.43,2.3,1.33, , 
,653.85,2432,78.0,2.0,11101000,653.11,2432,31.0,4.12,377.4,653.49,2.0,1.45, , 
,654.88,2432,78.0,7.4,11101000,654.20,2432,32.5,4.12,397.8,654.55,6.3,1.52, , 
,655.93,2464,78.0,5.5,11101000,655.22,2464,41.2,5.15,479.4,655.56,0.0,1.72, , 
,656.97,2496,78.0,10.5,11101000,656.28,2464,59.2,8.24,652.8,656.60,6.3,1.48, , 
,658.04,2560,78.0,8.6,11101000,657.35,2528,63.5,8.24,693.6,657.69,9.4,1.41, , 
,659.05,2624,78.0,6.3,11101000,658.36,2560,66.3,9.27,734.4,658.71,6.3,1.41, , 
,660.09,2656,78.0,4.7,11101000,659.38,2624,67.8,9.27,734.4,659.72,4.7,1.41, , 
,661.11,2720,78.0,5.5,11101000,660.44,2688,66.3,8.24,714.0,660.77,5.1,1.56, , 
,662.14,2784,78.0,3.5,11101000,661.46,2752,66.3,8.24,734.4,661.79,4.7,1.41, , 
,663.17,2848,78.0,5.5,11101000,662.48,2816,71.0,9.27,775.2,662.79,2.3,1.45, , 
,664.16,2048,78.0,0.0,11111100,663.51,2880,69.4,9.27,754.8,663.83,0.0,2.93, , 
,665.14,2144,78.0,0.0,11101000,664.45,1568,0.0,0.00,316.2,664.83,0.0,3.59, , 
,666.13,2176,78.0,0.0,11101000,665.47,2176,60.4,9.27,673.2,665.80,0.0,1.21, , 
,667.16,2240,78.0,-5.9,11101000,666.48,2208,85.5,13.39,928.2,666.83,0.0,0.98, , 
,668.16,2272,78.0,-9.0,11101000,667.49,2240,82.7,11.33,907.8,667.82,-7.8,1.52, , 
,669.15,2336,78.0,-10.5,11101000,668.48,2304,79.6,10.30,887.4,668.80,-9.8,1.48, , 
,670.18,2400,78.0,0.0,11101000,669.48,2368,81.2,10.30,887.4,669.83,-10.5,1.52, , 
,671.19,2432,78.0,0.8,11101000,670.54,2400,56.1,7.21,632.4,670.87,0.0,1.60, , 
,672.23,2464,78.0,2.3,11101000,671.53,2432,53.3,7.21,612.0,671.86,2.3,1.48, , 
,673.30,2496,78.0,3.9,11101000,672.58,2464,53.3,7.21,612.0,672.95,3.5,1.56, , 
,1558.38,2304,82.5,-1.6,11101001,1558.73,2304,28.2,3.09,357.0,1558.04,-2.0,1.48, , 
,1559.42,2272,82.5,-1.2,11101001,1559.74,2272,29.4,4.12,377.4,1559.07,-2.0,1.52, , 
,1560.42,2272,82.5,0.0,11101001,1560.76,2272,65.1,9.27,734.4,1560.09,0.0,1.56, , 
,1561.44,2272,81.0,-1.2,11101001,1561.78,2272,65.1,8.24,734.4,1561.11,0.0,1.37, , 
,1562.47,2304,81.0,-1.2,11101001,1562.80,2304,65.1,8.24,734.4,1562.14,-1.2,1.41, , 
,1563.44,2336,82.5,-1.6,11101001,1563.76,2336,66.3,9.27,734.4,1563.12,-1.2,1.52, , 
,1564.43,2336,81.0,0.0,11101001,1564.78,2336,65.1,8.24,734.4,1564.10,-1.2,1.52, , 
,1565.49,2368,81.0,0.4,11101001,1565.83,2368,66.3,9.27,734.4,1565.14,0.4,1.45, , 
,1566.51,2368,81.0,-0.8,11101001,1566.83,2400,65.1,8.24,714.0,1566.18,-1.2,1.48, , 
,1567.49,2400,81.0,0.4,11101001,1567.85,2400,50.2,5.15,591.6,1567.14,0.0,1.52, , 
,1568.53,2368,81.0,0.0,11101001,1568.87,2368,20.8,2.06,295.8,1568.18,0.0,1.80, , 
,1569.52,2336,82.5,-3.5,11101001,1569.86,2336,23.5,3.09,316.2,1569.19,-3.1,1.33, , 
,1570.51,2304,81.0,-3.1,11101001,1570.84,2304,25.1,3.09,336.6,1570.18,-3.1,1.52, , 
,1571.51,2272,81.0,-3.1,11101001,1571.85,2240,26.7,3.09,336.6,1571.17,-3.1,1.52, , 
,1572.53,2240,81.0,-2.0,11101001,1572.87,2240,35.3,4.12,438.6,1572.19,-2.0,1.52, , 
,1573.55,2208,81.0,8.2,11101001,1573.89,2208,53.3,7.21,612.0,1573.22,4.3,1.60, , 
,1574.56,2208,81.0,12.1,11101001,1574.90,2208,56.1,8.24,652.8,1574.22,11.7,1.52, , 
,1575.60,2208,81.0,12.5,11101001,1575.94,2208,56.1,8.24,632.4,1575.25,12.9,1.45, , 
,1576.62,2208,81.0,12.5,11101001,1576.96,2208,57.6,8.24,652.8,1576.27,12.5,1.45, , 
,1577.63,2240,81.0,6.6,11101001,1577.96,2240,59.2,8.24,673.2,1577.30,10.2,1.29, , 
,1578.62,2272,81.0,4.7,11101001,1578.96,2272,59.2,8.24,673.2,1578.29,5.1,1.45, , 
,1579.62,2304,81.0,4.7,11101001,1579.96,2304,59.2,8.24,673.2,1579.30,4.3,1.45, , 
,1580.64,2336,81.0,4.7,11101001,1580.97,2336,57.6,8.24,652.8,1580.29,4.7,1.48, , 
,1581.64,2368,81.0,6.3,11101001,1581.95,2368,51.8,7.21,591.6,1581.30,6.3,1.56, , 
,1582.67,2400,81.0,11.3,11101001,1583.03,2400,47.1,7.21,550.8,1582.32,10.2,1.52, , 
,1583.69,2432,81.0,15.2,11101001,1584.03,2432,44.3,6.18,520.2,1583.36,14.5,1.48, , 
,1584.75,2432,81.0,15.2,11101001,1585.10,2464,44.3,6.18,499.8,1584.38,15.2,1.45, , 
,1585.78,2464,81.0,14.8,11101001,1586.12,2464,44.3,6.18,499.8,1585.44,14.8,1.41, , 
,1586.86,2464,81.0,10.2,11101001,1587.21,2464,26.7,3.09,357.0,1586.49,11.3,1.45, , 
,1587.92,2464,81.0,1.6,11101001,1588.27,2432,25.1,3.09,336.6,1587.56,2.3,1.21, , 
,1588.95,2432,81.0,-0.8,11101001,1589.28,2400,28.2,3.09,357.0,1588.60,-0.4,1.41, , 
,1589.96,2400,81.0,-1.6,11101001,1590.29,2400,28.2,3.09,357.0,1589.63,-1.2,1.52, , 
,1590.95,2368,81.0,-1.6,11101001,1591.29,2368,29.4,3.09,377.4,1590.61,-1.6,1.56, , 
,1591.97,2336,81.0,-0.8,11101001,1592.28,2336,51.8,7.21,591.6,1591.63,-1.2,1.52, , 
,1592.94,2336,81.0,0.0,11101001,1593.27,2368,65.1,8.24,714.0,1592.61,0.0,1.41, , 
,1593.98,2368,81.0,0.4,11101001,1594.31,2368,63.5,8.24,714.0,1593.63,0.0,1.56, , 
,1595.02,2368,81.0,0.0,11101001,1595.35,2400,63.5,8.24,714.0,1594.70,0.0,1.45, , 
,1596.06,2400,81.0,2.3,11101001,1596.40,2400,57.6,8.24,652.8,1595.71,1.2,1.45, , 
,1597.12,2400,81.0,6.6,11101001,1597.47,2432,57.6,8.24,652.8,1596.76,5.9,1.52, , 
,1598.15,2432,81.0,6.6,11101001,1598.50,2432,57.6,8.24,652.8,1597.81,6.6,1.41, , 
,1599.17,2432,81.0,7.4,11101001,1599.52,2432,51.8,7.21,612.0,1598.82,6.6,1.45, , 
,1600.22,2432,81.0,10.5,11101001,1600.55,2432,34.1,5.15,418.2,1599.88,10.5,1.60, , 
,1601.24,2432,81.0,7.4,11101001,1601.59,2432,32.5,4.12,397.8,1600.88,8.2,1.37, , 
,1602.28,2400,81.0,2.7,11101001,1602.60,2400,19.2,2.06,275.4,1601.93,4.7,1.33, , 
,1603.32,2336,81.0,-2.3,11101001,1603.66,2336,19.2,2.06,275.4,1602.96,0.4,1.48, , 
,1604.35,2336,81.0,-0.4,11101001,1604.70,2304,20.8,2.06,295.8,1603.99,-2.3,1.45, , 
,1605.37,2304,81.0,0.0,11101001,1605.70,2304,48.6,6.18,571.2,1605.03,-2.3,1.52, , 
,1606.36,2304,81.0,5.1,11101001,1606.71,2304,53.3,7.21,612.0,1606.03,3.1,1.68, , 
,1607.42,2304,81.0,9.0,11101001,1607.75,2336,51.8,7.21,612.0,1607.06,7.4,1.52, , 
,1608.42,2336,81.0,12.5,11101001,1608.74,2336,50.2,7.21,591.6,1608.08,11.7,1.52, , 
,1609.45,2368,81.0,15.2,11101001,1609.79,2368,45.9,7.21,550.8,1609.09,14.1,1.52, , 
,1610.48,2368,81.0,16.0,11101001,1610.80,2368,45.9,7.21,550.8,1610.14,16.0,1.41, , 
,1611.49,2400,81.0,16.8,11101001,1611.86,2400,47.1,7.21,550.8,1611.12,16.4,1.45, , 
,1612.54,2400,81.0,13.3,11101001,1612.90,2432,47.1,7.21,550.8,1612.20,13.7,1.41, , 
,1613.61,2432,81.0,10.9,11101001,1613.95,2464,48.6,7.21,571.2,1613.25,12.5,1.45, , 
,1614.67,2464,81.0,9.4,11101001,1615.00,2464,47.1,7.21,550.8,1614.31,8.6,1.48, , 
,1615.73,2496,81.0,8.6,11101001,1616.08,2496,42.7,6.18,499.8,1615.36,9.4,1.48, , 
,1616.77,2496,81.0,7.0,11101001,1617.09,2496,38.4,5.15,459.0,1616.40,7.8,1.45, , 
,1617.78,2496,81.0,4.3,11101001,1618.15,2496,35.3,5.15,438.6,1617.45,5.5,1.45, , 
,1618.85,2496,81.0,1.6,11101001,1619.20,2496,35.3,5.15,418.2,1618.49,2.3,1.45, , 
,1619.86,2496,81.0,0.4,11101001,1620.20,2496,34.1,4.12,418.2,1619.53,0.8,1.52, , 
,1620.85,2496,81.0,0.0,11101001,1621.18,2464,28.2,3.09,357.0,1620.52,0.4,1.52, , 
,1621.90,2464,79.5,-3.1,11101001,1622.25,2432,22.0,3.09,316.2,1621.55,-2.7,1.41, , 
,1622.92,2432,81.0,-5.5,11101001,1623.26,2432,22.0,2.06,295.8,1622.59,-5.1,1.41, , 
,1623.93,2400,81.0,-8.2,11101001,1624.25,2400,22.0,2.06,295.8,1623.59,-7.0,1.48, , 
,1624.95,2368,79.5,-9.4,11101001,1625.27,2368,22.0,2.06,295.8,1624.59,-9.0,1.52, , 
,1625.94,2336,81.0,-7.4,11101001,1626.26,2336,22.0,2.06,295.8,1625.59,-7.4,1.45, , 
,1626.94,2304,81.0,-5.5,11101001,1627.28,2304,25.1,3.09,336.6,1626.60,-6.3,1.48, , 
,1627.94,2304,81.0,-2.0,11101001,1628.28,2304,28.2,3.09,357.0,1627.60,-3.1,1.56, , 
,1628.96,2272,79.5,0.0,11101001,1629.30,2272,48.6,6.18,571.2,1628.62,2.3,1.52, , 
,1629.95,2272,79.5,9.4,11101001,1630.28,2272,51.8,7.21,591.6,1629.62,6.6,1.72, , 
,1630.98,2272,79.5,0.0,11101001,1631.32,2272,28.2,3.09,357.0,1630.62,13.3,1.56, , 
,1631.99,2240,79.5,1.2,11101001,1632.34,2240,26.7,3.09,357.0,1631.66,0.0,1.64, , 
,1633.00,2240,79.5,4.3,11101001,1633.35,2240,32.5,4.12,397.8,1632.67,3.1,1.52, , 
,1634.02,2240,79.5,10.2,11101001,1634.38,2240,42.7,6.18,520.2,1633.69,7.0,1.56, , 
,1635.07,2208,79.5,16.4,11101001,1635.41,2208,40.0,5.15,479.4,1634.74,14.8,1.56, , 
,1636.10,2208,79.5,14.8,11101001,1636.44,2208,26.7,3.09,357.0,1635.77,16.0,1.37, , 
,1637.12,2208,79.5,5.9,11101001,1637.47,2208,17.6,2.06,244.8,1636.78,9.0,1.21, , 
,1638.15,2176,79.5,8.6,11101001,1638.50,2176,17.6,2.06,275.4,1637.81,9.4,1.56, , 
,1639.19,2144,79.5,4.7,11101001,1639.54,2112,25.1,3.09,336.6,1638.84,4.7,1.41, , 
,1640.22,2144,79.5,3.9,11101001,1640.57,2112,32.5,4.12,397.8,1639.88,3.5,1.48, , 
,1641.27,2112,79.5,3.9,11101001,1641.61,2112,32.5,4.12,397.8,1640.94,3.9,1.52, , 
,1642.31,2112,79.5,2.7,11101001,1642.66,2112,38.4,5.15,459.0,1641.95,2.7,1.48, , 
,1643.34,2080,79.5,7.0,11101001,1643.70,2080,44.3,6.18,520.2,1642.99,5.9,1.56, , 
,1644.39,2080,79.5,13.3,11101001,1644.72,2112,45.9,6.18,520.2,1644.05,11.7,1.56, , 
,1645.40,2112,79.5,16.4,11101001,1645.74,2112,44.3,6.18,520.2,1645.05,15.6,1.48, , 
,1646.45,2112,79.5,16.0,11101001,1646.79,2112,44.3,6.18,520.2,1646.10,16.4,1.45, , 
,1647.49,2112,79.5,0.0,11101001,1647.86,2112,75.3,11.33,846.6,1647.13,12.9,1.41, , 
,1648.51,2144,79.5,-0.8,11101001,1648.84,2176,75.3,10.30,846.6,1648.19,0.0,1.41, , 
,1649.51,2208,79.5,-0.8,11101001,1649.86,2208,75.3,10.30,846.6,1649.17,-1.2,1.45, , 
,1650.53,2240,79.5,-0.8,11101001,1650.87,2240,75.3,10.30,826.2,1650.19,-0.4,1.48, , 
,1651.52,2272,79.5,-0.4,11101001,1651.86,2272,75.3,10.30,826.2,1651.19,-0.8,1.48, , 
,1652.56,2304,79.5,-0.8,11101001,1652.89,2304,65.1,8.24,714.0,1652.21,-0.4,1.45, , 
,1653.54,2336,79.5,1.2,11101001,1653.90,2336,63.5,8.24,714.0,1653.21,1.2,1.52, , 
,1654.63,2336,79.5,1.2,11101001,1654.97,2368,56.1,7.21,652.8,1654.27,1.6,1.48, , 
,1655.63,2368,79.5,7.4,11101001,1655.99,2368,56.1,8.24,632.4,1655.29,6.3,1.56, , 
,1656.71,2400,79.5,9.0,11101001,1657.04,2400,54.5,7.21,632.4,1656.36,9.0,1.52, , 
,1657.72,2400,79.5,11.3,11101001,1658.04,2400,51.8,7.21,591.6,1657.39,10.9,1.52, , 
,1658.75,2400,79.5,12.9,11101001,1659.11,2400,38.4,5.15,459.0,1658.39,12.5,1.52, , 
,1659.79,2400,79.5,10.2,11101001,1660.11,2400,36.9,5.15,459.0,1659.46,10.9,1.41, , 
,1660.86,2400,81.0,7.4,11101001,1661.22,2368,38.4,5.15,459.0,1660.46,7.8,1.45, , 
,1661.88,2368,79.5,5.1,11101001,1662.22,2368,38.4,5.15,459.0,1661.54,5.9,1.41, , 
,1662.87,2368,79.5,4.7,11101001,1663.22,2368,38.4,5.15,459.0,1662.54,4.3,1.48, , 
,1663.88,2368,79.5,4.7,11101001,1664.22,2368,38.4,5.15,459.0,1663.55,5.1,1.48, , 
,1664.90,2368,81.0,4.3,11101001,1665.24,2368,38.4,5.15,459.0,1664.57,4.3,1.48, , 
,1665.94,2368,79.5,4.7,11101001,1666.27,2368,36.9,5.15,459.0,1665.60,4.3,1.52, , 
,1666.94,2368,81.0,6.3,11101001,1667.27,2336,40.0,5.15,479.4,1666.61,5.9,1.48, , 
,1667.92,2336,79.5,9.8,11101001,1668.26,2368,50.2,7.21,571.2,1667.59,8.6,1.52, , 
,1668.96,2368,81.0,7.0,11101001,1669.30,2368,53.3,8.24,612.0,1668.62,7.8,1.48, , 
,1669.95,2368,81.0,6.6,11101001,1670.31,2400,42.7,6.18,499.8,1669.64,7.0,1.41, , 
,1671.02,2368,81.0,5.1,11101001,1671.39,2368,23.5,3.09,316.2,1670.64,7.4,1.41, , 
,1672.06,2368,81.0,-1.6,11101001,1672.41,2336,23.5,3.09,316.2,1671.73,0.0,1.33, , 
,1673.10,2336,81.0,0.4,11111101,1673.45,2304,0.0,0.00,244.8,1672.75,-3.9,1.41, , 
,1674.11,2272,81.0,0.0,11111101,1674.45,2272,0.0,0.00,244.8,1673.78,0.0,3.75, , 
,1675.11,2240,81.0,0.0,11111101,1675.43,2208,0.0,0.00,244.8,1674.78,0.0,3.98, , 
,1676.10,2208,81.0,0.0,11111101,1676.43,2176,0.0,0.00,244.8,1675.76,0.0,3.98, , 
,1677.10,2144,81.0,0.0,11111101,1677.43,2080,0.0,0.00,244.8,1676.77,0.0,3.95, , 
,1678.14,1984,81.0,0.0,11111101,1678.49,1920,0.0,0.00,244.8,1677.79,0.0,3.95, , 
,1679.21,1824,81.0,0.0,11111111,1679.60,1792,0.0,0.00,295.8,1678.87,0.0,3.95, , 
,1680.29,1696,81.0,0.0,11111111,1680.63,1664,0.0,0.00,316.2,1679.96,0.0,3.95, , 
,1681.26,1600,81.0,0.0,11111111,1681.59,1568,0.0,0.00,316.2,1680.94,0.0,3.98, , 
,1682.24,1504,81.0,0.0,11111111,1682.57,1376,0.0,0.00,336.6,1681.96,0.0,3.95, , 
,1683.15,960,81.0,0.0,11111111,1683.47,928,31.0,5.15,438.6,1682.88,0.0,3.91, , 
,1684.09,896,81.0,0.0,11111111,1684.42,992,26.7,4.12,377.4,1683.78,0.0,1.29, , 
,1685.06,1632,81.0,0.0,11111111,1685.40,1632,0.0,0.00,336.6,1684.74,0.0,1.05, , 
,1686.09,1600,81.0,0.0,11111111,1686.45,1568,0.0,0.00,316.2,1685.73,0.0,3.87, , 
,1687.17,1568,79.5,0.0,11101011,1687.51,1536,22.0,3.09,316.2,1686.83,0.0,3.59, , 
,1688.19,1536,81.0,2.7,11101011,1688.52,1536,28.2,3.09,357.0,1687.85,0.0,1.17, , 
,1689.22,1536,81.0,4.7,11101011,1689.57,1536,31.0,4.12,397.8,1688.85,3.1,1.56, , 
,1690.24,1536,81.0,7.0,11101011,1690.57,1536,29.4,4.12,377.4,1689.89,6.6,1.56, , 
,1691.24,1536,81.0,9.4,11101011,1691.63,1568,28.2,4.12,377.4,1690.91,8.2,1.52, , 
,1692.38,1568,79.5,10.2,11101011,1692.73,1568,28.2,4.12,377.4,1692.01,9.8,1.45, , 
,1693.47,1568,79.5,10.5,11101011,1693.83,1568,29.4,4.12,397.8,1693.09,11.3,1.41, , 
,1694.51,1600,79.5,11.3,11101011,1694.88,1600,41.2,6.18,499.8,1694.17,11.7,1.48, , 
,1695.64,1664,79.5,0.0,11101011,1696.02,1664,53.3,7.21,632.4,1695.27,0.0,1.60, , 
,1696.75,1728,79.5,9.0,11101011,1697.09,1728,44.3,6.18,550.8,1696.38,7.4,1.68, , 
,1697.85,1760,79.5,12.1,11101011,1698.23,1792,31.0,4.12,397.8,1697.45,12.1,1.56, , 
,1698.94,1824,79.5,9.8,11101011,1699.30,1824,32.5,4.12,418.2,1698.58,10.9,1.33, , 
,1700.02,1856,79.5,10.2,11101011,1700.37,1888,54.5,7.21,632.4,1699.65,9.0,1.37, , 
,1701.09,1920,79.5,2.7,11101011,1701.47,1952,60.4,8.24,693.6,1700.73,0.0,1.64, , 
,1702.18,2048,79.5,5.9,11101001,1702.55,2080,57.6,8.24,652.8,1701.83,4.3,1.48, , 
,1703.23,2144,79.5,7.4,11101001,1703.59,2144,56.1,8.24,632.4,1702.89,7.8,1.52, , 
,1958.17,800,81.0,7.0,10111111,1958.47,800,29.4,4.12,418.2,1958.75,6.6,1.48, , 
,1959.07,800,81.0,6.6,10111111,1959.37,768,29.4,4.12,418.2,1959.66,6.3,1.45, , 
,1959.96,800,81.0,6.3,10111111,1960.26,768,29.4,4.12,438.6,1960.57,5.9,1.48, , 
,1960.86,800,81.0,5.9,10111111,1961.17,800,31.0,4.12,438.6,1961.48,5.5,1.45, , 
,1961.78,768,81.0,5.1,10111111,1962.09,800,29.4,4.12,438.6,1962.39,4.7,1.48, , 
,1962.69,768,81.0,4.3,10111111,1963.00,800,31.0,4.12,438.6,1963.29,3.9,1.48, , 
,1963.59,768,81.0,3.9,10111111,1963.89,800,29.4,4.12,438.6,1964.20,3.1,1.45, , 
,1964.49,800,81.0,3.1,10111111,1964.78,800,29.4,4.12,418.2,1965.08,2.3,1.45, , 
,1965.37,800,81.0,2.0,10111111,1965.66,768,29.4,4.12,438.6,1965.97,1.2,1.45, , 
,1966.27,800,81.0,1.2,10111111,1966.55,800,29.4,4.12,418.2,1966.85,0.4,1.45, , 
,1967.13,800,81.0,0.4,10111111,1967.44,768,29.4,4.12,418.2,1967.74,-0.4,1.45, , 
,1968.04,800,81.0,-0.4,10111111,1968.34,800,29.4,4.12,438.6,1968.63,-0.4,1.48, , 
,1968.92,768,81.0,-0.8,10111111,1969.22,800,31.0,4.12,438.6,1969.51,-0.4,1.52, , 
,1969.80,768,81.0,-0.4,10111111,1970.10,800,31.0,4.12,438.6,1970.41,-0.4,1.52, , 
,1970.71,768,81.0,-0.4,10111111,1971.00,768,31.0,4.12,438.6,1971.29,-0.4,1.48, , 
,1971.58,768,81.0,-0.4,10111111,1971.88,800,31.0,4.12,438.6,1972.20,-0.4,1.48, , 
,1972.49,800,81.0,-0.4,10111111,1972.79,768,29.4,4.12,438.6,1973.09,-0.4,1.48, , 
,1973.38,768,81.0,-0.4,10111111,1973.68,800,31.0,4.12,438.6,1973.98,-0.4,1.48, , 
,1974.27,800,82.5,-0.4,10111111,1974.57,768,29.4,4.12,418.2,1974.87,-0.4,1.48, , 
,1975.17,800,82.5,-0.4,10111111,1975.48,768,31.0,4.12,438.6,1975.77,-0.4,1.52, , 
,1976.06,768,81.0,-0.4,10111111,1976.38,768,31.0,4.12,438.6,1976.68,-0.4,1.48, , 
,1976.97,800,82.5,-0.4,10111111,1977.28,800,29.4,4.12,438.6,1977.58,-0.8,1.48, , 
,1977.88,768,82.5,-0.8,10111111,1978.18,800,31.0,4.12,438.6,1978.47,-0.8,1.48, , 
,1978.77,768,82.5,-0.8,10111111,1979.07,800,29.4,4.12,438.6,1979.37,-1.2,1.48, , 
,1979.67,800,82.5,-1.2,10111111,1979.98,800,29.4,4.12,438.6,1980.27,-0.8,1.52, , 
,1980.57,800,82.5,-0.8,10111111,1980.88,768,29.4,4.12,418.2,1981.19,0.0,1.52, , 
,1981.55,1088,82.5,0.0,10101011,1981.92,1984,62.0,8.24,714.0,1982.23,0.0,1.52, , 
,1982.54,1184,82.5,0.0,10101011,1982.88,1408,63.5,9.27,754.8,1983.23,0.0,1.33, , 
,1983.56,1984,82.5,0.0,10101011,1983.90,2272,63.5,8.24,714.0,1984.25,0.0,1.88, , 
,1984.55,1632,82.5,0.0,10111111,1984.88,1344,28.2,4.12,377.4,1985.22,0.0,1.45, , 
,1985.54,1408,82.5,0.0,10101011,1985.89,1408,56.1,8.24,652.8,1986.26,0.0,1.25, , 
,1986.60,1568,82.5,0.0,10101011,1986.95,1664,59.2,8.24,693.6,1987.34,0.0,1.56, , 
,1987.67,1728,82.5,0.0,10101011,1988.01,1728,28.2,3.09,377.4,1988.37,1.6,1.56, , 
,1988.74,1728,82.5,1.6,10101011,1989.11,1792,42.7,6.18,499.8,1989.49,4.7,1.60, , 
,1989.87,1952,82.5,5.9,10101011,1990.21,1984,28.2,3.09,377.4,1990.56,0.0,1.45, , 
,1990.90,2048,82.5,-3.5,10101001,1991.26,2048,25.1,3.09,336.6,1991.62,-4.7,1.41, , 
,1991.95,2080,82.5,-5.9,10101001,1992.28,2112,34.1,4.12,418.2,1992.64,-2.3,1.68, , 
,1992.99,2240,82.5,-0.8,10101001,1993.30,2272,38.4,4.12,459.0,1993.64,0.4,1.52, , 
,1993.96,2304,82.5,0.4,10101001,1994.29,2272,19.2,2.06,275.4,1994.64,0.8,1.56, , 
,1994.98,2272,82.5,2.3,10111101,1995.31,2240,16.1,2.06,244.8,1995.62,5.9,1.60, , 
,1995.97,2176,82.5,0.0,10111101,1996.32,2112,0.0,0.00,244.8,1996.68,0.0,3.91, , 
,1997.04,2048,82.5,0.0,10101001,1997.39,1984,16.1,2.06,244.8,1997.75,0.0,1.09, , 
,1998.12,2016,82.5,0.0,10101001,1998.46,2080,48.6,6.18,571.2,1998.81,0.0,1.64, , 
,1999.16,2240,82.5,0.0,10101001,1999.48,2272,62.0,8.24,693.6,1999.81,0.4,1.48, , 
,2000.14,2528,82.5,0.0,11101001,2000.48,2656,75.3,10.30,826.2,2000.81,-0.8,1.45, , 
,2001.13,2464,82.5,0.0,11111101,2001.49,1984,0.0,0.00,295.8,2001.86,0.0,3.20, , 
,2002.22,1952,82.5,0.0,11101011,2002.59,1952,47.1,6.18,550.8,2002.93,0.0,1.52, , 
,2003.28,2016,82.5,0.0,11101001,2003.64,2080,56.1,7.21,652.8,2003.99,3.1,1.64, , 
,2004.33,2176,84.0,4.7,11101001,2004.69,2208,53.3,7.21,612.0,2005.02,7.0,1.52, , 
,2005.34,2304,82.5,9.0,11101001,2005.66,2336,35.3,5.15,438.6,2005.99,5.5,1.29, , 
,2006.32,2368,82.5,3.9,11101001,2006.67,2368,29.4,4.12,377.4,2007.05,2.3,1.41, , 
,2007.41,2400,82.5,1.6,11101001,2007.78,2432,29.4,4.12,377.4,2008.12,1.2,1.48, , 
,2008.46,2464,82.5,0.8,11101001,2008.82,2464,29.4,4.12,377.4,2009.14,1.2,1.52, , 
,2009.50,2528,82.5,1.6,11101001,2009.84,2528,28.2,3.09,357.0,2010.18,1.6,1.48, , 
,2010.54,2560,82.5,1.6,11101001,2010.86,2592,25.1,3.09,336.6,2011.21,0.4,1.45, , 
,2011.54,2592,82.5,2.0,11111101,2011.87,2592,17.6,2.06,244.8,2012.20,0.0,2.89, , 
,2012.52,2592,82.5,0.0,11111101,2012.86,2560,0.0,0.00,275.4,2013.18,0.0,3.87, , 
,2013.51,2560,82.5,0.0,11111101,2013.85,2560,0.0,0.00,244.8,2014.19,0.0,3.95, , 
,2014.52,2560,82.5,0.0,11111101,2014.86,2560,0.0,0.00,244.8,2015.19,0.0,3.87, , 
,2015.55,2528,82.5,0.0,11111101,2015.87,2528,0.0,0.00,244.8,2016.20,0.0,3.95, , 
,2016.52,2496,82.5,0.0,11111101,2016.83,2496,0.0,0.00,244.8,2017.15,0.0,3.91, , 
,2017.46,2464,82.5,0.0,11111101,2017.78,2464,0.0,0.00,244.8,2018.12,0.0,3.91, , 
,2018.44,2464,82.5,0.0,11111101,2018.77,2432,0.0,0.00,244.8,2019.11,0.0,4.02, , 
,2019.44,2432,82.5,0.0,11111101,2019.79,2400,0.0,0.00,244.8,2020.11,0.0,3.91, , 
,2020.44,2368,82.5,0.0,10111101,2020.77,2368,0.0,0.00,244.8,2021.10,0.0,3.91, , 
,2021.42,2336,82.5,0.0,10111101,2021.75,2336,0.0,0.00,244.8,2022.09,0.0,3.98, , 
,2022.42,2240,82.5,0.0,10111101,2022.78,2176,0.0,0.00,244.8,2023.12,0.0,3.98, , 
,2023.45,2112,82.5,0.0,10111101,2023.78,2080,0.0,0.00,244.8,2024.17,0.0,3.91, , 
,2024.52,2048,82.5,0.0,10111101,2024.87,2048,0.0,0.00,244.8,2025.21,0.0,3.98, , 
,2025.57,2016,82.5,0.0,10111101,2025.91,1984,0.0,0.00,244.8,2026.28,0.0,3.98, , 
,2026.63,1952,82.5,0.0,10111111,2026.98,1920,17.6,3.09,275.4,2027.32,0.0,2.27, , 
,2027.68,1888,82.5,0.0,10101011,2028.06,1888,17.6,2.06,275.4,2028.41,0.0,1.84, , 
,2028.77,1856,82.5,4.3,10101011,2029.14,1856,19.2,2.06,295.8,2029.52,4.7,1.64, , 
,2029.89,1856,82.5,6.6,10101011,2030.26,1824,19.2,2.06,275.4,2030.62,6.3,1.48, , 
,2030.94,1856,82.5,5.5,10101011,2031.30,1824,20.8,3.09,295.8,2031.67,5.1,1.45, , 
,2032.02,1856,82.5,3.9,10101011,2032.41,1856,28.2,4.12,377.4,2032.79,3.9,1.45, , 
,2033.15,1888,82.5,4.7,10101011,2033.51,1888,38.4,5.15,479.4,2033.87,6.3,1.52, , 
,2034.23,1920,82.5,7.8,10101011,2034.58,1952,36.9,5.15,459.0,2034.95,8.6,1.48, , 
,2035.31,1984,81.0,8.2,10101011,2035.65,1984,36.9,5.15,459.0,2036.01,7.8,1.45, , 
,2036.36,2016,82.5,7.0,10101001,2036.73,2048,36.9,5.15,459.0,2037.09,5.5,1.45, , 
,2037.45,2048,81.0,4.7,10101001,2037.79,2080,36.9,5.15,438.6,2038.12,2.0,1.37, , 
,2038.47,2112,81.0,1.2,10101001,2038.82,2112,35.3,4.12,438.6,2039.17,-2.0,1.37, , 
,2039.54,2112,81.0,0.8,10101001,2039.88,2048,19.2,2.06,275.4,2040.23,2.3,1.45, , 
,2040.56,2144,81.0,3.9,10101001,2040.89,2080,19.2,2.06,275.4,2041.25,3.9,1.60, , 
,2041.59,2080,81.0,0.8,10101001,2041.94,2080,23.5,3.09,336.6,2042.30,0.0,1.48, , 
,2042.64,2080,81.0,0.0,10101001,2042.99,2080,40.0,4.12,479.4,2043.33,5.9,1.64, , 
,2043.68,2112,81.0,10.9,10101001,2044.03,2112,36.9,4.12,459.0,2044.39,13.3,1.56, , 
,2044.74,2144,81.0,14.8,10101001,2045.09,2144,38.4,5.15,459.0,2045.42,16.4,1.52, , 
,2045.78,2176,81.0,16.8,10101001,2046.11,2176,38.4,5.15,459.0,2046.47,18.4,1.45, , 
,2046.82,2176,81.0,18.4,10101001,2047.17,2208,38.4,5.15,459.0,2047.51,18.8,1.45, , 
,2047.85,2208,81.0,19.5,10101001,2048.19,2208,41.2,5.15,479.4,2048.55,21.1,1.48, , 
,2048.87,2240,81.0,22.7,10101001,2049.20,2240,44.3,6.18,520.2,2049.53,24.6,1.52, , 
,2049.86,2272,81.0,26.6,10101001,2050.19,2272,44.3,6.18,520.2,2050.53,26.2,1.41, , 
,2050.88,2304,81.0,25.4,10101001,2051.20,2304,42.7,6.18,499.8,2051.53,25.4,1.41, , 
,2051.86,2336,81.0,24.6,10101001,2052.24,2368,44.3,6.18,520.2,2052.57,7.0,1.45, , 
,2052.88,2400,81.0,6.6,10101001,2053.21,2400,51.8,7.21,591.6,2053.57,5.5,1.37, , 
,2053.93,2464,81.0,5.9,11101001,2054.30,2464,48.6,7.21,571.2,2054.62,6.6,1.52, , 
,2054.96,2528,81.0,5.5,11101001,2055.29,2560,53.3,7.21,612.0,2055.61,4.7,1.48, , 
,2055.97,2592,81.0,3.9,11101001,2056.30,2592,0.0,0.00,459.0,2056.63,0.0,3.52, , 
,2056.92,1632,81.0,0.0,11111111,2057.26,1184,23.5,3.09,336.6,2057.56,0.0,3.67, , 
,2057.87,1152,81.0,0.0,11111111,2058.16,1472,22.0,3.09,316.2,2058.51,0.0,1.09, , 
,2058.84,1824,81.0,0.0,11111111,2059.17,1792,0.0,0.00,295.8,2059.52,0.0,3.87, , 
,2059.88,1760,81.0,0.0,11111111,2060.24,1728,0.0,0.00,316.2,2060.57,0.0,3.95, , 
,2060.90,1696,81.0,0.0,11111111,2061.22,1664,0.0,0.00,316.2,2061.58,0.0,3.95, , 
,2061.93,1664,81.0,0.0,11101011,2062.29,1632,22.0,3.09,316.2,2062.63,0.0,0.86, , 
,2062.99,1600,81.0,0.0,11101011,2063.37,1600,29.4,4.12,397.8,2063.70,0.8,1.56, , 
,2064.04,1600,81.0,2.0,11101011,2064.43,1600,36.9,5.15,459.0,2064.79,2.7,1.52, , 
,2065.16,1600,81.0,3.5,11101011,2065.51,1600,35.3,5.15,459.0,2065.84,4.7,1.52, , 
,2066.17,1632,81.0,5.5,11101011,2066.52,1632,35.3,5.15,459.0,2066.89,5.9,1.48, , 
,2067.21,1632,81.0,5.9,11101011,2067.57,1632,34.1,4.12,438.6,2067.92,5.1,1.48, , 
,2068.30,1632,81.0,4.7,11101011,2068.67,1632,34.1,4.12,438.6,2069.04,5.5,1.52, , 
,2069.39,1664,81.0,5.5,11101011,2069.74,1664,40.0,5.15,499.8,2070.08,6.3,1.52, , 
,2070.40,1664,81.0,7.8,11101011,2070.73,1664,40.0,6.18,499.8,2071.07,8.2,1.45, , 
,2071.44,1696,81.0,7.4,11101011,2071.80,1696,40.0,5.15,479.4,2072.13,7.8,1.45, , 
,2072.48,1696,81.0,7.4,11101011,2072.85,1696,38.4,5.15,479.4,2073.21,7.8,1.45, , 
,2073.56,1696,81.0,7.8,11101011,2073.93,1728,38.4,5.15,479.4,2074.31,7.8,1.45, , 
,2074.67,1728,81.0,7.0,11101011,2075.03,1728,36.9,5.15,459.0,2075.39,6.6,1.45, , 
,2075.77,1728,81.0,6.6,11101011,2076.13,1728,38.4,5.15,459.0,2076.49,7.0,1.48, , 
,2076.87,1760,81.0,5.9,11101011,2077.24,1728,34.1,4.12,438.6,2077.60,4.7,1.45, , 
,2077.94,1728,81.0,3.9,11101011,2078.32,1728,34.1,4.12,438.6,2078.68,3.9,1.52, , 
,2079.05,1760,81.0,3.5,11101011,2079.41,1728,31.0,4.12,397.8,2079.76,1.6,1.45, , 
,2080.15,1728,81.0,3.1,11101011,2080.53,1728,25.1,3.09,336.6,2080.87,3.5,1.52, , 
,2081.23,1728,81.0,2.3,11101011,2081.58,1728,20.8,2.06,295.8,2081.94,0.4,1.48, , 
,2082.31,1696,81.0,0.0,11101011,2082.63,1696,20.8,2.06,295.8,2083.00,-0.4,1.52, , 
,2083.38,1664,81.0,1.6,11101011,2083.75,1664,32.5,4.12,418.2,2084.14,3.9,1.60, , 
,2084.51,1664,81.0,5.5,11101011,2084.85,1664,35.3,5.15,438.6,2085.23,6.6,1.52, , 
,2085.56,1664,81.0,8.2,11101011,2085.90,1696,35.3,5.15,438.6,2086.25,9.4,1.48, , 
,2086.61,1696,81.0,9.8,11101011,2086.99,1696,35.3,5.15,438.6,2087.34,9.8,1.45, , 
,2087.69,1696,81.0,9.4,11101011,2088.04,1696,35.3,5.15,438.6,2088.40,8.6,1.41, , 
,2088.75,1728,81.0,8.2,11101011,2089.13,1728,34.1,5.15,438.6,2089.51,8.2,1.45, , 
,2089.83,1728,81.0,7.8,11101011,2090.18,1728,32.5,4.12,418.2,2090.52,7.4,1.48, , 
,2090.91,1728,81.0,7.0,11101011,2091.27,1760,25.1,3.09,336.6,2091.63,5.1,1.48, , 
,2091.99,1728,81.0,5.1,11101011,2092.34,1728,22.0,3.09,316.2,2092.68,3.1,1.41, , 
,2093.03,1728,81.0,2.7,11101011,2093.41,1696,20.8,3.09,316.2,2093.76,2.0,1.48, , 
,2094.09,1696,81.0,2.3,11101011,2094.44,1696,20.8,2.06,295.8,2094.77,1.6,1.48, , 
,2095.12,1696,81.0,2.0,11101011,2095.46,1696,20.8,3.09,316.2,2095.81,2.0,1.52, , 
,2096.17,1664,81.0,2.0,10101011,2096.52,1664,20.8,3.09,316.2,2096.91,3.5,1.52, , 
,2097.27,1664,81.0,4.3,10101011,2097.60,1664,22.0,3.09,316.2,2097.96,4.7,1.48, , 
,2098.32,1664,81.0,5.5,10101011,2098.67,1664,34.1,5.15,438.6,2099.05,7.8,1.52, , 
,2099.43,1664,81.0,9.4,10101011,2099.78,1664,36.9,5.15,459.0,2100.14,10.9,1.48, , 
,2100.54,1696,81.0,12.1,10101011,2100.87,1696,35.3,5.15,459.0,2101.24,11.7,1.45, , 
,2101.58,1696,81.0,10.9,10101011,2101.98,1728,35.3,5.15,459.0,2102.34,11.3,1.45, , 
,2102.71,1728,81.0,10.5,10101011,2103.08,1728,34.1,5.15,438.6,2103.43,9.0,1.41, , 
,2103.72,1600,81.0,0.0,10111111,2104.05,1152,25.1,4.12,357.0,2104.38,0.0,3.24, , 
,2104.70,1152,81.0,0.0,10111111,2105.02,1056,23.5,3.09,336.6,2105.33,0.0,0.70, , 
,2105.64,896,81.0,0.0,10111111,2105.93,864,25.1,3.09,377.4,2106.25,0.0,1.25, , 
,2106.56,864,81.0,-0.4,10111111,2106.87,896,26.7,3.09,397.8,2107.18,-0.8,1.48, , 
,2107.49,896,81.0,-0.4,10111111,2107.82,896,26.7,3.09,397.8,2108.14,-0.4,1.48, , 
,2108.45,896,81.0,-0.4,10111111,2108.76,896,26.7,3.09,397.8,2109.05,0.0,1.52, , 
,2109.35,896,81.0,0.4,10111111,2109.65,896,28.2,3.09,397.8,2109.95,0.8,1.52, , 
,2110.25,896,81.0,0.8,10111111,2110.58,896,26.7,3.09,397.8,2110.89,1.2,1.48, , 
,2111.19,896,81.0,1.2,10111111,2111.49,896,26.7,3.09,397.8,2111.81,1.2,1.48, , 
,2112.11,864,81.0,0.8,10111111,2112.41,896,26.7,3.09,397.8,2112.71,0.8,1.48, , 
,2113.04,896,81.0,0.8,10101011,2113.42,1280,29.4,4.12,397.8,2113.80,2.0,1.52, , 
,2114.17,1792,81.0,9.0,10101011,2114.53,1824,25.1,3.09,357.0,2114.90,1.6,1.37, , 
,2115.26,1888,81.0,-0.4,10101011,2115.63,1888,26.7,3.09,357.0,2116.01,-1.6,1.41, , 
,2116.37,1856,81.0,-2.0,10101011,2116.74,1856,23.5,3.09,336.6,2117.08,-0.4,1.56, , 
,2117.43,1856,81.0,5.5,10101011,2117.79,1824,17.6,2.06,275.4,2118.15,4.7,1.56, , 
,2118.49,1824,81.0,6.6,10101011,2118.84,1792,19.2,2.06,295.8,2119.22,3.9,1.48, , 
,2119.57,1792,81.0,3.5,10101011,2119.92,1792,19.2,2.06,295.8,2120.29,3.1,1.48, , 
,2120.65,1760,81.0,2.3,10101011,2120.98,1760,22.0,3.09,316.2,2121.34,3.1,1.52, , 
,2121.69,1760,81.0,2.7,10101011,2122.05,1760,29.4,4.12,377.4,2122.45,3.1,1.48, , 
,2122.83,1760,81.0,2.7,10101011,2123.18,1792,31.0,4.12,397.8,2123.54,2.7,1.48, , 
,2123.90,1792,81.0,2.7,10101011,2124.28,1824,29.4,4.12,397.8,2124.65,2.3,1.48, , 
,2125.00,1856,81.0,2.3,10101011,2125.37,1856,31.0,4.12,397.8,2125.74,2.3,1.52, , 
,2126.12,1888,81.0,6.3,10101011,2126.49,1888,41.2,6.18,499.8,2126.85,7.8,1.52, , 
,2127.20,1952,81.0,8.2,10101011,2127.55,1952,36.9,5.15,459.0,2127.91,7.4,1.41, , 
,2128.27,1984,81.0,6.6,10101011,2128.64,1984,35.3,5.15,438.6,2129.00,4.3,1.41, , 
,2129.38,2016,81.0,4.3,10101001,2129.73,2048,34.1,4.12,418.2,2130.06,3.1,1.41, , 
,2130.41,2048,81.0,1.2,10101001,2130.77,2080,26.7,3.09,357.0,2131.13,2.0,1.41, , 
,2131.49,2080,81.0,0.8,10101001,2131.85,2080,23.5,3.09,316.2,2132.18,3.9,1.48, , 
,2132.53,2080,81.0,3.1,10101001,2132.86,2048,20.8,2.06,295.8,2133.21,6.6,1.52, , 
,2133.57,2048,81.0,5.5,10101001,2133.92,2048,20.8,2.06,295.8,2134.27,5.5,1.52, , 
,2134.60,2048,81.0,7.0,10101001,2134.94,2048,23.5,3.09,316.2,2135.29,7.4,1.56, , 
,2135.63,2048,81.0,8.6,10101001,2136.01,2048,26.7,3.09,357.0,2136.37,10.2,1.52, , 
,2136.73,2080,81.0,10.2,10101001,2137.06,2080,35.3,4.12,438.6,2137.40,14.5,1.60, , 
,2137.75,2112,81.0,16.0,10101001,2138.11,2112,34.1,4.12,418.2,2138.46,16.4,1.48, , 
,2138.82,2176,81.0,16.4,10101001,2139.16,2176,32.5,4.12,418.2,2139.50,14.8,1.41, , 
,2139.86,2208,81.0,13.7,10101001,2140.20,2176,23.5,3.09,336.6,2140.54,14.5,1.52, , 
,2140.87,2176,81.0,14.1,10111101,2141.20,2144,16.1,2.06,244.8,2141.52,0.0,1.88, , 
,2141.86,2112,81.0,0.0,10111101,2142.21,2080,0.0,0.00,244.8,2142.54,0.0,3.98, , 
,2142.88,2016,81.0,0.0,10111101,2143.23,1984,0.0,0.00,244.8,2143.53,0.0,3.91, , 
,2143.86,1088,81.0,0.0,10111111,2144.20,928,34.1,5.15,438.6,2144.49,0.0,2.19, , 
,2144.80,928,81.0,0.0,10111111,2145.11,896,26.7,3.09,397.8,2145.44,0.0,0.98, , 
,2145.73,864,81.0,0.0,10111111,2146.03,864,28.2,3.09,397.8,2146.35,0.8,1.56, , 
,2146.66,864,81.0,2.0,10111111,2146.96,896,28.2,3.09,418.2,2147.25,5.1,1.64, , 
,2147.59,896,81.0,5.9,10111111,2147.90,896,28.2,3.09,397.8,2148.19,7.4,1.56, , 
,2148.50,896,81.0,7.4,10111111,2148.81,896,28.2,4.12,397.8,2149.14,1.6,1.48, , 
,2149.46,896,81.0,1.6,10111111,2149.77,896,28.2,4.12,397.8,2150.09,0.8,1.45, , 
,2150.42,1216,81.0,0.0,10101011,2150.75,1344,57.6,9.27,652.8,2151.09,0.0,0.82, , 
,2151.50,1472,81.0,0.0,10101011,2151.84,1600,87.1,14.42,989.4,2152.16,0.0,0.94, , 
,2152.49,1888,81.0,0.0,10101011,2152.86,1952,40.0,4.12,499.8,2153.22,0.0,1.64, , 
,2153.59,2080,81.0,0.0,10101001,2153.93,2016,17.6,2.06,275.4,2154.29,13.7,1.88, , 
,2154.65,1760,81.0,0.8,10101011,2154.99,1824,20.8,2.06,295.8,2155.35,0.0,1.33, , 
,2155.72,1696,81.0,1.6,10101011,2156.09,1728,23.5,3.09,336.6,2156.45,2.0,1.48, , 
,2156.81,1728,81.0,0.0,10101011,2157.13,1792,54.5,8.24,632.4,2157.49,0.0,1.48, , 
,2157.86,1856,81.0,0.0,10101011,2158.23,1920,50.2,7.21,591.6,2158.58,0.0,1.56, , 
,2158.94,2016,81.0,2.7,10101001,2159.29,2112,65.1,9.27,734.4,2159.61,-1.6,1.37, , 
,2159.96,2304,81.0,-1.6,10101001,2160.32,2432,71.0,9.27,775.2,2160.64,-3.9,1.41, , 
,2160.98,2656,81.0,-3.9,11101001,2161.33,2336,0.0,0.00,316.2,2161.66,0.0,3.83, , 
,2161.97,1312,81.0,0.0,11101011,2162.33,1792,26.7,4.12,357.0,2162.72,0.0,0.86, , 
,2163.10,1760,81.0,0.0,11101011,2163.47,1760,32.5,4.12,418.2,2163.84,-0.4,1.56, , 
,2164.19,1792,81.0,0.0,11101011,2164.56,1792,45.9,6.18,571.2,2164.93,3.5,1.68, , 
,2165.30,1824,81.0,4.3,11101011,2165.67,1856,35.3,5.15,438.6,2166.04,2.7,1.48, , 
,2166.40,1888,81.0,2.7,11101011,2166.76,1888,32.5,4.12,418.2,2167.12,0.8,1.37, , 
,2167.48,1920,81.0,-0.4,11101011,2167.84,1920,28.2,3.09,377.4,2168.20,-2.3,1.41, , 
,2168.56,1920,81.0,-3.5,11101011,2168.92,1920,26.7,3.09,357.0,2169.30,-0.8,1.48, , 
,2169.67,1920,81.0,-0.8,11101011,2170.03,1920,26.7,3.09,357.0,2170.41,-0.8,1.52, , 
,2170.78,1888,81.0,0.0,11101011,2171.14,1920,26.7,3.09,357.0,2171.51,1.2,1.48, , 
,2171.87,1920,81.0,1.2,11101011,2172.22,1920,26.7,3.09,357.0,2172.59,1.2,1.52, , 
,2172.95,1888,81.0,2.7,11101011,2173.31,1888,20.8,2.06,316.2,2173.69,0.8,1.41, , 
,2174.07,1888,81.0,0.4,11101011,2174.44,1856,20.8,2.06,295.8,2174.79,0.4,1.48, , 
,2175.13,1824,81.0,6.3,11101011,2175.48,1856,17.6,2.06,275.4,2175.85,5.9,1.45, , 
,2176.20,1792,81.0,9.4,11101011,2176.55,1792,19.2,2.06,295.8,2176.93,6.3,1.41, , 
,2177.28,1760,81.0,7.8,10111111,2177.64,1728,22.0,3.09,316.2,2177.97,0.0,1.56, , 
,2178.29,1696,81.0,0.0,10111111,2178.62,1664,0.0,0.00,316.2,2178.96,0.0,3.91, , 
,2179.31,1600,81.0,0.0,10111111,2179.63,1600,0.0,0.00,316.2,2179.95,0.0,3.95, , 
,2180.26,1152,81.0,0.0,10111111,2180.53,960,29.4,4.12,397.8,2180.87,0.0,2.30, , 
,2181.17,1024,81.0,0.0,10111111,2181.49,960,25.1,3.09,357.0,2181.79,0.0,0.70, , 
,2182.08,928,81.0,0.0,10111111,2182.36,864,26.7,3.09,397.8,2182.68,-3.5,1.33, , 
,2182.99,896,81.0,-3.9,10111111,2183.30,864,28.2,3.09,397.8,2183.60,-3.5,1.52, , 
,2183.90,896,81.0,-3.1,10111111,2184.21,896,28.2,3.09,397.8,2184.53,-1.6,1.56, , 
,2184.91,1888,81.0,0.0,10101011,2185.24,2016,59.2,8.24,673.2,2185.59,0.0,1.33, , 
,2185.92,2336,81.0,0.0,10101001,2186.23,2624,69.4,9.27,795.6,2186.59,0.0,2.85, , 
,2186.89,1696,81.0,0.0,11101011,2187.24,1536,76.9,16.48,846.6,2187.60,0.0,1.02, , 
,2187.98,1728,81.0,0.0,11101011,2188.35,1824,76.9,11.33,867.0,2188.71,0.0,1.37, , 
,2189.04,2112,81.0,-2.3,11101001,2189.37,2240,81.2,11.33,887.4,2189.72,-5.5,1.37, , 
,2190.07,2560,81.0,-5.9,11101001,2190.39,2624,75.3,10.30,826.2,2190.72,0.0,1.48, , 
,2191.07,2336,81.0,0.0,11111101,2191.44,1824,20.8,3.09,295.8,2191.81,0.0,1.41, , 
,2192.16,1920,81.0,0.0,11101011,2192.53,1952,73.7,11.33,826.2,2192.88,0.0,1.33, , 
,2193.22,2080,81.0,0.0,11101001,2193.57,2176,82.7,12.36,907.8,2193.90,-4.7,1.37, , 
,2194.21,2272,81.0,0.0,11101001,2194.53,2336,62.0,8.24,714.0,2194.86,0.0,1.45, , 
,2195.21,2400,81.0,-1.2,11101001,2195.54,2464,65.1,8.24,714.0,2195.89,-2.7,1.41, , 
,2196.23,2560,81.0,-3.9,11101001,2196.57,2624,78.4,11.33,846.6,2196.91,0.0,1.29, , 
,2197.25,2240,81.0,0.0,11111101,2197.58,1664,0.0,0.00,316.2,2197.94,0.0,3.87, , 
,2198.25,1088,81.0,0.0,11111111,2198.57,1056,26.7,4.12,377.4,2198.87,0.0,1.02, , 
,2199.17,992,81.0,0.0,11111111,2199.47,960,23.5,3.09,357.0,2199.81,0.0,0.74, , 
,2200.10,928,81.0,0.0,11111111,2200.43,928,25.1,3.09,377.4,2200.74,-3.1,1.29, , 
,2201.05,928,81.0,-3.5,11111111,2201.36,896,25.1,3.09,377.4,2201.68,-3.1,1.52, , 
,2201.98,896,81.0,-3.1,11111111,2202.28,896,25.1,3.09,377.4,2202.58,-2.3,1.52, , 
,2202.88,896,82.5,-2.0,11111111,2203.18,896,26.7,3.09,377.4,2203.54,0.0,1.41, , 
,2203.87,2144,82.5,0.0,11101001,2204.22,2592,22.0,2.06,316.2,2204.56,0.0,3.20, , 
,2204.96,1664,82.5,0.0,11111111,2205.30,1952,25.1,4.12,357.0,2205.65,0.0,0.70, , 
,2205.99,2240,82.5,0.0,11101001,2206.32,2240,48.6,7.21,571.2,2206.65,0.0,1.56, , 
,2206.98,2272,82.5,0.0,11101001,2207.33,2304,63.5,9.27,714.0,2207.67,0.0,1.60, , 
,2208.02,2400,82.5,0.0,11101001,2208.36,2432,63.5,9.27,714.0,2208.71,-1.6,1.41, , 
,2209.08,2496,82.5,-1.2,11101001,2209.41,2560,60.4,8.24,673.2,2209.76,1.2,1.52, , 
,2210.08,2592,82.5,0.0,11101001,2210.43,2592,23.5,2.06,316.2,2210.75,0.0,1.72, , 
,2211.11,2592,82.5,4.3,11111101,2211.46,2528,17.6,2.06,244.8,2211.79,0.0,2.85, , 
,2212.15,2528,82.5,0.0,11101001,2212.49,2464,16.1,2.06,244.8,2212.83,0.0,1.17, , 
,2213.17,2432,82.5,0.0,11101001,2213.52,2432,20.8,2.06,275.4,2213.89,-2.7,1.48, , 
,2214.25,2400,82.5,-0.8,11101001,2214.61,2400,34.1,4.12,418.2,2214.98,1.6,1.60, , 
,2215.32,2432,82.5,2.7,11101001,2215.69,2432,32.5,4.12,418.2,2216.04,2.7,1.48, , 
,2216.38,2432,81.0,3.9,11101001,2216.75,2464,35.3,5.15,418.2,2217.12,5.9,1.52, , 
,2217.49,2464,82.5,7.0,11101001,2217.86,2496,36.9,5.15,459.0,2218.18,5.5,1.41, , 
,2218.51,2496,81.0,3.9,11101001,2218.83,2528,34.1,5.15,418.2,2219.19,1.6,1.37, , 
,2219.53,2528,82.5,1.6,11101001,2219.89,2528,34.1,4.12,418.2,2220.24,0.8,1.48, , 
,2220.58,2560,81.0,0.8,11101001,2220.92,2560,35.3,4.12,418.2,2221.25,0.0,1.48, , 
,2221.58,2560,82.5,0.4,11101001,2221.93,2560,34.1,4.12,418.2,2222.28,0.0,1.48, , 
,2222.64,2560,82.5,0.4,11101001,2222.97,2592,34.1,4.12,418.2,2223.32,1.2,1.48, , 
,2223.68,2592,81.0,0.8,11101001,2224.00,2592,34.1,4.12,418.2,2224.36,-0.4,1.48, , 
,2224.71,2560,82.5,0.0,11111101,2225.07,2560,17.6,2.06,275.4,2225.40,0.0,1.76, , 
,2225.72,2496,81.0,0.0,11111101,2226.07,2496,0.0,0.00,244.8,2226.40,0.0,3.95, , 
,2226.71,2432,81.0,0.0,11111101,2227.03,2400,0.0,0.00,244.8,2227.36,0.0,3.98, , 
,2227.69,2336,81.0,0.0,11111101,2228.02,2304,0.0,0.00,244.8,2228.36,0.0,3.98, , 
,2228.71,2240,81.0,0.0,11111101,2229.05,2208,16.1,3.09,244.8,2229.40,0.0,1.76, , 
,2229.72,2144,81.0,0.0,11101001,2230.06,2144,16.1,2.06,244.8,2230.41,0.0,2.19, , 
,2230.77,2112,81.0,10.9,11101001,2231.11,2048,14.9,2.06,244.8,2231.46,6.6,1.41, , 
,2231.82,2016,81.0,8.2,11111101,2232.16,1984,0.0,0.00,244.8,2232.51,0.0,3.52, , 
,2232.85,1920,81.0,0.0,11111111,2233.21,1888,0.0,0.00,275.4,2233.56,0.0,3.95, , 
,2233.89,1760,81.0,0.0,11111111,2234.24,1696,0.0,0.00,316.2,2234.59,0.0,3.98, , 
,2234.94,1632,81.0,0.0,11111111,2235.28,1600,0.0,0.00,316.2,2235.63,0.0,3.98, , 
,2235.92,1504,81.0,0.0,11111111,2236.19,1472,22.0,4.12,316.2,2236.47,0.0,3.36, , 
,2236.79,1440,81.0,0.0,11101011,2237.15,1472,23.5,3.09,336.6,2237.48,0.0,0.63, , 
,2237.87,1504,81.0,0.0,11111111,2238.24,1472,22.0,3.09,316.2,2238.58,-1.2,1.52, , 
,2238.90,1216,81.0,-0.4,11111111,2239.20,1056,25.1,3.09,357.0,2239.53,0.0,1.56, , 
,2239.82,1184,81.0,0.4,11111111,2240.15,1504,22.0,3.09,316.2,2240.47,0.0,2.66, , 
,2240.82,1760,81.0,0.0,11101011,2241.18,1696,35.3,5.15,438.6,2241.53,0.0,1.56, , 
,2241.89,1728,81.0,2.7,11101011,2242.25,1792,56.1,8.24,632.4,2242.62,0.0,1.41, , 
,2242.98,1856,81.0,0.0,11101011,2243.33,1760,20.8,2.06,295.8,2243.71,10.9,1.88, , 
,2244.09,1728,81.0,6.3,11101011,2244.44,1696,36.9,5.15,438.6,2244.81,0.0,1.56, , 
,2245.19,1760,81.0,0.0,11101011,2245.56,1856,56.1,8.24,652.8,2245.92,0.0,1.56, , 
,2246.30,1984,81.0,0.4,11101011,2246.66,2048,54.5,7.21,632.4,2246.99,4.7,1.60, , 
,2247.31,2208,81.0,0.0,11101001,2247.65,2240,25.1,3.09,336.6,2247.98,0.0,1.52, , 
,2248.31,2240,81.0,0.0,11101001,2248.64,2272,38.4,5.15,459.0,2248.99,3.9,1.60, , 
,2249.33,2368,81.0,5.5,11101001,2249.67,2368,23.5,3.09,316.2,2249.99,0.0,1.52, , 
,2250.34,2368,81.0,-2.3,11101001,2250.66,2336,34.1,4.12,418.2,2250.99,-0.4,1.60, , 
,2251.34,2368,81.0,1.2,11101001,2251.67,2400,31.0,4.12,397.8,2252.04,0.4,1.48, , 
,2252.37,2432,81.0,0.8,11101001,2252.71,2432,31.0,4.12,397.8,2253.04,1.6,1.52, , 
,2253.35,2496,81.0,2.3,11101001,2253.68,2496,19.2,2.06,275.4,2254.00,0.0,1.45, , 
