Œroda,09,Wrzesieñ,2026,16:11:49:00009-VCID:1C3761778CABCE7337-515A,Wersja VCDS: AKP 23.3.1,Wersja danych: 20230601 DS346.2
047 906 033 L,,1.4l SIMOS3PA   00HS5401,

,Grupa A:,'001,,,,Grupa B:,'002,,,,Grupa C:,'032
,,Obroty silnika,Temperatura,Lambda,Bity binarnie,,Obroty silnika,Obci¹¿enie,Czas wtrysku,Ciœnienie rzecz.,,Lambda,Lambda, , 
,CZAS,,,,,CZAS,,,,,CZAS,,,,
Znacznik,ZAPISU, /min,*C, %,,ZAPISU, /min, %, ms, mbar,ZAPISU, %, %,,
,0.53,0,97.5,0.0,10110111,0.01,0,0.0,0.00,989.4,0.27,99.2,0.0, , 
,1.35,0,97.5,0.0,10110111,0.80,0,0.0,0.00,989.4,1.07,99.2,0.0, , 
,2.14,0,97.5,0.0,10110111,1.61,0,0.0,0.00,989.4,1.87,99.2,0.0, , 
,2.94,0,97.5,0.0,10110111,2.41,0,0.0,0.00,989.4,2.67,99.2,0.0, , 
,3.73,0,97.5,0.0,10110111,3.20,0,0.0,0.00,989.4,3.47,99.2,0.0, , 
,4.53,192,97.5,0.0,10110111,4.00,0,0.0,0.00,989.4,4.27,99.2,0.0, , 
,5.35,224,97.5,0.0,10110111,4.80,192,82.7,18.54,969.0,5.07,99.2,0.0, , 
,6.16,224,97.5,0.0,10110111,5.63,224,84.3,17.51,948.6,5.89,99.2,0.0, , 
,7.04,1056,97.5,0.0,10110111,6.45,544,66.3,11.33,867.0,6.74,0.0,0.0, , 
,7.97,864,97.5,0.0,10110111,7.36,928,31.0,5.15,438.6,7.68,0.0,0.0, , 
,8.88,896,97.5,0.0,10110111,8.27,832,34.1,5.15,479.4,8.57,0.0,0.0, , 
,9.78,800,97.5,0.0,10110111,9.18,864,34.1,5.15,479.4,9.48,0.0,0.0, , 
,10.67,832,97.5,0.0,10110111,10.07,800,35.3,5.15,479.4,10.38,0.0,0.0, , 
,11.55,800,96.0,0.0,10110111,10.97,832,35.3,5.15,479.4,11.26,0.0,0.0, , 
,12.45,832,96.0,0.0,10110111,11.84,800,34.1,5.15,479.4,12.14,0.0,0.0, , 
,13.37,800,94.5,0.0,10110111,12.76,832,34.1,5.15,459.0,13.06,0.0,0.0, , 
,14.28,800,94.5,0.0,10110111,13.67,800,32.5,5.15,459.0,13.97,0.0,0.0, , 
,15.16,800,94.5,0.0,10110111,14.57,800,32.5,5.15,459.0,14.86,0.0,0.0, , 
,16.03,800,91.5,0.0,10110111,15.45,800,32.5,4.12,459.0,15.75,0.0,0.0, , 
,16.92,800,91.5,0.0,10110111,16.31,800,31.0,4.12,438.6,16.62,0.0,0.0, , 
,17.79,800,91.5,0.0,10110111,17.20,800,31.0,4.12,438.6,17.50,0.0,0.0, , 
,18.69,800,91.5,0.0,10110111,18.11,800,31.0,4.12,438.6,18.41,0.0,0.0, , 
,19.59,832,90.0,0.0,10110111,18.99,832,31.0,4.12,438.6,19.30,0.0,0.0, , 
,20.44,800,90.0,0.0,10110111,19.87,800,29.4,4.12,418.2,20.16,0.0,0.0, , 
,21.35,800,88.5,0.0,10110111,20.75,800,29.4,4.12,418.2,21.04,0.0,0.0, , 
,22.24,800,88.5,0.0,10110111,21.65,800,29.4,4.12,418.2,21.95,0.0,0.0, , 
,23.18,800,88.5,0.0,10110111,22.55,800,29.4,4.12,418.2,22.86,0.0,0.0, , 
,24.11,1152,88.5,0.0,10100011,23.48,768,31.0,4.12,438.6,23.80,0.0,0.0, , 
,25.05,960,88.5,0.0,10100011,24.43,1216,40.0,5.15,499.8,24.75,0.0,0.0, , 
,25.94,640,88.5,0.0,10100011,25.34,864,50.2,7.21,632.4,25.66,0.0,0.0, , 
,26.79,864,88.5,0.0,10100011,26.21,672,63.5,9.27,754.8,26.50,0.0,0.0, , 
,27.77,1152,88.5,0.0,10100011,27.11,960,48.6,7.21,612.0,27.43,0.0,0.0, , 
,28.85,1472,88.5,0.0,10101011,28.13,1280,40.0,5.15,499.8,28.45,0.0,0.0, , 
,29.89,1792,88.5,0.0,10111111,29.16,1696,66.3,10.30,775.2,29.51,0.0,0.0, , 
,30.83,1216,88.5,0.0,10101011,30.21,1248,0.0,0.00,377.4,30.51,0.0,0.0, , 
,31.83,1248,88.5,0.0,10101011,31.15,1152,38.4,6.18,479.4,31.50,0.0,0.0, , 
,32.85,1600,88.5,0.0,10101011,32.17,1376,76.9,12.36,887.4,32.50,0.0,0.0, , 
,33.92,1984,88.5,5.9,10101011,33.22,1728,73.7,11.33,867.0,33.58,0.0,0.0, , 
,34.93,2368,88.5,7.0,10101001,34.27,2112,78.4,13.39,887.4,34.59,0.0,0.0, , 
,35.96,2752,88.5,10.2,10101001,35.28,2496,81.2,14.42,907.8,35.62,0.0,0.0, , 
,36.99,1856,88.5,0.0,10111111,36.30,2912,59.2,6.18,734.4,36.64,0.0,0.0, , 
,38.05,1888,88.5,0.0,10101011,37.34,1472,22.0,3.09,316.2,37.70,0.0,0.0, , 
,39.17,1984,88.5,0.0,10101001,38.42,1888,69.4,11.33,795.6,38.80,0.0,0.0, , 
,40.21,2144,88.5,5.9,10101001,39.51,2080,71.0,10.30,795.6,39.87,0.0,0.0, , 
,41.21,2304,88.5,9.8,10101001,40.54,2176,67.8,10.30,775.2,40.88,0.0,0.0, , 
,42.24,2432,88.5,13.3,10101001,41.54,2336,72.2,12.36,826.2,41.89,0.0,0.0, , 
,43.29,2592,88.5,12.9,10101001,42.60,2464,76.9,13.39,846.6,42.95,0.0,0.0, , 
,44.34,2784,88.5,12.9,11101001,43.63,2656,79.6,14.42,887.4,44.00,0.0,0.0, , 
,45.38,2944,88.5,12.9,11101001,44.69,2848,81.2,14.42,887.4,44.98,0.0,0.0, , 
,46.37,1568,88.5,0.0,11101011,45.68,2560,0.0,0.00,295.8,46.04,0.0,0.0, , 
,47.39,2144,88.5,0.0,11101001,46.71,2176,19.2,3.09,275.4,47.04,0.0,0.0, , 
,48.41,2176,88.5,2.3,11101001,47.74,2144,54.5,7.21,632.4,48.08,0.0,0.0, , 
,49.41,2208,88.5,7.0,11101001,48.75,2176,56.1,8.24,652.8,49.08,0.0,0.0, , 
,50.38,2272,88.5,10.9,11101001,49.72,2240,62.0,9.27,714.0,50.04,0.0,0.0, , 
,51.40,2304,88.5,11.7,11101001,50.72,2272,67.8,11.33,775.2,51.07,0.0,0.0, , 
,52.40,2400,88.5,14.1,11101001,51.74,2336,72.2,12.36,826.2,52.07,0.0,0.0, , 
,53.48,2464,90.0,14.8,11101001,52.77,2432,75.3,13.39,846.6,53.11,0.0,0.0, , 
,54.47,2528,88.5,16.4,11101001,53.81,2496,56.1,9.27,652.8,54.13,0.0,0.0, , 
,55.48,2560,88.5,16.4,11101001,54.81,2528,56.1,9.27,632.4,55.15,0.0,0.0, , 
,56.51,2592,88.5,16.8,11101001,55.83,2560,54.5,9.27,632.4,56.17,0.0,0.0, , 
,57.52,2656,88.5,12.9,11101001,56.84,2624,65.1,11.33,734.4,57.17,0.0,0.0, , 
,58.52,2720,88.5,9.8,11101001,57.85,2688,79.6,14.42,887.4,58.18,0.0,0.0, , 
,59.55,2816,88.5,8.2,11101001,58.85,2752,82.7,14.42,907.8,59.21,0.0,0.0, , 
,60.59,1440,88.5,0.0,11111111,59.90,2528,0.0,0.00,316.2,60.26,0.0,0.0, , 
,61.66,2112,88.5,0.0,11101001,60.96,1152,25.1,3.09,357.0,61.31,0.0,0.0, , 
,62.69,2112,88.5,0.8,11101001,61.99,2176,41.2,6.18,479.4,62.34,0.0,0.0, , 
,63.70,2112,88.5,4.7,11101001,63.03,2112,53.3,7.21,612.0,63.38,0.0,0.0, , 
,64.71,2144,88.5,2.0,11101001,64.05,2112,66.3,10.30,754.8,64.37,0.0,0.0, , 
,65.74,2176,88.5,6.3,11101001,65.06,2144,73.7,11.33,846.6,65.39,0.0,0.0, , 
,66.78,2208,88.5,10.9,11101001,66.09,2176,69.4,11.33,795.6,66.43,0.0,0.0, , 
,67.79,2240,88.5,14.8,11101001,67.11,2208,66.3,10.30,754.8,67.45,0.0,0.0, , 
,68.81,2272,88.5,14.8,11101001,68.13,2240,69.4,11.33,775.2,68.47,0.0,0.0, , 
,69.78,2272,88.5,15.2,11101001,69.13,2272,72.2,12.36,826.2,69.45,0.0,0.0, , 
,70.78,2304,88.5,13.3,11101001,70.11,2304,63.5,10.30,714.0,70.44,0.0,0.0, , 
,71.79,2304,88.5,7.8,11101001,71.13,2304,54.5,9.27,632.4,71.45,0.0,0.0, , 
,72.83,2304,88.5,7.4,11101001,72.12,2304,50.2,7.21,591.6,72.48,0.0,0.0, , 
,73.83,2336,88.5,8.2,11101001,73.16,2304,50.2,7.21,591.6,73.50,0.0,0.0, , 
,74.81,2336,88.5,9.4,11101001,74.16,2304,50.2,7.21,591.6,74.49,0.0,0.0, , 
,75.82,2336,88.5,15.6,11101001,75.16,2336,59.2,8.24,673.2,75.49,0.0,0.0, , 
,76.80,2368,87.0,17.2,11101001,76.16,2336,60.4,8.24,693.6,76.48,0.0,0.0, , 
,77.80,2368,88.5,17.2,11101001,77.13,2368,51.8,7.21,612.0,77.46,0.0,0.0, , 
,78.88,2368,87.0,0.0,11101001,78.18,2368,51.8,7.21,612.0,78.53,0.0,0.0, , 
,79.89,2368,88.5,18.4,11101001,79.21,2368,36.9,4.12,438.6,79.55,0.0,0.0, , 
,80.92,2336,87.0,23.8,11101001,80.23,2368,40.0,5.15,479.4,80.57,0.0,0.0, , 
,81.95,2336,87.0,28.5,11101001,81.25,2336,41.2,5.15,479.4,81.59,0.0,0.0, , 
,83.02,2336,87.0,28.9,11101001,82.29,2336,41.2,6.18,479.4,82.65,0.0,0.0, , 
,84.03,2336,87.0,13.3,11101001,83.35,2336,35.3,5.15,438.6,83.70,0.0,0.0, , 
,85.03,2336,87.0,15.2,11101001,84.36,2336,42.7,6.18,499.8,84.68,0.0,0.0, , 
,86.05,2336,87.0,16.8,11101001,85.37,2336,48.6,7.21,571.2,85.72,0.0,0.0, , 
,87.03,2368,87.0,18.4,11101001,86.36,2336,47.1,7.21,550.8,86.69,0.0,0.0, , 
,88.06,2368,87.0,10.2,11101001,87.41,2368,35.3,5.15,438.6,87.73,0.0,0.0, , 
,89.05,2368,87.0,1.6,11101001,88.40,2368,22.0,3.09,295.8,88.73,0.0,0.0, , 
,90.13,2368,87.0,-2.3,11101001,89.38,2368,22.0,3.09,295.8,89.73,0.0,0.0, , 
,91.12,2368,87.0,-6.6,11101001,90.44,2368,20.8,2.06,295.8,90.76,0.0,0.0, , 
,92.12,2368,87.0,-7.0,11101001,91.46,2368,22.0,2.06,295.8,91.78,0.0,0.0, , 
,93.15,2368,87.0,-3.5,11101001,92.45,2368,22.0,2.06,316.2,92.77,0.0,0.0, , 
,94.15,2368,87.0,0.0,11101001,93.50,2368,23.5,3.09,316.2,93.83,0.0,0.0, , 
,95.16,2368,87.0,9.0,11101001,94.48,2368,36.9,4.12,438.6,94.82,0.0,0.0, , 
,96.22,2368,87.0,14.5,11101001,95.51,2368,35.3,4.12,438.6,95.85,0.0,0.0, , 
,97.21,2368,87.0,19.9,11101001,96.55,2368,35.3,5.15,438.6,96.87,0.0,0.0, , 
,98.27,2368,85.5,24.2,11101001,97.54,2400,40.0,6.18,479.4,97.92,0.0,0.0, , 
,99.33,2368,85.5,24.6,11101001,98.65,2368,44.3,6.18,520.2,99.00,0.0,0.0, , 
,100.35,2336,85.5,0.0,11101001,99.66,2368,67.8,9.27,754.8,99.98,0.0,0.0, , 
,101.37,2368,85.5,5.9,11101001,100.69,2368,75.3,10.30,846.6,101.03,0.0,0.0, , 
,102.41,2368,85.5,13.7,11101001,101.73,2368,76.9,11.33,846.6,102.07,0.0,0.0, , 
,103.39,2368,85.5,22.7,11101001,102.73,2368,63.5,9.27,734.4,103.06,0.0,0.0, , 
,104.43,2368,85.5,28.1,11101001,103.73,2368,62.0,10.30,693.6,104.07,0.0,0.0, , 
,105.48,2368,85.5,28.1,11101001,104.77,2368,62.0,10.30,693.6,105.14,0.0,0.0, , 
,106.47,2368,85.5,26.2,11101001,105.81,2368,62.0,10.30,693.6,106.16,0.0,0.0, , 
,107.60,2400,85.5,25.8,11101001,106.81,2368,62.0,10.30,693.6,107.20,0.0,0.0, , 
,108.60,2400,85.5,23.4,11101001,107.92,2400,62.0,10.30,693.6,108.27,0.0,0.0, , 
,109.70,2400,85.5,21.5,11101001,108.96,2400,60.4,10.30,693.6,109.33,0.0,0.0, , 
,110.81,2432,85.5,20.3,11101001,110.07,2400,60.4,10.30,693.6,110.45,0.0,0.0, , 
,111.86,2432,85.5,20.3,11101001,111.19,2432,60.4,10.30,693.6,111.52,0.0,0.0, , 
,112.92,2464,85.5,19.1,11101001,112.21,2432,66.3,11.33,734.4,112.56,0.0,0.0, , 
,113.97,2464,85.5,19.1,11101001,113.26,2464,65.1,10.30,714.0,113.63,0.0,0.0, , 
,115.02,2464,85.5,18.4,11101001,114.32,2464,51.8,8.24,591.6,114.69,0.0,0.0, , 
,116.10,2464,85.5,16.0,11101001,115.37,2464,50.2,8.24,591.6,115.74,0.0,0.0, , 
,117.16,2464,85.5,15.2,11101001,116.48,2464,50.2,7.21,591.6,116.83,0.0,0.0, , 
,118.22,2464,85.5,14.8,11101001,117.50,2464,51.8,7.21,591.6,117.87,0.0,0.0, , 
,119.27,2464,85.5,15.6,11101001,118.58,2464,54.5,8.24,632.4,118.94,0.0,0.0, , 
,120.35,2464,85.5,17.2,11101001,119.62,2464,54.5,8.24,632.4,119.98,0.0,0.0, , 
,121.43,2464,84.0,17.2,11101001,120.73,2464,54.5,8.24,632.4,121.09,0.0,0.0, , 
,122.53,2464,85.5,18.4,11101001,121.80,2464,54.5,8.24,632.4,122.15,0.0,0.0, , 
,123.57,2464,84.0,18.4,11101001,122.89,2464,54.5,8.24,612.0,123.22,0.0,0.0, , 
,124.64,2464,84.0,16.8,11101001,123.94,2464,50.2,8.24,591.6,124.28,0.0,0.0, , 
,125.70,2464,85.5,13.7,11101001,125.00,2464,42.7,6.18,499.8,125.34,0.0,0.0, , 
,126.72,2432,84.0,12.9,11101001,126.05,2464,42.7,6.18,499.8,126.39,0.0,0.0, , 
,127.81,2432,84.0,-0.4,11101001,127.07,2464,29.4,3.09,377.4,127.43,0.0,0.0, , 
,128.84,2400,85.5,-5.9,11101001,128.16,2400,19.2,2.06,275.4,128.49,0.0,0.0, , 
,129.82,2368,84.0,-9.4,11101001,129.16,2400,19.2,2.06,275.4,129.48,0.0,0.0, , 
,130.81,2336,84.0,-11.7,11111101,130.16,2368,16.1,2.06,244.8,130.49,0.0,0.0, , 
,131.79,2304,84.0,0.0,11111101,131.14,2304,16.1,2.06,244.8,131.47,0.0,0.0, , 
,132.79,2240,85.5,0.0,11111101,132.13,2272,0.0,0.00,244.8,132.46,0.0,0.0, , 
,133.79,2208,84.0,0.0,11111101,133.12,2240,0.0,0.00,244.8,133.46,0.0,0.0, , 
,134.79,2176,84.0,0.0,11101001,134.13,2176,0.0,0.00,244.8,134.46,0.0,0.0, , 
,135.83,2144,84.0,0.0,11101001,135.15,2144,22.0,3.09,316.2,135.48,0.0,0.0, , 
,136.83,2144,84.0,3.9,11101001,136.16,2144,44.3,6.18,520.2,136.49,0.0,0.0, , 
,137.85,2144,84.0,-1.2,11101001,137.16,2144,26.7,3.09,357.0,137.50,0.0,0.0, , 
,138.88,2144,84.0,0.0,11101001,138.21,2144,44.3,6.18,520.2,138.54,0.0,0.0, , 
,139.92,2176,84.0,5.9,11101001,139.21,2144,59.2,8.24,673.2,139.57,0.0,0.0, , 
,140.93,2176,84.0,10.9,11101001,140.26,2176,67.8,10.30,754.8,140.60,0.0,0.0, , 
,141.97,2208,84.0,15.6,11101001,141.28,2208,72.2,11.33,795.6,141.62,0.0,0.0, , 
,142.98,2240,84.0,18.4,11101001,142.30,2240,69.4,11.33,775.2,142.63,0.0,0.0, , 
,144.00,2272,84.0,19.5,11101001,143.33,2272,69.4,11.33,775.2,143.65,0.0,0.0, , 
,145.08,2304,84.0,19.9,11101001,144.35,2304,69.4,11.33,775.2,144.72,0.0,0.0, , 
,146.07,2336,84.0,19.5,11101001,145.41,2336,67.8,11.33,754.8,145.74,0.0,0.0, , 
,147.12,2368,84.0,19.1,11101001,146.43,2368,66.3,11.33,754.8,146.78,0.0,0.0, , 
,148.13,2400,84.0,17.2,11101001,147.46,2368,66.3,11.33,734.4,147.77,0.0,0.0, , 
,149.24,2400,84.0,17.2,11101001,148.51,2400,56.1,9.27,632.4,148.90,0.0,0.0, , 
,150.24,2400,84.0,16.4,11101001,149.57,2400,57.6,9.27,652.8,149.90,0.0,0.0, , 
,151.30,2400,84.0,15.6,11101001,150.61,2400,57.6,9.27,652.8,150.97,0.0,0.0, , 
,152.36,2400,84.0,16.4,11101001,151.62,2400,57.6,9.27,652.8,152.00,0.0,0.0, , 
,153.45,2400,84.0,16.8,11101001,152.72,2400,56.1,9.27,652.8,153.08,0.0,0.0, , 
,154.48,2400,84.0,16.4,11101001,153.80,2400,53.3,8.24,612.0,154.14,0.0,0.0, , 
,155.55,2400,84.0,16.8,11101001,154.84,2400,53.3,8.24,612.0,155.19,0.0,0.0, , 
,156.59,2400,84.0,16.4,11101001,155.89,2400,53.3,8.24,612.0,156.25,0.0,0.0, , 
,157.65,2432,84.0,15.2,11101001,156.92,2432,53.3,8.24,612.0,157.28,0.0,0.0, , 
,158.70,2432,84.0,14.5,11101001,158.00,2432,53.3,8.24,612.0,158.36,0.0,0.0, , 
,159.75,2432,84.0,13.3,11101001,159.03,2432,51.8,8.24,591.6,159.40,0.0,0.0, , 
,160.83,2432,84.0,11.3,11101001,160.09,2432,41.2,6.18,499.8,160.46,0.0,0.0, , 
,161.87,2432,84.0,7.4,11101001,161.17,2432,40.0,6.18,479.4,161.52,0.0,0.0, , 
,162.95,2432,84.0,7.0,11101001,162.24,2432,31.0,4.12,397.8,162.58,0.0,0.0, , 
,164.07,2432,84.0,5.5,11101001,163.33,2432,32.5,4.12,397.8,163.72,0.0,0.0, , 
,165.19,2432,84.0,5.1,11101001,164.45,2432,31.0,4.12,397.8,164.82,0.0,0.0, , 
,166.25,2432,84.0,3.9,11101001,165.55,2432,31.0,4.12,397.8,165.90,0.0,0.0, , 
,167.29,2400,84.0,5.1,11101001,166.57,2400,28.2,4.12,357.0,166.92,0.0,0.0, , 
,168.37,2400,84.0,4.3,11101001,167.65,2400,28.2,4.12,357.0,168.02,0.0,0.0, , 
,169.39,2400,84.0,5.5,11101001,168.72,2400,28.2,4.12,357.0,169.06,0.0,0.0, , 
,170.55,2400,84.0,5.5,11101001,169.76,2400,28.2,4.12,357.0,170.15,0.0,0.0, , 
,171.56,2368,84.0,6.3,11101001,170.90,2368,26.7,3.09,336.6,171.24,0.0,0.0, , 
,172.55,2368,84.0,5.9,11101001,171.90,2368,28.2,3.09,357.0,172.22,0.0,0.0, , 
,173.56,2368,84.0,5.9,11101001,172.90,2368,28.2,3.09,357.0,173.25,0.0,0.0, , 
,174.59,2336,84.0,9.0,11101001,173.90,2368,29.4,4.12,377.4,174.25,0.0,0.0, , 
,175.60,2368,84.0,16.0,11101001,174.94,2336,41.2,5.15,479.4,175.27,0.0,0.0, , 
,176.68,2336,84.0,20.7,11101001,175.96,2368,41.2,6.18,499.8,176.32,0.0,0.0, , 
,177.72,2336,84.0,21.9,11101001,177.02,2368,47.1,7.21,550.8,177.37,0.0,0.0, , 
,178.72,2336,84.0,23.8,11101001,178.05,2336,48.6,7.21,571.2,178.38,0.0,0.0, , 
,179.72,2336,84.0,25.0,11101001,179.05,2336,50.2,7.21,571.2,179.38,0.0,0.0, , 
,180.71,2336,84.0,23.4,11101001,180.05,2336,50.2,8.24,591.6,180.39,0.0,0.0, , 
,181.71,2336,84.0,19.9,11101001,181.05,2336,50.2,8.24,591.6,181.38,0.0,0.0, , 
,182.71,2336,84.0,19.1,11101001,182.05,2336,50.2,7.21,591.6,182.39,0.0,0.0, , 
,183.76,2304,84.0,18.4,11101001,183.05,2304,50.2,7.21,591.6,183.41,0.0,0.0, , 
,184.76,2304,84.0,15.2,11101001,184.09,2304,50.2,7.21,591.6,184.43,0.0,0.0, , 
,185.79,2304,84.0,16.4,11101001,185.10,2304,53.3,8.24,612.0,185.45,0.0,0.0, , 
,186.80,2304,84.0,18.4,11101001,186.12,2304,59.2,9.27,673.2,186.45,0.0,0.0, , 
,187.83,2304,84.0,19.9,11101001,187.15,2304,62.0,10.30,693.6,187.49,0.0,0.0, , 
,188.86,2304,84.0,20.3,11101001,188.16,2304,60.4,9.27,693.6,188.51,0.0,0.0, , 
,189.86,2304,84.0,20.3,11101001,189.19,2304,60.4,10.30,693.6,189.53,0.0,0.0, , 
,190.89,2304,84.0,20.7,11101001,190.21,2304,60.4,10.30,693.6,190.53,0.0,0.0, , 
,191.90,2304,84.0,20.3,11101001,191.23,2304,62.0,10.30,693.6,191.56,0.0,0.0, , 
,192.92,2304,84.0,16.8,11101001,192.25,2304,53.3,8.24,612.0,192.57,0.0,0.0, , 
,193.91,2272,84.0,15.6,11101001,193.25,2272,53.3,8.24,612.0,193.59,0.0,0.0, , 
,194.89,2240,84.0,15.2,11101001,194.24,2272,53.3,8.24,612.0,194.56,0.0,0.0, , 
,195.89,2240,84.0,14.5,11101001,195.22,2240,54.5,8.24,632.4,195.55,0.0,0.0, , 
,196.91,2208,84.0,14.5,11101001,196.23,2240,54.5,8.24,632.4,196.56,0.0,0.0, , 
,197.92,2208,84.0,13.7,11101001,197.23,2208,54.5,8.24,632.4,197.57,0.0,0.0, , 
,198.94,2176,84.0,0.0,11101001,198.25,2176,41.2,5.15,499.8,198.59,0.0,0.0, , 
,199.94,2112,84.0,4.3,11101001,199.27,2144,34.1,4.12,418.2,199.60,0.0,0.0, , 
,200.99,2112,84.0,8.6,11101001,200.29,2112,35.3,4.12,438.6,200.65,0.0,0.0, , 
,202.03,2080,84.0,10.2,11101001,201.34,2080,34.1,4.12,418.2,201.69,0.0,0.0, , 
,203.05,2048,84.0,10.2,11101001,202.37,2080,34.1,5.15,438.6,202.72,0.0,0.0, , 
,204.08,2048,84.0,3.9,11111101,203.41,2048,32.5,4.12,418.2,203.75,0.0,0.0, , 
,205.12,2016,84.0,0.0,11111101,204.42,2016,16.1,2.06,244.8,204.76,0.0,0.0, , 
,206.19,1952,84.0,0.0,11111111,205.49,1984,0.0,0.00,244.8,205.85,0.0,0.0, , 
,207.22,1888,84.0,0.0,11111111,206.55,1920,0.0,0.00,275.4,206.89,0.0,0.0, , 
,208.29,1728,84.0,0.0,11111111,207.57,1888,0.0,0.00,275.4,207.94,0.0,0.0, , 
,209.26,1344,85.5,0.0,11111111,208.63,1216,0.0,0.00,357.0,208.94,0.0,0.0, , 
,210.25,2272,84.0,0.0,11101001,209.60,2080,0.0,0.00,275.4,209.92,0.0,0.0, , 
,211.28,2240,84.0,0.0,11101001,210.58,2240,16.1,2.06,244.8,210.93,0.0,0.0, , 
,212.32,2208,85.5,-6.3,11101001,211.63,2208,22.0,3.09,295.8,211.97,0.0,0.0, , 
,213.32,2176,84.0,-0.4,11101001,212.66,2176,31.0,4.12,397.8,212.99,0.0,0.0, , 
,214.35,2208,85.5,8.2,11101001,213.67,2176,38.4,5.15,459.0,214.01,0.0,0.0, , 
,215.36,2208,84.0,15.2,11101001,214.69,2208,48.6,7.21,571.2,215.01,0.0,0.0, , 
,216.38,2208,84.0,16.0,11101001,215.70,2208,42.7,6.18,520.2,216.04,0.0,0.0, , 
,217.36,2208,84.0,10.9,11101001,216.70,2208,29.4,4.12,377.4,217.02,0.0,0.0, , 
,218.36,2208,84.0,0.0,11101001,217.69,2208,22.0,3.09,316.2,218.03,0.0,0.0, , 
,219.36,2144,84.0,-9.0,11101001,218.69,2144,16.1,2.06,244.8,219.01,0.0,0.0, , 
,220.38,2080,84.0,0.0,11111101,219.71,2144,16.1,2.06,244.8,220.04,0.0,0.0, , 
,221.40,2016,84.0,0.0,11111101,220.71,2080,0.0,0.00,244.8,221.05,0.0,0.0, , 
,222.48,1984,84.0,0.0,11101011,221.76,2016,0.0,0.00,244.8,222.12,0.0,0.0, , 
,223.56,1920,84.0,0.0,11101011,222.85,1952,14.9,2.06,244.8,223.20,0.0,0.0, , 
,224.65,1888,84.0,-5.9,11101011,223.92,1888,17.6,2.06,275.4,224.28,0.0,0.0, , 
,225.72,1856,84.0,-4.7,11101011,225.01,1856,19.2,2.06,295.8,225.35,0.0,0.0, , 
,226.86,1824,84.0,0.4,11101011,226.09,1824,25.1,3.09,336.6,226.47,0.0,0.0, , 
,227.94,1792,84.0,4.7,11101011,227.20,1824,26.7,3.09,357.0,227.56,0.0,0.0, , 
,229.06,1824,84.0,12.9,11101011,228.32,1824,40.0,5.15,499.8,228.70,0.0,0.0, , 
,230.20,1824,84.0,16.4,11101011,229.45,1824,36.9,5.15,459.0,229.82,0.0,0.0, , 
,231.32,1824,84.0,12.5,11101011,230.55,1824,28.2,4.12,377.4,230.93,0.0,0.0, , 
,232.45,1824,84.0,8.6,11101011,231.69,1824,23.5,3.09,336.6,232.07,0.0,0.0, , 
,233.60,1824,84.0,6.6,11101011,232.85,1824,25.1,3.09,336.6,233.22,0.0,0.0, , 
,234.68,1824,84.0,8.6,11101011,233.94,1824,28.2,4.12,377.4,234.30,0.0,0.0, , 
,235.83,1824,84.0,6.3,11101011,235.06,1824,28.2,4.12,377.4,235.45,0.0,0.0, , 
,236.95,1856,84.0,4.7,11101011,236.21,1856,23.5,3.09,336.6,236.58,0.0,0.0, , 
,238.06,1856,84.0,2.7,11101011,237.33,1856,23.5,3.09,336.6,237.69,0.0,0.0, , 
,239.18,1856,84.0,2.7,11101011,238.45,1856,25.1,3.09,357.0,238.83,0.0,0.0, , 
,240.31,1856,84.0,6.3,11101011,239.54,1856,26.7,3.09,357.0,239.93,0.0,0.0, , 
,241.44,1856,84.0,9.0,11101011,240.69,1856,29.4,4.12,377.4,241.06,0.0,0.0, , 
,242.55,1888,84.0,12.1,11101011,241.79,1888,28.2,4.12,377.4,242.17,0.0,0.0, , 
,243.65,1856,84.0,9.4,11101011,242.90,1888,26.7,3.09,357.0,243.28,0.0,0.0, , 
,244.77,1856,84.0,7.0,11101011,244.03,1856,23.5,3.09,336.6,244.40,0.0,0.0, , 
,245.90,1824,84.0,2.0,11101011,245.14,1856,20.8,2.06,295.8,245.51,0.0,0.0, , 
,246.94,1792,84.0,1.6,11101011,246.26,1824,20.8,2.06,295.8,246.61,0.0,0.0, , 
,248.00,1792,84.0,2.3,11101011,247.33,1792,20.8,2.06,316.2,247.65,0.0,0.0, , 
,249.09,1760,84.0,7.0,11101011,248.36,1760,22.0,3.09,316.2,248.73,0.0,0.0, , 
,250.15,1728,84.0,10.5,11101011,249.44,1728,23.5,3.09,316.2,249.79,0.0,0.0, , 
,251.25,1728,84.0,17.6,11101011,250.54,1728,25.1,3.09,336.6,250.91,0.0,0.0, , 
,252.33,1696,84.0,20.7,11101011,251.62,1728,29.4,4.12,377.4,251.97,0.0,0.0, , 
,253.45,1696,84.0,21.1,11101011,252.73,1696,31.0,4.12,397.8,253.10,0.0,0.0, , 
,254.52,1664,84.0,10.5,11101011,253.80,1696,22.0,3.09,316.2,254.17,0.0,0.0, , 
,255.62,1632,84.0,1.2,11101011,254.87,1664,22.0,3.09,316.2,255.24,0.0,0.0, , 
,256.68,1632,84.0,4.7,11101011,255.97,1632,31.0,4.12,397.8,256.34,0.0,0.0, , 
,257.74,1632,84.0,1.6,11101011,257.03,1600,34.1,5.15,438.6,257.38,0.0,0.0, , 
,258.83,1600,84.0,5.1,11101011,258.10,1600,45.9,6.18,571.2,258.47,0.0,0.0, , 
,259.94,1632,84.0,8.2,11101011,259.18,1632,44.3,6.18,550.8,259.54,0.0,0.0, , 
,261.01,1632,84.0,8.6,11101011,260.29,1632,42.7,6.18,520.2,260.65,0.0,0.0, , 
,262.07,1632,84.0,9.0,11101011,261.36,1632,34.1,5.15,438.6,261.69,0.0,0.0, , 
,263.01,1056,84.0,0.0,11111111,262.39,1632,0.0,0.00,438.6,262.70,0.0,0.0, , 
,264.01,1856,84.0,0.0,11111111,263.35,1216,28.2,4.12,377.4,263.65,0.0,0.0, , 
,265.07,1984,84.0,0.0,11101001,264.38,2016,16.1,3.09,244.8,264.72,0.0,0.0, , 
,266.14,1920,84.0,0.0,11101011,265.42,1952,14.9,2.06,244.8,265.78,0.0,0.0, , 
,267.23,1920,84.0,4.7,11101011,266.51,1952,26.7,3.09,357.0,266.88,0.0,0.0, , 
,268.32,1952,84.0,7.8,11101011,267.60,1920,36.9,5.15,459.0,267.95,0.0,0.0, , 
,269.40,1984,84.0,8.2,11101011,268.68,1984,35.3,5.15,438.6,269.04,0.0,0.0, , 
,270.48,2016,84.0,8.2,11101001,269.76,1984,35.3,5.15,438.6,270.12,0.0,0.0, , 
,271.51,2048,84.0,9.0,11101001,270.83,2016,36.9,5.15,459.0,271.17,0.0,0.0, , 
,272.55,2080,84.0,8.6,11101001,271.86,2048,36.9,5.15,459.0,272.22,0.0,0.0, , 
,273.62,2112,84.0,7.4,11101001,272.90,2112,35.3,5.15,438.6,273.26,0.0,0.0, , 
,274.65,2144,84.0,5.9,11101001,273.97,2144,34.1,5.15,418.2,274.30,0.0,0.0, , 
,275.67,2144,84.0,-2.0,11101001,275.00,2144,25.1,3.09,336.6,275.34,0.0,0.0, , 
,276.69,2144,84.0,-2.3,11101001,276.02,2144,22.0,3.09,316.2,276.36,0.0,0.0, , 
,277.71,2144,82.5,-1.2,11101001,277.03,2144,22.0,3.09,316.2,277.36,0.0,0.0, , 
,278.74,2144,84.0,2.0,11101001,278.05,2144,22.0,2.06,295.8,278.40,0.0,0.0, , 
,279.74,2144,84.0,1.2,11101001,279.06,2144,22.0,2.06,316.2,279.40,0.0,0.0, , 
,280.80,2144,84.0,1.2,11101001,280.09,2144,22.0,2.06,316.2,280.45,0.0,0.0, , 
,281.80,2176,84.0,6.3,11101001,281.13,2176,23.5,3.09,316.2,281.46,0.0,0.0, , 
,282.79,2208,82.5,11.7,11101001,282.13,2208,28.2,3.09,357.0,282.46,0.0,0.0, , 
,283.82,2240,84.0,7.4,11101001,283.16,2240,25.1,3.09,336.6,283.49,0.0,0.0, , 
,284.80,2240,84.0,-3.1,11111101,284.16,2272,16.1,2.06,244.8,284.47,0.0,0.0, , 
,285.77,2208,84.0,0.0,11111101,285.11,2240,16.1,2.06,244.8,285.43,0.0,0.0, , 
,286.76,2176,84.0,0.0,11111101,286.11,2208,0.0,0.00,244.8,286.43,0.0,0.0, , 
,287.77,2144,84.0,0.0,11111101,287.09,2176,0.0,0.00,244.8,287.43,0.0,0.0, , 
,288.79,2144,84.0,0.0,11111101,288.11,2144,0.0,0.00,244.8,288.46,0.0,0.0, , 
,289.83,2144,84.0,0.0,11101001,289.12,2112,0.0,0.00,244.8,289.48,0.0,0.0, , 
,290.82,2144,84.0,0.0,11101001,290.16,2112,14.9,2.06,244.8,290.48,0.0,0.0, , 
,291.81,2176,84.0,-10.2,11101001,291.16,2144,16.1,2.06,244.8,291.49,0.0,0.0, , 
,292.82,2208,84.0,-12.1,11101001,292.15,2176,16.1,2.06,244.8,292.48,0.0,0.0, , 
,293.83,2208,84.0,-12.1,11101001,293.15,2208,16.1,2.06,244.8,293.50,0.0,0.0, , 
,294.81,2240,84.0,-11.3,11101001,294.17,2240,16.1,2.06,244.8,294.49,0.0,0.0, , 
,295.82,2272,84.0,-9.8,11101001,295.14,2240,16.1,2.06,244.8,295.48,0.0,0.0, , 
,296.81,2272,84.0,-8.2,11101001,296.15,2272,16.1,2.06,244.8,296.49,0.0,0.0, , 
,297.82,2304,84.0,-6.3,11101001,297.14,2272,16.1,2.06,244.8,297.48,0.0,0.0, , 
,298.79,2336,84.0,-5.1,11111101,298.15,2304,16.1,2.06,244.8,298.47,0.0,0.0, , 
,299.78,2336,84.0,0.0,11111101,299.13,2336,17.6,2.06,244.8,299.45,0.0,0.0, , 
,300.75,2304,84.0,0.0,11111101,300.10,2336,0.0,0.00,244.8,300.44,0.0,0.0, , 
,301.77,2272,84.0,0.0,11111101,301.09,2272,0.0,0.00,244.8,301.43,0.0,0.0, , 
,302.78,2208,84.0,0.0,11111101,302.11,2240,0.0,0.00,244.8,302.45,0.0,0.0, , 
,303.81,2176,84.0,0.0,11111101,303.13,2208,0.0,0.00,244.8,303.47,0.0,0.0, , 
,304.82,2144,84.0,0.0,11111101,304.16,2176,0.0,0.00,244.8,304.50,0.0,0.0, , 
,305.88,2112,84.0,0.0,11111101,305.17,2112,0.0,0.00,244.8,305.53,0.0,0.0, , 
,306.89,2048,84.0,0.0,11111101,306.21,2080,0.0,0.00,244.8,306.54,0.0,0.0, , 
,307.95,2048,84.0,0.0,10111101,307.25,2048,0.0,0.00,244.8,307.60,0.0,0.0, , 
,309.00,2048,84.0,0.0,10111101,308.30,2048,0.0,0.00,244.8,308.65,0.0,0.0, , 
,310.04,2048,84.0,0.0,10111101,309.35,2048,0.0,0.00,244.8,309.69,0.0,0.0, , 
,311.08,2048,82.5,0.0,10111101,310.39,2048,0.0,0.00,244.8,310.74,0.0,0.0, , 
,312.13,2048,82.5,0.0,10111101,311.43,2048,0.0,0.00,244.8,311.78,0.0,0.0, , 
,313.17,2048,82.5,0.0,10111101,312.47,2048,0.0,0.00,244.8,312.82,0.0,0.0, , 
,314.19,2080,82.5,0.0,10111101,313.52,2048,0.0,0.00,244.8,313.86,0.0,0.0, , 
,315.20,2112,82.5,0.0,10111101,314.52,2080,0.0,0.00,244.8,314.86,0.0,0.0, , 
,316.22,2144,82.5,0.0,10111101,315.53,2112,0.0,0.00,244.8,315.87,0.0,0.0, , 
,317.23,2144,82.5,0.0,10111101,316.55,2144,0.0,0.00,244.8,316.89,0.0,0.0, , 
,318.24,2176,82.5,0.0,10111101,317.57,2176,0.0,0.00,244.8,317.90,0.0,0.0, , 
,319.24,2208,82.5,0.0,10111101,318.56,2176,0.0,0.00,244.8,318.90,0.0,0.0, , 
,320.27,2208,82.5,0.0,10111101,319.59,2208,0.0,0.00,244.8,319.94,0.0,0.0, , 
,321.27,2240,82.5,0.0,10111101,320.61,2240,0.0,0.00,244.8,320.94,0.0,0.0, , 
,322.26,2272,82.5,0.0,10111101,321.60,2240,0.0,0.00,244.8,321.93,0.0,0.0, , 
,323.25,2304,82.5,0.0,10111101,322.58,2272,0.0,0.00,244.8,322.91,0.0,0.0, , 
,324.22,2336,82.5,0.0,10111101,323.57,2304,0.0,0.00,244.8,323.90,0.0,0.0, , 
,325.19,2336,82.5,0.0,10111101,324.54,2336,0.0,0.00,244.8,324.87,0.0,0.0, , 
,326.17,2336,82.5,0.0,10111101,325.51,2336,0.0,0.00,244.8,325.84,0.0,0.0, , 
,327.13,2336,82.5,0.0,10111101,326.50,2336,0.0,0.00,244.8,326.81,0.0,0.0, , 
,328.09,2336,82.5,0.0,10111101,327.44,2336,0.0,0.00,244.8,327.76,0.0,0.0, , 
,329.05,2336,82.5,0.0,10111101,328.41,2336,0.0,0.00,244.8,328.73,0.0,0.0, , 
,330.02,2304,82.5,0.0,10111101,329.38,2336,0.0,0.00,244.8,329.70,0.0,0.0, , 
,330.98,2272,82.5,0.0,10111101,330.33,2304,0.0,0.00,244.8,330.66,0.0,0.0, , 
,331.99,2272,81.0,0.0,10111101,331.31,2272,0.0,0.00,244.8,331.65,0.0,0.0, , 
,333.00,2240,81.0,0.0,10111101,332.32,2240,0.0,0.00,244.8,332.65,0.0,0.0, , 
,334.02,2176,81.0,0.0,10111101,333.34,2208,0.0,0.00,244.8,333.69,0.0,0.0, , 
,335.02,2144,81.0,0.0,10111101,334.36,2176,0.0,0.00,244.8,334.69,0.0,0.0, , 
,336.06,1888,81.0,0.0,10111111,335.34,2144,0.0,0.00,244.8,335.70,0.0,0.0, , 
,337.03,960,81.0,0.0,10111111,336.41,1344,0.0,0.00,336.6,336.72,0.0,0.0, , 
,337.95,1568,81.0,0.0,10111111,337.36,1120,28.2,4.12,397.8,337.66,0.0,0.0, , 
,338.96,1536,81.0,0.0,10101011,338.29,1536,0.0,0.00,336.6,338.64,0.0,0.0, , 
,339.99,1568,81.0,0.0,10101011,339.31,1536,22.0,3.09,316.2,339.67,0.0,0.0, , 
,341.01,1600,81.0,2.7,10101011,340.30,1568,22.0,3.09,316.2,340.65,0.0,0.0, , 
,342.07,1600,81.0,5.1,10101011,341.38,1600,22.0,3.09,316.2,341.70,0.0,0.0, , 
,343.14,1632,81.0,8.2,10101011,342.41,1600,22.0,3.09,316.2,342.76,0.0,0.0, , 
,344.25,1664,81.0,10.5,10101011,343.51,1632,22.0,3.09,316.2,343.87,0.0,0.0, , 
,345.29,1664,81.0,13.3,10101011,344.61,1664,22.0,3.09,316.2,344.95,0.0,0.0, , 
,346.38,1664,81.0,14.8,10101011,345.67,1664,22.0,3.09,316.2,346.01,0.0,0.0, , 
,347.44,1696,81.0,16.0,10101011,346.70,1696,22.0,3.09,316.2,347.07,0.0,0.0, , 
,348.50,1696,81.0,16.0,10101011,347.78,1696,20.8,3.09,316.2,348.16,0.0,0.0, , 
,349.52,1696,81.0,16.0,10101011,348.83,1696,20.8,3.09,295.8,349.16,0.0,0.0, , 
,350.59,1696,81.0,14.8,10101011,349.86,1696,20.8,3.09,316.2,350.21,0.0,0.0, , 
,351.65,1696,81.0,15.2,10101011,350.95,1728,20.8,3.09,316.2,351.32,0.0,0.0, , 
,352.76,1696,81.0,14.8,10101011,352.00,1696,20.8,3.09,295.8,352.36,0.0,0.0, , 
,353.82,1696,81.0,15.2,10101011,353.13,1696,20.8,3.09,316.2,353.48,0.0,0.0, , 
,354.89,1696,81.0,15.2,10101011,354.17,1696,20.8,3.09,316.2,354.53,0.0,0.0, , 
,355.94,1696,81.0,14.8,10101011,355.26,1696,20.8,3.09,316.2,355.61,0.0,0.0, , 
,356.98,1696,81.0,14.5,10101011,356.27,1696,20.8,3.09,316.2,356.61,0.0,0.0, , 
,358.08,1696,81.0,14.5,10101011,357.34,1696,20.8,3.09,316.2,357.70,0.0,0.0, , 
,359.19,1696,81.0,14.5,10101011,358.45,1696,22.0,3.09,316.2,358.82,0.0,0.0, , 
,360.24,1696,81.0,14.8,10101011,359.55,1664,25.1,3.09,336.6,359.88,0.0,0.0, , 
,361.24,1056,81.0,0.0,10111111,360.61,1504,0.0,0.00,336.6,360.92,0.0,0.0, , 
,362.16,1120,81.0,0.0,10111111,361.54,1184,28.2,4.12,377.4,361.84,0.0,0.0, , 
,363.12,896,81.0,0.4,10111111,362.50,1056,23.5,3.09,357.0,362.79,0.0,0.0, , 
,364.04,928,81.0,2.7,10111111,363.43,896,26.7,3.09,397.8,363.73,0.0,0.0, , 
,364.93,960,81.0,3.9,10111111,364.36,960,26.7,4.12,377.4,364.63,0.0,0.0, , 
,365.88,928,81.0,4.7,10111111,365.26,928,25.1,3.09,377.4,365.57,0.0,0.0, , 
,366.75,928,81.0,5.5,10111111,366.16,960,25.1,3.09,377.4,366.44,0.0,0.0, , 
,367.73,896,81.0,5.5,10111111,367.07,896,23.5,3.09,357.0,367.41,0.0,0.0, , 
,368.64,896,81.0,5.9,10111111,368.06,896,25.1,3.09,377.4,368.36,0.0,0.0, , 
,369.58,896,81.0,5.5,10111111,368.95,896,25.1,3.09,377.4,369.26,0.0,0.0, , 
,370.49,896,81.0,4.3,10111111,369.88,864,25.1,3.09,377.4,370.18,0.0,0.0, , 
,371.36,864,81.0,3.5,10111111,370.77,864,25.1,3.09,377.4,371.06,0.0,0.0, , 
,372.30,864,81.0,3.5,10111111,371.67,896,25.1,3.09,377.4,372.00,0.0,0.0, , 
,373.20,896,81.0,3.1,10111111,372.60,864,25.1,3.09,377.4,372.89,0.0,0.0, , 
,374.11,928,81.0,3.5,10111111,373.49,896,25.1,3.09,377.4,373.79,0.0,0.0, , 
,375.04,1056,81.0,3.9,10111111,374.41,1056,23.5,3.09,336.6,374.72,0.8,0.0, , 
,375.99,1024,81.0,5.1,10101011,375.37,1056,19.2,3.09,316.2,375.67,0.0,0.0, , 
,377.00,1056,81.0,9.4,10101011,376.33,960,35.3,5.15,459.0,376.67,0.0,0.0, , 
,377.96,1120,81.0,5.9,10101011,377.33,1056,40.0,6.18,499.8,377.63,0.0,0.0, , 
,378.93,1280,81.0,3.9,10101011,378.26,1152,42.7,6.18,550.8,378.58,0.0,0.0, , 
,380.06,1440,81.0,5.5,10101011,379.26,1344,40.0,6.18,499.8,379.61,0.0,0.0, , 
,381.14,1632,81.0,6.3,10101011,380.39,1536,36.9,5.15,459.0,380.76,0.0,0.0, , 
,382.25,1856,81.0,1.6,10101011,381.51,1696,41.2,6.18,499.8,381.88,0.0,0.0, , 
,383.28,2112,81.0,1.6,10101001,382.60,1920,48.6,6.18,571.2,382.96,0.0,0.0, , 
,384.29,2368,81.0,1.2,10101001,383.62,2208,48.6,7.21,571.2,383.95,0.0,0.0, , 
,385.32,2688,81.0,5.1,10101001,384.63,2496,47.1,6.18,550.8,384.97,0.0,0.0, , 
,386.33,1440,81.0,0.0,10101011,385.66,2464,0.0,0.00,316.2,385.99,0.0,0.0, , 
,387.43,1888,81.0,0.0,10101011,386.70,1920,25.1,4.12,336.6,387.06,0.0,0.0, , 
,388.54,2016,81.0,-6.3,10101001,387.80,1920,26.7,3.09,357.0,388.18,0.0,0.0, , 
,389.60,2144,81.0,0.8,10101001,388.91,2048,40.0,5.15,479.4,389.26,0.0,0.0, , 
,390.63,2272,81.0,4.3,10101001,389.96,2176,47.1,6.18,550.8,390.30,0.0,0.0, , 
,391.66,2400,81.0,6.6,10101001,390.98,2336,47.1,7.21,550.8,391.31,0.0,0.0, , 
,392.65,2592,82.5,9.4,10101001,391.99,2464,53.3,8.24,612.0,392.33,0.0,0.0, , 
,393.68,2752,81.0,12.1,10101001,393.00,2624,62.0,10.30,693.6,393.33,0.0,0.0, , 
,394.63,2944,81.0,16.0,10101001,394.01,2816,63.5,10.30,693.6,394.34,0.0,0.0, , 
,395.67,1568,81.0,0.0,11111111,394.96,2656,0.0,0.00,316.2,395.32,0.0,0.0, , 
,396.71,2144,81.0,0.0,11101001,396.04,1728,26.7,4.12,357.0,396.38,0.0,0.0, , 
,397.74,2240,81.0,0.0,11101001,397.06,2208,66.3,10.30,734.4,397.41,0.0,0.0, , 
,398.76,2336,81.0,5.5,11101001,398.09,2272,72.2,11.33,795.6,398.44,0.0,0.0, , 
,399.78,2400,81.0,9.8,11101001,399.11,2336,71.0,11.33,775.2,399.44,0.0,0.0, , 
,400.80,2464,81.0,0.0,11101001,400.13,2432,69.4,11.33,775.2,400.47,0.0,0.0, , 
,401.84,2496,81.0,5.9,11101001,401.16,2464,62.0,9.27,693.6,401.50,0.0,0.0, , 
,402.85,2560,81.0,11.3,11101001,402.18,2528,63.5,9.27,693.6,402.52,0.0,0.0, , 
,403.83,2624,81.0,14.8,11101001,403.20,2592,65.1,10.30,734.4,403.52,0.0,0.0, , 
,404.82,2688,81.0,10.2,11101001,404.16,2656,65.1,11.33,714.0,404.49,0.0,0.0, , 
,405.82,2784,81.0,7.4,11101001,405.14,2720,82.7,14.42,907.8,405.48,0.0,0.0, , 
,406.82,1984,81.0,0.0,11111101,406.15,2784,82.7,13.39,907.8,406.50,0.0,0.0, , 
,407.87,2112,81.0,0.0,11101001,407.14,1536,0.0,0.00,316.2,407.51,0.0,0.0, , 
,408.91,2112,81.0,0.0,11101001,408.21,2080,31.0,4.12,377.4,408.55,0.0,0.0, , 
,409.94,2144,82.5,4.7,11101001,409.26,2144,65.1,9.27,734.4,409.59,0.0,0.0, , 
,410.99,2176,82.5,8.2,11101001,410.30,2176,71.0,11.33,795.6,410.65,0.0,0.0, , 
,412.02,2208,81.0,9.4,11101001,411.33,2176,71.0,11.33,775.2,411.68,0.0,0.0, , 
,413.02,2240,82.5,10.9,11101001,412.35,2240,69.4,11.33,775.2,412.69,0.0,0.0, , 
,414.03,2272,82.5,10.9,11101001,413.36,2240,69.4,11.33,775.2,413.70,0.0,0.0, , 
,415.02,2304,82.5,10.9,11101001,414.36,2272,69.4,11.33,775.2,414.68,0.0,0.0, , 
,416.01,2304,82.5,10.5,11101001,415.36,2304,67.8,11.33,754.8,415.69,0.0,0.0, , 
,417.05,2336,82.5,10.2,11101001,416.35,2336,66.3,10.30,754.8,416.70,0.0,0.0, , 
,418.07,2368,82.5,9.0,11101001,417.39,2336,60.4,9.27,693.6,417.73,0.0,0.0, , 
,419.10,2368,82.5,0.0,11101001,418.45,2368,60.4,9.27,693.6,418.78,0.0,0.0, , 
,420.10,2368,82.5,10.5,11101001,419.43,2368,47.1,6.18,550.8,419.76,0.0,0.0, , 
,421.09,2368,84.0,10.9,11101001,420.44,2368,47.1,6.18,550.8,420.77,0.0,0.0, , 
,422.08,2368,84.0,11.3,11101001,421.42,2368,51.8,7.21,591.6,421.74,0.0,0.0, , 
,423.14,2400,84.0,12.5,11101001,422.42,2400,51.8,7.21,591.6,422.80,0.0,0.0, , 
,424.20,2400,84.0,10.2,11101001,423.49,2400,51.8,7.21,591.6,423.82,0.0,0.0, , 
,425.29,2432,84.0,10.5,11101001,424.56,2400,50.2,7.21,591.6,424.92,0.0,0.0, , 
,426.33,2432,84.0,10.2,11101001,425.65,2400,50.2,7.21,591.6,425.99,0.0,0.0, , 
,427.33,2400,84.0,0.0,11111101,426.66,2432,50.2,7.21,571.2,426.98,0.0,0.0, , 
,428.35,2368,84.0,0.0,11101001,427.67,2400,17.6,2.06,244.8,428.03,0.0,0.0, , 
,429.34,2336,84.0,-3.9,11101001,428.67,2368,16.1,2.06,244.8,429.01,0.0,0.0, , 
,430.37,2336,84.0,2.0,11101001,429.67,2368,48.6,7.21,571.2,430.01,0.0,0.0, , 
,431.38,2368,84.0,7.0,11101001,430.71,2368,48.6,6.18,571.2,431.05,0.0,0.0, , 
,432.39,2368,84.0,9.8,11101001,431.70,2368,53.3,7.21,612.0,432.04,0.0,0.0, , 
,433.45,2368,84.0,12.9,11101001,432.76,2368,51.8,8.24,591.6,433.12,0.0,0.0, , 
,434.40,2400,84.0,14.1,11101001,433.77,2400,51.8,7.21,591.6,434.08,0.0,0.0, , 
,435.44,2400,84.0,13.3,11101001,434.77,2400,51.8,8.24,591.6,435.11,0.0,0.0, , 
,436.47,2400,84.0,14.1,11101001,435.80,2400,51.8,8.24,591.6,436.12,0.0,0.0, , 
,437.50,2432,84.0,12.5,11101001,436.80,2400,51.8,7.21,591.6,437.16,0.0,0.0, , 
,438.60,2432,84.0,9.8,11101001,437.86,2400,50.2,7.21,591.6,438.23,0.0,0.0, , 
,439.62,2400,84.0,-2.0,11101001,438.91,2400,23.5,3.09,316.2,439.22,0.0,0.0, , 
,440.71,2368,84.0,-4.7,11101001,440.02,2368,20.8,2.06,295.8,440.35,0.0,0.0, , 
,441.73,2336,84.0,-5.5,11101001,441.04,2336,22.0,3.09,295.8,441.39,0.0,0.0, , 
,442.75,2304,84.0,-0.8,11101001,442.08,2336,34.1,4.12,418.2,442.43,0.0,0.0, , 
,443.78,2336,84.0,7.0,11101001,443.11,2336,41.2,5.15,499.8,443.46,0.0,0.0, , 
,444.79,2336,84.0,9.8,11101001,444.13,2336,48.6,7.21,571.2,444.46,0.0,0.0, , 
,445.85,2336,84.0,12.9,11101001,445.14,2336,48.6,7.21,571.2,445.49,0.0,0.0, , 
,446.84,2336,85.5,0.0,11101001,446.19,2336,53.3,8.24,612.0,446.51,0.0,0.0, , 
,447.85,2304,84.0,0.0,11101001,447.18,2336,22.0,3.09,316.2,447.51,0.0,0.0, , 
,448.83,1504,84.0,0.0,11101011,448.18,2304,53.3,7.21,612.0,448.52,0.0,0.0, , 
,449.79,2848,84.0,0.0,11101001,449.17,2112,26.7,4.12,357.0,449.45,0.0,0.0, , 
,450.83,2848,84.0,0.0,11101001,450.12,2944,28.2,3.09,357.0,450.49,0.0,0.0, , 
,451.86,2880,84.0,2.0,11101001,451.18,2848,54.5,7.21,612.0,451.52,0.0,0.0, , 
,452.85,2912,84.0,9.0,11101001,452.18,2880,53.3,7.21,612.0,452.51,0.0,0.0, , 
,453.99,2912,85.5,13.3,11101001,453.20,2912,50.2,7.21,591.6,453.58,0.0,0.0, , 
,454.99,2944,84.0,13.7,11101001,454.27,2944,50.2,7.21,571.2,454.65,0.0,0.0, , 
,456.07,2944,84.0,12.5,11101001,455.34,2944,48.6,7.21,571.2,455.61,0.0,0.0, , 
,456.97,2976,84.0,12.1,11101001,456.44,2976,44.3,6.18,499.8,456.71,0.0,0.0, , 
,458.12,2976,84.0,10.2,11101001,457.40,2976,40.0,6.18,479.4,457.86,0.0,0.0, , 
,459.18,2976,84.0,8.6,11101001,458.39,2976,36.9,5.15,459.0,458.72,0.0,0.0, , 
,460.19,2976,84.0,7.0,11101001,459.47,2976,38.4,5.15,459.0,459.73,0.0,0.0, , 
,461.29,2944,84.0,7.0,11101001,460.55,2976,38.4,5.15,459.0,460.82,0.0,0.0, , 
,462.34,2944,85.5,7.4,11101001,461.60,2944,36.9,5.15,459.0,461.87,0.0,0.0, , 
,463.40,2944,84.0,6.6,11101001,462.64,2944,36.9,5.15,438.6,462.96,0.0,0.0, , 
,464.39,2944,84.0,7.0,11101001,463.68,2944,38.4,5.15,459.0,464.13,0.0,0.0, , 
,465.48,2944,84.0,7.8,11101001,464.80,2944,38.4,5.15,459.0,465.11,0.0,0.0, , 
,466.52,2944,84.0,7.8,11101001,465.82,2944,38.4,5.15,459.0,466.14,0.0,0.0, , 
,467.51,2944,84.0,7.4,11101001,466.80,2944,38.4,5.15,459.0,467.25,0.0,0.0, , 
,468.60,2976,84.0,8.2,11101001,467.90,2944,38.4,5.15,459.0,468.32,0.0,0.0, , 
,469.65,2944,84.0,7.8,11101001,468.87,2944,38.4,5.15,459.0,469.34,0.0,0.0, , 
,470.67,2944,84.0,7.4,11101001,469.95,2944,40.0,5.15,459.0,470.41,0.0,0.0, , 
,471.74,2944,84.0,8.2,11101001,471.09,2944,38.4,5.15,459.0,471.39,0.0,0.0, , 
,472.80,2944,84.0,8.6,11101001,472.10,2944,38.4,5.15,459.0,472.41,0.0,0.0, , 
,473.79,2944,84.0,8.2,11101001,473.07,2944,38.4,5.15,459.0,473.51,0.0,0.0, , 
,474.95,2944,85.5,8.6,11101001,474.23,2944,38.4,5.15,459.0,474.51,0.0,0.0, , 
,475.97,2944,85.5,8.6,11101001,475.22,2944,40.0,5.15,459.0,475.64,0.0,0.0, , 
,477.01,2944,84.0,7.8,11101001,476.34,2944,40.0,5.15,479.4,476.70,0.0,0.0, , 
,478.16,2944,84.0,9.8,11101001,477.44,2944,41.2,6.18,479.4,477.70,0.0,0.0, , 
,479.18,2944,84.0,12.5,11101001,478.43,2944,42.7,6.18,499.8,478.84,0.0,0.0, , 
,480.34,2976,84.0,12.1,11101001,479.45,2944,42.7,6.18,499.8,479.92,0.0,0.0, , 
,481.30,2976,84.0,12.1,11101001,480.61,2976,42.7,6.18,499.8,480.88,0.0,0.0, , 
,482.39,2976,85.5,10.5,11101001,481.76,2976,42.7,6.18,499.8,482.12,0.0,0.0, , 
,483.32,2976,85.5,9.0,11101001,482.65,2976,41.2,5.15,479.4,482.92,0.0,0.0, , 
,484.44,2656,85.5,0.0,11111101,483.79,2976,36.9,5.15,459.0,484.11,0.0,0.0, , 
,485.49,1824,85.5,0.0,11101011,484.79,2144,0.0,0.00,295.8,485.14,0.0,0.0, , 
,486.56,3680,85.5,-3.9,11101001,485.83,2528,14.9,2.06,224.4,486.20,0.0,0.0, , 
,487.72,3680,85.5,-9.8,11101001,486.94,3744,20.8,2.06,275.4,487.33,0.0,0.0, , 
,488.92,3680,85.5,-5.1,11101001,488.12,3712,28.2,3.09,357.0,488.53,0.0,0.0, , 
,490.08,3808,85.5,2.3,11101001,489.30,3712,66.3,9.27,714.0,489.68,0.0,0.0, , 
,491.25,3936,84.0,0.0,11101001,490.48,3872,76.9,11.33,795.6,490.87,0.0,0.0, , 
,492.37,3968,85.5,-1.2,11101001,491.62,3968,44.3,6.18,479.4,492.00,0.0,0.0, , 
,493.54,3936,85.5,-3.1,11101001,492.77,3936,26.7,3.09,336.6,493.16,0.0,0.0, , 
,494.72,3904,85.5,-3.9,11101001,493.92,3904,25.1,3.09,316.2,494.31,0.0,0.0, , 
,495.95,3840,84.0,-4.7,11101001,495.12,3872,25.1,3.09,316.2,495.55,0.0,0.0, , 
,497.06,3808,85.5,-12.1,11111101,496.35,3840,25.1,3.09,316.2,496.71,0.0,0.0, , 
,498.22,3648,85.5,0.0,11111101,497.46,3744,0.0,0.00,275.4,497.84,0.0,0.0, , 
,499.29,3552,85.5,0.0,11111101,498.56,3616,0.0,0.00,275.4,498.93,0.0,0.0, , 
,500.36,3424,85.5,0.0,11111101,499.65,3488,0.0,0.00,275.4,500.00,0.0,0.0, , 
,501.36,3296,85.5,0.0,11111101,500.70,3392,0.0,0.00,275.4,501.03,0.0,0.0, , 
,502.40,3136,85.5,0.0,11101001,501.70,3232,0.0,0.00,275.4,502.04,0.0,0.0, , 
,503.51,3104,85.5,0.8,11101001,502.79,3168,28.2,3.09,357.0,503.15,0.0,0.0, , 
,504.57,3072,85.5,5.5,11101001,503.88,3072,36.9,5.15,438.6,504.23,0.0,0.0, , 
,505.70,3008,85.5,9.8,11101001,504.88,3040,35.3,5.15,438.6,505.24,0.0,0.0, , 
,506.86,2944,84.0,13.3,11101001,506.17,2976,36.9,5.15,438.6,506.59,0.0,0.0, , 
,507.98,2944,85.5,5.1,11101001,507.29,2944,53.3,7.21,612.0,507.60,0.0,0.0, , 
,509.06,2944,85.5,11.3,11101001,508.34,2944,48.6,6.18,550.8,508.64,0.0,0.0, , 
,510.13,2944,84.0,15.6,11101001,509.42,2912,44.3,6.18,520.2,509.77,0.0,0.0, , 
,511.08,2944,84.0,9.4,11101001,510.44,2944,28.2,4.12,357.0,510.80,0.0,0.0, , 
,512.17,2944,84.0,7.4,11101001,511.50,2944,28.2,4.12,357.0,511.78,0.0,0.0, , 
,513.16,2944,85.5,5.5,11101001,512.50,2944,28.2,4.12,357.0,512.89,0.0,0.0, , 
,514.20,2976,85.5,-3.9,11111101,513.59,2944,29.4,3.09,377.4,513.88,0.0,0.0, , 
,515.27,2912,85.5,0.0,11101001,514.55,2944,17.6,2.06,275.4,514.93,0.0,0.0, , 
,516.26,2944,85.5,-4.7,11101001,515.56,2912,17.6,2.06,275.4,515.96,0.0,0.0, , 
,517.52,3040,84.0,2.7,11101001,516.73,2944,28.2,3.09,357.0,517.15,0.0,0.0, , 
,518.56,3200,85.5,8.6,11101001,517.86,3104,44.3,6.18,499.8,518.23,0.0,0.0, , 
,519.63,3392,84.0,15.2,11101001,518.93,3296,63.5,9.27,693.6,519.27,0.0,0.0, , 
,520.79,3520,85.5,0.0,11101001,520.01,3456,62.0,10.30,673.2,520.40,0.0,0.0, , 
,521.85,2848,84.0,0.0,11111101,521.18,3552,41.2,5.15,479.4,521.52,0.0,0.0, , 
,522.83,1376,85.5,0.0,11111111,522.19,2336,0.0,0.00,275.4,522.51,0.0,0.0, , 
,523.79,1920,85.5,0.0,11101011,523.13,992,26.7,4.12,377.4,523.46,0.0,0.0, , 
,524.86,2016,85.5,0.0,11101001,524.15,1984,47.1,7.21,520.2,524.51,0.0,0.0, , 
,525.89,2080,85.5,-0.4,11101001,525.21,2048,88.6,14.42,989.4,525.54,0.0,0.0, , 
,526.92,2112,85.5,-1.6,11101001,526.23,2080,88.6,14.42,989.4,526.57,0.0,0.0, , 
,527.97,2176,85.5,0.4,11101001,527.28,2144,88.6,14.42,989.4,527.63,0.0,0.0, , 
,529.00,2208,85.5,0.8,11101001,528.32,2208,90.2,14.42,989.4,528.65,0.0,0.0, , 
,530.01,2272,84.0,2.7,11101001,529.34,2240,90.2,14.42,989.4,529.67,0.0,0.0, , 
,531.02,2304,85.5,3.5,11101001,530.34,2272,88.6,14.42,969.0,530.68,0.0,0.0, , 
,532.04,2368,85.5,4.7,11101001,531.35,2336,90.2,15.45,969.0,531.68,0.0,0.0, , 
,533.09,2432,85.5,6.3,11101001,532.41,2400,90.2,15.45,969.0,532.74,0.0,0.0, , 
,534.11,2464,85.5,4.7,11101001,533.43,2432,90.2,15.45,969.0,533.76,0.0,0.0, , 
,535.10,2496,85.5,3.1,11101001,534.42,2496,87.1,14.42,948.6,534.76,0.0,0.0, , 
,536.08,2560,85.5,2.3,11101001,535.41,2528,87.1,14.42,948.6,535.74,0.0,0.0, , 
,537.09,2592,85.5,2.3,11101001,536.42,2560,87.1,14.42,948.6,536.77,0.0,0.0, , 
,538.07,2624,85.5,3.1,11101001,537.41,2592,84.3,13.39,928.2,537.74,0.0,0.0, , 
,539.05,2656,85.5,4.3,11101001,538.39,2656,84.3,13.39,928.2,538.72,0.0,0.0, , 
,540.10,2688,85.5,7.0,11101001,539.40,2656,82.7,13.39,907.8,539.76,0.0,0.0, , 
,541.07,2720,85.5,0.0,11101001,540.41,2720,81.2,13.39,887.4,540.74,0.0,0.0, , 
,542.08,2720,85.5,3.9,11101001,541.40,2720,47.1,5.15,550.8,541.73,0.0,0.0, , 
,543.09,2720,85.5,8.6,11101001,542.42,2720,47.1,6.18,550.8,542.75,0.0,0.0, , 
,544.05,2688,85.5,12.1,11101001,543.41,2720,48.6,7.21,571.2,543.73,0.0,0.0, , 
,545.04,2688,85.5,13.3,11101001,544.37,2688,51.8,7.21,591.6,544.71,0.0,0.0, , 
,546.08,2688,85.5,14.5,11101001,545.39,2688,51.8,8.24,591.6,545.73,0.0,0.0, , 
,547.11,2688,85.5,15.6,11101001,546.43,2688,53.3,8.24,612.0,546.77,0.0,0.0, , 
,548.12,2688,85.5,17.2,11101001,547.43,2688,57.6,9.27,652.8,547.76,0.0,0.0, , 
,549.13,2720,85.5,16.4,11101001,548.47,2720,57.6,9.27,652.8,548.80,0.0,0.0, , 
,550.11,2720,85.5,18.0,11101001,549.45,2720,63.5,10.30,693.6,549.78,0.0,0.0, , 
,551.13,2720,85.5,16.8,11101001,550.45,2720,63.5,10.30,714.0,550.79,0.0,0.0, , 
,552.16,2752,85.5,15.6,11101001,551.47,2720,62.0,10.30,693.6,551.82,0.0,0.0, , 
,553.18,2720,85.5,13.3,11101001,552.49,2752,47.1,7.21,550.8,552.82,0.0,0.0, , 
,554.22,2720,85.5,9.4,11101001,553.55,2720,42.7,6.18,499.8,553.88,0.0,0.0, , 
,555.23,2720,84.0,8.2,11101001,554.56,2720,42.7,6.18,499.8,554.90,0.0,0.0, , 
,556.28,2688,85.5,4.3,11101001,555.58,2688,31.0,4.12,397.8,555.93,0.0,0.0, , 
,557.31,2688,85.5,3.5,11101001,556.64,2688,34.1,4.12,418.2,556.97,0.0,0.0, , 
,558.37,2656,85.5,0.4,11101001,557.67,2656,32.5,4.12,397.8,558.03,0.0,0.0, , 
,559.40,2624,85.5,0.0,11101001,558.71,2624,22.0,3.09,316.2,559.06,0.0,0.0, , 
,560.39,2624,85.5,2.7,11101001,559.74,2624,42.7,6.18,499.8,560.06,0.0,0.0, , 
,561.39,2592,85.5,5.5,11101001,560.73,2592,40.0,5.15,479.4,561.07,0.0,0.0, , 
,562.38,2592,85.5,7.4,11101001,561.71,2592,41.2,6.18,479.4,562.03,0.0,0.0, , 
,563.42,2560,85.5,9.4,11101001,562.73,2592,41.2,6.18,499.8,563.08,0.0,0.0, , 
,564.44,2592,85.5,9.4,11101001,563.77,2592,42.7,6.18,499.8,564.09,0.0,0.0, , 
,565.44,2560,84.0,9.8,11101001,564.75,2560,42.7,6.18,499.8,565.09,0.0,0.0, , 
,566.47,2560,84.0,9.8,11101001,565.78,2560,42.7,6.18,499.8,566.12,0.0,0.0, , 
,567.47,2560,84.0,9.4,11101001,566.81,2560,42.7,6.18,499.8,567.14,0.0,0.0, , 
,568.49,2560,85.5,7.8,11101001,567.81,2560,41.2,6.18,499.8,568.16,0.0,0.0, , 
,569.50,2560,85.5,8.6,11101001,568.83,2560,44.3,6.18,499.8,569.16,0.0,0.0, , 
,570.52,2528,85.5,10.5,11101001,569.84,2560,44.3,6.18,520.2,570.18,0.0,0.0, , 
,571.54,2528,84.0,9.4,11101001,570.86,2560,48.6,7.21,571.2,571.20,0.0,0.0, , 
,572.55,2528,84.0,8.6,11101001,571.88,2528,48.6,7.21,571.2,572.21,0.0,0.0, , 
,573.60,2528,84.0,9.0,11101001,572.90,2528,50.2,7.21,571.2,573.24,0.0,0.0, , 
,574.60,2528,84.0,8.6,11101001,573.93,2528,50.2,7.21,591.6,574.26,0.0,0.0, , 
,575.62,2528,84.0,8.2,11101001,574.93,2528,50.2,7.21,591.6,575.26,0.0,0.0, , 
,576.66,2528,84.0,8.2,11101001,575.99,2528,50.2,7.21,571.2,576.33,0.0,0.0, , 
,577.68,2528,84.0,8.2,11101001,577.00,2528,50.2,7.21,591.6,577.34,0.0,0.0, , 
,578.69,2528,84.0,8.6,11101001,578.01,2528,48.6,7.21,571.2,578.35,0.0,0.0, , 
,579.69,2528,84.0,9.4,11101001,579.01,2528,51.8,7.21,591.6,579.35,0.0,0.0, , 
,580.72,2560,84.0,12.9,11101001,580.03,2528,59.2,9.27,673.2,580.37,0.0,0.0, , 
,581.72,2560,84.0,14.5,11101001,581.05,2560,57.6,9.27,652.8,581.38,0.0,0.0, , 
,582.76,2560,84.0,14.1,11101001,582.06,2560,57.6,9.27,652.8,582.40,0.0,0.0, , 
,583.84,2560,84.0,14.5,11101001,583.12,2560,56.1,9.27,632.4,583.48,0.0,0.0, , 
,584.87,2560,84.0,14.1,11101001,584.17,2560,56.1,9.27,632.4,584.52,0.0,0.0, , 
,585.90,2592,84.0,11.7,11101001,585.21,2592,56.1,9.27,632.4,585.55,0.0,0.0, , 
,586.95,2592,84.0,10.5,11101001,586.23,2592,56.1,9.27,632.4,586.59,0.0,0.0, , 
,587.96,2560,85.5,7.4,11101001,587.29,2592,47.1,7.21,550.8,587.64,0.0,0.0, , 
,588.98,2560,84.0,5.1,11101001,588.30,2560,36.9,5.15,438.6,588.64,0.0,0.0, , 
,590.02,2560,84.0,3.1,11101001,589.33,2560,38.4,5.15,459.0,589.68,0.0,0.0, , 
,591.04,2528,84.0,2.3,11101001,590.36,2560,38.4,5.15,459.0,590.71,0.0,0.0, , 
,592.09,2528,84.0,3.1,11101001,591.38,2528,38.4,5.15,459.0,591.73,0.0,0.0, , 
,593.16,2496,84.0,7.4,11101001,592.46,2528,42.7,6.18,499.8,592.79,0.0,0.0, , 
,594.15,2496,84.0,9.4,11101001,593.48,2496,44.3,6.18,520.2,593.82,0.0,0.0, , 
,595.18,2496,84.0,8.2,11101001,594.50,2496,40.0,6.18,479.4,594.84,0.0,0.0, , 
,596.26,2496,84.0,7.4,11101001,595.54,2496,41.2,6.18,499.8,595.90,0.0,0.0, , 
,597.31,2464,84.0,7.0,11101001,596.61,2464,41.2,6.18,499.8,596.96,0.0,0.0, , 
,598.36,2464,84.0,7.0,11101001,597.66,2464,42.7,6.18,499.8,598.02,0.0,0.0, , 
,599.40,2464,84.0,9.4,11101001,598.69,2464,47.1,6.18,550.8,599.05,0.0,0.0, , 
,600.47,2464,84.0,11.3,11101001,599.77,2464,53.3,8.24,612.0,600.12,0.0,0.0, , 
,601.51,2464,84.0,14.1,11101001,600.81,2464,53.3,8.24,612.0,601.16,0.0,0.0, , 
,602.57,2464,84.0,12.9,11101001,601.86,2464,53.3,8.24,612.0,602.22,0.0,0.0, , 
,603.64,2464,85.5,12.1,11101001,602.93,2464,53.3,8.24,612.0,603.28,0.0,0.0, , 
,604.70,2464,84.0,11.3,11101001,603.98,2464,51.8,8.24,591.6,604.34,0.0,0.0, , 
,605.78,2496,84.0,9.4,11101001,605.06,2464,51.8,8.24,591.6,605.42,0.0,0.0, , 
,606.83,2464,84.0,10.5,11101001,606.13,2496,53.3,8.24,612.0,606.48,0.0,0.0, , 
,607.91,2464,84.0,11.3,11101001,607.19,2464,54.5,8.24,632.4,607.54,0.0,0.0, , 
,608.94,2496,84.0,10.9,11101001,608.25,2496,53.3,8.24,612.0,608.60,0.0,0.0, , 
,609.97,2496,84.0,10.9,11101001,609.28,2496,53.3,8.24,612.0,609.64,0.0,0.0, , 
,611.03,2496,84.0,8.2,11101001,610.31,2496,48.6,7.21,571.2,610.66,0.0,0.0, , 
,612.06,2464,84.0,6.3,11101001,611.37,2496,40.0,6.18,479.4,611.72,0.0,0.0, , 
,613.11,2464,85.5,5.5,11101001,612.40,2464,41.2,6.18,479.4,612.76,0.0,0.0, , 
,614.14,2464,84.0,3.9,11101001,613.46,2464,41.2,5.15,479.4,613.79,0.0,0.0, , 
,615.21,2464,85.5,4.7,11101001,614.49,2464,41.2,6.18,479.4,614.84,0.0,0.0, , 
,616.24,2432,84.0,5.9,11101001,615.55,2432,41.2,6.18,479.4,615.91,0.0,0.0, , 
,617.33,2432,84.0,9.4,11101001,616.59,2432,42.7,6.18,499.8,616.97,0.0,0.0, , 
,618.37,2432,85.5,9.0,11101001,617.66,2432,41.2,6.18,499.8,618.01,0.0,0.0, , 
,619.39,2432,84.0,8.2,11101001,618.70,2432,41.2,6.18,479.4,619.03,0.0,0.0, , 
,620.43,2400,84.0,9.0,11101001,619.73,2400,41.2,6.18,499.8,620.09,0.0,0.0, , 
,621.42,2400,84.0,7.8,11101001,620.77,2400,41.2,6.18,499.8,621.09,0.0,0.0, , 
,622.52,2368,84.0,5.5,11101001,621.79,2400,34.1,5.15,418.2,622.15,0.0,0.0, , 
,623.59,2368,84.0,5.5,11101001,622.88,2368,34.1,4.12,418.2,623.24,0.0,0.0, , 
,624.61,2336,84.0,5.5,11101001,623.93,2336,34.1,4.12,418.2,624.28,0.0,0.0, , 
,625.62,2304,84.0,1.2,11101001,624.95,2336,32.5,4.12,397.8,625.28,0.0,0.0, , 
,626.61,2304,84.0,-8.2,11101001,625.95,2304,17.6,2.06,275.4,626.28,0.0,0.0, , 
,627.61,2240,84.0,0.0,11111101,626.95,2272,16.1,2.06,244.8,627.28,0.0,0.0, , 
,628.63,2208,84.0,0.0,11111101,627.95,2240,0.0,0.00,244.8,628.29,0.0,0.0, , 
,629.62,2144,84.0,0.0,11111101,628.96,2176,0.0,0.00,244.8,629.30,0.0,0.0, , 
,630.64,2080,84.0,0.0,11111101,629.97,2144,0.0,0.00,244.8,630.30,0.0,0.0, , 
,631.69,2048,84.0,0.0,11111101,631.00,2080,0.0,0.00,244.8,631.35,0.0,0.0, , 
,632.76,1984,84.0,0.0,11111111,632.04,2016,0.0,0.00,244.8,632.41,0.0,0.0, , 
,633.83,1920,84.0,0.0,11111111,633.12,1952,0.0,0.00,244.8,633.48,0.0,0.0, , 
,634.87,1856,84.0,0.0,11111111,634.17,1920,0.0,0.00,275.4,634.54,0.0,0.0, , 
,635.98,1824,84.0,0.0,11111111,635.24,1856,0.0,0.00,295.8,635.61,0.0,0.0, , 
,636.93,1216,84.0,0.0,11111111,636.29,1792,0.0,0.00,295.8,636.62,0.0,0.0, , 
,637.89,1056,84.0,0.0,11101011,637.26,864,28.2,5.15,397.8,637.57,0.0,0.0, , 
,638.93,2144,84.0,0.0,11101001,638.25,1536,20.8,3.09,316.2,638.59,0.0,0.0, , 
,639.95,2112,84.0,-3.1,11101001,639.26,2112,16.1,2.06,244.8,639.60,0.0,0.0, , 
,641.01,2048,84.0,-3.9,11101001,640.30,2080,23.5,3.09,316.2,640.65,0.0,0.0, , 
,642.09,2016,82.5,-4.7,11101001,641.36,2048,35.3,4.12,438.6,641.73,0.0,0.0, , 
,643.15,2016,84.0,4.3,11101001,642.45,2048,50.2,6.18,591.6,642.80,0.0,0.0, , 
,644.23,2016,84.0,12.1,11101001,643.51,2016,48.6,7.21,591.6,643.88,0.0,0.0, , 
,645.28,2016,82.5,12.9,11101001,644.58,2016,50.2,7.21,591.6,644.93,0.0,0.0, , 
,646.37,2016,82.5,13.3,11101001,645.64,2016,50.2,7.21,591.6,646.01,0.0,0.0, , 
,647.44,1984,82.5,12.9,11101001,646.72,1984,50.2,7.21,591.6,647.08,0.0,0.0, , 
,648.49,1984,82.5,12.5,11101011,647.80,1984,50.2,7.21,591.6,648.14,0.0,0.0, , 
,649.56,1952,82.5,12.5,11101011,648.85,1952,50.2,7.21,591.6,649.20,0.0,0.0, , 
,650.64,1952,82.5,0.0,11101011,649.93,1952,50.2,7.21,591.6,650.28,0.0,0.0, , 
,651.74,1920,82.5,1.6,11101011,651.01,1952,31.0,4.12,397.8,651.38,0.0,0.0, , 
,652.83,1888,84.0,5.5,11101011,652.10,1888,34.1,4.12,418.2,652.46,0.0,0.0, , 
,653.94,1856,82.5,8.6,11101011,653.21,1856,48.6,7.21,591.6,653.57,0.0,0.0, , 
,655.03,1856,82.5,12.9,11101011,654.31,1856,50.2,7.21,612.0,654.68,0.0,0.0, , 
,656.14,1856,82.5,15.6,11101011,655.40,1856,54.5,8.24,632.4,655.77,0.0,0.0, , 
,657.23,1856,82.5,16.8,11101011,656.50,1856,56.1,9.27,652.8,656.86,0.0,0.0, , 
,658.34,1856,82.5,16.4,11101011,657.60,1856,53.3,8.24,632.4,657.97,0.0,0.0, , 
,659.45,1856,82.5,14.5,11101011,658.71,1856,54.5,8.24,632.4,659.08,0.0,0.0, , 
,660.56,1856,82.5,13.3,11101011,659.82,1856,53.3,8.24,632.4,660.19,0.0,0.0, , 
,661.66,1856,82.5,2.3,11101011,660.94,1856,45.9,6.18,550.8,661.28,0.0,0.0, , 
,662.79,1856,82.5,4.7,11101011,662.02,1856,44.3,6.18,520.2,662.40,0.0,0.0, , 
,663.91,1856,82.5,6.6,11101011,663.16,1856,42.7,6.18,520.2,663.53,0.0,0.0, , 
,665.03,1856,82.5,9.0,11101011,664.28,1856,44.3,6.18,520.2,664.66,0.0,0.0, , 
,666.14,1888,84.0,8.2,11101011,665.41,1856,42.7,6.18,520.2,665.77,0.0,0.0, , 
,667.25,1888,84.0,6.6,11101011,666.50,1888,35.3,5.15,438.6,666.87,0.0,0.0, , 
,668.35,1888,84.0,5.1,11101011,667.62,1888,35.3,5.15,438.6,667.99,0.0,0.0, , 
,669.47,1888,84.0,1.6,11101011,668.73,1888,28.2,4.12,377.4,669.11,0.0,0.0, , 
,670.58,1888,84.0,0.8,11101011,669.83,1888,28.2,3.09,377.4,670.20,0.0,0.0, , 
,671.67,1888,84.0,0.0,11101011,670.96,1888,28.2,3.09,357.0,671.32,0.0,0.0, , 
,672.80,1888,84.0,0.4,11101011,672.05,1888,28.2,3.09,377.4,672.43,0.0,0.0, , 
,673.90,1888,84.0,3.5,11101011,673.16,1888,31.0,4.12,397.8,673.53,0.0,0.0, , 
,675.02,1920,84.0,7.8,11101011,674.28,1888,40.0,5.15,479.4,674.66,0.0,0.0, , 
,676.13,1920,84.0,9.4,11101011,675.39,1920,40.0,5.15,499.8,675.76,0.0,0.0, , 
,677.24,1952,84.0,9.0,11101011,676.50,1920,40.0,5.15,499.8,676.87,0.0,0.0, , 
,678.31,1952,84.0,7.4,11101011,677.59,1952,32.5,4.12,418.2,677.96,0.0,0.0, , 
,679.39,1952,84.0,6.6,11101011,678.67,1952,34.1,4.12,418.2,679.03,0.0,0.0, , 
,680.45,1952,84.0,6.3,11101011,679.75,1952,34.1,4.12,438.6,680.10,0.0,0.0, , 
,681.53,1952,84.0,5.1,11101011,680.82,1952,32.5,4.12,418.2,681.17,0.0,0.0, , 
,682.62,1984,84.0,6.6,11101011,681.90,1952,35.3,4.12,438.6,682.24,0.0,0.0, , 
,683.69,1984,84.0,6.6,11101001,682.99,1952,38.4,5.15,459.0,683.33,0.0,0.0, , 
,684.73,1984,84.0,9.0,11101001,684.04,1984,36.9,5.15,459.0,684.38,0.0,0.0, , 
,685.78,1984,84.0,8.6,11101001,685.10,1984,36.9,5.15,459.0,685.44,0.0,0.0, , 
,686.85,2016,84.0,9.0,11101001,686.14,2016,36.9,5.15,459.0,686.50,0.0,0.0, , 
,687.91,2016,84.0,8.6,11101001,687.21,2016,36.9,5.15,459.0,687.56,0.0,0.0, , 
,688.97,2048,82.5,8.2,11101001,688.25,2016,36.9,5.15,459.0,688.62,0.0,0.0, , 
,690.01,2016,84.0,8.2,11101001,689.31,2048,36.9,5.15,459.0,689.66,0.0,0.0, , 
,691.05,2048,84.0,7.8,11101001,690.36,2048,36.9,5.15,459.0,690.71,0.0,0.0, , 
,692.12,2048,84.0,7.0,11101001,691.40,2048,35.3,5.15,438.6,691.77,0.0,0.0, , 
,693.17,2048,84.0,6.6,11101001,692.47,2048,35.3,5.15,438.6,692.82,0.0,0.0, , 
,694.24,2048,84.0,6.3,11101001,693.51,2048,35.3,5.15,438.6,693.88,0.0,0.0, , 
,695.33,2080,84.0,5.1,11101001,694.60,2080,35.3,5.15,438.6,694.97,0.0,0.0, , 
,696.38,2080,84.0,0.0,11101001,695.69,2080,28.2,3.09,377.4,696.03,0.0,0.0, , 
,697.44,2048,84.0,-4.3,11101001,696.74,2080,23.5,3.09,336.6,697.09,0.0,0.0, , 
,698.49,2016,84.0,-7.8,11111101,697.80,2048,23.5,3.09,336.6,698.14,0.0,0.0, , 
,699.52,1984,84.0,0.0,11111111,698.84,2016,16.1,2.06,244.8,699.17,0.0,0.0, , 
,700.58,1920,84.0,0.0,11111111,699.89,1952,0.0,0.00,244.8,700.24,0.0,0.0, , 
,701.60,1856,84.0,0.0,11111111,700.93,1888,0.0,0.00,275.4,701.26,0.0,0.0, , 
,702.65,1792,84.0,0.0,11111111,701.95,1856,0.0,0.00,295.8,702.31,0.0,0.0, , 
,703.66,1760,84.0,0.0,11111111,702.99,1792,0.0,0.00,295.8,703.34,0.0,0.0, , 
,704.70,1728,84.0,0.0,11101011,704.01,1728,22.0,3.09,316.2,704.37,0.0,0.0, , 
,705.75,1696,84.0,-3.5,11101011,705.05,1728,20.8,3.09,295.8,705.41,0.0,0.0, , 
,706.84,1664,84.0,-2.3,11101011,706.11,1696,20.8,2.06,295.8,706.47,0.0,0.0, , 
,707.90,1664,84.0,-0.8,11101011,707.22,1664,20.8,3.09,316.2,707.56,0.0,0.0, , 
,708.91,1664,84.0,0.0,11101011,708.24,1664,26.7,3.09,357.0,708.58,0.0,0.0, , 
,709.94,1696,84.0,0.0,11101011,709.25,1664,51.8,7.21,612.0,709.58,0.0,0.0, , 
,710.97,1088,84.0,0.0,11111111,710.30,1760,67.8,10.30,775.2,710.65,0.0,0.0, , 
,711.94,2336,84.0,0.0,11101001,711.28,1216,28.2,4.12,377.4,711.61,0.0,0.0, , 
,712.94,2240,84.0,-4.7,11101001,712.27,2240,17.6,2.06,244.8,712.61,0.0,0.0, , 
,713.95,2240,84.0,-7.4,11101001,713.27,2240,20.8,2.06,295.8,713.61,0.0,0.0, , 
,714.97,2208,84.0,-9.8,11101001,714.29,2208,20.8,2.06,295.8,714.62,0.0,0.0, , 
,715.98,2208,84.0,-8.6,11101001,715.30,2208,22.0,2.06,316.2,715.62,0.0,0.0, , 
,717.01,2176,84.0,-6.6,11101001,716.33,2176,22.0,2.06,316.2,716.68,0.0,0.0, , 
,718.03,2208,84.0,0.0,11101001,717.36,2176,28.2,3.09,377.4,717.69,0.0,0.0, , 
,719.10,2208,84.0,2.3,11101001,718.38,2176,28.2,3.09,357.0,718.73,0.0,0.0, , 
,720.12,2208,84.0,2.0,11101001,719.45,2176,28.2,3.09,357.0,719.79,0.0,0.0, , 
,721.15,2208,82.5,2.0,11101001,720.47,2176,28.2,3.09,357.0,720.81,0.0,0.0, , 
,722.18,2208,82.5,6.6,11101001,721.50,2208,28.2,3.09,377.4,721.85,0.0,0.0, , 
,723.22,2240,84.0,12.1,11101001,722.51,2208,35.3,4.12,438.6,722.87,0.0,0.0, , 
,724.20,2272,82.5,14.8,11101001,723.54,2240,36.9,5.15,438.6,723.86,0.0,0.0, , 
,725.21,2304,82.5,16.0,11101001,724.54,2272,36.9,5.15,459.0,724.86,0.0,0.0, , 
,726.20,2336,82.5,16.4,11101001,725.55,2304,36.9,5.15,438.6,725.88,0.0,0.0, , 
,727.26,2368,82.5,14.5,11101001,726.56,2336,35.3,5.15,438.6,726.90,0.0,0.0, , 
,728.33,2400,82.5,13.3,11101001,727.65,2400,35.3,5.15,438.6,727.99,0.0,0.0, , 
,729.34,2400,82.5,7.0,11101001,728.67,2400,28.2,4.12,377.4,729.01,0.0,0.0, , 
,730.40,2400,82.5,0.0,11101001,729.70,2400,22.0,3.09,316.2,730.05,0.0,0.0, , 
,731.50,2464,82.5,7.0,11101001,730.76,2432,38.4,5.15,459.0,731.14,0.0,0.0, , 
,732.48,2496,82.5,11.7,11101001,731.83,2464,36.9,5.15,438.6,732.18,0.0,0.0, , 
,733.49,2528,82.5,14.8,11101001,732.83,2496,36.9,5.15,438.6,733.16,0.0,0.0, , 
,734.50,2560,82.5,14.8,11101001,733.85,2528,36.9,5.15,438.6,734.18,0.0,0.0, , 
,735.53,2624,82.5,17.2,11101001,734.84,2592,48.6,7.21,571.2,735.18,0.0,0.0, , 
,736.55,2464,84.0,0.0,11111101,735.89,2624,47.1,7.21,550.8,736.22,0.0,0.0, , 
,737.51,1056,82.5,0.0,11111111,736.90,1952,0.0,0.00,295.8,737.19,0.0,0.0, , 
,738.55,1952,84.0,0.0,11101011,737.85,1536,25.1,4.12,357.0,738.19,0.0,0.0, , 
,739.67,1888,82.5,-11.3,11101011,738.92,1952,17.6,2.06,275.4,739.30,0.0,0.0, , 
,740.78,1856,82.5,-15.6,11101011,740.05,1888,16.1,2.06,275.4,740.40,0.0,0.0, , 
,741.86,1856,82.5,-15.6,11101011,741.15,1856,17.6,2.06,275.4,741.49,0.0,0.0, , 
,742.95,1792,84.0,-14.1,11101011,742.21,1824,17.6,2.06,275.4,742.57,0.0,0.0, , 
,744.02,1760,82.5,-9.8,11101011,743.28,1792,19.2,2.06,275.4,743.67,0.0,0.0, , 
,745.08,1728,84.0,-5.9,11101011,744.38,1760,20.8,2.06,295.8,744.73,0.0,0.0, , 
,746.13,1696,84.0,-3.1,11101011,745.43,1696,20.8,2.06,316.2,745.79,0.0,0.0, , 
,747.14,1664,84.0,1.2,11101011,746.46,1664,20.8,2.06,316.2,746.79,0.0,0.0, , 
,748.20,1632,84.0,7.8,11101011,747.49,1664,23.5,3.09,336.6,747.84,0.0,0.0, , 
,749.23,1248,84.0,0.0,11111111,748.56,1664,34.1,5.15,438.6,748.91,0.0,0.0, , 
,750.24,1504,84.0,0.0,11101011,749.55,1056,28.2,4.12,397.8,749.86,0.0,0.0, , 
,751.23,2080,84.0,-5.9,11101001,750.56,2176,16.1,2.06,244.8,750.90,0.0,0.0, , 
,752.28,2048,84.0,-12.9,11101001,751.57,2048,16.1,2.06,244.8,751.92,0.0,0.0, , 
,753.32,2016,84.0,-14.5,11101001,752.63,2048,16.1,2.06,244.8,752.97,0.0,0.0, , 
,754.39,1952,84.0,-18.4,11101011,753.69,1984,14.9,1.03,244.8,754.04,0.0,0.0, , 
,755.49,1920,84.0,-12.1,11101011,754.76,1952,22.0,2.06,316.2,755.13,0.0,0.0, , 
,756.60,1888,84.0,-7.0,11101011,755.87,1920,23.5,3.09,336.6,756.24,0.0,0.0, , 
,757.71,1856,84.0,-3.9,11101011,756.96,1888,23.5,3.09,336.6,757.33,0.0,0.0, , 
,758.77,1824,84.0,-7.0,11111111,758.08,1888,17.6,2.06,275.4,758.43,0.0,0.0, , 
,759.84,1760,84.0,0.0,11101011,759.12,1792,20.8,2.06,295.8,759.48,0.0,0.0, , 
,760.93,1728,84.0,0.0,11101011,760.21,1760,20.8,3.09,295.8,760.56,0.0,0.0, , 
,762.02,1760,84.0,3.9,11101011,761.30,1728,32.5,4.12,418.2,761.66,0.0,0.0, , 
,763.14,1760,82.5,7.0,11101011,762.40,1760,32.5,4.12,418.2,762.79,0.0,0.0, , 
,764.27,1792,82.5,9.0,11101011,763.53,1760,31.0,4.12,397.8,763.92,0.0,0.0, , 
,765.38,1792,82.5,10.9,11101011,764.65,1792,31.0,4.12,397.8,765.02,0.0,0.0, , 
,766.44,1824,82.5,10.5,11101011,765.72,1824,29.4,4.12,397.8,766.08,0.0,0.0, , 
,767.55,1856,84.0,9.8,11101011,766.81,1824,29.4,4.12,377.4,767.18,0.0,0.0, , 
,768.68,1888,82.5,7.8,11101011,767.92,1856,28.2,4.12,357.0,768.29,0.0,0.0, , 
,769.76,1888,84.0,6.3,11101011,769.03,1888,26.7,3.09,357.0,769.41,0.0,0.0, , 
,770.88,1888,84.0,6.3,11101011,770.13,1888,26.7,3.09,357.0,770.50,0.0,0.0, , 
,771.97,1824,82.5,4.3,11101011,771.24,1856,28.2,3.09,377.4,771.61,0.0,0.0, , 
,773.08,1792,84.0,0.0,11101011,772.34,1856,20.8,3.09,295.8,772.70,0.0,0.0, , 
,774.15,1760,84.0,0.8,11101011,773.43,1792,22.0,3.09,316.2,773.81,0.0,0.0, , 
,775.20,1728,84.0,-3.9,11101011,774.50,1760,19.2,2.06,295.8,774.86,0.0,0.0, , 
,776.21,1696,84.0,-4.7,11101011,775.55,1728,19.2,2.06,295.8,775.90,0.0,0.0, , 
,777.24,1664,84.0,-4.7,11101011,776.57,1664,20.8,2.06,295.8,776.90,0.0,0.0, , 
,778.31,1600,84.0,-4.3,11111111,777.59,1664,20.8,2.06,295.8,777.95,0.0,0.0, , 
,779.38,1568,84.0,-0.8,11111111,778.67,1600,22.0,3.09,316.2,779.02,0.0,0.0, , 
,780.50,1504,84.0,0.0,11101011,779.71,1536,22.0,3.09,316.2,780.09,0.0,0.0, , 
,781.51,1504,84.0,-1.2,11101011,780.81,1472,28.2,4.12,357.0,781.23,0.0,0.0, , 
,782.60,1568,84.0,0.0,11101011,781.88,1536,45.9,6.18,550.8,782.23,0.0,0.0, , 
,783.65,1728,84.0,0.0,11101011,782.96,1600,71.0,11.33,795.6,783.30,0.0,0.0, , 
,784.67,1024,84.0,0.0,11111111,784.00,1760,75.3,11.33,867.0,784.34,0.0,0.0, , 
,785.66,1152,84.0,0.0,11111111,785.00,1216,26.7,4.12,377.4,785.33,0.0,0.0, , 
,786.61,896,84.0,0.0,11111111,786.00,1024,22.0,3.09,316.2,786.30,0.8,0.0, , 
,787.55,896,84.0,0.0,11111111,786.91,864,25.1,3.09,377.4,787.23,0.0,0.0, , 
,788.44,896,84.0,0.8,11111111,787.85,896,26.7,3.09,397.8,788.14,0.0,0.0, , 
,789.39,896,84.0,3.5,11101011,788.76,896,26.7,3.09,377.4,789.06,0.0,0.0, , 
,790.48,1664,84.0,5.5,11101011,789.77,1536,28.2,4.12,377.4,790.12,0.0,0.0, , 
,791.60,1664,84.0,8.2,11101011,790.86,1664,32.5,4.12,418.2,791.21,0.0,0.0, , 
,792.68,1664,84.0,11.7,11101011,791.95,1664,34.1,4.12,438.6,792.31,0.0,0.0, , 
,793.76,1696,84.0,15.2,11101011,793.01,1664,34.1,5.15,438.6,793.38,0.0,0.0, , 
,794.88,1696,84.0,14.5,11101011,794.12,1696,29.4,4.12,397.8,794.49,0.0,0.0, , 
,796.00,1728,84.0,11.3,11101011,795.27,1728,34.1,5.15,438.6,795.64,0.0,0.0, , 
,797.12,1696,84.0,9.8,11101011,796.37,1728,29.4,4.12,377.4,796.75,0.0,0.0, , 
,798.23,1760,84.0,0.0,11101011,797.48,1760,36.9,5.15,459.0,797.87,0.0,0.0, , 
,799.29,1856,84.0,0.0,11101011,798.57,1792,57.6,8.24,673.2,798.93,0.0,0.0, , 
,800.34,2080,84.0,5.1,11101001,799.66,1984,62.0,8.24,714.0,800.00,0.0,0.0, , 
,801.38,2304,84.0,0.0,11101001,800.69,2144,69.4,10.30,775.2,801.04,0.0,0.0, , 
,802.39,2592,84.0,2.7,11101001,801.71,2400,84.3,13.39,907.8,802.05,0.0,0.0, , 
,803.40,2912,84.0,0.0,11111101,802.72,2688,84.3,13.39,907.8,803.08,0.0,0.0, , 
,804.50,1856,84.0,0.0,11101011,803.74,2432,0.0,0.00,295.8,804.12,0.0,0.0, , 
,805.61,1920,84.0,0.0,11101011,804.87,1888,73.7,11.33,846.6,805.24,0.0,0.0, , 
,806.72,1952,84.0,0.0,11101011,805.98,1952,73.7,10.30,846.6,806.36,0.0,0.0, , 
,807.81,1952,84.0,0.0,11101011,807.09,1952,71.0,10.30,795.6,807.44,0.0,0.0, , 
,808.90,1824,84.0,0.0,11111111,808.18,1952,28.2,3.09,377.4,808.52,0.0,0.0, , 
,809.93,1664,84.0,0.0,11111111,809.24,1792,19.2,2.06,295.8,809.59,0.0,0.0, , 
,810.92,1568,84.0,0.0,11101011,810.26,1632,22.0,3.09,316.2,810.60,0.0,0.0, , 
,811.92,1536,84.0,0.0,11101011,811.25,1536,73.7,12.36,846.6,811.59,0.0,0.0, , 
,812.97,1600,84.0,2.0,11101011,812.29,1536,82.7,13.39,948.6,812.64,0.0,0.0, , 
,814.04,1664,84.0,5.5,11101011,813.29,1632,82.7,13.39,948.6,813.67,0.0,0.0, , 
,815.10,1760,85.5,0.0,11101011,814.38,1728,72.2,11.33,846.6,814.77,0.0,0.0, , 
,816.16,1760,85.5,2.0,11101011,815.46,1792,45.9,5.15,571.2,815.81,0.0,0.0, , 
,817.23,1760,85.5,0.0,11101011,816.52,1728,57.6,8.24,673.2,816.88,0.0,0.0, , 
,818.28,1824,85.5,5.5,11101011,817.57,1792,72.2,10.30,826.2,817.92,0.0,0.0, , 
,819.37,1888,85.5,7.4,11101011,818.64,1824,75.3,11.33,867.0,819.01,0.0,0.0, , 
,820.46,1920,85.5,0.0,11101011,819.73,1888,72.2,10.30,846.6,820.09,0.0,0.0, , 
,821.52,1920,85.5,5.5,11101011,820.81,1920,59.2,8.24,673.2,821.15,0.0,0.0, , 
,822.61,1952,85.5,10.5,11101011,821.89,1952,60.4,8.24,693.6,822.24,0.0,0.0, , 
,823.69,2016,85.5,14.1,11101001,822.97,1952,71.0,11.33,795.6,823.33,0.0,0.0, , 
,824.74,2048,85.5,8.6,11101001,824.04,2016,75.3,12.36,846.6,824.40,0.0,0.0, , 
,825.79,2144,85.5,4.3,11101001,825.09,2048,84.3,13.39,948.6,825.43,0.0,0.0, , 
,826.80,2272,85.5,2.0,11101001,826.14,2176,88.6,14.42,969.0,826.47,0.0,0.0, , 
,827.81,2368,85.5,1.2,11101001,827.15,2304,87.1,14.42,948.6,827.48,0.0,0.0, , 
,828.84,2464,85.5,0.0,11101001,828.17,2400,81.2,12.36,907.8,828.51,0.0,0.0, , 
,829.90,2528,85.5,8.2,11101001,829.21,2464,71.0,10.30,775.2,829.57,0.0,0.0, , 
,830.91,2208,85.5,0.0,11111101,830.22,2560,79.6,12.36,887.4,830.57,0.0,0.0, , 
,831.86,1120,85.5,0.0,11111111,831.24,1728,0.0,0.00,316.2,831.56,0.0,0.0, , 
,832.78,1024,85.5,0.0,11111111,832.21,1024,25.1,4.12,357.0,832.49,0.0,0.0, , 
,833.73,992,85.5,0.0,11111111,833.09,1024,23.5,3.09,357.0,833.39,0.0,0.0, , 
,834.70,960,85.5,-1.2,11111111,834.01,992,23.5,3.09,357.0,834.38,0.0,0.0, , 
,835.59,928,85.5,-1.2,11111111,834.97,992,25.1,3.09,377.4,835.28,0.8,0.0, , 
,836.51,928,85.5,-0.4,11111111,835.89,928,25.1,3.09,377.4,836.19,0.0,0.0, , 
,837.41,896,85.5,0.8,11111111,836.82,896,25.1,3.09,377.4,837.13,0.0,0.0, , 
,838.32,896,85.5,2.0,11111111,837.72,896,25.1,3.09,377.4,838.02,0.0,0.0, , 
,839.27,1152,85.5,3.5,11101011,838.62,896,25.1,3.09,377.4,838.95,0.0,0.0, , 
,840.21,1216,87.0,0.0,11101011,839.59,1152,36.9,5.15,459.0,839.91,0.0,0.0, , 
,841.24,1472,87.0,0.0,11101011,840.54,1280,75.3,12.36,867.0,840.86,0.0,0.0, , 
,842.30,1888,87.0,1.2,11101011,841.60,1600,82.7,12.36,948.6,841.95,0.0,0.0, , 
,843.33,2240,87.0,2.3,11101001,842.66,1984,79.6,12.36,907.8,843.00,0.0,0.0, , 
,844.38,2592,87.0,9.4,11101001,843.69,2368,75.3,11.33,846.6,844.04,0.0,0.0, , 
,845.40,1312,87.0,0.0,11111111,844.71,2368,0.0,0.00,336.6,845.08,0.0,0.0, , 
,849.21,928,85.5,-2.0,11111111,849.53,928,25.1,3.09,377.4,848.88,0.0,0.0, , 
,850.13,928,85.5,-1.2,11111111,850.41,896,25.1,3.09,377.4,849.83,0.0,0.0, , 
,851.02,896,85.5,0.4,11111111,851.34,864,25.1,3.09,377.4,850.72,0.0,0.0, , 
,851.92,864,85.5,1.6,11111111,852.23,864,25.1,3.09,377.4,851.63,0.8,0.0, , 
,852.88,896,85.5,2.0,11111111,853.19,896,25.1,3.09,377.4,852.57,0.0,0.0, , 
,853.78,896,87.0,2.0,11111111,854.09,896,26.7,3.09,377.4,853.49,0.0,0.0, , 
,854.68,864,87.0,2.3,11111111,854.96,864,26.7,3.09,377.4,854.38,0.0,0.0, , 
,855.60,864,87.0,3.5,11111111,855.91,896,26.7,3.09,377.4,855.28,0.0,0.0, , 
,856.52,864,87.0,3.1,11111111,856.82,864,26.7,3.09,397.8,856.20,0.0,0.0, , 
,857.41,864,87.0,3.9,11111111,857.74,896,26.7,3.09,397.8,857.12,0.8,0.0, , 
,858.37,896,87.0,5.5,11111111,858.67,864,26.7,3.09,397.8,858.05,0.0,0.0, , 
,859.30,896,87.0,5.1,11111111,859.60,864,26.7,3.09,397.8,858.98,0.0,0.0, , 
,860.21,896,87.0,5.5,11111111,860.50,832,26.7,4.12,397.8,859.91,0.0,0.0, , 
,861.05,768,87.0,5.5,11111111,861.35,768,36.9,5.15,499.8,860.78,0.8,0.0, , 
,861.94,800,87.0,-0.4,11111111,862.28,832,34.1,4.12,459.0,861.63,0.0,0.0, , 
,862.89,864,87.0,-4.3,11101011,863.20,864,31.0,3.09,438.6,862.60,0.0,0.0, , 
,863.81,896,87.0,-1.2,11101011,864.12,896,32.5,4.12,459.0,863.50,0.0,0.0, , 
,864.74,928,87.0,2.3,11101011,865.04,960,31.0,4.12,438.6,864.42,0.0,0.0, , 
,865.69,992,87.0,4.3,11111111,866.00,1184,25.1,3.09,357.0,865.38,0.0,0.0, , 
,866.60,1248,87.0,3.9,11111111,866.91,1152,23.5,3.09,357.0,866.30,0.0,0.0, , 
,867.59,992,87.0,3.5,11111111,867.89,928,23.5,3.09,357.0,867.24,0.0,0.0, , 
,868.52,800,87.0,1.6,11111111,868.80,640,32.5,4.12,438.6,868.19,0.8,0.0, , 
,869.43,1024,87.0,0.0,11101011,869.73,1184,26.7,3.09,377.4,869.08,0.0,0.0, , 
,870.35,800,87.0,-1.2,11101011,870.66,864,36.9,5.15,499.8,870.04,0.0,0.0, , 
,871.31,1248,87.0,-6.6,11111111,871.63,1184,25.1,3.09,357.0,870.97,0.0,0.0, , 
,872.26,960,87.0,-4.3,11111111,872.57,832,29.4,4.12,418.2,871.94,0.0,0.0, , 
,873.15,736,87.0,-4.3,11111111,873.46,896,38.4,4.12,520.2,872.84,0.0,0.0, , 
,874.08,832,87.0,-10.9,11111111,874.38,864,34.1,4.12,459.0,873.77,0.0,0.0, , 
,874.99,896,87.0,-10.2,11111111,875.31,896,34.1,4.12,459.0,874.68,0.0,0.0, , 
,875.92,768,87.0,-6.6,11111111,876.22,768,32.5,4.12,459.0,875.62,0.0,0.0, , 
,876.82,832,87.0,-5.1,11111111,877.13,832,32.5,4.12,459.0,876.51,0.0,0.0, , 
,877.69,768,85.5,-2.0,11101011,878.00,800,50.2,8.24,632.4,877.41,0.0,0.0, , 
,878.65,1280,87.0,0.0,11101011,878.99,1184,34.1,4.12,438.6,878.33,0.0,0.0, , 
,879.59,640,87.0,0.0,11101011,879.89,800,57.6,8.24,714.0,879.28,0.0,0.0, , 
,880.51,928,87.0,0.0,11111111,880.81,928,29.4,4.12,418.2,880.19,0.0,0.0, , 
,881.42,928,87.0,-1.6,11111111,881.73,896,29.4,4.12,418.2,881.11,0.0,0.0, , 
,882.37,896,87.0,-1.2,11111111,882.68,896,28.2,4.12,397.8,882.05,0.0,0.0, , 
,883.28,832,87.0,-2.7,11111111,883.58,768,26.7,3.09,397.8,882.99,0.0,0.0, , 
,884.19,800,87.0,-3.9,11111111,884.48,800,28.2,3.09,418.2,883.88,0.8,0.0, , 
,885.08,768,87.0,-4.7,11111111,885.38,800,28.2,3.09,418.2,884.79,0.8,0.0, , 
,885.97,800,87.0,-3.9,11111111,886.27,800,28.2,3.09,418.2,885.66,0.8,0.0, , 
,886.86,800,87.0,-3.9,11111111,887.16,800,28.2,3.09,418.2,886.56,0.8,0.0, , 
,887.75,800,87.0,-3.9,11111111,888.04,800,28.2,3.09,418.2,887.46,0.8,0.0, , 
,888.63,800,87.0,-4.3,11111111,888.93,800,26.7,3.09,397.8,888.34,0.8,0.0, , 
,889.53,800,87.0,-4.7,11111111,889.83,800,26.7,3.09,397.8,889.22,0.8,0.0, , 
