Pi¹tek,11,Wrzesieñ,2026,16:28:59:00009-VCID:1C3761778CABCE7337-5178,Wersja VCDS: AKP 23.3.1,Wersja danych: 20230601 DS346.2
047 906 033 L,,1.4l SIMOS3PA   00HS5401,

,Grupa A:,'001,,,,Grupa B:,'002,,,,Grupa C:,'032
,,Obroty silnika,Temperatura,Lambda,Bity binarnie,,Obroty silnika,Obci¹¿enie,Czas wtrysku,Ciœnienie rzecz.,,Lambda,Lambda, , 
,CZAS,,,,,CZAS,,,,,CZAS,,,,
Znacznik,ZAPISU, /min,*C, %,,ZAPISU, /min, %, ms, mbar,ZAPISU, %, %,,
,0.26,0,94.5,0.0,10110111,0.53,0,0.0,0.00,989.4,0.01,99.2,0.0, , 
,1.06,0,94.5,0.0,10110111,1.32,0,0.0,0.00,989.4,0.80,99.2,0.0, , 
,1.86,0,94.5,0.0,10110111,2.13,0,0.0,0.00,989.4,1.60,99.2,0.0, , 
,2.69,0,94.5,0.0,10110111,2.95,0,0.0,0.00,989.4,2.42,99.2,0.0, , 
,3.48,0,94.5,0.0,10110111,3.75,0,0.0,0.00,989.4,3.22,99.2,0.0, , 
,4.28,0,94.5,0.0,10110111,4.55,0,0.0,0.00,989.4,4.01,99.2,0.0, , 
,5.08,0,94.5,0.0,10110111,5.34,0,0.0,0.00,989.4,4.81,99.2,0.0, , 
,5.87,0,94.5,0.0,10110111,6.14,0,0.0,0.00,989.4,5.61,99.2,0.0, , 
,6.67,0,94.5,0.0,10110111,6.93,0,0.0,0.00,989.4,6.40,99.2,0.0, , 
,7.47,192,94.5,0.0,10110111,7.73,224,84.3,19.57,969.0,7.20,99.2,0.0, , 
,8.26,224,94.5,0.0,10110111,8.55,192,82.7,17.51,948.6,8.00,99.2,0.0, , 
,36.63,800,87.0,0.0,10110111,36.92,800,31.0,4.12,459.0,37.22,0.0,0.0, , 
,37.52,800,87.0,0.0,10110111,37.82,800,31.0,4.12,438.6,38.12,0.0,0.0, , 
,38.42,800,87.0,0.0,10110111,38.72,800,31.0,4.12,459.0,39.02,0.0,0.0, , 
,39.35,800,87.0,0.0,10110111,39.66,768,31.0,4.12,438.6,39.98,0.0,0.0, , 
,40.29,768,87.0,0.0,10110111,40.60,800,31.0,4.12,459.0,40.90,0.0,0.0, , 
,41.21,800,87.0,0.0,10110111,41.52,800,31.0,4.12,459.0,41.83,0.0,0.0, , 
,42.13,768,87.0,0.0,10110111,42.42,800,31.0,4.12,438.6,42.72,0.0,0.0, , 
,43.03,768,87.0,0.0,10110111,43.33,800,31.0,4.12,438.6,43.63,0.0,0.0, , 
,43.93,800,87.0,0.0,10110111,44.22,800,31.0,4.12,438.6,44.52,0.0,0.0, , 
,44.82,800,87.0,0.0,10110111,45.12,800,31.0,4.12,438.6,45.43,0.0,0.0, , 
,45.73,800,87.0,0.0,10110111,46.02,800,31.0,4.12,438.6,46.32,0.0,0.0, , 
,46.62,800,87.0,0.0,10110111,46.92,768,31.0,4.12,438.6,47.21,0.0,0.0, , 
,47.52,800,87.0,0.0,10110111,47.82,800,31.0,4.12,438.6,48.12,0.0,0.0, , 
,48.42,768,87.0,0.0,10110111,48.72,768,31.0,4.12,438.6,49.00,0.0,0.0, , 
,49.29,768,87.0,0.0,10110111,49.58,800,31.0,4.12,438.6,49.87,0.0,0.0, , 
,50.18,800,87.0,0.0,10110111,50.48,800,31.0,4.12,438.6,50.78,0.0,0.0, , 
,51.07,800,87.0,0.0,10110111,51.38,768,31.0,4.12,438.6,51.69,0.0,0.0, , 
,52.00,800,87.0,0.0,10110111,52.29,800,31.0,4.12,438.6,52.59,0.0,0.0, , 
,52.89,800,87.0,0.0,10110111,53.18,768,31.0,4.12,438.6,53.48,0.0,0.0, , 
,53.78,928,87.0,0.0,10110111,54.07,928,26.7,3.09,397.8,54.39,0.0,0.0, , 
,54.72,1344,87.0,0.0,10110111,55.02,1216,22.0,3.09,336.6,55.36,0.0,0.0, , 
,55.66,896,87.0,0.0,10110111,55.96,768,28.2,4.12,397.8,56.26,0.0,0.0, , 
,56.55,800,87.0,0.0,10110111,56.83,800,31.0,4.12,459.0,57.13,0.0,0.0, , 
,57.44,800,87.0,0.0,10110111,57.74,800,31.0,4.12,438.6,58.04,0.0,0.0, , 
,58.36,800,87.0,0.0,10110111,58.66,800,31.0,4.12,438.6,58.98,0.0,0.0, , 
,59.28,800,88.5,0.0,10110111,59.57,800,31.0,4.12,438.6,59.88,0.0,0.0, , 
,60.19,800,88.5,0.0,10110111,60.50,800,31.0,4.12,459.0,60.78,0.0,0.0, , 
,61.07,800,87.0,0.0,10110111,61.36,800,31.0,4.12,438.6,61.67,0.0,0.0, , 
,61.98,800,88.5,0.0,10110111,62.28,800,31.0,4.12,438.6,62.57,0.0,0.0, , 
,62.86,768,88.5,0.0,10110111,63.16,800,31.0,4.12,438.6,63.46,0.0,0.0, , 
,63.75,800,88.5,0.0,10110111,64.04,800,31.0,4.12,438.6,64.34,0.0,0.0, , 
,64.62,768,88.5,0.0,10110111,64.91,800,31.0,4.12,438.6,65.21,0.0,0.0, , 
,65.52,800,88.5,0.0,10110111,65.81,768,31.0,4.12,438.6,66.11,0.0,0.0, , 
,66.40,800,88.5,0.0,10110111,66.70,800,31.0,4.12,438.6,66.99,0.0,0.0, , 
,67.30,800,88.5,0.0,10110111,67.59,768,31.0,4.12,438.6,67.90,0.0,0.0, , 
,68.20,800,88.5,0.0,10110111,68.49,768,29.4,4.12,438.6,68.80,0.0,0.0, , 
,69.11,768,88.5,0.0,10110111,69.41,768,29.4,4.12,438.6,69.70,0.0,0.0, , 
,69.99,768,88.5,0.0,10110111,70.30,768,31.0,4.12,438.6,70.60,0.0,0.0, , 
,70.89,768,88.5,0.0,10110111,71.20,800,29.4,4.12,438.6,71.49,0.0,0.0, , 
,71.79,768,88.5,0.0,10110111,72.09,800,29.4,4.12,438.6,72.39,0.0,0.0, , 
,72.69,768,88.5,0.0,10110111,72.99,768,31.0,4.12,438.6,73.30,0.0,0.0, , 
,73.60,768,88.5,0.0,10110111,73.92,800,31.0,4.12,438.6,74.23,0.0,0.0, , 
,74.52,800,88.5,0.0,10110111,74.84,768,29.4,4.12,438.6,75.15,0.0,0.0, , 
,75.44,768,88.5,0.4,10111111,75.73,768,31.0,4.12,438.6,76.04,0.0,0.0, , 
,76.35,768,88.5,0.8,10111111,76.65,800,29.4,4.12,438.6,76.97,0.0,0.0, , 
,77.26,768,88.5,0.4,10111111,77.58,800,29.4,4.12,438.6,77.86,0.0,0.0, , 
,78.17,768,88.5,0.4,10111111,78.46,800,31.0,4.12,438.6,78.76,0.0,0.0, , 
,79.06,800,88.5,0.0,10111111,79.36,800,29.4,4.12,438.6,79.65,0.0,0.0, , 
,79.95,800,88.5,0.0,10111111,80.24,800,29.4,4.12,438.6,80.55,0.0,0.0, , 
,80.85,800,88.5,0.0,10111111,81.14,800,29.4,4.12,438.6,81.43,0.0,0.0, , 
,81.74,800,88.5,0.0,10111111,82.05,768,29.4,4.12,438.6,82.35,0.0,0.0, , 
,82.64,800,88.5,0.0,10111111,82.94,800,29.4,4.12,438.6,83.23,0.0,0.0, , 
,83.55,768,88.5,0.0,10111111,83.85,768,31.0,4.12,438.6,84.16,0.0,0.0, , 
,84.45,768,88.5,0.4,10111111,84.75,768,31.0,4.12,438.6,85.06,0.0,0.0, , 
,85.35,800,90.0,0.4,10111111,85.65,800,31.0,4.12,438.6,85.95,0.0,0.0, , 
,86.25,800,88.5,0.4,10111111,86.55,800,31.0,4.12,438.6,86.85,0.0,0.0, , 
,87.17,800,90.0,0.4,10111111,87.47,800,29.4,4.12,438.6,87.78,0.0,0.0, , 
,88.08,800,90.0,0.4,10111111,88.37,768,29.4,4.12,438.6,88.66,0.0,0.0, , 
,88.97,800,90.0,0.0,10111111,89.27,800,29.4,4.12,438.6,89.58,0.0,0.0, , 
,89.88,800,90.0,0.0,10111111,90.19,800,29.4,4.12,438.6,90.48,0.0,0.0, , 
,90.78,800,90.0,-0.4,10111111,91.09,800,31.0,4.12,438.6,91.39,0.0,0.0, , 
,91.68,768,90.0,-0.4,10111111,91.98,800,31.0,4.12,438.6,92.28,0.0,0.0, , 
,92.57,768,90.0,-0.4,10111111,92.87,800,29.4,4.12,438.6,93.17,0.0,0.0, , 
,93.45,800,90.0,0.0,10111111,93.75,800,29.4,4.12,438.6,94.05,0.0,0.0, , 
,94.35,800,90.0,0.0,10111111,94.66,800,29.4,4.12,438.6,94.98,0.0,0.0, , 
,95.29,800,90.0,-0.4,10111111,95.59,800,29.4,4.12,438.6,95.89,0.0,0.0, , 
,96.18,800,90.0,-0.4,10111111,96.48,768,31.0,4.12,438.6,96.78,0.0,0.0, , 
,97.07,800,90.0,-0.8,10111111,97.37,800,29.4,4.12,438.6,97.67,0.0,0.0, , 
,97.96,768,90.0,-0.8,10111111,98.26,800,29.4,4.12,438.6,98.55,0.0,0.0, , 
,98.86,768,90.0,-0.8,10111111,99.16,800,29.4,4.12,438.6,99.46,0.0,0.0, , 
,99.75,768,90.0,-0.4,10111111,100.05,768,31.0,4.12,438.6,100.35,0.0,0.0, , 
,100.66,800,90.0,0.0,10111111,100.96,800,31.0,4.12,438.6,101.27,0.0,0.0, , 
,101.58,800,90.0,-0.4,10111111,101.87,800,29.4,4.12,438.6,102.17,0.0,0.0, , 
,102.48,800,91.5,-0.4,10111111,102.78,768,31.0,4.12,438.6,103.07,0.0,0.0, , 
,103.37,800,90.0,-0.4,10111111,103.67,800,29.4,4.12,438.6,103.97,0.0,0.0, , 
,104.26,800,90.0,-0.4,10111111,104.55,800,29.4,4.12,438.6,104.84,0.0,0.0, , 
,105.15,768,90.0,-0.8,10111111,105.46,800,29.4,4.12,438.6,105.76,0.0,0.0, , 
,106.07,768,90.0,-0.8,10111111,106.36,800,29.4,4.12,438.6,106.64,0.0,0.0, , 
,106.93,800,91.5,-0.8,10111111,107.23,800,29.4,4.12,438.6,107.52,0.0,0.0, , 
,107.82,768,91.5,-0.8,10111111,108.13,800,29.4,4.12,438.6,108.43,0.0,0.0, , 
,108.74,768,91.5,-0.8,10111111,109.06,768,29.4,4.12,438.6,109.36,0.0,0.0, , 
,109.65,800,91.5,-0.8,10111111,109.95,768,29.4,4.12,438.6,110.25,0.0,0.0, , 
,110.55,800,91.5,-0.8,10111111,110.84,800,29.4,4.12,438.6,111.16,0.0,0.0, , 
,111.46,768,91.5,-0.8,10111111,111.75,800,29.4,4.12,438.6,112.05,0.0,0.0, , 
,112.35,800,91.5,-1.2,10111111,112.65,800,29.4,4.12,438.6,112.96,0.0,0.0, , 
,113.26,768,91.5,-1.6,10111111,113.55,768,31.0,4.12,438.6,113.86,0.0,0.0, , 
,114.15,800,91.5,-2.0,10111111,114.47,800,31.0,4.12,438.6,114.76,0.0,0.0, , 
,115.06,768,91.5,-2.0,10111111,115.37,800,29.4,4.12,438.6,115.66,0.0,0.0, , 
,115.95,768,91.5,-1.6,10111111,116.24,800,31.0,4.12,438.6,116.53,0.0,0.0, , 
,116.81,800,91.5,-1.2,10111111,117.10,768,29.4,4.12,438.6,117.40,0.0,0.0, , 
,117.70,800,91.5,-1.2,10111111,118.00,768,29.4,4.12,438.6,118.29,0.0,0.0, , 
,118.60,768,91.5,-0.8,10111111,118.90,768,31.0,4.12,438.6,119.21,0.0,0.0, , 
,119.49,800,91.5,-0.8,10111111,119.80,768,31.0,4.12,438.6,120.12,0.0,0.0, , 
,120.43,768,91.5,-1.2,10111111,120.73,800,29.4,4.12,438.6,121.03,0.0,0.0, , 
,121.33,800,91.5,-1.2,10111111,121.62,800,29.4,4.12,438.6,121.91,0.0,0.0, , 
,122.22,800,91.5,-0.8,10111111,122.51,800,29.4,4.12,438.6,122.81,0.0,0.0, , 
,123.11,800,91.5,-0.8,10111111,123.41,800,29.4,4.12,438.6,123.71,0.0,0.0, , 
,124.03,800,91.5,-0.4,10111111,124.33,768,29.4,4.12,438.6,124.62,0.0,0.0, , 
,124.92,800,91.5,-0.4,10111111,125.22,800,29.4,4.12,438.6,125.54,0.0,0.0, , 
,125.84,800,91.5,-0.4,10111111,126.14,768,31.0,4.12,438.6,126.43,0.0,0.0, , 
,126.73,800,91.5,-0.4,10111111,127.03,800,29.4,4.12,438.6,127.30,0.0,0.0, , 
,127.60,768,91.5,-0.4,10111111,127.91,800,29.4,4.12,438.6,128.21,0.0,0.0, , 
,128.51,768,93.0,-0.4,10111111,128.81,800,29.4,4.12,438.6,129.10,0.0,0.0, , 
,129.41,800,93.0,-0.8,10111111,129.72,800,31.0,4.12,438.6,130.02,0.0,0.0, , 
,130.31,800,93.0,-0.8,10111111,130.60,768,29.4,4.12,438.6,130.89,0.0,0.0, , 
,131.19,800,93.0,-0.8,10111111,131.49,768,29.4,4.12,438.6,131.79,0.0,0.0, , 
,132.09,800,93.0,-0.8,10111111,132.41,768,29.4,4.12,438.6,132.71,0.0,0.0, , 
,133.01,800,93.0,-0.8,10111111,133.31,800,29.4,4.12,438.6,133.59,0.0,0.0, , 
,133.88,768,93.0,-0.8,10111111,134.19,800,31.0,4.12,438.6,134.50,0.0,0.0, , 
,134.78,768,93.0,-0.8,10111111,135.08,768,29.4,4.12,438.6,135.38,0.0,0.0, , 
,135.69,800,93.0,-0.8,10111111,136.01,800,29.4,4.12,438.6,136.31,0.0,0.0, , 
,136.60,800,93.0,-0.8,10111111,136.90,800,29.4,4.12,438.6,137.20,0.0,0.0, , 
,137.48,800,93.0,-0.8,10111111,137.78,768,29.4,4.12,438.6,138.08,0.0,0.0, , 
,138.38,800,93.0,-0.8,10111111,138.68,768,29.4,4.12,438.6,139.00,0.0,0.0, , 
,139.30,800,93.0,-0.4,10111111,139.59,768,29.4,4.12,438.6,139.88,0.0,0.0, , 
,140.18,800,93.0,-0.4,10111111,140.48,768,29.4,4.12,438.6,140.78,0.0,0.0, , 
,141.08,800,93.0,-0.4,10111111,141.38,800,29.4,4.12,438.6,141.67,0.0,0.0, , 
,141.96,800,93.0,-0.8,10111111,142.25,800,29.4,4.12,438.6,142.54,0.0,0.0, , 
,142.83,768,93.0,-1.2,10111111,143.12,800,29.4,4.12,438.6,143.43,0.0,0.0, , 
,143.76,768,93.0,-1.6,10111111,144.04,800,29.4,4.12,438.6,144.34,0.0,0.0, , 
,144.65,800,94.5,-1.2,10111111,144.93,768,29.4,4.12,438.6,145.25,0.0,0.0, , 
,145.55,800,93.0,-1.2,10111111,145.84,768,29.4,4.12,438.6,146.14,0.0,0.0, , 
,146.44,800,93.0,-1.2,10111111,146.73,800,29.4,4.12,438.6,147.04,0.0,0.0, , 
,147.34,800,94.5,-1.2,10111111,147.64,800,29.4,4.12,438.6,147.95,0.0,0.0, , 
,148.24,768,94.5,-1.6,10111111,148.54,800,29.4,4.12,438.6,148.84,0.0,0.0, , 
,149.13,768,94.5,-1.6,10111111,149.44,800,31.0,4.12,438.6,149.74,0.0,0.0, , 
,150.04,768,94.5,-1.2,10111111,150.34,800,29.4,4.12,438.6,150.64,0.0,0.0, , 
,150.94,768,94.5,-1.2,10111111,151.24,768,29.4,4.12,438.6,151.54,0.0,0.0, , 
,151.84,800,94.5,-1.2,10111111,152.15,768,29.4,4.12,438.6,152.43,0.0,0.0, , 
,152.74,800,94.5,-1.2,10111111,153.04,768,29.4,4.12,438.6,153.35,0.0,0.0, , 
,153.65,800,94.5,-1.6,10111111,153.95,768,29.4,4.12,438.6,154.25,0.0,0.0, , 
,154.54,800,94.5,-1.6,10111111,154.84,800,29.4,4.12,438.6,155.14,0.0,0.0, , 
,155.45,800,94.5,-1.6,10111111,155.74,800,29.4,4.12,438.6,156.03,0.0,0.0, , 
,156.34,768,94.5,-2.0,10111111,156.62,800,29.4,4.12,438.6,156.92,0.0,0.0, , 
,157.19,768,94.5,-2.0,10111111,157.49,768,29.4,4.12,438.6,157.78,0.0,0.0, , 
,158.08,768,94.5,-2.0,10111111,158.38,800,29.4,4.12,438.6,158.70,0.0,0.0, , 
,159.00,800,94.5,-1.6,10111111,159.29,800,29.4,4.12,438.6,159.59,0.0,0.0, , 
,159.88,768,94.5,-1.2,10111111,160.18,800,29.4,4.12,438.6,160.49,0.0,0.0, , 
,160.79,800,94.5,-1.6,10111111,161.09,768,29.4,4.12,438.6,161.38,0.0,0.0, , 
,161.69,800,94.5,-1.6,10111111,162.00,768,29.4,4.12,438.6,162.31,0.0,0.0, , 
,162.61,800,94.5,-1.6,10111111,162.89,800,29.4,4.12,438.6,163.17,0.0,0.0, , 
,163.47,768,94.5,-1.2,10111111,163.75,800,29.4,4.12,438.6,164.03,0.0,0.0, , 
,164.33,800,94.5,-1.2,10111111,164.61,800,29.4,4.12,438.6,164.90,0.0,0.0, , 
,165.20,768,94.5,-0.8,10111111,165.50,768,29.4,4.12,438.6,165.81,0.0,0.0, , 
,166.10,800,94.5,-0.8,10111111,166.39,800,29.4,4.12,438.6,166.69,0.0,0.0, , 
,166.97,768,94.5,-0.4,10111111,167.26,768,29.4,4.12,438.6,167.56,0.0,0.0, , 
,167.86,800,96.0,-0.8,10111111,168.16,800,29.4,4.12,438.6,168.47,0.0,0.0, , 
,168.75,800,96.0,-0.8,10111111,169.04,768,29.4,4.12,438.6,169.34,0.0,0.0, , 
,169.63,768,94.5,-1.2,10111111,169.95,768,29.4,4.12,438.6,170.23,0.0,0.0, , 
,170.53,800,94.5,-0.8,10111111,170.81,768,29.4,4.12,438.6,171.09,0.0,0.0, , 
,171.39,800,94.5,-0.8,10111111,171.67,800,29.4,4.12,438.6,171.97,0.0,0.0, , 
,172.26,768,96.0,-0.8,10111111,172.54,800,29.4,4.12,438.6,172.84,0.0,0.0, , 
,173.14,768,96.0,-0.8,10111111,173.43,800,29.4,4.12,438.6,173.74,0.0,0.0, , 
,202.85,3488,96.0,3.5,11101001,202.13,3360,90.2,16.48,989.4,202.48,0.0,0.0, , 
,203.91,3328,94.5,0.0,11111101,203.25,3552,90.2,14.42,969.0,203.59,0.0,0.0, , 
,204.91,1760,94.5,0.0,11111111,204.23,2816,0.0,0.00,275.4,204.58,0.0,0.0, , 
,205.95,2048,96.0,0.0,11101001,205.24,1760,20.8,3.09,316.2,205.59,0.0,0.0, , 
,207.03,1984,94.5,-2.0,11101001,206.32,2048,22.0,3.09,316.2,206.68,0.0,0.0, , 
,208.10,1984,94.5,-1.2,11101001,207.38,1984,32.5,4.12,418.2,207.74,0.0,0.0, , 
,209.15,2016,94.5,2.0,11101001,208.47,1984,59.2,8.24,673.2,208.81,0.0,0.0, , 
,210.23,2048,94.5,7.0,11101001,209.51,2048,62.0,9.27,714.0,209.87,0.0,0.0, , 
,211.26,2080,94.5,3.1,11101001,210.57,2080,45.9,6.18,550.8,210.92,0.0,0.0, , 
,212.28,2112,94.5,5.1,11101001,211.60,2080,42.7,6.18,520.2,211.95,0.0,0.0, , 
,213.31,2144,94.5,6.6,11101001,212.61,2112,41.2,6.18,499.8,212.96,0.0,0.0, , 
,214.34,2144,94.5,7.4,11101001,213.64,2144,40.0,6.18,499.8,213.98,0.0,0.0, , 
,215.38,2144,94.5,2.3,11101001,214.67,2144,26.7,4.12,357.0,215.02,0.0,0.0, , 
,216.46,2144,94.5,-0.4,11101001,215.74,2144,25.1,3.09,336.6,216.10,0.0,0.0, , 
,217.48,2144,94.5,-2.7,11101001,216.80,2144,26.7,3.09,357.0,217.14,0.0,0.0, , 
,218.53,2176,93.0,4.7,11101001,217.83,2176,35.3,4.12,438.6,218.18,0.0,0.0, , 
,219.55,2176,93.0,4.7,11101001,218.85,2176,54.5,7.21,632.4,219.21,0.0,0.0, , 
,220.55,2208,93.0,8.2,11101001,219.89,2176,54.5,8.24,632.4,220.21,0.0,0.0, , 
,221.59,2240,91.5,10.2,11101001,220.90,2208,54.5,8.24,632.4,221.24,0.0,0.0, , 
,222.61,2240,93.0,11.3,11101001,221.93,2240,53.3,8.24,612.0,222.28,0.0,0.0, , 
,223.66,2240,93.0,12.1,11101001,222.95,2240,53.3,8.24,612.0,223.30,0.0,0.0, , 
,224.64,2208,91.5,12.1,11101001,224.00,2208,54.5,8.24,632.4,224.33,0.0,0.0, , 
,225.67,2208,91.5,11.7,11101001,224.97,2208,66.3,10.30,754.8,225.31,0.0,0.0, , 
,226.70,2208,91.5,13.7,11101001,226.01,2208,66.3,10.30,754.8,226.35,0.0,0.0, , 
,227.69,2208,91.5,15.6,11101001,227.02,2208,66.3,10.30,754.8,227.36,0.0,0.0, , 
,228.73,2208,91.5,16.0,11101001,228.04,2208,66.3,11.33,754.8,228.38,0.0,0.0, , 
,229.74,2208,91.5,11.3,11101001,229.08,2208,66.3,11.33,754.8,229.40,0.0,0.0, , 
,230.81,2240,91.5,10.9,11101001,230.10,2208,67.8,11.33,775.2,230.46,0.0,0.0, , 
,231.83,2240,90.0,11.3,11101001,231.15,2240,66.3,11.33,754.8,231.49,0.0,0.0, , 
,232.83,2272,91.5,10.2,11101001,232.16,2240,69.4,11.33,775.2,232.49,0.0,0.0, , 
,233.86,2272,90.0,10.2,11101001,233.19,2272,69.4,11.33,775.2,233.52,0.0,0.0, , 
,234.87,2272,90.0,10.2,11101001,234.19,2272,69.4,11.33,775.2,234.52,0.0,0.0, , 
,235.86,2336,90.0,0.8,11101001,235.20,2304,79.6,12.36,887.4,235.53,0.0,0.0, , 
,236.86,2368,90.0,-2.0,11101001,236.18,2336,84.3,13.39,928.2,236.52,0.0,0.0, , 
,237.94,2400,90.0,-2.0,11101001,237.24,2368,82.7,13.39,928.2,237.57,0.0,0.0, , 
,239.00,2432,90.0,0.8,11101001,238.31,2400,81.2,12.36,907.8,238.65,0.0,0.0, , 
,240.06,2432,90.0,7.4,11101001,239.37,2432,75.3,12.36,846.6,239.70,0.0,0.0, , 
,241.12,2464,90.0,11.7,11101001,240.41,2432,71.0,11.33,795.6,240.76,0.0,0.0, , 
,242.14,2464,88.5,14.8,11101001,241.45,2464,62.0,10.30,714.0,241.79,0.0,0.0, , 
,243.22,2464,88.5,16.0,11101001,242.51,2464,59.2,10.30,673.2,242.87,0.0,0.0, , 
,244.26,2464,88.5,14.5,11101001,243.55,2464,50.2,8.24,591.6,243.90,0.0,0.0, , 
,245.31,2464,88.5,14.1,11101001,244.61,2464,51.8,8.24,591.6,244.96,0.0,0.0, , 
,246.37,2464,88.5,12.9,11101001,245.67,2464,51.8,8.24,591.6,246.03,0.0,0.0, , 
,247.44,2464,88.5,11.3,11101001,246.72,2432,51.8,8.24,591.6,247.07,0.0,0.0, , 
,248.51,2432,88.5,10.5,11101001,247.80,2432,50.2,8.24,591.6,248.16,0.0,0.0, , 
,249.49,2432,88.5,0.0,11111101,248.84,2432,47.1,7.21,550.8,249.17,0.0,0.0, , 
,250.52,2368,88.5,0.0,11111101,249.84,2400,19.2,2.06,275.4,250.19,0.0,0.0, , 
,251.49,2336,88.5,0.0,11111101,250.84,2368,0.0,0.00,244.8,251.16,0.0,0.0, , 
,252.47,2272,88.5,0.0,11111101,251.82,2304,0.0,0.00,244.8,252.14,0.0,0.0, , 
,253.48,2240,88.5,0.0,11111101,252.80,2272,0.0,0.00,244.8,253.13,0.0,0.0, , 
,254.52,2176,88.5,0.0,11111101,253.83,2208,0.0,0.00,244.8,254.18,0.0,0.0, , 
,255.52,2144,88.5,0.0,11111101,254.85,2176,0.0,0.00,244.8,255.18,0.0,0.0, , 
,256.55,2080,88.5,0.0,11111101,255.88,2112,0.0,0.00,244.8,256.21,0.0,0.0, , 
,257.60,2048,88.5,0.0,11111101,256.90,2080,0.0,0.00,244.8,257.24,0.0,0.0, , 
,258.65,1984,87.0,0.0,11111101,257.95,2016,0.0,0.00,244.8,258.31,0.0,0.0, , 
,259.73,1952,87.0,0.0,11101011,259.01,2016,14.9,2.06,244.8,259.36,0.0,0.0, , 
,260.78,1920,87.0,0.0,11101011,260.08,1952,16.1,2.06,244.8,260.43,0.0,0.0, , 
,261.89,1888,87.0,-7.0,11101011,261.15,1920,17.6,2.06,275.4,261.51,0.0,0.0, , 
,262.95,1856,87.0,-8.2,11101011,262.22,1888,17.6,2.06,275.4,262.58,0.0,0.0, , 
,264.06,1856,87.0,-7.4,11101011,263.34,1856,17.6,2.06,275.4,263.69,0.0,0.0, , 
,265.15,1824,87.0,1.2,11101011,264.40,1856,22.0,3.09,316.2,264.78,0.0,0.0, , 
,266.27,1792,87.0,8.6,11101011,265.53,1824,34.1,5.15,438.6,265.89,0.0,0.0, , 
,267.34,1856,85.5,5.5,11101011,266.61,1824,59.2,8.24,693.6,266.97,0.0,0.0, , 
,268.41,1728,85.5,0.0,11111111,267.70,1824,40.0,3.09,499.8,268.06,0.0,0.0, , 
,269.37,1088,85.5,0.0,11111111,268.74,1184,23.5,3.09,336.6,269.05,0.0,0.0, , 
,270.29,1056,85.5,0.0,11111111,269.67,1088,25.1,3.09,357.0,269.99,0.0,0.0, , 
,271.18,864,87.0,0.0,11111111,270.57,992,23.5,3.09,357.0,270.87,0.0,0.0, , 
,272.11,896,85.5,3.1,11111111,271.48,896,28.2,3.09,397.8,271.80,0.0,0.0, , 
,273.04,896,85.5,5.9,11111111,272.40,896,28.2,4.12,397.8,272.73,0.0,0.0, , 
,273.95,896,85.5,7.8,11111111,273.35,928,26.7,4.12,397.8,273.67,0.0,0.0, , 
,274.92,928,85.5,9.0,11111111,274.26,896,26.7,4.12,397.8,274.59,0.0,0.0, , 
,275.94,2560,85.5,12.9,11101001,275.26,1408,25.1,4.12,357.0,275.60,0.0,0.0, , 
,276.91,2688,85.5,0.0,11101001,276.28,2720,50.2,8.24,571.2,276.59,0.0,0.0, , 
,277.94,2848,85.5,1.2,11101001,277.24,2752,82.7,13.39,907.8,277.58,0.0,0.0, , 
,279.08,3072,84.0,3.9,11101001,278.34,2912,87.1,14.42,948.6,278.73,0.0,0.0, , 
,280.18,3264,85.5,5.1,11101001,279.44,3136,88.6,14.42,948.6,279.83,0.0,0.0, , 
,281.29,3456,85.5,5.5,11101001,280.57,3328,88.6,14.42,948.6,280.92,0.0,0.0, , 
,282.32,3072,84.0,0.0,11111101,281.68,3552,90.2,14.42,969.0,282.04,0.0,0.0, , 
,283.33,2624,84.0,0.0,11101001,282.63,2624,0.0,0.00,275.4,282.99,0.0,0.0, , 
,284.38,2656,84.0,4.7,11101001,283.68,2656,62.0,9.27,693.6,284.02,0.0,0.0, , 
,285.36,2688,84.0,10.5,11101001,284.72,2656,66.3,10.30,754.8,285.03,0.0,0.0, , 
,286.36,2784,84.0,12.9,11101001,285.69,2720,78.4,13.39,867.0,286.03,0.0,0.0, , 
,287.40,2848,84.0,11.3,11101001,286.70,2784,79.6,13.39,887.4,287.05,0.0,0.0, , 
,288.41,2912,84.0,7.0,11101001,287.77,2880,82.7,14.42,907.8,288.14,0.0,0.0, , 
,289.64,3040,84.0,5.1,11101001,288.87,2944,82.7,13.39,907.8,289.33,0.0,0.0, , 
,290.73,3104,84.0,5.1,11101001,290.03,3040,82.7,13.39,907.8,290.37,0.0,0.0, , 
,291.76,3200,84.0,0.0,11101001,291.08,3136,82.7,13.39,887.4,291.45,0.0,0.0, , 
,292.76,1728,84.0,0.0,11111111,292.11,2752,0.0,0.00,295.8,292.43,0.0,0.0, , 
,293.87,2368,84.0,0.0,11101001,293.16,1504,23.5,3.09,336.6,293.52,0.0,0.0, , 
,294.88,2400,84.0,-5.9,11101001,294.22,2400,19.2,2.06,275.4,294.53,0.0,0.0, , 
,295.92,2368,84.0,0.0,11101001,295.26,2400,29.4,4.12,377.4,295.59,0.0,0.0, , 
,296.93,2400,84.0,6.3,11101001,296.26,2400,51.8,7.21,612.0,296.58,0.0,0.0, , 
,298.00,2400,84.0,13.3,11101001,297.26,2400,50.2,7.21,591.6,297.65,0.0,0.0, , 
,299.05,2432,84.0,16.8,11101001,298.33,2432,32.5,4.12,418.2,298.70,0.0,0.0, , 
,300.11,2400,84.0,18.0,11101001,299.40,2400,29.4,4.12,377.4,299.75,0.0,0.0, , 
,301.16,2400,84.0,18.8,11101001,300.44,2400,29.4,4.12,377.4,300.81,0.0,0.0, , 
,302.18,2400,84.0,18.4,11101001,301.48,2400,29.4,4.12,377.4,301.82,0.0,0.0, , 
,303.22,2400,84.0,15.6,11101001,302.55,2400,29.4,5.15,377.4,302.89,0.0,0.0, , 
,304.29,2368,84.0,15.2,11101001,303.58,2400,31.0,4.12,377.4,303.93,0.0,0.0, , 
,305.29,2368,84.0,14.5,11101001,304.61,2368,31.0,4.12,377.4,304.95,0.0,0.0, , 
,306.30,2368,84.0,14.1,11101001,305.61,2368,31.0,5.15,377.4,305.96,0.0,0.0, , 
,307.32,2368,84.0,11.7,11101001,306.63,2368,31.0,4.12,397.8,306.98,0.0,0.0, , 
,308.35,2368,82.5,0.0,11101001,307.69,2368,32.5,5.15,397.8,308.03,0.0,0.0, , 
,309.40,2368,82.5,3.5,11101001,308.70,2368,53.3,7.21,612.0,309.04,0.0,0.0, , 
,310.45,2368,82.5,9.4,11101001,309.74,2368,59.2,9.27,673.2,310.10,0.0,0.0, , 
,311.48,2368,82.5,15.2,11101001,310.79,2368,59.2,9.27,673.2,311.13,0.0,0.0, , 
,312.52,2368,82.5,15.2,11101001,311.80,2368,59.2,9.27,673.2,312.18,0.0,0.0, , 
,313.57,2368,82.5,14.1,11101001,312.87,2368,47.1,7.21,550.8,313.21,0.0,0.0, , 
,314.58,2336,82.5,12.5,11101001,313.91,2336,47.1,7.21,550.8,314.26,0.0,0.0, , 
,315.61,2336,82.5,11.3,11101001,314.93,2336,42.7,6.18,499.8,315.27,0.0,0.0, , 
,316.67,2304,82.5,11.3,11101001,315.99,2336,36.9,6.18,459.0,316.32,0.0,0.0, , 
,317.64,2304,82.5,10.5,11101001,316.99,2304,44.3,6.18,520.2,317.31,0.0,0.0, , 
,318.66,2304,82.5,11.3,11101001,318.00,2304,56.1,8.24,632.4,318.32,0.0,0.0, , 
,319.67,2304,82.5,13.3,11101001,319.00,2304,56.1,9.27,652.8,319.33,0.0,0.0, , 
,320.68,2304,82.5,13.7,11101001,320.00,2304,54.5,8.24,632.4,320.32,0.0,0.0, , 
,321.69,2304,84.0,13.7,11101001,321.01,2272,54.5,8.24,632.4,321.35,0.0,0.0, , 
,322.72,2272,82.5,14.5,11101001,322.04,2304,56.1,9.27,632.4,322.38,0.0,0.0, , 
,323.75,2272,82.5,14.5,11101001,323.06,2272,54.5,8.24,632.4,323.40,0.0,0.0, , 
,324.75,2272,82.5,13.3,11101001,324.08,2272,54.5,9.27,632.4,324.42,0.0,0.0, , 
,325.75,2240,82.5,13.7,11101001,325.08,2240,54.5,8.24,632.4,325.42,0.0,0.0, , 
,326.75,2208,82.5,9.4,11101001,326.08,2240,56.1,8.24,632.4,326.41,0.0,0.0, , 
,327.75,2208,82.5,7.4,11101001,327.09,2208,48.6,7.21,571.2,327.42,0.0,0.0, , 
,328.78,2144,82.5,0.0,11101001,328.09,2176,40.0,5.15,499.8,328.43,0.0,0.0, , 
,329.79,2112,82.5,0.0,11101001,329.11,2144,26.7,3.09,357.0,329.45,0.0,0.0, , 
,330.83,2048,82.5,0.4,11101001,330.13,2080,26.7,3.09,357.0,330.48,0.0,0.0, , 
,331.88,2016,84.0,3.9,11101001,331.19,2048,29.4,4.12,377.4,331.53,0.0,0.0, , 
,332.96,1984,84.0,3.5,11101011,332.24,2016,29.4,4.12,397.8,332.60,0.0,0.0, , 
,334.08,1952,84.0,5.5,11101011,333.32,1984,26.7,3.09,357.0,333.68,0.0,0.0, , 
,335.17,1920,84.0,6.6,11101011,334.43,1952,29.4,4.12,377.4,334.80,0.0,0.0, , 
,336.28,1920,84.0,6.6,11101011,335.53,1920,29.4,4.12,397.8,335.90,0.0,0.0, , 
,337.36,1888,84.0,9.0,11101011,336.64,1920,31.0,4.12,397.8,337.00,0.0,0.0, , 
,338.44,1856,84.0,12.1,11101011,337.72,1888,31.0,4.12,397.8,338.09,0.0,0.0, , 
,339.52,1856,84.0,12.9,11101011,338.82,1888,31.0,4.12,397.8,339.17,0.0,0.0, , 
,340.64,1824,84.0,15.6,11101011,339.89,1856,32.5,4.12,418.2,340.28,0.0,0.0, , 
,341.74,1824,84.0,16.8,11101011,341.01,1856,35.3,5.15,438.6,341.36,0.0,0.0, , 
,342.87,1792,84.0,17.2,11101011,342.10,1824,35.3,5.15,438.6,342.49,0.0,0.0, , 
,343.97,1792,84.0,18.0,11101011,343.25,1824,35.3,5.15,438.6,343.61,0.0,0.0, , 
,345.02,1792,84.0,18.0,11101011,344.30,1792,35.3,5.15,459.0,344.67,0.0,0.0, , 
,346.15,1792,84.0,16.0,11101011,345.41,1792,35.3,5.15,459.0,345.76,0.0,0.0, , 
,347.24,1792,84.0,16.4,11101011,346.47,1792,36.9,5.15,459.0,346.86,0.0,0.0, , 
,348.35,1760,84.0,14.1,11101011,347.63,1760,36.9,5.15,459.0,347.99,0.0,0.0, , 
,349.42,1760,84.0,14.1,11101011,348.73,1760,36.9,5.15,459.0,349.08,0.0,0.0, , 
,350.52,1760,84.0,12.5,11111111,349.81,1760,35.3,5.15,459.0,350.17,0.0,0.0, , 
,351.60,1728,84.0,5.1,11111111,350.88,1760,22.0,3.09,316.2,351.25,0.0,0.0, , 
,352.64,1632,84.0,0.0,11111111,351.95,1696,0.0,0.00,316.2,352.29,0.0,0.0, , 
,353.69,1504,84.0,0.0,11111111,352.97,1600,0.0,0.00,316.2,353.28,0.0,0.0, , 
,354.66,1056,84.0,0.0,11111111,354.02,1440,0.0,0.00,336.6,354.35,0.0,0.0, , 
,355.56,928,84.0,0.0,11111111,354.97,928,32.5,5.15,418.2,355.25,0.0,0.0, , 
,356.55,1664,84.0,0.0,11101011,355.88,960,28.2,4.12,397.8,356.21,0.0,0.0, , 
,357.56,1664,84.0,2.7,11101011,356.88,1664,22.0,3.09,316.2,357.22,0.0,0.0, , 
,358.66,1632,84.0,2.3,11101011,357.91,1632,22.0,3.09,316.2,358.29,0.0,0.0, , 
,359.69,1600,84.0,2.7,11101011,358.99,1632,22.0,3.09,316.2,359.33,0.0,0.0, , 
,360.75,1600,84.0,5.1,11101011,360.04,1600,22.0,3.09,316.2,360.39,0.0,0.0, , 
,361.77,1568,84.0,5.9,11101011,361.09,1568,23.5,3.09,336.6,361.43,0.0,0.0, , 
,362.81,1536,84.0,6.3,11101011,362.12,1568,23.5,3.09,336.6,362.48,0.0,0.0, , 
,363.87,1536,84.0,9.0,11101011,363.17,1536,23.5,3.09,336.6,363.52,0.0,0.0, , 
,364.95,1536,84.0,11.3,11101011,364.23,1536,29.4,4.12,397.8,364.57,0.0,0.0, , 
,366.01,1568,84.0,12.5,11101011,365.30,1536,29.4,4.12,397.8,365.67,0.0,0.0, , 
,367.11,1568,84.0,13.3,11101011,366.40,1536,29.4,4.12,397.8,366.76,0.0,0.0, , 
,368.23,1568,84.0,13.7,11101011,367.48,1568,29.4,4.12,397.8,367.85,0.0,0.0, , 
,369.33,1568,84.0,14.1,11101011,368.59,1568,28.2,4.12,377.4,368.94,0.0,0.0, , 
,370.40,1600,84.0,14.1,11101011,369.67,1600,28.2,4.12,377.4,370.03,0.0,0.0, , 
,371.42,1632,84.0,14.1,11101011,370.76,1600,28.2,4.12,377.4,371.11,0.0,0.0, , 
,372.53,1632,84.0,14.5,11101011,371.77,1632,28.2,4.12,377.4,372.15,0.0,0.0, , 
,373.61,1664,84.0,10.9,11101011,372.91,1664,28.2,4.12,377.4,373.28,0.0,1.2, , 
,374.62,1664,84.0,9.4,11101011,373.95,1664,26.7,4.12,357.0,374.28,0.0,1.2, , 
,375.72,1664,84.0,8.6,11101011,374.99,1664,26.7,4.12,377.4,375.37,0.0,1.2, , 
,376.77,1696,82.5,7.4,11101011,376.07,1664,26.7,4.12,377.4,376.41,0.0,1.2, , 
,377.84,1696,84.0,6.6,11101011,377.13,1664,28.2,4.12,377.4,377.49,0.0,2.0, , 
,378.95,1696,84.0,6.3,11101011,378.21,1696,26.7,4.12,377.4,378.60,0.0,2.0, , 
,380.01,1696,84.0,6.6,11101011,379.31,1696,26.7,4.12,357.0,379.67,0.0,2.0, , 
,381.13,1664,82.5,7.0,11101011,380.38,1664,26.7,4.12,357.0,380.76,0.0,2.0, , 
,382.20,1664,82.5,6.6,11101011,381.47,1664,26.7,4.12,357.0,381.85,0.0,2.7, , 
,383.23,1632,82.5,6.6,11101011,382.54,1664,26.7,4.12,357.0,382.89,0.0,2.7, , 
,384.30,1632,82.5,7.4,11101011,383.60,1664,26.7,4.12,377.4,383.95,0.0,2.7, , 
,385.39,1632,82.5,7.4,11101011,384.68,1632,28.2,4.12,377.4,385.06,0.0,2.7, , 
,386.44,1600,82.5,7.0,11101011,385.74,1632,28.2,4.12,377.4,386.09,0.0,3.5, , 
,387.47,1600,82.5,7.8,11101011,386.78,1632,28.2,4.12,377.4,387.12,0.0,3.5, , 
,388.60,1600,82.5,8.2,11101011,387.85,1632,28.2,4.12,377.4,388.21,0.0,3.5, , 
,389.67,1600,82.5,7.4,11101011,388.95,1600,28.2,4.12,377.4,389.31,0.0,4.3, , 
,390.77,1568,82.5,7.8,11101011,390.02,1568,28.2,4.12,377.4,390.39,0.0,4.3, , 
,391.79,1536,82.5,7.4,11101011,391.13,1568,28.2,4.12,377.4,391.47,0.0,4.3, , 
,392.81,1536,82.5,6.3,11101011,392.13,1536,29.4,4.12,377.4,392.46,0.0,4.3, , 
,393.83,1504,82.5,5.1,11101011,393.12,1536,29.4,4.12,397.8,393.49,0.0,5.1, , 
,394.75,1472,82.5,2.7,11101011,394.21,1472,34.1,5.15,438.6,394.48,0.0,0.0, , 
,395.98,1472,82.5,-3.5,11101011,395.08,1504,40.0,6.18,479.4,395.52,0.0,0.0, , 
,397.06,1504,84.0,-2.3,11101011,396.27,1504,51.8,7.21,612.0,396.68,0.0,5.1, , 
,398.08,1536,82.5,-1.6,11101011,397.41,1536,51.8,7.21,612.0,397.75,0.0,5.1, , 
,399.16,1536,82.5,1.6,11101011,398.47,1536,45.9,6.18,571.2,398.80,0.0,5.1, , 
,400.20,1536,82.5,3.5,11101011,399.50,1536,35.3,5.15,459.0,399.85,0.0,5.1, , 
,401.22,1504,82.5,-5.1,11101011,400.55,1536,22.0,3.09,336.6,400.83,0.0,5.1, , 
,402.39,1472,84.0,-8.2,11101011,401.48,1504,20.8,3.09,295.8,401.93,0.0,5.1, , 
,403.51,1472,84.0,-6.3,11101011,402.80,1472,22.0,3.09,316.2,403.08,0.0,0.0, , 
,404.48,1440,84.0,-1.2,11101011,403.83,1440,23.5,3.09,336.6,404.13,0.0,0.0, , 
,405.50,1440,84.0,2.0,11101011,404.83,1440,25.1,3.09,357.0,405.17,0.0,0.0, , 
,406.52,1440,84.0,6.6,11111111,405.83,1440,28.2,4.12,377.4,406.18,0.0,0.0, , 
,407.47,1056,84.0,0.0,11111111,406.84,1408,0.0,0.00,336.6,407.17,0.0,0.0, , 
,408.54,1856,82.5,0.0,11101011,407.84,1376,28.2,4.12,377.4,408.19,0.0,5.1, , 
,409.64,1856,84.0,-8.2,11101011,408.92,1856,17.6,2.06,275.4,409.28,0.0,5.1, , 
,410.76,1824,84.0,-10.2,11101011,410.01,1824,19.2,2.06,295.8,410.38,0.0,5.1, , 
,411.85,1824,84.0,-9.0,11101011,411.13,1824,22.0,3.09,316.2,411.48,0.0,5.1, , 
,412.96,1824,84.0,-8.6,11101011,412.23,1824,22.0,3.09,316.2,412.59,0.0,5.1, , 
,414.04,1824,82.5,-8.2,11101011,413.30,1824,22.0,3.09,316.2,413.66,0.0,5.1, , 
,415.18,1824,82.5,-9.4,11101011,414.43,1824,20.8,3.09,316.2,414.79,0.0,5.1, , 
,416.27,1792,82.5,-11.3,11101011,415.55,1824,19.2,2.06,295.8,415.91,0.0,5.1, , 
,417.36,1824,82.5,-11.3,11101011,416.63,1824,19.2,2.06,295.8,417.00,0.0,5.1, , 
,418.47,1824,82.5,-6.6,11101011,417.72,1824,20.8,2.06,316.2,418.09,0.0,5.1, , 
,419.55,1856,82.5,-4.3,11101011,418.84,1824,22.0,3.09,316.2,419.20,0.0,5.1, , 
,420.68,1856,82.5,-1.6,11101011,419.93,1856,22.0,3.09,316.2,420.31,0.0,5.1, , 
,421.81,1888,82.5,-2.0,11101011,421.07,1888,23.5,3.09,316.2,421.45,0.0,5.1, , 
,422.88,1920,82.5,-9.0,11101011,422.17,1920,22.0,3.09,316.2,422.53,0.0,5.1, , 
,423.96,1920,82.5,-16.0,11101011,423.25,1920,16.1,2.06,244.8,423.61,0.0,5.1, , 
,425.03,1920,82.5,-15.2,11101011,424.32,1952,16.1,2.06,244.8,424.67,0.0,5.1, , 
,426.10,1952,82.5,0.0,11111111,425.38,1952,17.6,2.06,275.4,425.77,0.0,5.1, , 
,427.15,1920,82.5,0.0,11111111,426.47,1920,0.0,0.00,275.4,426.80,0.0,5.1, , 
,428.21,1888,82.5,0.0,11111111,427.50,1888,0.0,0.00,275.4,427.84,0.0,5.1, , 
,429.25,1888,82.5,0.0,11111111,428.55,1888,0.0,0.00,275.4,428.90,0.0,5.1, , 
,430.31,1856,82.5,0.0,11111111,429.62,1856,0.0,0.00,295.8,429.95,0.0,5.1, , 
,431.38,1856,82.5,0.0,11101011,430.65,1856,0.0,0.00,295.8,431.01,0.0,5.1, , 
,432.48,1888,82.5,0.0,11101011,431.75,1888,25.1,4.12,336.6,432.11,0.0,5.1, , 
,433.59,1984,82.5,-2.0,11101011,432.85,1920,23.5,3.09,336.6,433.21,0.0,5.1, , 
,434.66,2048,82.5,-4.7,11101001,433.95,1984,22.0,3.09,316.2,434.29,0.0,5.1, , 
,435.71,2080,82.5,-8.2,11101001,435.00,2048,22.0,3.09,316.2,435.35,0.0,5.1, , 
,436.74,2112,82.5,-6.6,11101001,436.05,2080,20.8,3.09,295.8,436.39,0.0,5.1, , 
,437.75,2144,82.5,0.0,11111101,437.08,2112,17.6,2.06,275.4,437.41,0.0,5.1, , 
,438.77,2112,82.5,0.0,11111101,438.08,2144,0.0,0.00,244.8,438.43,0.0,5.1, , 
,439.82,2080,82.5,0.0,11111101,439.13,2112,0.0,0.00,244.8,439.47,0.0,5.1, , 
,440.86,2080,82.5,0.0,11111101,440.16,2080,0.0,0.00,244.8,440.52,0.0,5.1, , 
,441.89,2048,82.5,0.0,11111101,441.19,2080,0.0,0.00,244.8,441.54,0.0,5.1, , 
,442.92,2048,82.5,0.0,11111101,442.22,2048,0.0,0.00,244.8,442.57,0.0,5.1, , 
,443.95,2016,82.5,0.0,11111101,443.26,2048,0.0,0.00,244.8,443.61,0.0,5.1, , 
,444.98,2016,82.5,0.0,11111101,444.29,2016,0.0,0.00,244.8,444.64,0.0,5.1, , 
,446.03,2016,82.5,0.0,11111101,445.32,2016,0.0,0.00,244.8,445.68,0.0,5.1, , 
,447.08,1984,82.5,0.0,11111101,446.38,2016,0.0,0.00,244.8,446.73,0.0,5.1, , 
,448.11,1984,82.5,0.0,11111101,447.40,1984,0.0,0.00,244.8,447.76,0.0,5.1, , 
,449.13,1984,82.5,0.0,11111111,448.47,1984,0.0,0.00,244.8,448.81,0.0,5.1, , 
,450.21,1952,82.5,0.0,11111111,449.49,1984,0.0,0.00,244.8,449.84,0.0,5.1, , 
,451.30,1952,82.5,0.0,11101011,450.57,1952,0.0,0.00,244.8,450.94,0.0,5.1, , 
,452.38,1984,82.5,0.0,11101001,451.66,1952,14.9,2.06,244.8,452.02,0.0,5.1, , 
,453.43,2016,82.5,0.0,11111101,452.74,2016,16.1,2.06,244.8,453.09,0.0,5.1, , 
,454.48,2048,82.5,0.0,11111101,453.78,2016,0.0,0.00,244.8,454.13,0.0,5.1, , 
,455.51,2048,82.5,0.0,11111101,454.82,2048,0.0,0.00,244.8,455.17,0.0,5.1, , 
,456.53,2080,82.5,0.0,11111101,455.86,2080,0.0,0.00,244.8,456.20,0.0,5.1, , 
,457.54,2112,82.5,0.0,11111101,456.86,2080,0.0,0.00,244.8,457.18,0.0,5.1, , 
,458.54,2144,82.5,0.0,11111101,457.87,2112,0.0,0.00,244.8,458.21,0.0,5.1, , 
,459.55,2144,82.5,0.0,11111101,458.88,2144,0.0,0.00,244.8,459.22,0.0,5.1, , 
,460.54,2176,81.0,0.0,11111101,459.87,2176,0.0,0.00,244.8,460.20,0.0,5.1, , 
,461.55,2176,81.0,0.0,11111101,460.87,2176,0.0,0.00,244.8,461.21,0.0,5.1, , 
,462.57,2176,81.0,0.0,10111101,461.89,2176,0.0,0.00,244.8,462.23,0.0,5.1, , 
,463.60,2080,82.5,0.0,10111101,462.90,2144,0.0,0.00,244.8,463.26,0.0,5.1, , 
,464.66,1984,81.0,0.0,10111101,463.95,2048,0.0,0.00,244.8,464.30,0.0,5.1, , 
,465.73,2016,81.0,0.0,10111101,465.03,1984,0.0,0.00,244.8,465.37,0.0,5.1, , 
,466.75,2048,81.0,0.0,10111101,466.06,2016,0.0,0.00,244.8,466.40,0.0,5.1, , 
,467.78,2048,81.0,0.0,10111101,467.08,2048,0.0,0.00,244.8,467.43,0.0,5.1, , 
,468.80,2080,81.0,0.0,10111101,468.14,2048,0.0,0.00,244.8,468.47,0.0,5.1, , 
,469.84,2080,81.0,0.0,10111101,469.15,2080,0.0,0.00,244.8,469.49,0.0,5.1, , 
,470.89,2048,81.0,0.0,10111101,470.20,2080,0.0,0.00,244.8,470.56,0.0,5.1, , 
,471.94,2048,81.0,0.0,10111101,471.23,2048,0.0,0.00,244.8,471.57,0.0,5.1, , 
,472.97,2048,81.0,0.0,10111101,472.27,2048,0.0,0.00,244.8,472.62,0.0,5.1, , 
,473.99,2016,81.0,0.0,10111101,473.31,2048,0.0,0.00,244.8,473.65,0.0,5.1, , 
,475.01,2016,81.0,0.0,10111101,474.33,2016,0.0,0.00,244.8,474.67,0.0,5.1, , 
,476.08,1984,81.0,0.0,10101011,475.37,1984,0.0,0.00,244.8,475.73,0.0,5.1, , 
,477.13,1984,81.0,0.0,10101011,476.42,1984,14.9,2.06,244.8,476.77,0.0,5.1, , 
,478.22,1984,81.0,-7.8,10101001,477.49,1984,14.9,2.06,244.8,477.85,0.0,5.1, , 
,479.28,2016,79.5,-12.1,10101001,478.57,1984,14.9,2.06,244.8,478.93,0.0,5.1, , 
,480.36,1984,79.5,-12.5,10101001,479.63,1984,14.9,2.06,244.8,479.99,0.0,5.1, , 
,481.41,2016,79.5,-13.3,10101001,480.70,1984,19.2,2.06,275.4,481.04,0.0,5.1, , 
,482.50,2048,79.5,-13.3,10101001,481.77,2016,19.2,2.06,275.4,482.13,0.0,5.1, , 
,483.53,2048,79.5,-14.1,10101001,482.84,2048,19.2,2.06,275.4,483.19,0.0,5.1, , 
,484.61,2080,79.5,-12.1,10101001,483.88,2048,22.0,2.06,295.8,484.24,0.0,5.1, , 
,485.67,2112,79.5,-12.5,10101001,484.96,2080,22.0,3.09,295.8,485.30,0.0,5.1, , 
,486.74,2112,79.5,-14.1,10101001,486.02,2112,19.2,2.06,275.4,486.39,0.0,5.1, , 
,487.76,2144,79.5,-14.5,10101001,487.08,2112,19.2,2.06,275.4,487.41,0.0,5.1, , 
,488.82,2144,79.5,-15.2,10101001,488.10,2144,19.2,2.06,275.4,488.46,0.0,5.1, , 
,489.80,2144,79.5,-15.2,10101001,489.15,2144,19.2,2.06,275.4,489.48,0.0,5.1, , 
,490.85,2144,79.5,-19.5,10101001,490.16,2144,17.6,2.06,275.4,490.49,0.0,5.1, , 
,491.86,2144,79.5,-17.2,10101000,491.17,2144,16.1,2.06,244.8,491.51,0.0,5.1, , 
,492.92,2112,79.5,-16.8,10101001,492.20,2144,16.1,2.06,244.8,492.55,0.0,5.1, , 
,493.96,2112,79.5,-17.2,10101001,493.27,2112,16.1,2.06,244.8,493.61,0.0,5.1, , 
,494.97,2112,79.5,-17.2,10101000,494.31,2112,16.1,2.06,244.8,494.64,0.0,5.1, , 
,496.00,2080,79.5,-17.6,10101001,495.31,2080,14.9,2.06,244.8,495.67,0.0,5.1, , 
,497.06,2048,79.5,-14.5,10101001,496.35,2080,14.9,2.06,244.8,496.72,0.0,5.1, , 
,498.12,2048,79.5,-10.9,10101001,497.41,2016,16.1,2.06,244.8,497.77,0.0,5.1, , 
,499.22,2016,79.5,-5.5,10101001,498.49,2048,20.8,2.06,295.8,498.86,0.0,5.1, , 
,500.28,2048,79.5,1.2,10101001,499.56,2016,25.1,3.09,336.6,499.93,0.0,5.1, , 
,501.35,2048,79.5,5.5,10101001,500.63,2048,25.1,3.09,336.6,500.99,0.0,5.1, , 
,502.39,2048,79.5,8.2,10101001,501.70,2048,25.1,3.09,336.6,502.06,0.0,5.1, , 
,503.46,2080,81.0,9.0,10101001,502.74,2048,25.1,3.09,336.6,503.10,0.0,5.1, , 
,504.52,2080,79.5,9.8,10101001,503.82,2080,25.1,3.09,336.6,504.18,0.0,5.1, , 
,505.58,2016,79.5,3.1,10111101,504.87,2048,25.1,3.09,336.6,505.23,0.0,5.1, , 
,506.63,1984,79.5,0.0,10111111,505.92,2048,16.1,2.06,244.8,506.27,0.0,5.1, , 
,507.71,1888,79.5,0.0,10111111,506.97,1952,0.0,0.00,275.4,507.33,0.0,5.1, , 
,508.72,1760,79.5,0.0,10111111,508.05,1856,0.0,0.00,295.8,508.38,0.0,5.1, , 
,509.74,1664,79.5,0.0,10111111,509.05,1728,0.0,0.00,316.2,509.41,0.0,5.1, , 
,510.73,1600,79.5,0.0,10111111,510.06,1664,0.0,0.00,316.2,510.39,0.0,5.1, , 
,511.73,1568,79.5,0.0,10101011,511.08,1632,22.0,3.09,316.2,511.40,0.0,5.1, , 
,512.77,1568,79.5,-2.0,10101011,512.07,1568,23.5,3.09,336.6,512.42,0.0,5.1, , 
,513.80,1600,79.5,-2.3,10101011,513.10,1568,23.5,3.09,336.6,513.44,0.0,5.1, , 
,514.90,1600,79.5,-3.1,10101011,514.16,1600,23.5,3.09,336.6,514.54,0.0,5.1, , 
,515.91,1472,79.5,0.0,10111111,515.25,1600,23.5,3.09,336.6,515.60,0.0,5.1, , 
,516.77,1120,79.5,0.0,10111111,516.18,1024,26.7,4.12,377.4,516.46,0.0,0.0, , 
,517.67,992,79.5,0.0,10111111,517.09,1120,25.1,3.09,357.0,517.39,0.0,0.0, , 
,518.60,896,79.5,0.4,10111111,517.98,928,25.1,3.09,377.4,518.30,0.0,0.0, , 
,519.49,896,79.5,3.1,10111111,518.90,896,28.2,4.12,397.8,519.20,0.0,0.0, , 
,520.40,896,79.5,5.5,10111111,519.79,896,28.2,4.12,397.8,520.11,0.0,0.0, , 
,521.37,896,79.5,7.0,10111111,520.71,896,28.2,4.12,397.8,521.04,0.0,0.0, , 
,522.31,928,79.5,7.8,10111111,521.68,896,28.2,4.12,397.8,522.00,0.0,0.0, , 
,523.26,960,79.5,8.2,10101011,522.62,896,26.7,4.12,397.8,522.92,0.0,0.0, , 
,524.22,1024,79.5,9.4,10101011,523.59,960,29.4,4.12,397.8,523.87,0.0,0.0, , 
,525.18,1024,79.5,10.9,10111111,524.56,992,32.5,5.15,438.6,524.85,0.0,0.0, , 
,526.16,1312,79.5,8.6,10111111,525.49,1216,25.1,4.12,357.0,525.83,0.0,0.0, , 
,527.11,1088,79.5,8.6,10111111,526.49,1248,25.1,4.12,357.0,526.81,0.0,0.0, , 
,528.06,992,81.0,8.6,10111111,527.42,1056,26.7,4.12,377.4,527.76,0.0,0.0, , 
,528.97,896,79.5,9.0,10111111,528.35,960,26.7,4.12,377.4,528.68,0.0,0.0, , 
,529.93,1056,81.0,8.6,10111111,529.30,960,29.4,4.12,418.2,529.62,0.0,0.0, , 
,530.82,992,81.0,7.4,10111111,530.23,1056,25.1,4.12,377.4,530.53,0.0,0.0, , 
,531.75,832,81.0,5.9,10111111,531.13,960,25.1,3.09,377.4,531.44,0.0,0.0, , 
,532.65,800,81.0,3.1,10111111,532.04,736,25.1,4.12,377.4,532.36,0.0,0.0, , 
,533.54,768,81.0,2.3,10111111,532.95,800,28.2,4.12,418.2,533.25,0.0,0.0, , 
,534.47,800,81.0,2.0,10111111,533.86,800,28.2,4.12,418.2,534.16,0.0,0.0, , 
,535.36,768,81.0,2.0,10111111,534.75,800,28.2,4.12,397.8,535.05,0.0,0.0, , 
,536.26,800,81.0,2.0,10111111,535.65,800,28.2,4.12,418.2,535.96,0.0,0.0, , 
,537.16,800,81.0,1.6,10111111,536.55,800,28.2,4.12,397.8,536.85,0.0,0.0, , 
,538.03,800,81.0,1.2,10111111,537.46,800,26.7,3.09,397.8,537.75,0.0,0.0, , 
,538.95,800,81.0,1.2,10111111,538.32,800,28.2,4.12,397.8,538.63,0.0,0.0, , 
,539.86,800,81.0,0.4,10111111,539.24,800,28.2,4.12,418.2,539.55,0.0,0.0, , 
,540.74,800,81.0,0.0,10111111,540.14,800,26.7,3.09,397.8,540.43,0.0,0.0, , 
,541.61,768,81.0,1.6,10111111,541.03,768,28.2,3.09,418.2,541.32,0.0,0.0, , 
,542.52,768,81.0,3.9,10111111,541.90,800,28.2,3.09,418.2,542.22,0.0,0.0, , 
,543.41,800,81.0,4.7,10111111,542.81,768,28.2,4.12,418.2,543.11,0.0,0.0, , 
,544.31,800,81.0,4.3,10111111,543.72,800,28.2,4.12,418.2,544.01,0.0,0.0, , 
,545.23,800,81.0,3.5,10111111,544.61,800,28.2,4.12,418.2,544.93,0.0,0.0, , 
,546.14,768,81.0,2.7,10111111,545.54,800,28.2,4.12,418.2,545.84,0.0,0.0, , 
,547.04,800,81.0,1.6,10111111,546.44,768,28.2,4.12,418.2,546.74,0.0,0.0, , 
,547.93,768,81.0,0.8,10111111,547.34,768,28.2,3.09,418.2,547.64,0.0,0.0, , 
,548.80,768,81.0,0.4,10111111,548.23,800,28.2,4.12,418.2,548.51,0.0,0.0, , 
,549.67,800,81.0,0.0,10111111,549.09,800,28.2,4.12,418.2,549.39,0.0,0.0, , 
,550.54,768,81.0,-0.4,10111111,549.95,768,28.2,4.12,418.2,550.24,0.0,0.0, , 
,551.44,768,81.0,-0.8,10111111,550.84,768,28.2,3.09,418.2,551.15,0.0,0.0, , 
,552.32,768,81.0,-1.2,10111111,551.73,800,28.2,3.09,418.2,552.03,0.0,0.0, , 
,553.22,768,81.0,-1.2,10111111,552.63,768,28.2,3.09,418.2,552.92,0.0,0.0, , 
,554.13,768,81.0,-0.8,10111111,553.53,768,28.2,3.09,418.2,553.83,0.0,0.0, , 
,555.04,768,81.0,-1.2,10111111,554.45,768,28.2,3.09,418.2,554.74,0.0,0.0, , 
,555.94,800,81.0,-1.2,10111111,555.35,768,28.2,4.12,418.2,555.64,0.0,0.0, , 
,556.88,800,81.0,-1.2,10111111,556.26,800,28.2,4.12,418.2,556.57,0.0,0.0, , 
,557.76,800,81.0,-1.2,10111111,557.18,768,28.2,4.12,418.2,557.47,0.0,0.0, , 
,558.66,800,81.0,-1.2,10111111,558.05,768,28.2,3.09,418.2,558.37,0.0,0.0, , 
,559.55,800,81.0,-1.2,10111111,558.96,768,28.2,3.09,418.2,559.25,0.0,0.0, , 
,560.45,800,82.5,-1.2,10111111,559.86,768,28.2,3.09,418.2,560.15,0.0,0.0, , 
,561.35,800,82.5,-1.2,10111111,560.75,768,28.2,3.09,418.2,561.04,0.0,0.0, , 
,562.26,768,82.5,-1.2,10111111,561.65,768,28.2,3.09,418.2,561.97,0.0,0.0, , 
,563.15,768,82.5,-1.2,10111111,562.57,800,29.4,4.12,418.2,562.85,0.0,0.0, , 
,563.99,800,82.5,-0.8,10111111,563.42,768,29.4,4.12,418.2,563.70,0.0,0.0, , 
,564.93,800,82.5,-0.4,10111111,564.30,800,28.2,4.12,418.2,564.61,0.0,0.0, , 
,565.81,800,82.5,-0.8,10111111,565.21,800,28.2,3.09,418.2,565.51,0.0,0.0, , 
,566.70,800,82.5,-0.8,10111111,566.11,800,28.2,3.09,418.2,566.40,0.0,0.0, , 
,567.59,768,82.5,-1.2,10111111,567.00,768,28.2,3.09,418.2,567.29,0.0,0.0, , 
,568.50,800,82.5,-0.8,10111111,567.89,800,28.2,4.12,418.2,568.20,0.0,0.0, , 
,569.41,800,82.5,-0.8,10111111,568.79,768,28.2,4.12,418.2,569.09,0.0,0.0, , 
,570.29,800,82.5,-0.8,10111111,569.70,800,28.2,4.12,418.2,569.99,0.0,0.0, , 
,571.21,800,82.5,-0.8,10111111,570.59,800,28.2,4.12,418.2,570.90,0.0,0.0, , 
,572.11,768,82.5,-1.2,10111111,571.51,768,28.2,4.12,418.2,571.81,0.0,0.0, , 
,572.99,800,82.5,-0.8,10111111,572.40,768,28.2,3.09,418.2,572.69,0.0,0.0, , 
,573.95,1760,82.5,0.0,10101011,573.30,800,32.5,4.12,438.6,573.59,0.0,0.0, , 
,574.93,1248,82.5,0.0,10111111,574.31,1920,28.2,4.12,377.4,574.59,0.0,5.1, , 
,575.91,896,82.5,0.0,10111111,575.26,928,25.1,4.12,357.0,575.58,0.0,0.0, , 
,576.82,800,82.5,0.0,10111111,576.22,832,25.1,4.12,377.4,576.51,0.0,0.0, , 
,577.68,800,82.5,-0.4,10111111,577.10,800,29.4,4.12,438.6,577.39,0.0,0.0, , 
,578.62,800,82.5,0.4,10111111,577.99,800,29.4,4.12,438.6,578.30,0.0,0.0, , 
,579.59,1344,82.5,0.0,10101011,578.93,832,34.1,5.15,459.0,579.23,0.0,0.0, , 
,580.58,992,82.5,-0.4,10111111,579.93,1376,34.1,4.12,438.6,580.25,0.0,0.0, , 
,581.49,736,82.5,-2.7,10111111,580.87,896,28.2,4.12,397.8,581.18,0.0,0.0, , 
,582.39,864,82.5,-10.5,10111111,581.80,800,36.9,5.15,499.8,582.10,0.0,0.0, , 
,583.35,928,82.5,-10.9,10101011,582.68,896,34.1,4.12,459.0,583.01,0.0,0.0, , 
,584.29,1216,82.5,-4.7,10101011,583.67,1024,35.3,4.12,459.0,583.96,0.0,0.0, , 
,585.32,1792,82.5,0.0,10101011,584.61,1344,48.6,7.21,591.6,584.95,0.0,5.1, , 
,586.38,1376,82.5,0.0,10111111,585.67,2112,63.5,10.30,734.4,586.02,0.0,5.1, , 
,587.36,1408,82.5,0.0,10101011,586.70,1024,26.7,4.12,377.4,587.02,0.0,0.0, , 
,588.39,1504,82.5,-1.2,10101011,587.69,1440,29.4,4.12,397.8,588.00,0.0,0.0, , 
,589.44,1696,82.5,-0.8,10101011,588.73,1568,32.5,4.12,418.2,589.08,0.0,5.1, , 
,590.56,1888,82.5,0.0,10101011,589.83,1760,31.0,4.12,418.2,590.19,0.0,5.1, , 
,591.63,2048,82.5,-0.8,10101001,590.91,1920,28.2,4.12,377.4,591.27,0.0,5.1, , 
,592.65,2304,82.5,1.6,10101001,591.96,2144,38.4,5.15,459.0,592.30,0.0,5.1, , 
,593.72,2176,82.5,0.0,10111101,593.01,2368,41.2,6.18,479.4,593.36,0.0,5.1, , 
,594.64,1152,82.5,0.0,10101011,594.01,1600,0.0,0.00,316.2,594.32,0.0,0.0, , 
,595.69,1728,84.0,0.0,10101011,594.96,1760,22.0,3.09,316.2,595.31,0.0,5.1, , 
,596.79,1824,82.5,-1.6,10101011,596.06,1792,25.1,3.09,336.6,596.42,0.0,5.1, , 
,597.91,1888,84.0,-2.7,10101011,597.16,1856,26.7,3.09,357.0,597.54,0.0,5.1, , 
,598.99,1952,84.0,-7.0,10101011,598.28,1920,22.0,3.09,316.2,598.64,0.0,5.1, , 
,600.09,2016,84.0,-8.6,10101001,599.36,1984,20.8,3.09,316.2,599.73,0.0,5.1, , 
,601.13,2048,84.0,-7.0,10101001,600.43,2016,20.8,2.06,295.8,600.78,0.0,5.1, , 
,602.20,2144,82.5,-0.8,10101001,601.50,2080,25.1,3.09,336.6,601.85,0.0,5.1, , 
,603.18,2304,84.0,0.0,10101001,602.52,2208,59.2,7.21,673.2,602.86,0.0,5.1, , 
,604.19,2528,84.0,-4.3,10101001,603.51,2368,81.2,12.36,887.4,603.86,0.0,5.1, , 
,605.19,2720,84.0,-4.3,10101001,604.50,2592,88.6,14.42,969.0,604.83,0.0,5.1, , 
,606.26,2944,84.0,-3.9,11101001,605.56,2784,90.2,14.42,969.0,605.89,0.0,5.1, , 
,607.26,3168,84.0,-5.5,11101001,606.54,3008,90.2,14.42,969.0,606.91,0.0,5.1, , 
,608.35,3360,84.0,-7.8,11101001,607.63,3232,90.2,14.42,969.0,608.00,0.0,5.1, , 
,609.53,3584,84.0,-8.2,11101001,608.72,3456,90.2,13.39,948.6,609.12,0.0,5.1, , 
,610.79,3840,84.0,-10.5,11101001,609.96,3680,92.9,14.42,969.0,610.38,0.0,5.1, , 
,611.84,2848,84.0,0.0,11111101,611.16,3904,91.4,13.39,948.6,611.52,0.0,5.1, , 
,612.88,2208,84.0,0.0,11101001,612.19,2368,17.6,3.09,275.4,612.54,0.0,5.1, , 
,613.89,2240,84.0,0.0,11101001,613.21,2208,72.2,12.36,795.6,613.55,0.0,5.1, , 
,614.85,2272,84.0,-3.5,11101001,614.20,2240,79.6,12.36,887.4,614.52,0.0,5.1, , 
,615.88,2304,84.0,-2.0,11101001,615.19,2272,78.4,12.36,867.0,615.53,0.0,5.1, , 
,616.90,2304,85.5,0.8,11101001,616.22,2304,72.2,11.33,795.6,616.58,0.0,5.1, , 
,617.89,2336,85.5,5.5,11101001,617.24,2336,69.4,11.33,775.2,617.55,0.0,5.1, , 
,618.89,2368,85.5,5.9,11101001,618.25,2368,67.8,11.33,754.8,618.56,0.0,5.1, , 
,619.88,2400,85.5,6.3,11101001,619.21,2368,67.8,11.33,754.8,619.55,0.0,5.1, , 
,620.97,2400,85.5,5.5,11101001,620.23,2400,67.8,11.33,754.8,620.59,0.0,5.1, , 
,622.00,2400,85.5,0.0,11101001,621.33,2400,54.5,8.24,632.4,621.65,0.0,5.1, , 
,623.02,2400,85.5,-6.6,11101001,622.32,2400,23.5,3.09,316.2,622.69,0.0,5.1, , 
,624.03,2336,85.5,-16.0,11111101,623.37,2368,19.2,2.06,275.4,623.70,0.0,5.1, , 
,625.02,2304,85.5,0.0,11111101,624.35,2336,0.0,0.00,244.8,624.68,0.0,5.1, , 
,626.02,2240,85.5,0.0,11111101,625.36,2272,0.0,0.00,244.8,625.69,0.0,5.1, , 
,627.01,2208,85.5,0.0,11111101,626.35,2240,0.0,0.00,244.8,626.69,0.0,5.1, , 
,628.01,2144,85.5,0.0,11111101,627.34,2176,0.0,0.00,244.8,627.67,0.0,5.1, , 
,629.02,2080,85.5,0.0,11111101,628.34,2112,0.0,0.00,244.8,628.68,0.0,5.1, , 
,630.06,2016,85.5,0.0,11111101,629.37,2048,0.0,0.00,244.8,629.72,0.0,5.1, , 
,631.12,1984,85.5,0.0,11101001,630.40,2016,0.0,0.00,244.8,630.76,0.0,5.1, , 
,632.17,2016,85.5,1.6,11101001,631.48,1984,63.5,10.30,734.4,631.83,0.0,5.1, , 
,633.24,2016,85.5,0.0,11101001,632.51,2016,63.5,9.27,734.4,632.87,0.0,5.1, , 
,634.31,2016,85.5,1.6,11101001,633.61,2016,38.4,5.15,459.0,633.96,0.0,5.1, , 
,635.36,2016,85.5,1.6,11101001,634.65,2016,40.0,6.18,479.4,635.01,0.0,5.1, , 
,636.42,2016,85.5,2.0,11101001,635.71,2016,40.0,6.18,479.4,636.06,0.0,5.1, , 
,637.51,2016,84.0,1.6,11101001,636.78,1984,40.0,5.15,479.4,637.15,0.0,5.1, , 
,638.59,1984,84.0,1.6,11101001,637.88,2016,40.0,6.18,499.8,638.23,0.0,5.1, , 
,639.69,1984,84.0,1.6,11101001,638.96,2016,40.0,5.15,479.4,639.32,0.0,5.1, , 
,640.74,1984,84.0,1.2,11101001,640.04,1984,40.0,5.15,479.4,640.39,0.0,5.1, , 
,641.81,1984,84.0,0.8,11101001,641.10,1984,41.2,6.18,499.8,641.47,0.0,5.1, , 
,642.86,1984,84.0,0.8,11101001,642.16,1984,41.2,6.18,499.8,642.50,0.0,5.1, , 
,643.87,992,84.0,0.0,11111111,643.21,1952,0.0,0.00,459.0,643.54,0.0,0.0, , 
,644.89,2528,84.0,0.0,11101001,644.20,1312,26.7,4.12,377.4,644.54,0.0,5.1, , 
,645.91,2464,84.0,0.0,11101001,645.23,2464,17.6,3.09,244.8,645.57,0.0,5.1, , 
,646.92,2496,84.0,0.0,11101001,646.27,2464,51.8,8.24,591.6,646.60,0.0,5.1, , 
,647.92,2592,84.0,-4.7,11101001,647.27,2528,85.5,14.42,928.2,647.60,0.0,5.1, , 
,648.91,2688,84.0,-6.3,11101001,648.23,2624,87.1,14.42,928.2,648.57,0.0,5.1, , 
,649.92,2784,84.0,-7.0,11101001,649.24,2688,88.6,14.42,969.0,649.57,0.0,5.1, , 
,650.98,2880,84.0,-6.3,11101001,650.26,2816,88.6,14.42,969.0,650.63,0.0,5.1, , 
,652.15,2976,84.0,0.0,11101001,651.37,2912,84.3,13.39,907.8,651.68,0.0,5.1, , 
,653.31,3008,84.0,0.0,11101001,652.62,2976,62.0,9.27,693.6,653.04,0.0,5.1, , 
,654.56,2976,84.0,-10.5,11101001,653.64,3008,26.7,3.09,357.0,654.10,0.0,5.1, , 
,655.52,2944,84.0,-20.3,11101001,654.83,2976,17.6,2.06,275.4,655.09,0.0,5.1, , 
,656.52,2912,84.0,-16.8,11101001,655.79,2976,23.5,2.06,316.2,656.15,0.0,5.1, , 
,657.63,2912,82.5,0.0,11101001,656.88,2912,40.0,5.15,479.4,657.27,0.0,5.1, , 
,658.55,2976,84.0,2.0,11101001,658.00,2944,63.5,9.27,714.0,658.27,0.0,5.1, , 
,659.35,2976,82.5,3.9,11101001,658.81,2976,57.6,8.24,632.4,659.07,0.0,5.1, , 
,660.21,3008,84.0,2.7,11101001,659.62,3008,48.6,7.21,571.2,659.89,0.0,5.1, , 
,661.30,3008,82.5,1.2,11101001,660.68,3008,48.6,7.21,571.2,660.99,0.0,5.1, , 
,662.45,3040,84.0,0.4,11101001,661.74,3008,47.1,7.21,550.8,662.01,0.0,5.1, , 
,663.46,3040,84.0,-0.4,11101001,662.73,3040,47.1,7.21,550.8,663.15,0.0,5.1, , 
,664.44,3008,84.0,-0.4,11101001,663.90,3008,32.5,4.12,397.8,664.17,0.0,5.1, , 
,665.85,2976,84.0,2.7,11101001,664.91,3008,34.1,5.15,418.2,665.38,0.0,5.1, , 
,667.26,2976,84.0,3.1,11101001,666.32,2976,34.1,5.15,418.2,666.79,0.0,5.1, , 
,668.66,2976,84.0,2.3,11101001,667.73,2976,41.2,6.18,479.4,668.20,0.0,5.1, , 
,669.57,2976,84.0,2.3,11101001,669.01,2976,41.2,6.18,479.4,669.29,0.0,5.1, , 
,670.37,2976,84.0,2.3,11101001,669.84,2976,40.0,6.18,479.4,670.11,0.0,5.1, , 
,671.17,2976,84.0,2.3,11101001,670.64,2976,40.0,6.18,479.4,670.90,0.0,5.1, , 
,671.97,2976,84.0,2.3,11101001,671.43,2976,40.0,6.18,479.4,671.70,0.0,5.1, , 
,672.90,2976,84.0,2.3,11101001,672.23,2976,40.0,6.18,479.4,672.51,0.0,5.1, , 
,674.09,2976,84.0,0.8,11101001,673.36,2976,41.2,6.18,479.4,673.82,0.0,5.1, , 
,675.10,3040,84.0,0.0,11101001,674.36,3008,65.1,10.30,693.6,674.69,0.0,5.1, , 
,676.09,1536,84.0,0.0,11101011,675.44,2464,0.0,0.00,295.8,675.75,0.0,5.1, , 
,677.10,2304,84.0,0.0,11101001,676.41,2240,20.8,3.09,295.8,676.76,0.0,5.1, , 
,678.11,2336,84.0,-5.1,11101001,677.44,2304,81.2,14.42,907.8,677.77,0.0,5.1, , 
,679.15,2368,84.0,-2.7,11101001,678.44,2336,79.6,12.36,887.4,678.77,0.0,5.1, , 
,680.16,2400,84.0,0.0,11101001,679.47,2400,84.3,13.39,907.8,679.81,0.0,5.1, , 
,681.24,2432,84.0,0.4,11101001,680.53,2432,76.9,12.36,846.6,680.89,0.0,5.1, , 
,682.30,2464,84.0,0.0,11101001,681.59,2464,73.7,12.36,826.2,681.94,0.0,5.1, , 
,683.35,2464,84.0,0.0,11101001,682.65,2464,50.2,7.21,591.6,683.00,0.0,5.1, , 
,684.41,2496,84.0,0.4,11101001,683.71,2464,57.6,8.24,652.8,684.07,0.0,5.1, , 
,685.37,2496,84.0,3.1,11101001,684.73,2496,59.2,9.27,652.8,685.05,0.0,5.1, , 
,686.42,2496,84.0,2.3,11101001,685.73,2496,53.3,8.24,612.0,686.08,0.0,5.1, , 
,687.47,2464,84.0,0.0,11101001,686.75,2496,41.2,6.18,479.4,687.10,0.0,5.1, , 
,688.58,2464,84.0,-1.2,11101001,687.83,2464,25.1,3.09,336.6,688.23,0.0,5.1, , 
,689.66,2432,85.5,-0.8,11101001,688.94,2432,28.2,4.12,357.0,689.30,0.0,5.1, , 
,690.71,2400,84.0,-1.2,11101001,690.03,2432,28.2,4.12,357.0,690.39,0.0,5.1, , 
,691.71,2400,84.0,-0.8,11101001,691.04,2400,28.2,4.12,377.4,691.39,0.0,5.1, , 
,692.71,2400,84.0,-0.8,11101001,692.06,2400,47.1,7.21,550.8,692.39,0.0,5.1, , 
,693.83,2400,84.0,0.8,11101001,693.08,2400,47.1,7.21,550.8,693.46,0.0,5.1, , 
,694.81,2400,84.0,1.6,11101001,694.15,2400,51.8,8.24,591.6,694.50,0.0,5.1, , 
,695.87,2400,84.0,1.6,11101001,695.18,2400,51.8,7.21,591.6,695.52,0.0,5.1, , 
,696.90,2400,84.0,2.7,11101001,696.22,2400,50.2,7.21,591.6,696.59,0.0,5.1, , 
,697.93,2400,84.0,0.0,11101001,697.23,2400,57.6,9.27,652.8,697.60,0.0,5.1, , 
,698.96,2400,84.0,0.0,11111101,698.27,2400,22.0,3.09,295.8,698.62,0.0,5.1, , 
,699.94,2336,84.0,0.0,11111101,699.28,2368,0.0,0.00,244.8,699.60,0.0,5.1, , 
,700.94,2272,84.0,0.0,11111101,700.28,2304,0.0,0.00,244.8,700.61,0.0,5.1, , 
,701.97,2208,84.0,0.0,11111101,701.27,2272,0.0,0.00,244.8,701.63,0.0,5.1, , 
,702.98,2176,84.0,0.0,11111101,702.30,2208,0.0,0.00,244.8,702.64,0.0,5.1, , 
,703.98,2112,84.0,0.0,11111101,703.31,2144,0.0,0.00,244.8,703.65,0.0,5.1, , 
,705.02,2080,84.0,0.0,11111101,704.34,2112,0.0,0.00,244.8,704.69,0.0,5.1, , 
,706.09,2016,84.0,0.0,11101001,705.37,2048,16.1,3.09,244.8,705.73,0.0,5.1, , 
,707.17,1984,84.0,-6.3,11101001,706.46,2016,14.9,2.06,244.8,706.81,0.0,5.1, , 
,708.24,1984,84.0,-1.2,11101001,707.51,2016,35.3,4.12,438.6,707.87,0.0,5.1, , 
,709.34,2016,84.0,0.0,11101001,708.60,2016,41.2,6.18,499.8,708.98,0.0,5.1, , 
,710.41,2016,84.0,0.0,11101001,709.68,2016,57.6,8.24,673.2,710.04,0.0,5.1, , 
,711.49,1984,84.0,0.0,11101011,710.77,1984,45.9,6.18,550.8,711.13,0.0,5.1, , 
,712.58,1952,84.0,-0.4,11101011,711.85,1952,48.6,7.21,571.2,712.22,0.0,5.1, , 
,713.66,1920,84.0,0.8,11101011,712.93,1952,59.2,9.27,673.2,713.29,0.0,5.1, , 
,714.74,1920,84.0,1.2,11101011,714.03,1920,63.5,9.27,734.4,714.39,0.0,5.1, , 
,715.86,1888,84.0,0.0,11101011,715.12,1888,56.1,8.24,673.2,715.48,0.0,5.1, , 
,716.95,1824,84.0,0.8,11101011,716.22,1856,29.4,4.12,397.8,716.59,0.0,5.1, , 
,717.97,1792,84.0,0.0,11101011,717.30,1792,41.2,6.18,499.8,717.65,0.0,5.1, , 
,719.08,1792,84.0,-2.0,11101011,718.35,1792,59.2,9.27,693.6,718.70,0.0,5.1, , 
,720.14,1824,84.0,0.0,11101011,719.44,1792,66.3,10.30,754.8,719.78,0.0,5.1, , 
,721.25,1824,84.0,0.8,11101011,720.50,1824,42.7,6.18,520.2,720.87,0.0,5.1, , 
,722.36,1856,84.0,1.2,11101011,721.62,1856,42.7,6.18,520.2,721.99,0.0,5.1, , 
,723.49,1888,84.0,1.6,11101011,722.74,1856,41.2,6.18,499.8,723.12,0.0,5.1, , 
,724.61,1952,84.0,2.0,11101011,723.87,1888,41.2,6.18,499.8,724.24,0.0,5.1, , 
,725.67,2016,84.0,-0.4,11101001,724.96,1952,48.6,7.21,571.2,725.32,0.0,5.1, , 
,726.70,2080,84.0,-0.8,11101001,726.01,2016,53.3,7.21,612.0,726.36,0.0,5.1, , 
,727.72,2144,84.0,0.0,11101001,727.03,2080,66.3,10.30,734.4,727.37,0.0,5.1, , 
,728.73,2208,84.0,-7.0,11101001,728.06,2144,87.1,14.42,969.0,728.38,0.0,5.1, , 
,729.75,2272,84.0,-9.0,11101001,729.08,2208,90.2,14.42,989.4,729.42,0.0,5.1, , 
,730.77,2336,84.0,-9.0,11101001,730.09,2272,91.4,14.42,989.4,730.43,0.0,5.1, , 
,731.83,2368,84.0,-7.0,11101001,731.12,2336,91.4,14.42,989.4,731.49,0.0,5.1, , 
,732.90,2432,84.0,-6.3,11101001,732.19,2400,91.4,14.42,989.4,732.54,0.0,5.1, , 
,733.87,2496,84.0,-3.1,11101001,733.23,2464,91.4,16.48,989.4,733.55,0.0,5.1, , 
,734.91,2528,84.0,-1.2,11101001,734.20,2496,91.4,17.51,989.4,734.55,0.0,5.1, , 
,735.92,2592,84.0,-0.4,11101001,735.27,2560,91.4,17.51,989.4,735.61,0.0,5.1, , 
,736.88,2656,84.0,0.0,11101001,736.23,2624,91.4,17.51,989.4,736.56,0.0,5.1, , 
,737.89,2720,84.0,-0.4,11101001,737.21,2656,91.4,17.51,989.4,737.56,0.0,5.1, , 
,738.90,2752,84.0,-2.7,11101001,738.23,2720,91.4,15.45,989.4,738.58,0.0,5.1, , 
,739.91,2784,84.0,0.0,11101001,739.24,2784,91.4,15.45,969.0,739.57,0.0,5.1, , 
,740.93,2752,84.0,-2.0,11101001,740.26,2784,26.7,3.09,336.6,740.59,0.0,5.1, , 
,741.99,2720,84.0,-4.7,11101001,741.28,2752,25.1,3.09,336.6,741.63,0.0,5.1, , 
,743.02,2688,84.0,-3.9,11101001,742.33,2720,42.7,5.15,499.8,742.66,0.0,5.1, , 
,744.05,2688,84.0,-0.8,11101001,743.38,2688,47.1,6.18,550.8,743.71,0.0,5.1, , 
,745.08,2688,84.0,-2.0,11101001,744.42,2688,51.8,7.21,591.6,744.75,0.0,5.1, , 
,746.05,2720,84.0,-1.2,11101001,745.40,2720,57.6,8.24,652.8,745.73,0.0,5.1, , 
,747.04,2720,84.0,-0.8,11101001,746.38,2720,48.6,7.21,571.2,746.71,0.0,5.1, , 
,748.02,2688,84.0,1.2,11101001,747.36,2720,42.7,6.18,499.8,747.68,0.0,5.1, , 
,749.04,2688,84.0,0.8,11101001,748.36,2688,44.3,6.18,499.8,748.70,0.0,5.1, , 
,750.07,2688,84.0,1.6,11101001,749.38,2688,44.3,6.18,520.2,749.73,0.0,5.1, , 
,751.10,2688,84.0,0.8,11101001,750.41,2688,45.9,6.18,520.2,750.75,0.0,5.1, , 
,752.12,2688,84.0,0.8,11101001,751.45,2688,44.3,6.18,520.2,751.77,0.0,5.1, , 
,753.20,2656,84.0,1.2,11101001,752.49,2688,44.3,6.18,520.2,752.85,0.0,5.1, , 
,754.18,2656,84.0,1.2,11101001,753.53,2656,44.3,6.18,520.2,753.86,0.0,5.1, , 
,755.28,2656,84.0,1.2,11101001,754.55,2656,44.3,6.18,520.2,754.91,0.0,5.1, , 
,756.34,2656,84.0,1.6,11101001,755.63,2656,45.9,6.18,520.2,755.99,0.0,5.1, , 
,757.34,2656,84.0,1.2,11101001,756.68,2656,45.9,7.21,550.8,757.01,0.0,5.1, , 
,758.36,2624,84.0,0.8,11101001,757.68,2624,45.9,7.21,550.8,758.02,0.0,5.1, , 
,759.39,2624,84.0,1.6,11101001,758.72,2624,45.9,6.18,520.2,759.05,0.0,5.1, , 
,760.39,2624,84.0,0.8,11101001,759.72,2624,45.9,6.18,520.2,760.06,0.0,5.1, , 
,761.39,2624,84.0,0.4,11101001,760.72,2624,45.9,7.21,550.8,761.05,0.0,5.1, , 
,762.39,2624,84.0,0.8,11101001,761.72,2624,45.9,6.18,550.8,762.05,0.0,5.1, , 
,763.38,2592,84.0,0.8,11101001,762.72,2624,45.9,6.18,520.2,763.06,0.0,5.1, , 
,764.36,2624,84.0,0.4,11101001,763.71,2624,47.1,7.21,550.8,764.03,0.0,5.1, , 
,765.34,2624,84.0,0.8,11101001,764.68,2624,47.1,7.21,550.8,765.01,0.0,5.1, , 
,766.37,2592,84.0,1.2,11101001,765.70,2624,47.1,7.21,550.8,766.04,0.0,5.1, , 
,767.38,2592,84.0,0.8,11101001,766.71,2592,47.1,7.21,550.8,767.06,0.0,5.1, , 
,768.37,2592,84.0,1.2,11101001,767.70,2592,47.1,7.21,550.8,768.02,0.0,5.1, , 
,769.38,2592,84.0,1.2,11101001,768.70,2592,45.9,7.21,550.8,769.02,0.0,5.1, , 
,770.40,2592,84.0,2.0,11101001,769.72,2592,47.1,7.21,550.8,770.05,0.0,5.1, , 
,771.43,2592,84.0,1.6,11101001,770.74,2592,47.1,7.21,550.8,771.09,0.0,5.1, , 
,772.46,2592,84.0,0.8,11101001,771.77,2592,47.1,7.21,550.8,772.13,0.0,5.1, , 
,773.47,2592,84.0,2.3,11101001,772.81,2592,53.3,8.24,612.0,773.14,0.0,5.1, , 
,774.51,2592,84.0,3.1,11101001,773.82,2592,53.3,8.24,612.0,774.16,0.0,5.1, , 
,775.51,2592,84.0,3.1,11101001,774.84,2592,53.3,8.24,612.0,775.19,0.0,5.1, , 
,776.51,2592,84.0,2.7,11101001,775.87,2592,53.3,8.24,612.0,776.20,0.0,5.1, , 
,777.51,2592,84.0,1.6,11101001,776.86,2592,53.3,8.24,612.0,777.19,0.0,5.1, , 
,778.55,2592,84.0,0.8,11101001,777.88,2592,50.2,7.21,571.2,778.20,0.0,5.1, , 
,779.54,2592,84.0,-0.8,11101001,778.88,2592,50.2,7.21,571.2,779.20,0.0,5.1, , 
,780.57,2592,84.0,-2.3,11101001,779.88,2592,48.6,7.21,571.2,780.24,0.0,5.1, , 
,781.61,2592,85.5,-2.3,11101001,780.93,2592,50.2,7.21,571.2,781.26,0.0,5.1, , 
,782.61,2592,84.0,-2.7,11101001,781.94,2592,48.6,7.21,571.2,782.28,0.0,5.1, , 
,783.65,2592,84.0,0.0,11101001,782.96,2592,48.6,7.21,571.2,783.29,0.0,5.1, , 
,784.66,2592,84.0,0.0,11101001,784.00,2592,48.6,7.21,571.2,784.33,0.0,5.1, , 
,785.68,2592,84.0,1.2,11101001,785.01,2592,47.1,7.21,550.8,785.36,0.0,5.1, , 
,786.70,2592,84.0,2.7,11101001,786.03,2592,47.1,7.21,550.8,786.36,0.0,5.1, , 
,787.76,2560,84.0,3.5,11101001,787.04,2560,41.2,6.18,479.4,787.40,0.0,5.1, , 
,788.77,2560,84.0,4.7,11101001,788.09,2560,40.0,6.18,479.4,788.42,0.0,5.1, , 
,789.80,2528,84.0,3.9,11101001,789.11,2560,38.4,5.15,459.0,789.46,0.0,5.1, , 
,790.82,2528,84.0,3.5,11101001,790.15,2528,38.4,6.18,459.0,790.48,0.0,5.1, , 
,791.88,2528,84.0,3.1,11101001,791.18,2528,40.0,6.18,459.0,791.52,0.0,5.1, , 
,792.93,2528,84.0,0.0,11101001,792.21,2528,69.4,11.33,754.8,792.58,0.0,5.1, , 
,793.95,2560,84.0,0.0,11101001,793.26,2560,82.7,13.39,907.8,793.60,0.0,5.1, , 
,794.94,2592,84.0,3.9,11101001,794.28,2592,71.0,11.33,795.6,794.62,0.0,5.1, , 
,795.93,2624,85.5,7.0,11101001,795.26,2592,71.0,11.33,775.2,795.59,0.0,5.1, , 
,796.94,2624,84.0,4.7,11101001,796.28,2624,51.8,8.24,591.6,796.61,0.0,5.1, , 
,797.92,2624,84.0,2.7,11101001,797.26,2624,48.6,7.21,550.8,797.60,0.0,5.1, , 
,798.90,2592,84.0,0.8,11101001,798.23,2592,48.6,7.21,571.2,798.56,0.0,5.1, , 
,799.91,2592,84.0,0.8,11101001,799.25,2592,47.1,7.21,550.8,799.56,0.0,5.1, , 
,800.95,2592,84.0,0.4,11101001,800.27,2592,47.1,7.21,550.8,800.60,0.0,5.1, , 
,801.94,2592,84.0,0.4,11101001,801.28,2592,48.6,7.21,550.8,801.59,0.0,5.1, , 
,802.96,2592,84.0,0.4,11101001,802.27,2592,48.6,7.21,571.2,802.62,0.0,5.1, , 
,803.97,2592,84.0,-0.4,11101001,803.30,2592,48.6,7.21,571.2,803.63,0.0,5.1, , 
,804.94,2592,85.5,-0.4,11101001,804.30,2592,53.3,8.24,612.0,804.61,0.0,5.1, , 
,805.94,2592,84.0,-0.4,11101001,805.28,2592,53.3,8.24,612.0,805.59,0.0,5.1, , 
,806.95,2592,84.0,-0.8,11101001,806.27,2592,51.8,7.21,591.6,806.60,0.0,5.1, , 
,807.96,2592,84.0,-0.8,11101001,807.28,2592,51.8,7.21,591.6,807.63,0.0,5.1, , 
,808.97,2592,84.0,-0.4,11101001,808.31,2592,53.3,7.21,612.0,808.62,0.0,5.1, , 
,809.97,2592,84.0,-0.4,11101001,809.29,2592,53.3,8.24,612.0,809.64,0.0,5.1, , 
,810.96,2592,84.0,-0.8,11101001,810.28,2592,51.8,7.21,591.6,810.63,0.0,5.1, , 
,811.97,2560,84.0,3.1,11101001,811.31,2592,48.6,7.21,571.2,811.63,0.0,5.1, , 
,812.99,2560,84.0,3.9,11101001,812.30,2560,44.3,6.18,520.2,812.66,0.0,5.1, , 
,814.01,2560,84.0,4.3,11101001,813.32,2560,44.3,6.18,520.2,813.67,0.0,5.1, , 
,815.04,2560,84.0,4.3,11101001,814.36,2560,44.3,6.18,520.2,814.69,0.0,5.1, , 
,816.08,2560,84.0,4.3,11101001,815.38,2560,42.7,6.18,499.8,815.73,0.0,5.1, , 
,817.09,2528,84.0,4.3,11101001,816.41,2560,42.7,6.18,499.8,816.75,0.0,5.1, , 
,818.16,2528,84.0,3.9,11101001,817.44,2528,42.7,6.18,499.8,817.80,0.0,5.1, , 
,819.18,2528,84.0,4.7,11101001,818.51,2528,44.3,6.18,520.2,818.86,0.0,5.1, , 
,820.24,2528,84.0,4.3,11101001,819.53,2528,44.3,6.18,520.2,819.89,0.0,5.1, , 
,821.27,2496,84.0,4.7,11101001,820.58,2528,42.7,6.18,499.8,820.94,0.0,5.1, , 
,822.33,2496,84.0,5.5,11101001,821.63,2496,42.7,6.18,499.8,822.00,0.0,5.1, , 
,823.38,2496,84.0,5.1,11101001,822.68,2496,44.3,6.18,520.2,823.02,0.0,5.1, , 
,824.43,2464,84.0,5.9,11101001,823.74,2496,42.7,6.18,499.8,824.10,0.0,5.1, , 
,825.54,2464,84.0,5.9,11101001,824.80,2464,44.3,6.18,499.8,825.16,0.0,5.1, , 
,826.59,2464,84.0,3.9,11101001,825.89,2464,44.3,6.18,520.2,826.23,0.0,5.1, , 
,827.64,2432,84.0,3.9,11101001,826.93,2464,44.3,6.18,520.2,827.29,0.0,5.1, , 
,828.71,2432,84.0,3.5,11101001,828.00,2464,44.3,6.18,520.2,828.37,0.0,5.1, , 
,829.80,2432,85.5,3.1,11101001,829.06,2432,44.3,6.18,520.2,829.43,0.0,5.1, , 
,830.86,2432,84.0,3.9,11101001,830.15,2432,44.3,6.18,499.8,830.51,0.0,5.1, , 
,831.89,2432,84.0,0.0,11111101,831.23,2432,44.3,6.18,520.2,831.57,0.0,5.1, , 
,832.87,2400,84.0,0.0,11111101,832.21,2400,19.2,3.09,275.4,832.54,0.0,5.1, , 
,833.85,2336,84.0,0.0,11111101,833.20,2368,0.0,0.00,244.8,833.53,0.0,5.1, , 
,834.85,2272,84.0,0.0,11111101,834.18,2304,0.0,0.00,244.8,834.51,0.0,5.1, , 
,835.86,2208,84.0,0.0,11111101,835.19,2240,0.0,0.00,244.8,835.51,0.0,5.1, , 
,836.84,2144,84.0,0.0,11111101,836.18,2208,0.0,0.00,244.8,836.51,0.0,5.1, , 
,837.87,2112,84.0,0.0,11111101,837.16,2144,0.0,0.00,244.8,837.53,0.0,5.1, , 
,838.92,2048,84.0,0.0,11111101,838.21,2080,0.0,0.00,244.8,838.57,0.0,5.1, , 
,839.96,1984,84.0,0.0,11111101,839.26,2016,0.0,0.00,244.8,839.61,0.0,5.1, , 
,841.02,1920,84.0,0.0,11111111,840.32,1984,0.0,0.00,244.8,840.69,0.0,5.1, , 
,842.10,1856,84.0,0.0,11111111,841.38,1920,0.0,0.00,275.4,841.74,0.0,5.1, , 
,843.18,1792,84.0,0.0,11111111,842.47,1824,0.0,0.00,295.8,842.80,0.0,5.1, , 
,844.18,1536,84.0,0.0,11111111,843.51,1792,0.0,0.00,316.2,843.85,0.0,5.1, , 
,845.18,960,82.5,0.0,11101011,844.51,1056,25.1,4.12,357.0,844.87,0.0,0.0, , 
,846.17,2048,84.0,0.0,11101001,845.49,1248,26.7,4.12,377.4,845.84,0.0,5.1, , 
,847.24,2016,84.0,-13.7,11101001,846.53,2048,16.1,2.06,244.8,846.88,0.0,5.1, , 
,848.33,1952,84.0,-17.6,11101011,847.60,1984,14.9,2.06,244.8,847.96,0.0,5.1, , 
,849.40,1856,82.5,-14.8,11101011,848.67,1920,22.0,2.06,316.2,849.02,0.0,5.1, , 
,850.50,1824,84.0,0.0,11101011,849.77,1856,29.4,3.09,377.4,850.14,0.0,5.1, , 
,851.56,1792,84.0,0.8,11101011,850.84,1824,44.3,6.18,550.8,851.22,0.0,5.1, , 
,852.69,1792,84.0,2.7,11101011,851.92,1792,42.7,6.18,520.2,852.31,0.0,5.1, , 
,853.76,1760,82.5,3.9,11101011,853.04,1760,32.5,4.12,418.2,853.40,0.0,5.1, , 
,854.84,1696,82.5,7.4,11101011,854.10,1728,34.1,5.15,438.6,854.49,0.0,5.1, , 
,855.90,1664,82.5,10.2,11101011,855.19,1696,35.3,5.15,438.6,855.54,0.0,5.1, , 
,856.99,1696,82.5,0.0,11101011,856.27,1664,47.1,7.21,571.2,856.63,0.0,5.1, , 
,858.10,1664,82.5,0.0,11101011,857.38,1664,59.2,9.27,693.6,857.76,0.0,5.1, , 
,859.16,1664,82.5,1.6,11101011,858.47,1664,47.1,7.21,571.2,858.81,0.0,5.1, , 
,860.26,1632,82.5,2.0,11101011,859.50,1632,48.6,7.21,591.6,859.88,0.0,5.1, , 
,861.29,1600,82.5,3.9,11101011,860.63,1664,48.6,7.21,591.6,860.97,0.0,5.1, , 
,862.38,1600,82.5,6.3,11101011,861.64,1632,40.0,6.18,499.8,861.99,0.0,5.1, , 
,863.52,1568,82.5,6.3,11101011,862.77,1568,41.2,6.18,520.2,863.15,0.0,5.1, , 
,864.59,1536,82.5,5.5,11101011,863.88,1568,42.7,6.18,520.2,864.25,0.0,5.1, , 
,865.65,1536,82.5,3.5,11101011,864.94,1568,44.3,6.18,550.8,865.30,0.0,5.1, , 
,866.72,1536,82.5,2.3,11101011,866.01,1568,44.3,6.18,550.8,866.35,0.0,5.1, , 
,867.77,1536,84.0,2.0,11101011,867.07,1536,44.3,6.18,550.8,867.43,0.0,5.1, , 
,868.85,1536,82.5,1.6,11101011,868.16,1568,44.3,6.18,550.8,868.50,0.0,5.1, , 
,869.91,1568,82.5,0.0,11101011,869.21,1568,44.3,6.18,550.8,869.57,0.0,5.1, , 
,870.99,1600,82.5,1.2,11101011,870.25,1568,56.1,8.24,673.2,870.62,0.0,5.1, , 
,872.10,1664,82.5,0.4,11101011,871.35,1632,51.8,7.21,632.4,871.73,0.0,5.1, , 
,873.18,1664,84.0,1.6,11101011,872.45,1664,47.1,7.21,571.2,872.81,0.0,5.1, , 
,874.23,1696,82.5,3.5,11101011,873.54,1696,35.3,5.15,459.0,873.88,0.0,5.1, , 
,875.32,1696,82.5,3.5,11101011,874.58,1696,31.0,4.12,418.2,874.94,0.0,5.1, , 
,876.36,1664,82.5,-4.3,11101011,875.66,1664,22.0,3.09,316.2,876.02,0.0,5.1, , 
,877.39,1664,82.5,-8.2,11101011,876.69,1664,20.8,3.09,316.2,877.03,0.0,5.1, , 
,878.44,1632,82.5,-10.5,11101011,877.74,1664,22.0,3.09,316.2,878.10,0.0,5.1, , 
,879.50,1632,82.5,-9.4,11101011,878.78,1632,22.0,3.09,316.2,879.14,0.0,5.1, , 
,880.58,1632,82.5,-3.9,11101011,879.85,1632,25.1,3.09,336.6,880.20,0.0,5.1, , 
,881.63,1632,82.5,1.6,11101011,880.94,1632,31.0,4.12,397.8,881.27,0.0,5.1, , 
,882.69,1664,82.5,0.0,11101011,882.00,1632,31.0,4.12,397.8,882.36,0.0,5.1, , 
,883.71,1408,82.5,0.0,11101011,883.02,1536,0.0,0.00,459.0,883.34,0.0,0.0, , 
,884.75,2208,82.5,1.6,11101001,884.05,2336,41.2,6.18,499.8,884.40,0.0,5.1, , 
,885.75,2272,82.5,3.5,11101001,885.08,2240,42.7,6.18,499.8,885.41,0.0,5.1, , 
,886.73,2304,82.5,0.0,11101001,886.08,2272,41.2,6.18,479.4,886.39,0.0,5.1, , 
,887.72,2304,82.5,-4.3,11101001,887.04,2304,23.5,3.09,316.2,887.38,0.0,5.1, , 
,888.72,2304,82.5,-3.9,11101001,888.05,2304,28.2,4.12,377.4,888.38,0.0,5.1, , 
,889.73,2304,82.5,-0.8,11101001,889.04,2304,31.0,4.12,377.4,889.39,0.0,5.1, , 
,890.77,2304,82.5,2.3,11101001,890.07,2336,32.5,4.12,397.8,890.43,0.0,5.1, , 
,891.76,2304,82.5,-1.2,11101001,891.11,2304,29.4,4.12,377.4,891.44,0.0,5.1, , 
,892.78,2336,82.5,-2.3,11101001,892.09,2336,25.1,3.09,336.6,892.43,0.0,5.1, , 
,893.76,2304,82.5,-3.1,11101001,893.11,2336,28.2,4.12,357.0,893.44,0.0,5.1, , 
,894.79,2336,82.5,-3.5,11101001,894.10,2304,28.2,4.12,357.0,894.44,0.0,5.1, , 
,895.82,2304,82.5,-2.7,11101001,895.14,2336,26.7,3.09,357.0,895.48,0.0,5.1, , 
,896.82,2336,82.5,2.3,11101001,896.15,2304,29.4,4.12,377.4,896.49,0.0,5.1, , 
,897.86,2368,82.5,0.0,11101001,897.16,2336,41.2,6.18,479.4,897.51,0.0,5.1, , 
,898.89,2368,82.5,-0.4,11101001,898.20,2368,26.7,3.09,357.0,898.54,0.0,5.1, , 
,899.89,2368,82.5,0.8,11101001,899.22,2368,28.2,4.12,357.0,899.56,0.0,5.1, , 
,900.90,2368,82.5,0.4,11101001,900.23,2368,28.2,4.12,357.0,900.57,0.0,5.1, , 
,901.90,2368,82.5,0.0,11101001,901.23,2368,28.2,4.12,357.0,901.57,0.0,5.1, , 
,902.90,2368,82.5,0.4,11101001,902.25,2368,28.2,4.12,357.0,902.58,0.0,5.1, , 
,903.93,2368,82.5,2.7,11101001,903.24,2368,28.2,4.12,357.0,903.60,0.0,5.1, , 
,904.92,2400,82.5,3.1,11101001,904.27,2368,28.2,4.12,357.0,904.59,0.0,5.1, , 
,905.89,2400,82.5,2.3,11101001,905.24,2368,28.2,4.12,357.0,905.57,0.0,5.1, , 
,906.94,2400,82.5,-0.4,11101001,906.20,2400,28.2,4.12,357.0,906.57,0.0,5.1, , 
,907.92,2368,82.5,-7.4,11101001,907.25,2400,20.8,3.09,295.8,907.58,0.0,5.1, , 
,908.94,2336,82.5,-11.3,11101001,908.27,2368,20.8,3.09,295.8,908.60,0.0,5.1, , 
,909.95,2336,82.5,-12.5,11101001,909.26,2336,20.8,2.06,295.8,909.60,0.0,5.1, , 
,910.96,2304,82.5,-14.5,11101001,910.30,2336,22.0,2.06,295.8,910.64,0.0,5.1, , 
,911.96,2304,82.5,-12.5,11101001,911.29,2304,22.0,3.09,316.2,911.62,0.0,5.1, , 
,913.00,2304,82.5,-9.4,11101001,912.30,2304,23.5,3.09,316.2,912.66,0.0,5.1, , 
,913.98,2304,82.5,0.0,11101001,913.34,2304,26.7,3.09,336.6,913.66,0.0,5.1, , 
,914.98,2304,82.5,4.7,11101001,914.31,2304,34.1,4.12,418.2,914.64,0.0,5.1, , 
,916.00,2336,82.5,8.2,11101001,915.32,2336,32.5,4.12,418.2,915.65,0.0,5.1, , 
,916.98,2368,82.5,7.8,11101001,916.31,2368,35.3,5.15,438.6,916.63,0.0,5.1, , 
,918.02,2400,82.5,6.3,11101001,917.33,2368,35.3,5.15,438.6,917.66,0.0,5.1, , 
,919.09,2432,82.5,5.1,11101001,918.36,2400,35.3,5.15,418.2,918.73,0.0,5.1, , 
,920.15,2464,82.5,4.3,11101001,919.44,2432,38.4,6.18,459.0,919.80,0.0,5.1, , 
,921.19,2528,82.5,3.1,11101001,920.49,2496,44.3,6.18,520.2,920.86,0.0,5.1, , 
,922.18,2496,82.5,-3.9,11111101,921.51,2528,26.7,3.09,357.0,921.85,0.0,5.1, , 
,923.16,2464,82.5,0.0,11111101,922.51,2496,17.6,2.06,244.8,922.84,0.0,5.1, , 
,924.12,2400,82.5,0.0,11101001,923.48,2464,16.1,3.09,244.8,923.80,0.0,5.1, , 
,925.13,2400,82.5,-9.4,11101001,924.46,2400,19.2,3.09,275.4,924.80,0.0,5.1, , 
,926.14,2368,82.5,3.1,11101001,925.48,2368,20.8,2.06,295.8,925.83,0.0,5.1, , 
,927.19,2400,82.5,9.8,11101001,926.48,2400,36.9,5.15,438.6,926.83,0.0,5.1, , 
,928.23,2432,82.5,13.7,11101001,927.54,2432,35.3,5.15,438.6,927.89,0.0,5.1, , 
,929.29,2464,84.0,17.6,11101001,928.58,2464,38.4,5.15,459.0,928.93,0.0,5.1, , 
,930.30,2496,84.0,16.8,11101001,929.64,2496,34.1,5.15,418.2,929.98,0.0,5.1, , 
,931.30,2528,82.5,15.6,11101001,930.64,2496,32.5,5.15,397.8,930.97,0.0,5.1, , 
,932.34,2496,82.5,11.7,11101001,931.63,2528,26.7,4.12,336.6,931.99,0.0,5.1, , 
,933.34,2496,82.5,8.6,11101001,932.69,2496,25.1,3.09,336.6,933.03,0.0,5.1, , 
,934.37,2496,82.5,6.6,11101001,933.68,2496,26.7,3.09,336.6,934.02,0.0,5.1, , 
,935.41,2496,84.0,5.5,11101001,934.71,2496,25.1,3.09,336.6,935.06,0.0,5.1, , 
,936.46,2496,82.5,6.6,11101001,935.74,2496,26.7,3.09,336.6,936.11,0.0,5.1, , 
,937.51,2464,82.5,7.4,11101001,936.82,2496,26.7,3.09,336.6,937.15,0.0,5.1, , 
,938.57,2496,84.0,9.4,11101001,937.87,2496,25.1,3.09,336.6,938.23,0.0,5.1, , 
,939.65,2464,82.5,8.2,11101001,938.93,2496,25.1,3.09,336.6,939.29,0.0,5.1, , 
,940.74,2464,82.5,8.2,11101001,940.03,2464,25.1,3.09,336.6,940.38,0.0,5.1, , 
,941.80,2464,82.5,6.3,11101001,941.08,2464,25.1,3.09,336.6,941.43,0.0,5.1, , 
,942.86,2464,82.5,5.5,11101001,942.16,2464,25.1,3.09,336.6,942.51,0.0,5.1, , 
,943.94,2496,82.5,5.1,11101001,943.21,2464,26.7,3.09,336.6,943.57,0.0,5.1, , 
,944.98,2432,82.5,7.0,11101001,944.28,2464,25.1,3.09,336.6,944.62,0.0,5.1, , 
,946.04,2464,82.5,6.6,11101001,945.33,2464,26.7,4.12,336.6,945.67,0.0,5.1, , 
,947.11,2464,84.0,9.0,11101001,946.40,2464,26.7,4.12,357.0,946.76,0.0,5.1, , 
,948.14,2464,82.5,9.8,11101001,947.47,2464,26.7,4.12,336.6,947.83,0.0,5.1, , 
,949.15,2496,82.5,10.9,11101001,948.48,2464,28.2,4.12,357.0,948.80,0.0,5.1, , 
,950.22,2496,82.5,11.3,11101001,949.51,2496,29.4,4.12,377.4,949.87,0.0,5.1, , 
,951.23,2496,82.5,12.5,11101001,950.56,2496,29.4,4.12,377.4,950.88,0.0,5.1, , 
,952.24,2496,82.5,11.7,11101001,951.56,2496,29.4,4.12,377.4,951.90,0.0,5.1, , 
,953.26,2496,82.5,11.7,11101001,952.59,2496,29.4,4.12,377.4,952.92,0.0,5.1, , 
,954.28,2496,82.5,8.2,11101001,953.60,2496,28.2,4.12,357.0,953.97,0.0,5.1, , 
,955.38,2432,84.0,-1.2,11101001,954.66,2464,20.8,3.09,295.8,955.03,0.0,5.1, , 
,956.41,2400,84.0,-7.0,11111101,955.72,2432,20.8,3.09,295.8,956.06,0.0,5.1, , 
,957.40,2336,84.0,0.0,11111101,956.75,2368,17.6,2.06,244.8,957.06,0.0,5.1, , 
,958.40,2208,84.0,0.0,11111101,957.72,2272,0.0,0.00,244.8,958.04,0.0,5.1, , 
,959.44,2112,82.5,0.0,11101001,958.74,2176,0.0,0.00,244.8,959.09,0.0,5.1, , 
,960.48,2048,82.5,-5.5,11101001,959.77,2112,19.2,3.09,295.8,960.12,0.0,5.1, , 
,961.55,2048,84.0,-9.8,11101001,960.84,2080,22.0,3.09,316.2,961.20,0.0,5.1, , 
,962.60,2048,84.0,-5.5,11101001,961.89,2048,25.1,3.09,336.6,962.26,0.0,5.1, , 
,963.63,2112,84.0,1.6,11101001,962.95,2080,47.1,6.18,550.8,963.30,0.0,5.1, , 
,964.69,2144,84.0,8.2,11101001,963.99,2144,44.3,6.18,520.2,964.34,0.0,5.1, , 
,965.72,2208,84.0,12.1,11101001,965.04,2176,42.7,6.18,520.2,965.39,0.0,5.1, , 
,966.75,2208,84.0,7.4,11101001,966.06,2208,32.5,5.15,418.2,966.40,0.0,5.1, , 
,967.76,2176,84.0,0.8,11101001,967.09,2176,23.5,3.09,316.2,967.43,0.0,5.1, , 
,968.77,2144,84.0,-3.5,11101001,968.09,2176,22.0,3.09,316.2,968.42,0.0,5.1, , 
,969.82,2112,84.0,-6.6,11101001,969.10,2144,23.5,3.09,316.2,969.47,0.0,5.1, , 
,970.86,2112,84.0,-8.2,11101001,970.18,2112,23.5,3.09,316.2,970.52,0.0,5.1, , 
,971.88,2112,84.0,-4.3,11101001,971.20,2080,23.5,3.09,336.6,971.54,0.0,5.1, , 
,972.95,2112,84.0,0.4,11101001,972.24,2080,29.4,3.09,377.4,972.61,0.0,5.1, , 
,973.99,2112,84.0,2.7,11101001,973.29,2112,29.4,4.12,377.4,973.64,0.0,5.1, , 
,975.02,2112,84.0,3.9,11101001,974.33,2112,28.2,3.09,357.0,974.68,0.0,5.1, , 
,976.05,2112,84.0,-1.6,11101001,975.35,2144,26.7,3.09,357.0,975.70,0.0,5.1, , 
,977.09,2080,84.0,-8.6,11101001,976.38,2112,19.2,2.06,295.8,976.73,0.0,5.1, , 
,978.14,2048,84.0,-12.1,11101001,977.43,2080,19.2,2.06,295.8,977.78,0.0,5.1, , 
,979.19,1984,84.0,-13.7,11101001,978.49,2048,20.8,2.06,295.8,978.83,0.0,5.1, , 
,980.25,1952,84.0,-13.7,11101011,979.53,1984,20.8,2.06,295.8,979.88,0.0,5.1, , 
,981.35,1920,84.0,-10.2,11101011,980.60,1920,22.0,2.06,316.2,980.97,0.0,5.1, , 
,982.44,1888,84.0,-2.3,11101011,981.72,1920,25.1,3.09,336.6,982.08,0.0,5.1, , 
,983.54,1856,84.0,4.7,11101011,982.81,1888,25.1,3.09,357.0,983.19,0.0,5.1, , 
,984.64,1856,84.0,7.0,11101011,983.92,1888,25.1,3.09,357.0,984.27,0.0,5.1, , 
,985.76,1824,84.0,6.3,11101011,985.01,1856,26.7,3.09,357.0,985.38,0.0,5.1, , 
,986.86,1824,84.0,4.3,11101011,986.11,1824,25.1,3.09,357.0,986.49,0.0,5.1, , 
,987.90,1632,84.0,0.0,11111111,987.24,1824,26.7,4.12,357.0,987.60,0.0,5.1, , 
,988.92,1184,84.0,0.0,11111111,988.25,1184,25.1,3.09,357.0,988.57,0.0,0.0, , 
,989.85,1152,84.0,0.0,11111111,989.23,1280,23.5,4.12,336.6,989.54,0.0,0.0, , 
,990.76,928,84.0,-0.4,11111111,990.17,1088,22.0,3.09,316.2,990.46,0.0,0.0, , 
,991.68,928,84.0,-0.4,11111111,991.07,928,23.5,3.09,357.0,991.38,0.0,0.0, , 
,992.60,928,84.0,0.8,11111111,992.00,928,25.1,3.09,377.4,992.29,0.0,0.0, , 
,993.54,896,84.0,1.2,11111111,992.90,928,25.1,3.09,357.0,993.23,0.0,0.0, , 
,994.48,864,84.0,1.2,11111111,993.85,864,25.1,3.09,377.4,994.18,0.0,0.0, , 
,995.41,992,84.0,-1.2,11101011,994.79,864,25.1,3.09,377.4,995.09,0.0,0.0, , 
,996.41,1312,84.0,4.7,11101011,995.75,1376,25.1,3.09,357.0,996.09,0.0,0.0, , 
,997.42,1408,84.0,2.0,11101011,996.73,1376,40.0,5.15,499.8,997.08,0.0,0.0, , 
,998.51,1440,84.0,4.3,11101011,997.77,1408,44.3,6.18,550.8,998.10,0.0,0.0, , 
,999.43,1504,84.0,3.1,11101011,998.78,1472,41.2,6.18,520.2,999.12,0.0,5.1, , 
,1000.47,1472,84.0,-1.6,11101011,999.80,1536,31.0,4.12,418.2,1000.20,0.0,5.1, , 
,1001.57,1440,84.0,-6.6,11101011,1000.90,1472,22.0,3.09,316.2,1001.24,0.0,0.0, , 
,1002.62,1408,84.0,5.1,11101011,1001.93,1440,28.2,3.09,377.4,1002.28,0.0,0.0, , 
,1003.60,1376,84.0,-0.4,11111111,1002.97,1376,23.5,3.09,336.6,1003.29,0.0,0.0, , 
,1004.60,1248,84.0,0.0,11101011,1003.93,1344,23.5,3.09,336.6,1004.27,0.0,0.0, , 
,1005.61,1248,84.0,5.5,11101011,1004.97,1280,23.5,3.09,336.6,1005.28,0.0,0.0, , 
,1006.62,1248,84.0,0.0,11101011,1005.93,1248,41.2,5.15,499.8,1006.28,0.0,0.0, , 
,1007.64,1408,84.0,0.0,11101011,1006.95,1280,60.4,8.24,714.0,1007.29,0.0,0.0, , 
,1008.76,1600,84.0,7.0,11101011,1008.05,1472,67.8,9.27,775.2,1008.41,0.0,5.1, , 
,1009.85,1792,84.0,13.3,11101011,1009.13,1696,63.5,9.27,734.4,1009.48,0.0,5.1, , 
,1010.97,1920,84.0,0.0,11101011,1010.23,1856,57.6,9.27,673.2,1010.61,0.0,5.1, , 
,1012.08,1920,84.0,7.0,11101011,1011.34,1920,38.4,5.15,479.4,1011.71,0.0,5.1, , 
,1013.15,1920,84.0,12.1,11101011,1012.44,1920,40.0,5.15,479.4,1012.80,0.0,5.1, , 
,1014.27,1920,84.0,15.6,11101011,1013.53,1920,41.2,6.18,499.8,1013.91,0.0,5.1, , 
,1015.38,1952,84.0,16.8,11101011,1014.62,1920,41.2,6.18,499.8,1014.99,0.0,5.1, , 
,1016.47,1984,84.0,16.8,11101001,1015.73,1952,44.3,6.18,520.2,1016.09,0.0,5.1, , 
,1017.54,2016,84.0,16.4,11101001,1016.84,2016,42.7,6.18,520.2,1017.19,0.0,5.1, , 
,1018.63,1984,84.0,16.0,11101001,1017.91,2016,42.7,6.18,499.8,1018.26,0.0,5.1, , 
,1019.71,1952,84.0,16.0,11101011,1018.98,1984,42.7,6.18,520.2,1019.34,0.0,5.1, , 
,1020.83,1920,84.0,12.5,11101011,1020.08,1984,41.2,6.18,499.8,1020.45,0.0,5.1, , 
,1021.93,1824,84.0,13.3,11101011,1021.19,1888,31.0,4.12,397.8,1021.55,0.0,5.1, , 
,1023.04,1792,84.0,4.3,11101011,1022.31,1824,38.4,5.15,479.4,1022.67,0.0,5.1, , 
,1024.12,1824,84.0,0.0,11101011,1023.40,1824,50.2,7.21,591.6,1023.76,0.0,5.1, , 
,1025.23,1824,84.0,0.0,11101011,1024.50,1856,62.0,9.27,714.0,1024.87,0.0,5.1, , 
,1026.32,1728,84.0,0.0,11101011,1025.61,1792,28.2,3.09,377.4,1025.96,0.0,5.1, , 
,1027.44,1760,84.0,0.0,11101011,1026.70,1728,47.1,7.21,571.2,1027.06,0.0,5.1, , 
,1028.55,1824,84.0,0.8,11101011,1027.81,1792,50.2,7.21,612.0,1028.18,0.0,5.1, , 
,1029.61,1792,84.0,1.6,11101011,1028.93,1824,31.0,4.12,397.8,1029.29,0.0,5.1, , 
,1030.69,1728,84.0,3.1,11101011,1029.98,1760,32.5,4.12,418.2,1030.34,0.0,5.1, , 
,1031.78,1696,85.5,1.2,11101011,1031.06,1728,45.9,6.18,550.8,1031.43,0.0,5.1, , 
,1032.88,1760,84.0,3.1,11101011,1032.14,1728,47.1,6.18,571.2,1032.53,0.0,5.1, , 
,1033.93,1856,84.0,0.0,11101011,1033.20,1760,41.2,6.18,499.8,1033.56,0.0,5.1, , 
,1035.02,1888,84.0,2.0,11101011,1034.30,1856,51.8,7.21,612.0,1034.65,0.0,5.1, , 
,1036.11,1952,85.5,2.0,11101011,1035.39,1920,50.2,7.21,591.6,1035.75,0.0,5.1, , 
,1037.20,1984,85.5,4.3,11101011,1036.47,1952,45.9,6.18,550.8,1036.84,0.0,5.1, , 
,1038.25,2016,85.5,3.5,11101001,1037.56,2016,47.1,7.21,571.2,1037.91,0.0,5.1, , 
,1039.31,2016,85.5,3.9,11101001,1038.61,1984,44.3,6.18,520.2,1038.95,0.0,5.1, , 
,1040.39,2016,85.5,4.7,11101001,1039.68,2016,44.3,6.18,520.2,1040.05,0.0,5.1, , 
,1041.46,2016,85.5,3.1,11101001,1040.74,2016,45.9,6.18,550.8,1041.11,0.0,5.1, , 
,1042.54,2048,85.5,1.6,11101001,1041.83,2048,47.1,6.18,550.8,1042.18,0.0,5.1, , 
,1043.58,2112,85.5,0.0,11101001,1042.90,2080,53.3,7.21,612.0,1043.24,0.0,5.1, , 
,1044.66,2144,85.5,0.0,11101001,1043.93,2144,50.2,7.21,591.6,1044.29,0.0,5.1, , 
,1045.68,2240,85.5,2.0,11101001,1044.98,2176,50.2,7.21,591.6,1045.32,0.0,5.1, , 
,1046.69,2272,85.5,3.9,11101001,1046.01,2240,48.6,7.21,571.2,1046.35,0.0,5.1, , 
,1047.68,2336,85.5,3.1,11101001,1047.01,2304,48.6,7.21,571.2,1047.34,0.0,5.1, , 
,1048.64,2368,85.5,5.5,11101001,1048.00,2368,45.9,6.18,550.8,1048.32,0.0,5.1, , 
,1049.69,2432,85.5,6.6,11101001,1048.99,2400,42.7,6.18,499.8,1049.32,0.0,5.1, , 
,1050.71,2464,85.5,6.3,11101001,1050.02,2432,44.3,6.18,499.8,1050.35,0.0,5.1, , 
,1051.76,2496,85.5,6.6,11101001,1051.06,2464,42.7,6.18,499.8,1051.40,0.0,5.1, , 
,1052.79,2528,85.5,7.0,11101001,1052.10,2496,41.2,6.18,499.8,1052.44,0.0,5.1, , 
,1053.83,2528,85.5,7.8,11101001,1053.15,2528,36.9,5.15,438.6,1053.48,0.0,5.1, , 
,1054.85,2496,85.5,6.3,11101001,1054.17,2528,34.1,5.15,418.2,1054.50,0.0,5.1, , 
,1055.84,2432,85.5,-3.1,11101001,1055.20,2496,23.5,3.09,336.6,1055.52,0.0,5.1, , 
,1056.83,2336,85.5,-14.8,11111101,1056.17,2400,17.6,2.06,275.4,1056.50,0.0,5.1, , 
,1057.86,2112,85.5,0.0,11101001,1057.17,2208,16.1,2.06,244.8,1057.52,0.0,5.1, , 
,1058.96,1888,85.5,0.0,11101011,1058.22,2016,14.9,2.06,244.8,1058.59,0.0,5.1, , 
,1060.13,1696,85.5,0.0,11111111,1059.35,1856,19.2,3.09,295.8,1059.73,0.0,5.1, , 
,1061.08,1120,85.5,0.0,11111111,1060.43,1184,25.1,3.09,357.0,1060.76,0.0,0.0, , 
,1062.09,1024,85.5,0.0,11111111,1061.41,1184,25.1,4.12,357.0,1061.74,0.0,0.0, , 
,1062.98,928,85.5,-0.4,11111111,1062.38,896,23.5,3.09,357.0,1062.67,0.0,0.0, , 
,1063.94,1184,85.5,3.5,11101011,1063.29,928,28.2,3.09,397.8,1063.62,0.0,0.0, , 
,1064.93,1216,85.5,9.0,11101011,1064.27,1216,34.1,5.15,438.6,1064.59,0.0,0.0, , 
,1065.91,1312,85.5,10.5,11101011,1065.27,1248,40.0,6.18,520.2,1065.59,0.0,0.0, , 
,1066.85,1440,87.0,11.3,11101011,1066.23,1376,44.3,6.18,550.8,1066.58,0.0,0.0, , 
,1067.81,1568,87.0,6.6,11101011,1067.13,1504,40.0,6.18,499.8,1067.49,0.0,5.1, , 
,1068.85,1728,87.0,2.7,11101011,1068.17,1632,44.3,6.18,520.2,1068.49,0.0,5.1, , 
,1069.96,1888,87.0,1.2,11101011,1069.23,1792,45.9,6.18,550.8,1069.59,0.0,5.1, , 
,1071.08,1856,87.0,-9.0,11101011,1070.34,1888,23.5,3.09,336.6,1070.72,0.0,5.1, , 
,1072.19,1856,87.0,-20.7,11101011,1071.45,1856,17.6,2.06,275.4,1071.82,0.0,5.1, , 
,1073.24,1824,87.0,-24.6,11101011,1072.55,1824,19.2,2.06,275.4,1072.89,0.0,5.1, , 
,1074.33,1792,87.0,-25.0,11101011,1073.63,1824,19.2,2.06,295.8,1073.99,0.0,5.1, , 
,1075.49,1792,87.0,-22.3,11101011,1074.72,1792,19.2,2.06,295.8,1075.11,0.0,5.1, , 
,1076.60,1760,87.0,-20.3,11101011,1075.86,1760,20.8,2.06,295.8,1076.24,0.0,5.1, , 
,1077.72,1760,87.0,-17.6,11101011,1076.97,1760,20.8,2.06,295.8,1077.35,0.0,5.1, , 
,1078.79,1760,87.0,-16.4,11101011,1078.08,1760,20.8,2.06,295.8,1078.44,0.0,5.1, , 
,1079.82,1760,87.0,-16.0,11101011,1079.13,1760,20.8,2.06,295.8,1079.50,0.0,5.1, , 
,1080.87,1728,87.0,-12.9,11111111,1080.16,1760,20.8,2.06,295.8,1080.51,0.0,5.1, , 
,1081.92,1664,87.0,-7.0,11111111,1081.23,1728,22.0,3.09,316.2,1081.57,0.0,5.1, , 
,1082.91,992,87.0,0.0,11111111,1082.28,1664,20.8,3.09,295.8,1082.60,0.0,0.0, , 
,1083.84,1216,87.0,0.0,11111111,1083.22,1120,29.4,4.12,418.2,1083.54,0.0,0.0, , 
,1084.74,992,87.0,0.0,11111111,1084.15,1152,22.0,3.09,336.6,1084.44,0.0,0.0, , 
,1085.63,896,87.0,0.4,11111111,1085.04,864,23.5,3.09,357.0,1085.32,0.0,0.0, , 
,1086.54,864,87.0,0.8,11111111,1085.92,864,26.7,3.09,397.8,1086.21,0.0,0.0, , 
,1087.49,896,87.0,1.6,11111111,1086.85,896,28.2,4.12,397.8,1087.17,0.0,0.0, , 
,1088.43,896,87.0,2.0,11111111,1087.79,896,26.7,3.09,397.8,1088.11,0.0,0.0, , 
,1089.36,896,87.0,2.7,11111111,1088.73,896,26.7,3.09,397.8,1089.05,0.0,0.0, , 
,1090.27,832,87.0,3.5,11111111,1089.66,896,26.7,3.09,377.4,1089.96,0.0,0.0, , 
,1091.16,768,87.0,1.6,11111111,1090.58,768,23.5,3.09,377.4,1090.88,0.0,0.0, , 
,1092.07,768,87.0,-1.2,11111111,1091.47,800,28.2,3.09,418.2,1091.76,0.0,0.0, , 
,1092.97,768,87.0,-2.3,11111111,1092.38,768,26.7,3.09,397.8,1092.67,0.0,0.0, , 
,1093.84,768,87.0,-2.3,11111111,1093.26,800,26.7,3.09,397.8,1093.55,0.0,0.0, , 
,1094.72,800,87.0,-2.3,11111111,1094.14,800,26.7,3.09,397.8,1094.43,0.0,0.0, , 
,1095.61,992,87.0,-2.0,11101011,1095.02,768,26.7,3.09,397.8,1095.32,0.0,0.0, , 
,1096.53,960,87.0,0.0,11101011,1095.92,1152,31.0,4.12,418.2,1096.24,0.0,0.0, , 
,1097.56,1408,87.0,-3.9,11101011,1096.84,1056,47.1,7.21,591.6,1097.17,0.0,0.0, , 
,1098.56,1344,87.0,0.0,10111111,1097.92,1536,34.1,4.12,438.6,1098.23,0.0,5.1, , 
,1099.46,896,87.0,0.0,10111111,1098.85,928,22.0,3.09,336.6,1099.17,0.0,0.0, , 
,1100.37,768,87.0,0.0,10111111,1099.76,864,25.1,3.09,377.4,1100.07,0.0,0.0, , 
,1101.24,800,87.0,0.0,10111111,1100.66,800,29.4,4.12,438.6,1100.95,0.0,0.0, , 
,1102.13,800,87.0,-0.4,10111111,1101.54,800,31.0,4.12,438.6,1101.84,0.0,0.0, , 
,1103.02,800,87.0,0.8,10111111,1102.44,800,31.0,4.12,438.6,1102.72,0.0,0.0, , 
,1103.94,800,87.0,1.2,10111111,1103.32,768,29.4,4.12,438.6,1103.64,0.0,0.0, , 
,1104.86,832,87.0,1.2,10101011,1104.24,800,29.4,4.12,438.6,1104.53,0.0,0.0, , 
,1105.95,1472,87.0,0.0,10111111,1105.20,928,42.7,6.18,550.8,1105.60,0.0,0.0, , 
,1106.85,832,87.0,0.0,10111111,1106.27,896,23.5,3.09,357.0,1106.55,0.0,0.0, , 
,1107.83,1280,87.0,0.0,10101011,1107.16,896,38.4,6.18,499.8,1107.48,0.0,0.0, , 
,1108.78,1472,87.0,0.0,10111111,1108.13,1152,42.7,6.18,520.2,1108.50,0.0,0.0, , 
,1109.83,1312,88.5,-3.9,10111111,1109.24,1504,20.8,3.09,316.2,1109.54,0.0,0.0, , 
,1110.79,768,88.5,-5.5,10111111,1110.19,1088,22.0,3.09,336.6,1110.48,0.0,0.0, , 
,1111.69,704,88.5,-5.9,10101011,1111.10,800,28.2,3.09,418.2,1111.38,0.0,0.0, , 
,1112.65,1024,87.0,-4.3,10101011,1112.00,800,42.7,6.18,571.2,1112.32,0.0,0.0, , 
,1113.60,960,88.5,-2.0,10101011,1112.98,896,32.5,4.12,438.6,1113.27,0.0,0.0, , 
,1114.55,1120,88.5,-4.7,10101011,1113.93,1024,29.4,4.12,418.2,1114.25,0.0,0.0, , 
,1115.47,1216,88.5,-4.7,10101011,1114.86,1152,26.7,3.09,377.4,1115.16,0.0,0.0, , 
,1116.44,1248,88.5,-4.3,10111111,1115.78,1216,25.1,3.09,357.0,1116.10,0.0,0.0, , 
,1117.46,1216,88.5,-2.0,10111111,1116.78,1280,23.5,3.09,336.6,1117.12,0.0,0.0, , 
,1118.45,960,88.5,-0.4,10111111,1117.80,1120,25.1,3.09,357.0,1118.13,0.0,0.0, , 
,1119.35,800,88.5,-0.4,10101011,1118.76,896,25.1,3.09,377.4,1119.06,0.0,0.0, , 
,1120.37,1216,88.5,0.0,10101011,1119.71,1152,60.4,10.30,714.0,1120.07,0.0,5.1, , 
,1121.42,1568,88.5,0.0,10111111,1120.69,1088,59.2,9.27,714.0,1121.09,0.0,0.0, , 
,1122.33,1088,88.5,0.0,10111111,1121.70,1056,25.1,3.09,357.0,1122.03,0.0,0.0, , 
,1123.24,960,88.5,0.0,10111111,1122.65,1088,25.1,3.09,357.0,1122.94,0.0,0.0, , 
,1124.17,768,88.5,0.0,10111111,1123.54,768,22.0,3.09,357.0,1123.85,0.0,0.0, , 
,1125.04,736,88.5,-5.5,10111111,1124.47,800,29.4,4.12,438.6,1124.74,0.0,0.0, , 
,1125.98,800,88.5,-8.2,10111111,1125.36,800,29.4,3.09,418.2,1125.66,0.0,0.0, , 
,1126.86,800,90.0,-6.6,10111111,1126.27,768,28.2,3.09,418.2,1126.56,0.0,0.0, , 
,1127.78,800,90.0,-5.5,10111111,1127.17,800,28.2,3.09,418.2,1127.48,0.0,0.0, , 
,1128.68,800,88.5,-4.7,10111111,1128.08,800,28.2,3.09,418.2,1128.38,0.0,0.0, , 
