Środa,12,Sierpień,2026,09:42:36:00009-VCID:1C3761778CABCE7337-515A,Wersja VCDS: AKP 23.3.1,Wersja danych: 20230601 DS346.2
047 906 033 L,,1.4l SIMOS3PA   00HS5401,

,Grupa A:,'001,,,,Grupa B:,'015,,,,Grupa C:,'016
,,Obroty silnika,Temperatura,Lambda,Bity binarnie,,Zliczanie,Zliczanie,Zliczanie, ,,Zliczanie, , , 
,CZAS,,,,,CZAS,,,,,CZAS,,,,
Znacznik,ZAPISU, /min,*C, %,,ZAPISU,,,,,ZAPISU,,,,
,0.01,768,85.5,-3.5,10111111,0.31,0,0,0,aktywna,0.61,0, , ,aktywna
,0.91,768,85.5,-3.5,10111111,1.21,0,0,0,aktywna,1.51,0, , ,aktywna
,1.80,768,85.5,-4.3,10111111,2.11,0,0,0,aktywna,2.42,0, , ,aktywna
,2.74,704,85.5,0.0,10101011,3.04,0,0,0,aktywna,3.36,0, , ,aktywna
,3.66,1088,85.5,0.0,10101011,3.96,0,0,0,aktywna,4.26,0, , ,aktywna
,4.59,928,85.5,0.0,10101011,4.93,0,0,0,aktywna,5.24,0, , ,aktywna
,5.57,1376,85.5,-3.5,10101011,5.87,0,0,0,aktywna,6.21,0, , ,aktywna
,6.57,1952,85.5,0.0,10101011,6.94,0,0,0,nieaktywna,7.29,0, , ,nieaktywna
,7.60,1184,85.5,0.0,10101011,7.93,0,0,0,aktywna,8.28,0, , ,aktywna
,8.67,1440,85.5,-2.7,10101011,9.03,0,0,0,nieaktywna,9.39,0, , ,nieaktywna
,9.77,1696,85.5,-0.4,10101011,10.13,0,0,0,nieaktywna,10.51,0, , ,nieaktywna
,10.85,1984,85.5,0.8,10101011,11.18,0,0,0,nieaktywna,11.52,0, , ,aktywna
,11.86,2208,85.5,2.7,10101001,12.20,0,0,0,aktywna,12.58,0, , ,aktywna
,12.92,2528,87.0,-4.7,10101001,13.28,0,0,0,nieaktywna,13.64,0, , ,nieaktywna
,13.98,1568,87.0,0.0,10101011,14.35,0,0,0,aktywna,14.71,0, , ,aktywna
,15.08,1792,85.5,0.0,10101011,15.45,0,0,0,aktywna,15.83,0, , ,aktywna
,16.19,1984,87.0,-3.9,10101001,16.54,0,0,0,aktywna,16.88,0, , ,aktywna
,17.22,2144,87.0,-4.3,10101001,17.58,0,0,0,aktywna,17.94,0, , ,aktywna
,18.29,2304,85.5,-7.8,10101001,18.66,0,0,0,aktywna,19.03,0, , ,aktywna
,19.39,2304,87.0,0.0,10111101,19.75,0,0,0,nieaktywna,20.09,0, , ,nieaktywna
,20.48,1824,85.5,0.0,10101011,20.86,0,0,0,aktywna,21.21,0, , ,aktywna
,21.57,1824,87.0,0.0,10101011,21.94,0,0,0,nieaktywna,22.31,0, , ,nieaktywna
,22.70,1920,85.5,0.0,10101011,23.07,0,0,0,nieaktywna,23.42,0, , ,nieaktywna
,23.80,1984,87.0,-5.5,11101001,24.17,0,0,0,aktywna,24.52,0, , ,aktywna
,24.87,2080,85.5,-10.5,11101001,25.20,0,0,0,aktywna,25.56,0, , ,aktywna
,25.91,2144,85.5,-8.6,11101001,26.26,0,0,0,aktywna,26.61,0, , ,aktywna
,26.95,2208,87.0,-3.5,11101001,27.31,0,0,0,aktywna,27.66,0, , ,aktywna
,27.99,2272,85.5,-2.7,11101001,28.33,0,0,0,aktywna,28.66,0, , ,aktywna
,29.00,2336,85.5,-4.7,11101001,29.32,0,0,0,aktywna,29.65,0, , ,aktywna
,30.00,2432,85.5,-7.0,11101001,30.35,0,0,0,aktywna,30.66,0, , ,aktywna
,31.01,2496,85.5,-7.8,11101001,31.35,0,0,0,aktywna,31.68,0, , ,aktywna
,32.01,2624,85.5,-9.8,11101001,32.34,0,0,0,aktywna,32.68,0, , ,aktywna
,33.01,2688,85.5,-10.5,11101001,33.34,0,0,0,aktywna,33.69,0, , ,aktywna
,34.04,2784,85.5,-12.1,11101001,34.36,0,0,0,nieaktywna,34.72,0, , ,nieaktywna
,35.11,1376,85.5,0.0,11101011,35.46,0,0,0,aktywna,35.79,0, , ,aktywna
,36.14,2144,85.5,0.0,11101001,36.49,0,0,0,aktywna,36.83,0, , ,aktywna
,37.16,2176,85.5,-7.8,11101001,37.50,0,0,0,aktywna,37.84,0, , ,aktywna
,38.16,2176,85.5,0.0,11101001,38.49,0,0,0,nieaktywna,38.82,0, , ,nieaktywna
,39.16,2144,85.5,12.1,11101001,39.52,0,0,0,nieaktywna,39.87,0, , ,nieaktywna
,40.23,2112,85.5,5.1,11101001,40.56,0,0,0,nieaktywna,40.90,0, , ,nieaktywna
,41.24,2112,85.5,4.3,11101001,41.58,0,0,0,nieaktywna,41.93,0, , ,nieaktywna
,42.28,2048,85.5,3.1,11101001,42.64,0,0,0,aktywna,42.99,0, , ,aktywna
,43.33,2016,85.5,-3.5,11101001,43.68,0,0,0,aktywna,44.03,0, , ,aktywna
,44.39,2016,85.5,-8.2,11101001,44.74,0,0,0,aktywna,45.08,0, , ,aktywna
,45.43,2016,84.0,-8.2,11101001,45.77,0,0,0,aktywna,46.13,0, , ,aktywna
,46.47,2016,84.0,0.0,11101001,46.82,0,0,0,aktywna,47.18,0, , ,aktywna
,47.53,2016,84.0,0.4,11101001,47.88,0,0,0,aktywna,48.23,0, , ,aktywna
,48.57,2048,84.0,1.2,11101001,48.92,0,0,0,aktywna,49.27,0, , ,aktywna
,49.61,2048,84.0,1.2,11101001,49.96,0,0,0,aktywna,50.30,0, , ,aktywna
,50.65,2080,84.0,4.3,11101001,50.99,0,0,0,aktywna,51.35,0, , ,aktywna
,51.69,2080,84.0,4.3,11101001,52.05,0,0,0,aktywna,52.39,0, , ,aktywna
,52.74,2048,84.0,-5.5,11101001,53.09,0,0,0,aktywna,53.44,0, , ,aktywna
,53.79,2048,84.0,-2.7,11101001,54.13,0,0,0,aktywna,54.48,0, , ,aktywna
,54.83,2048,84.0,0.4,11101001,55.18,0,0,0,aktywna,55.51,0, , ,aktywna
,55.85,2048,84.0,0.0,11101001,56.19,0,0,0,aktywna,56.54,0, , ,aktywna
,56.90,2080,82.5,-1.6,11101001,57.24,0,0,0,aktywna,57.60,0, , ,aktywna
,57.94,2112,84.0,-2.7,11101001,58.30,0,0,0,aktywna,58.64,0, , ,aktywna
,58.99,2144,82.5,0.0,11101001,59.35,0,0,0,aktywna,59.68,0, , ,aktywna
,60.03,2144,82.5,7.4,11101001,60.36,0,0,0,aktywna,60.70,0, , ,aktywna
,61.06,2112,82.5,14.1,11101001,61.41,0,0,0,aktywna,61.76,0, , ,aktywna
,62.08,2112,82.5,0.0,11101001,62.43,0,0,0,nieaktywna,62.77,0, , ,nieaktywna
,63.11,2048,82.5,9.0,11111101,63.46,0,0,0,nieaktywna,63.79,0, , ,nieaktywna
,64.13,2016,82.5,0.0,11111101,64.49,0,0,0,nieaktywna,64.85,0, , ,nieaktywna
,65.18,1952,82.5,0.0,11111111,65.53,0,0,0,nieaktywna,65.87,0, , ,nieaktywna
,66.22,1856,82.5,0.0,11111111,66.55,0,0,0,nieaktywna,66.90,0, , ,nieaktywna
,67.24,1728,82.5,0.0,11111111,67.56,0,0,0,nieaktywna,67.92,0, , ,nieaktywna
,68.27,1600,82.5,0.0,11111111,68.59,0,0,0,nieaktywna,68.92,0, , ,nieaktywna
,69.28,1568,82.5,0.0,11111111,69.64,0,0,0,nieaktywna,69.97,0, , ,nieaktywna
,70.32,1536,82.5,0.0,11111111,70.73,0,0,0,nieaktywna,70.99,0, , ,nieaktywna
,71.26,1472,81.0,0.0,11111111,71.57,0,0,0,nieaktywna,71.91,0, , ,nieaktywna
,72.28,1472,81.0,0.0,11111111,72.63,0,0,0,nieaktywna,72.96,0, , ,nieaktywna
,73.29,1408,81.0,0.0,11111111,73.60,0,0,0,nieaktywna,73.90,0, , ,nieaktywna
,74.24,960,81.0,0.0,11111111,74.56,0,0,0,aktywna,74.93,0, , ,nieaktywna
,75.27,1760,81.0,0.0,11101011,75.61,0,0,0,aktywna,75.95,0, , ,aktywna
,76.30,1728,81.0,0.0,11101011,76.68,0,0,0,aktywna,77.03,0, , ,aktywna
,77.42,1728,81.0,2.7,11101011,77.78,0,0,0,aktywna,78.15,0, , ,aktywna
,78.51,1728,81.0,6.6,11101011,78.85,0,0,0,aktywna,79.19,0, , ,aktywna
,79.56,1760,81.0,9.0,11101011,79.94,0,0,0,aktywna,80.32,0, , ,aktywna
,80.71,1760,79.5,10.2,11101011,81.06,0,0,0,aktywna,81.44,0, , ,aktywna
,81.81,1792,81.0,8.2,11101011,82.19,0,0,0,aktywna,82.56,0, , ,aktywna
,82.93,1792,81.0,6.6,11101011,83.30,0,0,0,aktywna,83.66,0, , ,aktywna
,84.02,1824,81.0,4.3,11101011,84.38,0,0,0,aktywna,84.70,0, , ,aktywna
,85.05,1792,81.0,-0.8,11111111,85.41,0,0,0,nieaktywna,85.74,0, , ,nieaktywna
,86.08,1760,79.5,0.0,11101011,86.43,0,0,0,nieaktywna,86.76,0, , ,aktywna
,87.11,1728,79.5,0.0,11101011,87.47,0,0,0,aktywna,87.82,0, , ,aktywna
,88.18,1696,79.5,9.0,11101011,88.52,0,0,0,aktywna,88.87,0, , ,aktywna
,89.23,1696,79.5,9.8,11101011,89.57,0,0,0,aktywna,89.92,0, , ,aktywna
,90.28,1696,79.5,10.2,11101011,90.63,0,0,0,aktywna,91.01,0, , ,aktywna
,91.34,1664,81.0,10.2,11101011,91.70,0,0,0,aktywna,92.09,0, , ,aktywna
,92.44,1664,79.5,9.8,11101011,92.78,0,0,0,aktywna,93.13,0, , ,aktywna
,93.51,1664,79.5,9.8,11101011,93.86,0,0,0,aktywna,94.21,0, , ,aktywna
,94.56,1664,79.5,9.8,11101011,94.96,0,0,0,aktywna,95.30,0, , ,aktywna
,95.66,1632,79.5,8.6,11101011,96.01,0,0,0,aktywna,96.37,0, , ,aktywna
,96.73,1632,79.5,8.6,11101011,97.12,0,0,0,aktywna,97.52,0, , ,aktywna
,97.90,1632,79.5,8.2,11101010,98.28,0,0,0,aktywna,98.63,0, , ,aktywna
,99.03,1632,79.5,7.4,11101011,99.41,0,0,0,aktywna,99.76,0, , ,aktywna
,100.13,1632,79.5,6.6,11101011,100.50,0,0,0,aktywna,100.87,0, , ,aktywna
,101.24,1600,79.5,6.3,11101011,101.59,0,0,0,aktywna,101.94,0, , ,aktywna
,102.32,1600,79.5,5.9,11101010,102.67,0,0,0,aktywna,103.02,0, , ,aktywna
,103.40,1600,79.5,5.5,11101010,103.74,0,0,0,aktywna,104.11,0, , ,aktywna
,104.48,1600,79.5,5.5,11101011,104.84,0,0,0,aktywna,105.20,0, , ,aktywna
,105.57,1568,79.5,6.3,11101011,105.95,0,0,0,aktywna,106.32,0, , ,aktywna
,106.68,1600,79.5,9.8,11101011,107.04,0,0,0,aktywna,107.40,0, , ,aktywna
,107.75,1600,81.0,14.5,11101011,108.09,0,0,0,aktywna,108.46,0, , ,aktywna
,108.83,1600,79.5,12.9,11101010,109.21,0,0,0,aktywna,109.57,0, , ,aktywna
,109.92,1568,79.5,11.7,11101010,110.28,0,0,0,aktywna,110.64,0, , ,aktywna
,111.00,1568,79.5,9.4,11101011,111.34,0,0,0,aktywna,111.71,0, , ,aktywna
,112.05,1568,79.5,10.5,11101011,112.42,0,0,0,aktywna,112.78,0, , ,aktywna
,113.15,1600,79.5,11.3,11101011,113.50,0,0,0,aktywna,113.86,0, , ,aktywna
,114.23,1600,79.5,12.1,11101011,114.57,0,0,0,aktywna,114.94,0, , ,aktywna
,115.31,1600,79.5,12.5,11101011,115.66,0,0,0,nieaktywna,116.01,0, , ,nieaktywna
,116.39,1600,79.5,5.5,11111111,116.75,0,0,0,nieaktywna,117.11,0, , ,nieaktywna
,117.49,1536,79.5,3.5,11101010,117.78,0,0,0,aktywna,118.24,0, , ,aktywna
,118.56,1472,79.5,0.8,11101011,118.86,0,0,0,aktywna,119.13,0, , ,aktywna
,119.50,1504,79.5,0.0,11101011,119.96,0,0,0,aktywna,120.29,0, , ,aktywna
,120.56,1504,79.5,7.4,11101011,121.01,0,0,0,aktywna,121.27,0, , ,aktywna
,121.70,1504,79.5,9.0,11101011,122.01,0,0,0,aktywna,122.31,0, , ,aktywna
,122.77,1472,79.5,10.5,11101010,123.04,0,0,0,aktywna,123.30,0, , ,aktywna
,123.57,1504,79.5,10.5,11101011,123.83,0,0,0,aktywna,124.10,0, , ,aktywna
,124.37,1472,79.5,10.2,11101011,124.81,0,0,0,aktywna,125.16,0, , ,aktywna
,125.47,1472,79.5,6.3,11101011,125.79,0,0,0,aktywna,126.15,0, , ,aktywna
,126.49,1440,79.5,8.2,11101011,126.83,0,0,0,aktywna,127.18,0, , ,aktywna
,127.51,1440,79.5,0.0,11101011,127.88,0,0,0,aktywna,128.16,0, , ,aktywna
,128.48,1568,79.5,0.0,11111111,128.78,0,0,0,nieaktywna,129.09,0, , ,nieaktywna
,129.43,1216,79.5,0.0,11111111,129.79,0,0,0,nieaktywna,130.15,0, , ,nieaktywna
,130.46,1792,79.5,0.0,11101011,130.78,0,0,0,aktywna,131.11,0, , ,aktywna
,131.47,1760,79.5,1.2,11101011,131.84,0,0,0,aktywna,132.20,0, , ,aktywna
,132.59,1760,79.5,2.7,11101011,132.97,0,0,0,aktywna,133.36,0, , ,aktywna
,133.73,1760,79.5,5.9,11101011,134.07,0,0,0,aktywna,134.42,0, , ,aktywna
,134.79,1760,79.5,7.8,11101011,135.16,0,0,0,aktywna,135.52,0, , ,aktywna
,135.88,1760,79.5,9.4,11101011,136.24,0,0,0,aktywna,136.63,0, , ,aktywna
,137.00,1728,79.5,10.2,11101011,137.38,0,0,0,aktywna,137.75,0, , ,aktywna
,138.12,1728,79.5,13.3,11101011,138.49,0,0,0,aktywna,138.83,0, , ,aktywna
,139.22,1760,79.5,17.2,11101011,139.60,0,0,0,aktywna,139.99,0, , ,aktywna
,140.33,1792,79.5,16.4,11101011,140.69,0,0,0,aktywna,141.06,0, , ,aktywna
,141.44,1856,79.5,14.5,11101011,141.80,0,0,0,aktywna,142.16,0, , ,aktywna
,142.53,1952,79.5,8.2,11101011,142.91,0,0,0,aktywna,143.26,0, , ,aktywna
,143.60,1984,79.5,2.3,11101001,143.95,0,0,0,aktywna,144.32,0, , ,aktywna
,144.65,2048,79.5,0.4,11101001,144.98,0,0,0,aktywna,145.31,0, , ,aktywna
,145.65,2112,79.5,-1.6,11101001,145.97,0,0,0,aktywna,146.32,0, , ,aktywna
,146.66,2144,79.5,-2.0,11101001,147.01,0,0,0,aktywna,147.34,0, , ,aktywna
,147.67,2176,79.5,-1.6,11101001,148.01,0,0,0,aktywna,148.35,0, , ,aktywna
,148.70,2208,79.5,0.0,11101001,149.03,0,0,0,aktywna,149.37,0, , ,aktywna
,149.70,2208,79.5,2.7,11101001,150.04,0,0,0,aktywna,150.38,0, , ,aktywna
,150.72,2208,81.0,2.3,11101001,151.06,0,0,0,aktywna,151.41,0, , ,aktywna
,151.75,2176,79.5,4.7,11101001,152.09,0,0,0,aktywna,152.46,0, , ,aktywna
,152.81,2144,79.5,4.3,11101001,153.15,0,0,0,aktywna,153.49,0, , ,aktywna
,153.82,2112,79.5,3.9,11101001,154.15,0,0,0,aktywna,154.50,0, , ,aktywna
,154.84,2048,79.5,5.5,11101001,155.21,0,0,0,aktywna,155.56,0, , ,aktywna
,155.93,2016,81.0,3.9,11101001,156.28,0,0,0,aktywna,156.64,0, , ,aktywna
,157.00,1984,81.0,3.9,11101011,157.38,0,0,0,aktywna,157.75,0, , ,aktywna
,158.11,1952,81.0,5.1,11101011,158.49,0,0,0,aktywna,158.85,0, , ,aktywna
,159.21,1952,81.0,5.9,11101011,159.58,0,0,0,aktywna,159.94,0, , ,aktywna
,160.30,1952,81.0,8.2,11101011,160.66,0,0,0,aktywna,161.02,0, , ,aktywna
,161.37,2048,81.0,15.2,11101001,161.72,0,0,0,aktywna,162.08,0, , ,aktywna
,162.43,2112,81.0,19.5,11101001,162.78,0,0,0,aktywna,163.13,0, , ,aktywna
,163.48,2144,81.0,12.5,11101001,163.83,0,0,0,aktywna,164.17,0, , ,aktywna
,164.52,2144,81.0,9.0,11101001,164.87,0,0,0,aktywna,165.20,0, , ,aktywna
,165.53,2176,81.0,5.9,11101001,165.87,0,0,0,aktywna,166.21,0, , ,aktywna
,166.53,2208,81.0,4.7,11101001,166.87,0,0,0,aktywna,167.22,0, , ,aktywna
,167.56,2176,81.0,-0.8,11101001,167.91,0,0,0,nieaktywna,168.25,0, , ,nieaktywna
,168.59,2176,81.0,2.0,11101001,168.95,0,0,0,nieaktywna,169.30,0, , ,nieaktywna
,169.64,2208,81.0,5.1,11101001,169.98,0,0,0,nieaktywna,170.33,0, , ,nieaktywna
,170.68,2176,81.0,5.1,11111101,171.02,0,0,0,nieaktywna,171.37,0, , ,nieaktywna
,171.70,2112,81.0,0.0,11111101,172.05,0,0,0,nieaktywna,172.41,0, , ,aktywna
,172.77,2112,81.0,0.0,11101001,173.12,0,0,0,aktywna,173.47,0, , ,aktywna
,173.79,2208,81.0,4.7,11101001,174.12,0,0,0,aktywna,174.45,0, , ,aktywna
,174.78,2304,81.0,0.0,11111101,175.12,0,0,0,nieaktywna,175.44,0, , ,nieaktywna
,175.78,2240,81.0,3.5,11111101,176.13,0,0,0,nieaktywna,176.48,0, , ,nieaktywna
,176.82,2208,81.0,0.0,11101001,177.14,0,0,0,nieaktywna,177.49,0, , ,aktywna
,177.83,2176,81.0,0.0,11101001,178.17,0,0,0,aktywna,178.51,0, , ,aktywna
,178.86,2144,81.0,-1.6,11101001,179.21,0,0,0,aktywna,179.53,0, , ,aktywna
,179.87,2144,81.0,-1.2,11101001,180.23,0,0,0,aktywna,180.57,0, , ,aktywna
,180.90,2176,81.0,3.1,11101001,181.22,0,0,0,aktywna,181.55,0, , ,aktywna
,181.89,2176,81.0,9.0,11101001,182.23,0,0,0,aktywna,182.56,0, , ,aktywna
,182.90,2208,81.0,12.9,11101001,183.24,0,0,0,aktywna,183.58,0, , ,aktywna
,183.93,2176,81.0,7.4,11101001,184.26,0,0,0,nieaktywna,184.59,0, , ,nieaktywna
,184.96,2144,81.0,6.6,11111101,185.30,0,0,0,nieaktywna,185.64,0, , ,nieaktywna
,186.01,2048,81.0,0.0,11101001,186.36,0,0,0,aktywna,186.71,0, , ,aktywna
,187.05,2048,81.0,-0.8,11101001,187.40,0,0,0,aktywna,187.75,0, , ,aktywna
,188.09,2048,81.0,5.1,11101001,188.44,0,0,0,aktywna,188.80,0, , ,aktywna
,189.14,2080,81.0,9.4,11101001,189.50,0,0,0,aktywna,189.85,0, , ,aktywna
,190.20,2112,81.0,13.7,11101001,190.55,0,0,0,aktywna,190.90,0, , ,aktywna
,191.23,2144,81.0,15.6,11101001,191.56,0,0,0,aktywna,191.92,0, , ,aktywna
,192.26,2176,81.0,16.0,11101001,192.58,0,0,0,aktywna,192.92,0, , ,aktywna
,193.27,2208,81.0,13.3,11101001,193.61,0,0,0,aktywna,193.96,0, , ,aktywna
,194.29,2208,81.0,13.7,11101001,194.62,0,0,0,aktywna,194.98,0, , ,aktywna
,195.34,2240,81.0,13.3,11101001,195.68,0,0,0,aktywna,196.01,0, , ,aktywna
,196.34,2272,81.0,10.2,11101001,196.67,0,0,0,aktywna,197.02,0, , ,aktywna
,197.36,2272,81.0,9.4,11101001,197.71,0,0,0,aktywna,198.04,0, , ,aktywna
,198.37,2240,81.0,1.6,11111101,198.72,0,0,0,nieaktywna,199.06,0, , ,nieaktywna
,199.42,2208,81.0,0.0,11111101,199.76,0,0,0,nieaktywna,200.08,0, , ,nieaktywna
,200.43,2112,81.0,0.0,11101001,200.77,0,0,0,aktywna,201.11,0, , ,aktywna
,201.45,2112,81.0,-2.3,11101001,201.82,0,0,0,aktywna,202.15,0, , ,aktywna
,202.51,2080,81.0,-2.3,11101001,202.86,0,0,0,aktywna,203.22,0, , ,aktywna
,203.56,2080,81.0,-2.0,11101001,203.92,0,0,0,aktywna,204.26,0, , ,aktywna
,204.59,2080,81.0,-1.2,11101001,204.97,0,0,0,aktywna,205.32,0, , ,aktywna
,205.66,2080,81.0,4.3,11101001,206.00,0,0,0,aktywna,206.34,0, , ,aktywna
,206.69,2080,81.0,6.6,11101001,207.03,0,0,0,aktywna,207.38,0, , ,aktywna
,207.72,2080,81.0,8.2,11101001,208.07,0,0,0,aktywna,208.42,0, , ,aktywna
,208.78,2048,81.0,9.8,11101001,209.14,0,0,0,aktywna,209.50,0, , ,aktywna
,209.84,2080,81.0,12.5,11101001,210.22,0,0,0,aktywna,210.55,0, , ,aktywna
,210.89,2080,81.0,11.7,11101001,211.24,0,0,0,aktywna,211.58,0, , ,aktywna
,211.92,2112,81.0,11.3,11101001,212.26,0,0,0,aktywna,212.59,0, , ,aktywna
,212.93,2112,81.0,9.4,11101001,213.26,0,0,0,aktywna,213.61,0, , ,aktywna
,213.95,2144,81.0,5.9,11101001,214.30,0,0,0,aktywna,214.65,0, , ,aktywna
,214.98,2144,82.5,5.1,11101001,215.34,0,0,0,aktywna,215.67,0, , ,aktywna
,216.00,2176,81.0,4.7,11101001,216.33,0,0,0,aktywna,216.67,0, , ,aktywna
,217.01,2176,81.0,3.5,11101001,217.35,0,0,0,aktywna,217.69,0, , ,aktywna
,218.03,2208,81.0,3.1,11101001,218.38,0,0,0,aktywna,218.73,0, , ,aktywna
,219.06,2208,81.0,2.0,11101001,219.43,0,0,0,aktywna,219.76,0, , ,aktywna
,220.09,2208,81.0,-0.4,11101001,220.44,0,0,0,aktywna,220.79,0, , ,aktywna
,221.13,2208,81.0,0.0,11101001,221.48,0,0,0,aktywna,221.82,0, , ,aktywna
,222.14,2208,81.0,2.3,11101001,222.48,0,0,0,aktywna,222.81,0, , ,aktywna
,223.17,2176,81.0,0.4,11101001,223.51,0,0,0,aktywna,223.84,0, , ,aktywna
,224.19,2144,81.0,0.0,11101001,224.56,0,0,0,aktywna,224.92,0, , ,aktywna
,225.27,2144,81.0,0.0,11101001,225.62,0,0,0,aktywna,225.95,0, , ,aktywna
,226.32,2112,81.0,0.8,11101001,226.67,0,0,0,aktywna,227.01,0, , ,aktywna
,227.35,2080,81.0,0.8,11101001,227.70,0,0,0,aktywna,228.04,0, , ,aktywna
,228.38,2048,81.0,0.8,11101001,228.75,0,0,0,aktywna,229.11,0, , ,aktywna
,229.46,2048,81.0,3.5,11101001,229.81,0,0,0,aktywna,230.18,0, , ,aktywna
,230.52,2080,82.5,7.0,11101001,230.85,0,0,0,aktywna,231.19,0, , ,aktywna
,231.53,2112,81.0,5.9,11101001,231.89,0,0,0,aktywna,232.23,0, , ,aktywna
,232.58,2144,82.5,5.9,11101001,232.94,0,0,0,aktywna,233.27,0, , ,aktywna
,233.63,2144,82.5,5.5,11101001,233.98,0,0,0,aktywna,234.32,0, , ,aktywna
,234.68,2176,81.0,5.5,11101001,235.01,0,0,0,aktywna,235.36,0, , ,aktywna
,235.73,2176,82.5,5.5,11101001,236.08,0,0,0,aktywna,236.43,0, , ,aktywna
,236.77,2176,82.5,7.0,11101001,237.14,0,0,0,aktywna,237.49,0, , ,aktywna
,237.84,2208,81.0,5.5,11101001,238.18,0,0,0,aktywna,238.51,0, , ,aktywna
,238.83,2240,82.5,4.7,11101001,239.17,0,0,0,aktywna,239.51,0, , ,aktywna
,239.84,2240,82.5,3.5,11101001,240.19,0,0,0,aktywna,240.54,0, , ,aktywna
,240.88,2240,82.5,2.0,11101001,241.21,0,0,0,aktywna,241.53,0, , ,aktywna
,241.88,2240,82.5,-0.4,11101001,242.23,0,0,0,aktywna,242.60,0, , ,aktywna
,242.96,2240,81.0,-1.6,11101001,243.32,0,0,0,aktywna,243.65,0, , ,aktywna
,244.00,2240,81.0,1.2,10101001,244.35,0,0,0,aktywna,244.68,0, , ,aktywna
,245.02,2272,82.5,3.9,10101001,245.35,0,0,0,aktywna,245.67,0, , ,aktywna
,246.01,2336,82.5,7.0,10101001,246.36,0,0,0,aktywna,246.72,0, , ,aktywna
,247.07,2336,82.5,6.3,10101001,247.44,0,0,0,aktywna,247.82,0, , ,aktywna
,248.15,2400,81.0,7.8,10101001,248.49,0,0,0,aktywna,248.84,0, , ,aktywna
,249.20,2400,81.0,7.4,10101001,249.59,0,0,0,aktywna,249.93,0, , ,aktywna
,250.28,2368,82.5,6.6,10101001,250.61,0,0,0,aktywna,250.95,0, , ,aktywna
,251.32,2304,81.0,8.2,10101001,251.65,0,0,0,aktywna,251.99,0, , ,aktywna
,252.32,2272,81.0,8.2,10101001,252.65,0,0,0,aktywna,252.98,0, , ,aktywna
,253.32,2240,82.5,9.4,10101001,253.65,0,0,0,aktywna,253.98,0, , ,aktywna
,254.33,2240,82.5,9.0,10101001,254.68,0,0,0,aktywna,255.01,0, , ,aktywna
,255.35,2208,81.0,7.8,10101001,255.68,0,0,0,aktywna,256.02,0, , ,aktywna
,256.36,2240,81.0,7.0,10111101,256.71,0,0,0,nieaktywna,257.04,0, , ,nieaktywna
,257.36,2144,81.0,5.9,10111101,257.71,0,0,0,nieaktywna,258.04,0, , ,nieaktywna
,258.38,2080,81.0,0.0,10111101,258.73,0,0,0,nieaktywna,259.06,0, , ,aktywna
,259.42,1984,82.5,0.0,10101001,259.76,0,0,0,nieaktywna,260.09,0, , ,nieaktywna
,260.45,2112,81.0,0.0,10111101,260.81,0,0,0,aktywna,261.15,0, , ,nieaktywna
,261.50,2016,81.0,9.8,10111101,261.85,0,0,0,nieaktywna,262.21,0, , ,nieaktywna
,262.56,1952,82.5,0.0,10111111,262.91,0,0,0,nieaktywna,263.25,0, , ,aktywna
,263.61,1952,82.5,0.0,10101011,263.99,0,0,0,aktywna,264.35,0, , ,aktywna
,264.70,1888,81.0,2.0,10101011,265.07,0,0,0,aktywna,265.42,0, , ,aktywna
,265.78,1984,81.0,11.3,10101011,266.14,0,0,0,aktywna,266.50,0, , ,aktywna
,266.87,2016,82.5,12.1,10101001,267.23,0,0,0,aktywna,267.58,0, , ,aktywna
,267.93,2048,82.5,13.3,10101001,268.28,0,0,0,aktywna,268.64,0, , ,aktywna
,268.98,2080,82.5,16.8,10101001,269.33,0,0,0,aktywna,269.68,0, , ,aktywna
,270.00,2144,82.5,19.9,11101001,270.33,0,0,0,aktywna,270.67,0, , ,aktywna
,271.02,2208,82.5,20.3,11101001,271.37,0,0,0,aktywna,271.72,0, , ,aktywna
,272.04,2272,81.0,18.4,11101001,272.36,0,0,0,aktywna,272.69,0, , ,aktywna
,273.02,2336,81.0,18.8,11101001,273.34,0,0,0,aktywna,273.68,0, , ,aktywna
,274.04,2400,81.0,15.6,11101001,274.37,0,0,0,aktywna,274.71,0, , ,aktywna
,275.04,2432,81.0,0.0,11111101,275.35,0,0,0,aktywna,275.67,0, , ,nieaktywna
,276.02,2400,82.5,0.8,11111101,276.33,0,0,0,nieaktywna,276.65,0, , ,nieaktywna
,276.98,2304,81.0,0.0,11111101,277.33,0,0,0,nieaktywna,277.66,0, , ,nieaktywna
,277.99,2240,81.0,0.0,11101001,278.33,0,0,0,aktywna,278.68,0, , ,aktywna
,279.02,2240,81.0,-3.5,11101001,279.35,0,0,0,aktywna,279.69,0, , ,aktywna
,280.02,2240,81.0,3.9,11101001,280.34,0,0,0,aktywna,280.67,0, , ,aktywna
,281.00,2272,81.0,5.5,11101001,281.34,0,0,0,aktywna,281.69,0, , ,aktywna
,282.03,2304,81.0,4.7,11101001,282.37,0,0,0,aktywna,282.69,0, , ,aktywna
,283.03,2336,82.5,0.4,11101001,283.36,0,0,0,aktywna,283.70,0, , ,aktywna
,284.03,2336,81.0,-3.9,11101001,284.38,0,0,0,aktywna,284.73,0, , ,aktywna
,285.07,2304,81.0,-5.9,11101001,285.40,0,0,0,aktywna,285.72,0, , ,aktywna
,286.06,2304,81.0,-6.3,11101001,286.41,0,0,0,aktywna,286.76,0, , ,aktywna
,287.10,2304,81.0,-5.1,11101001,287.43,0,0,0,aktywna,287.76,0, , ,aktywna
,288.10,2304,82.5,-1.6,11101001,288.43,0,0,0,aktywna,288.77,0, , ,aktywna
,289.12,2304,81.0,-2.0,11101001,289.49,0,0,0,aktywna,289.81,0, , ,aktywna
,290.14,2304,81.0,-1.6,11101001,290.48,0,0,0,aktywna,290.82,0, , ,aktywna
,291.14,2304,82.5,0.4,11101001,291.47,0,0,0,aktywna,291.81,0, , ,aktywna
,292.17,2304,82.5,3.1,11101001,292.50,0,0,0,aktywna,292.84,0, , ,aktywna
,293.18,2304,82.5,1.6,11101001,293.50,0,0,0,aktywna,293.83,0, , ,aktywna
,294.16,2304,81.0,3.1,11101001,294.51,0,0,0,aktywna,294.86,0, , ,aktywna
,295.20,2272,81.0,4.3,11101001,295.54,0,0,0,aktywna,295.87,0, , ,aktywna
,296.22,2272,81.0,2.3,11101001,296.55,0,0,0,aktywna,296.88,0, , ,aktywna
,297.20,2240,82.5,1.2,11101001,297.53,0,0,0,aktywna,297.88,0, , ,aktywna
,298.23,2208,81.0,1.2,11101001,298.57,0,0,0,aktywna,298.91,0, , ,aktywna
,299.26,2144,81.0,-0.4,11111101,299.59,0,0,0,nieaktywna,299.96,0, , ,nieaktywna
,300.30,2048,81.0,0.0,11111101,300.66,0,0,0,nieaktywna,301.01,0, , ,nieaktywna
,301.30,1312,81.0,0.0,10111111,301.61,0,0,0,nieaktywna,301.92,0, , ,aktywna
,302.22,1056,81.0,0.0,10111111,302.53,0,0,0,aktywna,302.89,0, , ,nieaktywna
,303.19,960,82.5,0.0,10111111,303.51,0,0,0,aktywna,303.80,0, , ,aktywna
,304.10,896,82.5,-0.4,10111111,304.39,0,0,0,aktywna,304.70,0, , ,aktywna
,305.01,896,81.0,2.3,10111111,305.30,0,0,0,aktywna,305.61,0, , ,aktywna
,305.94,896,81.0,5.9,10111111,306.27,0,0,0,aktywna,306.59,0, , ,aktywna
,306.89,864,82.5,8.2,10111111,307.20,0,0,0,aktywna,307.53,0, , ,aktywna
,307.83,896,82.5,10.5,10111111,308.15,0,0,0,aktywna,308.44,0, , ,aktywna
,308.75,896,82.5,11.7,10111111,309.07,0,0,0,aktywna,309.36,0, , ,aktywna
,309.67,928,82.5,12.1,10111111,310.00,0,0,0,aktywna,310.32,0, , ,aktywna
,310.64,896,82.5,12.9,10111111,310.95,0,0,0,aktywna,311.26,0, , ,aktywna
,311.56,896,82.5,11.3,10111111,311.87,0,0,0,aktywna,312.17,0, , ,aktywna
,312.48,832,82.5,0.0,10101011,312.83,0,0,0,aktywna,313.15,0, , ,aktywna
,313.46,1248,82.5,0.0,10101011,313.75,0,0,0,aktywna,314.08,0, , ,aktywna
,314.42,1216,82.5,3.5,10101011,314.78,0,0,0,aktywna,315.23,0, , ,aktywna
,315.60,1600,82.5,3.9,10101011,315.98,0,0,0,aktywna,316.34,0, , ,aktywna
,316.71,1952,82.5,7.8,10101011,317.06,0,0,0,aktywna,317.41,0, , ,aktywna
,317.74,2240,82.5,7.4,10101001,318.08,0,0,0,aktywna,318.45,0, , ,nieaktywna
,318.75,1440,82.5,0.0,10111111,319.07,0,0,0,nieaktywna,319.40,0, , ,aktywna
,319.74,1664,82.5,0.0,10101011,320.08,0,0,0,aktywna,320.44,0, , ,aktywna
,320.79,1696,82.5,0.0,10101011,321.13,0,0,0,aktywna,321.49,0, , ,aktywna
,321.87,1760,82.5,0.4,10101011,322.23,0,0,0,aktywna,322.60,0, , ,aktywna
,322.97,1856,82.5,2.0,11101011,323.34,0,0,0,aktywna,323.70,0, , ,aktywna
,324.08,1888,82.5,0.0,11101011,324.45,0,0,0,aktywna,324.84,0, , ,aktywna
,325.22,1856,82.5,9.8,11101011,325.60,0,0,0,aktywna,325.98,0, , ,aktywna
,326.33,1920,82.5,10.2,11101011,326.70,0,0,0,aktywna,327.06,0, , ,aktywna
,327.42,2016,82.5,6.3,11101001,327.79,0,0,0,aktywna,328.14,0, , ,aktywna
,328.48,2048,82.5,5.5,11101001,328.82,0,0,0,aktywna,329.17,0, , ,aktywna
,329.52,2176,82.5,4.7,11101001,329.86,0,0,0,aktywna,330.19,0, , ,aktywna
,330.52,2272,82.5,5.9,11101001,330.85,0,0,0,aktywna,331.18,0, , ,aktywna
,331.52,2336,82.5,8.6,11101001,331.87,0,0,0,aktywna,332.24,0, , ,aktywna
,332.61,2432,82.5,10.2,11101001,332.94,0,0,0,aktywna,333.28,0, , ,nieaktywna
,333.59,1760,82.5,0.0,11111111,333.91,0,0,0,nieaktywna,334.21,0, , ,nieaktywna
,334.50,1088,82.5,0.0,11111111,334.89,0,0,0,aktywna,335.27,0, , ,aktywna
,335.61,1760,82.5,0.0,11101011,335.98,0,0,0,aktywna,336.33,0, , ,aktywna
,336.71,1760,82.5,0.4,11101011,337.06,0,0,0,aktywna,337.42,0, , ,aktywna
,337.79,1760,82.5,1.6,11101011,338.13,0,0,0,aktywna,338.49,0, , ,aktywna
,338.85,1760,82.5,3.1,11101011,339.21,0,0,0,aktywna,339.56,0, , ,aktywna
,339.92,1760,82.5,10.2,11101011,340.29,0,0,0,aktywna,340.66,0, , ,aktywna
,341.04,1792,82.5,12.1,11101011,341.42,0,0,0,aktywna,341.80,0, , ,aktywna
,342.16,1792,82.5,12.1,11101011,342.52,0,0,0,aktywna,342.88,0, , ,aktywna
,343.26,1856,82.5,9.8,11101011,343.63,0,0,0,aktywna,343.99,0, , ,aktywna
,344.35,1920,82.5,10.2,11101011,344.72,0,0,0,aktywna,345.08,0, , ,aktywna
,345.44,1952,82.5,0.0,11101011,345.81,0,0,0,aktywna,346.17,0, , ,nieaktywna
,346.54,1888,82.5,0.0,11101011,346.89,0,0,0,nieaktywna,347.26,0, , ,nieaktywna
,347.59,1920,82.5,0.0,11111111,347.95,0,0,0,nieaktywna,348.33,0, , ,nieaktywna
,348.69,1888,82.5,0.0,11101011,349.02,0,0,0,aktywna,349.39,0, , ,aktywna
,349.76,1888,82.5,0.0,11101011,350.12,0,0,0,aktywna,350.48,0, , ,aktywna
,350.83,1920,82.5,5.9,11101011,351.20,0,0,0,aktywna,351.57,0, , ,aktywna
,351.91,1952,82.5,0.0,11111111,352.28,0,0,0,nieaktywna,352.64,0, , ,nieaktywna
,352.98,1888,82.5,0.0,11101011,353.35,0,0,0,aktywna,353.72,0, , ,aktywna
,354.10,1888,82.5,0.0,11101011,354.46,0,0,0,aktywna,354.82,0, , ,aktywna
,355.19,1920,82.5,5.5,11101011,355.57,0,0,0,aktywna,355.92,0, , ,aktywna
,356.28,1952,82.5,10.2,11101011,356.64,0,0,0,aktywna,357.00,0, , ,aktywna
,357.35,2016,82.5,9.4,11101001,357.70,0,0,0,aktywna,358.08,0, , ,aktywna
,358.43,2080,82.5,5.5,11101001,358.77,0,0,0,aktywna,359.12,0, , ,aktywna
,359.47,2144,82.5,3.9,11101001,359.81,0,0,0,aktywna,360.15,0, , ,aktywna
,360.50,2208,82.5,2.7,11101001,360.84,0,0,0,aktywna,361.17,0, , ,aktywna
,361.50,2304,82.5,0.0,11101001,361.85,0,0,0,aktywna,362.17,0, , ,aktywna
,362.54,2400,82.5,-2.3,11101001,362.89,0,0,0,aktywna,363.25,0, , ,aktywna
,363.59,2560,81.0,-4.3,11101001,363.93,0,0,0,aktywna,364.26,0, , ,aktywna
,364.59,2656,82.5,-2.3,11101001,364.96,0,0,0,aktywna,365.31,0, , ,aktywna
,365.68,2784,82.5,-3.5,11101001,366.04,0,0,0,aktywna,366.38,0, , ,aktywna
,366.77,2912,82.5,-4.7,11101001,367.04,0,0,0,aktywna,367.30,0, , ,aktywna
,367.57,3008,81.0,-7.0,11101001,367.94,0,0,0,aktywna,368.28,0, , ,aktywna
,368.64,3136,82.5,-9.8,11101001,369.01,0,0,0,aktywna,369.38,0, , ,aktywna
,369.72,3200,81.0,-11.7,11101001,370.06,0,0,0,aktywna,370.42,0, , ,aktywna
,370.75,3328,81.0,0.0,11111101,371.09,0,0,0,nieaktywna,371.42,0, , ,nieaktywna
,371.76,2208,81.0,0.0,11101001,372.10,0,0,0,aktywna,372.45,0, , ,aktywna
,372.81,2592,81.0,0.0,11101001,373.15,0,0,0,aktywna,373.47,0, , ,aktywna
,373.80,2624,81.0,-3.5,11101001,374.12,0,0,0,aktywna,374.44,0, , ,aktywna
,374.79,2688,81.0,-7.4,11101001,375.13,0,0,0,aktywna,375.47,0, , ,aktywna
,375.81,2720,81.0,-12.1,11101001,376.17,0,0,0,aktywna,376.51,0, , ,aktywna
,376.85,2752,82.5,0.0,11101001,377.20,0,0,0,aktywna,377.56,0, , ,aktywna
,377.91,2784,82.5,-2.7,11101001,378.26,0,0,0,aktywna,378.60,0, , ,aktywna
,378.93,2784,82.5,-2.0,11101001,379.28,0,0,0,aktywna,379.63,0, , ,aktywna
,379.96,2816,81.0,-0.8,11101001,380.30,0,0,0,aktywna,380.66,0, , ,aktywna
,381.02,2816,81.0,4.7,11101001,381.39,0,0,0,aktywna,381.74,0, , ,aktywna
,382.11,2816,81.0,9.4,11101001,382.47,0,0,0,aktywna,382.81,0, , ,aktywna
,383.14,2816,82.5,9.0,11101001,383.46,0,0,0,aktywna,383.79,0, , ,aktywna
,384.13,2784,81.0,7.8,11101001,384.48,0,0,0,aktywna,384.83,0, , ,aktywna
,385.16,2752,81.0,7.4,11101001,385.51,0,0,0,aktywna,385.83,0, , ,aktywna
,386.16,2720,81.0,2.3,11101001,386.50,0,0,0,aktywna,386.84,0, , ,aktywna
,387.17,2720,81.0,0.0,11101001,387.51,0,0,0,aktywna,387.86,0, , ,aktywna
,388.20,2688,81.0,-1.2,11101001,388.54,0,0,0,aktywna,388.87,0, , ,aktywna
,389.23,2656,81.0,-2.3,11101001,389.59,0,0,0,aktywna,389.93,0, , ,aktywna
,390.24,2592,81.0,-8.2,11101001,390.57,0,0,0,aktywna,390.92,0, , ,aktywna
,391.26,2560,81.0,-6.3,11101001,391.60,0,0,0,aktywna,391.96,0, , ,aktywna
,392.30,2528,81.0,0.0,11101001,392.62,0,0,0,aktywna,392.96,0, , ,aktywna
,393.30,2528,81.0,0.8,11101001,393.64,0,0,0,aktywna,393.98,0, , ,aktywna
,394.36,2560,81.0,0.4,11101001,394.69,0,0,0,aktywna,395.05,0, , ,aktywna
,395.38,2560,81.0,2.7,11101001,395.71,0,0,0,aktywna,396.06,0, , ,aktywna
,396.41,2528,81.0,-1.6,11101001,396.75,0,0,0,aktywna,397.08,0, , ,aktywna
,397.44,2496,81.0,-10.5,11101001,397.76,0,0,0,aktywna,398.12,0, , ,aktywna
,398.46,2464,81.0,-7.8,11101001,398.81,0,0,0,aktywna,399.19,0, , ,aktywna
,399.59,2464,81.0,-7.0,11101001,399.96,0,0,0,aktywna,400.31,0, , ,aktywna
,400.67,2432,81.0,-5.9,11101001,401.01,0,0,0,aktywna,401.34,0, , ,aktywna
,401.72,2432,81.0,2.0,11101001,402.07,0,0,0,aktywna,402.45,0, , ,aktywna
,402.80,2464,81.0,5.5,11101001,403.15,0,0,0,aktywna,403.49,0, , ,aktywna
,403.83,2464,81.0,8.2,11101001,404.18,0,0,0,aktywna,404.51,0, , ,aktywna
,404.86,2464,81.0,6.3,11101001,405.22,0,0,0,aktywna,405.57,0, , ,aktywna
,405.91,2464,81.0,5.1,11101001,406.26,0,0,0,aktywna,406.61,0, , ,aktywna
,406.97,2464,81.0,4.3,11101001,407.33,0,0,0,aktywna,407.69,0, , ,aktywna
,408.05,2496,81.0,2.0,11101001,408.40,0,0,0,aktywna,408.72,0, , ,aktywna
,409.06,2496,81.0,3.1,11101001,409.41,0,0,0,aktywna,409.77,0, , ,aktywna
,410.12,2528,81.0,-2.3,11101001,410.43,0,0,0,aktywna,410.77,0, , ,aktywna
,411.09,2592,81.0,-2.3,11101001,411.42,0,0,0,aktywna,411.77,0, , ,aktywna
,412.12,2656,81.0,-3.5,11101001,412.47,0,0,0,aktywna,412.82,0, , ,aktywna
,413.16,2688,81.0,-4.3,11101001,413.49,0,0,0,aktywna,413.83,0, , ,aktywna
,414.19,2752,81.0,-5.5,11101001,414.53,0,0,0,aktywna,414.87,0, , ,aktywna
,415.21,2816,81.0,-7.0,11101001,415.56,0,0,0,aktywna,415.89,0, , ,aktywna
,416.24,2848,81.0,-10.9,11101001,416.56,0,0,0,aktywna,416.92,0, , ,aktywna
,417.24,2848,81.0,0.0,11111101,417.57,0,0,0,nieaktywna,417.89,0, , ,nieaktywna
,418.21,2816,81.0,0.0,11111101,418.53,0,0,0,nieaktywna,418.86,0, , ,nieaktywna
,419.21,2752,81.0,0.0,11111101,419.54,0,0,0,nieaktywna,419.84,0, , ,nieaktywna
,420.18,2688,81.0,0.0,11111101,420.52,0,0,0,aktywna,420.85,0, , ,aktywna
,421.18,2688,81.0,0.0,11101001,421.50,0,0,0,aktywna,421.83,0, , ,aktywna
,422.17,2656,81.0,2.3,11101001,422.53,0,0,0,aktywna,422.87,0, , ,aktywna
,423.18,2656,79.5,6.6,11101001,423.51,0,0,0,aktywna,423.85,0, , ,aktywna
,424.22,2656,81.0,7.8,11101001,424.58,0,0,0,aktywna,424.93,0, , ,aktywna
,425.26,2656,81.0,6.6,11101001,425.58,0,0,0,aktywna,425.91,0, , ,aktywna
,426.24,2624,81.0,3.5,11101001,426.58,0,0,0,aktywna,426.90,0, , ,aktywna
,427.21,2592,81.0,1.2,11101001,427.52,0,0,0,aktywna,427.83,0, , ,aktywna
,428.18,2560,81.0,1.2,11101001,428.52,0,0,0,aktywna,428.85,0, , ,aktywna
,429.19,2528,81.0,7.4,11101001,429.53,0,0,0,aktywna,429.90,0, , ,aktywna
,430.24,2528,81.0,8.6,11101001,430.58,0,0,0,aktywna,430.92,0, , ,aktywna
,431.25,2496,81.0,9.0,11101001,431.61,0,0,0,aktywna,431.96,0, , ,aktywna
,432.31,2496,81.0,7.8,11101001,432.69,0,0,0,aktywna,433.04,0, , ,aktywna
,433.38,2464,81.0,2.0,11101001,433.73,0,0,0,nieaktywna,434.06,0, , ,nieaktywna
,434.42,2432,81.0,5.9,11101001,434.75,0,0,0,nieaktywna,435.08,0, , ,nieaktywna
,435.43,2368,81.0,5.1,11101001,435.75,0,0,0,nieaktywna,436.08,0, , ,nieaktywna
,436.42,2336,81.0,7.4,11101001,436.76,0,0,0,nieaktywna,437.07,0, , ,nieaktywna
,437.39,2304,81.0,7.4,11101001,437.72,0,0,0,nieaktywna,438.06,0, , ,nieaktywna
,438.41,2240,81.0,0.0,11111101,438.76,0,0,0,nieaktywna,439.08,0, , ,nieaktywna
,439.41,2176,81.0,0.0,11111101,439.75,0,0,0,nieaktywna,440.08,0, , ,nieaktywna
,440.43,2144,81.0,0.0,11111101,440.79,0,0,0,nieaktywna,441.13,0, , ,nieaktywna
,441.47,2080,81.0,0.0,11111101,441.82,0,0,0,nieaktywna,442.17,0, , ,nieaktywna
,442.55,1952,81.0,0.0,11111111,442.91,0,0,0,nieaktywna,443.28,0, , ,nieaktywna
,443.66,1824,81.0,0.0,11111111,444.03,0,0,0,nieaktywna,444.38,0, , ,nieaktywna
,444.73,1728,81.0,0.0,11111111,445.08,0,0,0,nieaktywna,445.43,0, , ,nieaktywna
,445.74,1632,81.0,0.0,11111111,446.06,0,0,0,nieaktywna,446.39,0, , ,nieaktywna
,446.74,1568,81.0,0.0,11111111,447.06,0,0,0,nieaktywna,447.39,0, , ,nieaktywna
,447.81,1504,79.5,0.0,11111111,448.21,0,0,0,nieaktywna,448.54,0, , ,nieaktywna
,448.85,960,81.0,0.0,11111111,449.14,0,0,0,aktywna,449.50,0, , ,aktywna
,449.85,1952,81.0,0.0,11101011,450.21,0,0,0,aktywna,450.55,0, , ,aktywna
,450.93,1824,81.0,-0.4,11101011,451.31,0,0,0,aktywna,451.68,0, , ,aktywna
,452.05,1856,79.5,4.3,11101011,452.41,0,0,0,aktywna,452.78,0, , ,aktywna
,453.16,1888,79.5,9.0,11101011,453.52,0,0,0,aktywna,453.87,0, , ,aktywna
,454.23,1920,79.5,13.3,11101011,454.59,0,0,0,aktywna,454.95,0, , ,aktywna
,455.31,1888,79.5,5.5,11101011,455.69,0,0,0,aktywna,456.06,0, , ,aktywna
,456.43,1888,79.5,1.6,11101011,456.80,0,0,0,aktywna,457.17,0, , ,aktywna
,457.54,1920,79.5,3.5,11101011,457.89,0,0,0,aktywna,458.26,0, , ,aktywna
,458.65,1984,79.5,4.7,11101011,459.03,0,0,0,aktywna,459.39,0, , ,aktywna
,459.75,2016,79.5,-0.4,11101001,460.11,0,0,0,aktywna,460.47,0, , ,aktywna
,460.83,1984,79.5,-3.5,11101011,461.19,0,0,0,aktywna,461.56,0, , ,aktywna
,461.93,2048,79.5,5.1,11101001,462.30,0,0,0,nieaktywna,462.65,0, , ,nieaktywna
,463.01,1888,79.5,3.9,11111110,463.38,0,0,0,nieaktywna,463.70,0, , ,nieaktywna
,464.07,1856,79.5,0.0,11111111,464.42,0,0,0,nieaktywna,464.80,0, , ,nieaktywna
,465.10,1792,79.5,0.0,11111110,465.45,0,0,0,nieaktywna,465.81,0, , ,nieaktywna
,466.16,1728,79.5,0.0,11101010,466.52,0,0,0,nieaktywna,466.88,0, , ,nieaktywna
,467.23,1728,79.5,1.6,11101010,467.56,0,0,0,aktywna,467.93,0, , ,aktywna
,468.28,1696,79.5,3.1,11111111,468.62,0,0,0,nieaktywna,468.93,0, , ,nieaktywna
,469.24,1632,79.5,0.0,11111110,469.57,0,0,0,nieaktywna,469.92,0, , ,nieaktywna
,470.24,1632,79.5,0.0,11101010,470.58,0,0,0,nieaktywna,470.94,0, , ,nieaktywna
,471.29,1568,79.5,-0.4,11101010,471.65,0,0,0,aktywna,471.98,0, , ,aktywna
,472.34,1472,79.5,0.0,11111110,472.65,0,0,0,nieaktywna,472.98,0, , ,nieaktywna
,473.34,2176,79.5,0.0,11101000,473.68,0,0,0,aktywna,474.02,0, , ,aktywna
,474.35,2112,79.5,0.0,11101000,474.69,0,0,0,aktywna,475.03,0, , ,aktywna
,475.38,2240,79.5,0.4,11101000,475.72,0,0,0,aktywna,476.06,0, , ,aktywna
,476.39,2368,79.5,-1.6,11101001,476.75,0,0,0,aktywna,477.08,0, , ,aktywna
,477.43,2560,79.5,-5.1,11101001,477.76,0,0,0,aktywna,478.09,0, , ,aktywna
,478.43,2752,79.5,-6.6,11101000,478.76,0,0,0,aktywna,479.12,0, , ,aktywna
,479.41,2912,79.5,-6.3,11101000,479.79,0,0,0,aktywna,480.11,0, , ,nieaktywna
,480.47,1984,79.5,0.0,11111110,480.82,0,0,0,nieaktywna,481.16,0, , ,nieaktywna
,481.49,2144,79.5,0.0,11101000,481.83,0,0,0,nieaktywna,482.18,0, , ,aktywna
,482.51,2144,79.5,0.0,11101000,482.84,0,0,0,aktywna,483.19,0, , ,aktywna
,483.53,2208,79.5,-0.4,11101000,483.87,0,0,0,aktywna,484.20,0, , ,aktywna
,484.53,2272,79.5,0.0,11101001,484.87,0,0,0,aktywna,485.22,0, , ,aktywna
,485.57,2336,79.5,-2.3,11101000,485.91,0,0,0,aktywna,486.26,0, , ,aktywna
,486.61,2400,79.5,-6.6,11101001,486.98,0,0,0,aktywna,487.36,0, , ,aktywna
,487.69,2496,79.5,0.0,11101001,488.05,0,0,0,aktywna,488.40,0, , ,aktywna
,488.73,2560,79.5,-3.5,11101001,489.07,0,0,0,aktywna,489.39,0, , ,aktywna
,489.72,2624,79.5,0.0,11101001,490.06,0,0,0,aktywna,490.39,0, , ,aktywna
,490.73,2688,79.5,-7.0,11101001,491.06,0,0,0,aktywna,491.40,0, , ,aktywna
,491.73,2784,79.5,-9.0,11101001,492.07,0,0,0,aktywna,492.41,0, , ,aktywna
,492.72,2880,79.5,-10.5,11101001,493.07,0,0,0,aktywna,493.33,0, , ,aktywna
,493.62,2976,79.5,-11.7,11101001,493.88,0,0,0,aktywna,494.25,0, , ,aktywna
,494.59,3072,81.0,-11.7,11101001,494.94,0,0,0,aktywna,495.32,0, , ,aktywna
,495.66,2912,81.0,0.0,11111101,496.01,0,0,0,nieaktywna,496.33,0, , ,nieaktywna
,496.67,1888,81.0,0.0,11101011,497.00,0,0,0,aktywna,497.34,0, , ,aktywna
,497.67,2400,81.0,0.0,11101001,498.06,0,0,0,aktywna,498.41,0, , ,aktywna
,498.77,2432,81.0,-3.9,11101001,499.12,0,0,0,aktywna,499.50,0, , ,aktywna
,499.87,2464,81.0,-7.8,11101001,500.22,0,0,0,aktywna,500.58,0, , ,aktywna
,500.90,2496,81.0,-9.0,11101001,501.23,0,0,0,aktywna,501.58,0, , ,aktywna
,501.92,2528,81.0,-7.8,11101001,502.27,0,0,0,aktywna,502.62,0, , ,aktywna
,502.96,2560,81.0,-7.8,11101001,503.27,0,0,0,aktywna,503.62,0, , ,aktywna
,503.95,2592,81.0,-9.4,11101001,504.30,0,0,0,aktywna,504.65,0, , ,aktywna
,504.99,2624,81.0,-10.2,11101001,505.31,0,0,0,aktywna,505.65,0, , ,aktywna
,505.98,2624,81.0,0.0,11101001,506.34,0,0,0,aktywna,506.68,0, , ,aktywna
,507.03,2624,81.0,2.0,11101001,507.37,0,0,0,aktywna,507.70,0, , ,aktywna
,508.03,2624,81.0,4.3,11101001,508.37,0,0,0,aktywna,508.71,0, , ,aktywna
,509.05,2624,81.0,6.3,11101001,509.40,0,0,0,aktywna,509.72,0, , ,aktywna
,510.05,2624,81.0,4.3,11101001,510.38,0,0,0,aktywna,510.70,0, , ,aktywna
,511.06,2592,81.0,2.7,11101001,511.41,0,0,0,aktywna,511.76,0, , ,aktywna
,512.09,2592,81.0,1.6,11101001,512.41,0,0,0,aktywna,512.76,0, , ,aktywna
,513.08,2592,81.0,-1.2,11101001,513.41,0,0,0,aktywna,513.75,0, , ,aktywna
,514.10,2560,81.0,0.0,11101001,514.44,0,0,0,aktywna,514.76,0, , ,aktywna
,515.09,2560,81.0,2.0,11101001,515.41,0,0,0,aktywna,515.74,0, , ,aktywna
,516.07,2560,81.0,3.1,11101001,516.40,0,0,0,aktywna,516.75,0, , ,aktywna
,517.10,2560,81.0,5.1,11101001,517.46,0,0,0,aktywna,517.79,0, , ,aktywna
,518.13,2560,81.0,6.3,11101001,518.47,0,0,0,aktywna,518.81,0, , ,aktywna
,519.15,2560,81.0,3.5,11101001,519.51,0,0,0,aktywna,519.85,0, , ,aktywna
,520.18,2560,81.0,2.3,11101001,520.52,0,0,0,aktywna,520.87,0, , ,aktywna
,521.21,2560,81.0,2.3,11101001,521.57,0,0,0,aktywna,521.91,0, , ,aktywna
,522.27,2560,81.0,2.3,11101001,522.61,0,0,0,aktywna,522.95,0, , ,aktywna
,523.29,2528,81.0,1.6,11101001,523.63,0,0,0,aktywna,523.97,0, , ,aktywna
,524.32,2528,81.0,1.6,11101001,524.65,0,0,0,aktywna,524.99,0, , ,aktywna
,525.32,2528,81.0,2.3,11101001,525.67,0,0,0,aktywna,526.04,0, , ,aktywna
,526.38,2528,81.0,1.6,11101001,526.74,0,0,0,aktywna,527.08,0, , ,aktywna
,527.43,2528,81.0,2.0,11101001,527.75,0,0,0,aktywna,528.09,0, , ,aktywna
,528.41,2528,81.0,2.7,11101001,528.74,0,0,0,aktywna,529.08,0, , ,aktywna
,529.42,2528,81.0,0.0,11111101,529.75,0,0,0,aktywna,530.09,0, , ,nieaktywna
,530.41,2464,81.0,0.0,11111101,530.73,0,0,0,nieaktywna,531.06,0, , ,nieaktywna
,531.38,2432,81.0,0.0,11111101,531.73,0,0,0,nieaktywna,532.07,0, , ,nieaktywna
,532.38,2368,81.0,0.0,11111101,532.71,0,0,0,nieaktywna,533.03,0, , ,nieaktywna
,533.37,2304,81.0,0.0,11111101,533.69,0,0,0,nieaktywna,534.02,0, , ,nieaktywna
,534.34,2272,81.0,0.0,11111101,534.68,0,0,0,nieaktywna,535.01,0, , ,nieaktywna
,535.34,2208,81.0,0.0,11111101,535.68,0,0,0,nieaktywna,536.02,0, , ,nieaktywna
,536.36,2176,81.0,0.0,11111101,536.70,0,0,0,nieaktywna,537.03,0, , ,nieaktywna
,537.39,2112,81.0,0.0,11111101,537.76,0,0,0,nieaktywna,538.09,0, , ,aktywna
,538.43,2080,81.0,0.0,11101001,538.76,0,0,0,aktywna,539.09,0, , ,aktywna
,539.45,2080,81.0,0.0,11101001,539.81,0,0,0,aktywna,540.16,0, , ,aktywna
,540.50,2112,81.0,-4.3,11101001,540.83,0,0,0,aktywna,541.18,0, , ,aktywna
,541.53,2144,81.0,-5.1,11101001,541.87,0,0,0,aktywna,542.19,0, , ,aktywna
,542.53,2208,82.5,-9.0,11101001,542.88,0,0,0,aktywna,543.21,0, , ,aktywna
,543.54,2240,81.0,-12.9,11101001,543.87,0,0,0,aktywna,544.20,0, , ,aktywna
,544.54,2304,81.0,-12.5,11101001,544.87,0,0,0,aktywna,545.21,0, , ,aktywna
,545.54,2336,81.0,0.0,11101001,545.86,0,0,0,aktywna,546.20,0, , ,aktywna
,546.54,2336,81.0,3.9,11101001,546.88,0,0,0,aktywna,547.20,0, , ,aktywna
,547.54,2304,81.0,0.0,11101001,547.86,0,0,0,aktywna,548.20,0, , ,aktywna
,548.54,2272,81.0,-3.5,11101001,548.86,0,0,0,aktywna,549.19,0, , ,aktywna
,549.53,2272,81.0,0.0,11101001,549.87,0,0,0,aktywna,550.21,0, , ,aktywna
,550.53,2304,81.0,0.0,11101001,550.86,0,0,0,aktywna,551.19,0, , ,aktywna
,551.53,2368,81.0,-7.0,11101001,551.86,0,0,0,aktywna,552.18,0, , ,aktywna
,552.52,2400,81.0,-10.9,11101001,552.85,0,0,0,aktywna,553.17,0, , ,aktywna
,553.53,2432,81.0,-12.5,11101001,553.90,0,0,0,aktywna,554.25,0, , ,aktywna
,554.61,2496,81.0,-13.7,11101001,554.97,0,0,0,aktywna,555.30,0, , ,aktywna
,555.64,2528,81.0,0.0,11101001,556.00,0,0,0,aktywna,556.34,0, , ,aktywna
,556.71,2528,81.0,-3.9,11101001,557.05,0,0,0,aktywna,557.38,0, , ,aktywna
,557.72,2528,81.0,-6.6,11101001,558.08,0,0,0,aktywna,558.41,0, , ,aktywna
,558.76,2560,81.0,-2.7,11101001,559.10,0,0,0,aktywna,559.44,0, , ,aktywna
,559.79,2560,81.0,-1.6,11101001,560.11,0,0,0,aktywna,560.44,0, , ,aktywna
,560.79,2560,81.0,-2.7,11101001,561.11,0,0,0,aktywna,561.44,0, , ,aktywna
,561.79,2560,81.0,-1.2,11101001,562.14,0,0,0,aktywna,562.49,0, , ,aktywna
,562.83,2592,81.0,-1.6,11101001,563.16,0,0,0,aktywna,563.51,0, , ,aktywna
,563.83,2592,81.0,-0.4,11101001,564.18,0,0,0,aktywna,564.53,0, , ,aktywna
,564.85,2592,81.0,0.8,11101001,565.20,0,0,0,aktywna,565.55,0, , ,aktywna
,565.89,2592,81.0,3.1,11101001,566.22,0,0,0,aktywna,566.56,0, , ,aktywna
,566.91,2592,81.0,4.3,11101001,567.24,0,0,0,aktywna,567.58,0, , ,aktywna
,567.91,2560,81.0,2.7,11101001,568.25,0,0,0,aktywna,568.57,0, , ,aktywna
,568.93,2528,81.0,-1.2,11101001,569.27,0,0,0,aktywna,569.60,0, , ,aktywna
,569.93,2496,81.0,-2.7,11101001,570.24,0,0,0,aktywna,570.57,0, , ,aktywna
,570.88,2432,81.0,-4.7,11111101,571.22,0,0,0,nieaktywna,571.54,0, , ,nieaktywna
,571.89,2432,81.0,0.0,11111101,572.23,0,0,0,nieaktywna,572.54,0, , ,nieaktywna
,572.87,2368,81.0,0.0,11111101,573.21,0,0,0,nieaktywna,573.54,0, , ,nieaktywna
,573.87,2336,81.0,0.0,11111101,574.19,0,0,0,nieaktywna,574.53,0, , ,nieaktywna
,574.87,2304,81.0,0.0,11111101,575.18,0,0,0,nieaktywna,575.51,0, , ,nieaktywna
,575.84,2240,81.0,0.0,11111101,576.17,0,0,0,nieaktywna,576.52,0, , ,nieaktywna
,576.87,2208,81.0,0.0,11111101,577.21,0,0,0,nieaktywna,577.54,0, , ,nieaktywna
,577.86,2144,81.0,0.0,11111101,578.22,0,0,0,nieaktywna,578.58,0, , ,nieaktywna
,578.93,2112,81.0,0.0,11111101,579.26,0,0,0,nieaktywna,579.59,0, , ,nieaktywna
,579.96,2048,81.0,0.0,11111101,580.32,0,0,0,aktywna,580.66,0, , ,aktywna
,581.03,2080,81.0,0.0,11101001,581.37,0,0,0,aktywna,581.72,0, , ,aktywna
,582.06,2112,81.0,0.0,11101001,582.42,0,0,0,aktywna,582.78,0, , ,aktywna
,583.13,2176,81.0,-7.4,11101001,583.47,0,0,0,aktywna,583.81,0, , ,aktywna
,584.15,2240,81.0,-6.3,11101001,584.48,0,0,0,aktywna,584.83,0, , ,aktywna
,585.17,2272,81.0,-2.7,11101001,585.51,0,0,0,aktywna,585.83,0, , ,aktywna
,586.17,2304,81.0,-5.1,11101001,586.52,0,0,0,aktywna,586.86,0, , ,aktywna
,587.21,2336,79.5,-6.3,11101001,587.56,0,0,0,aktywna,587.89,0, , ,aktywna
,588.23,2336,81.0,-3.9,11101001,588.55,0,0,0,aktywna,588.88,0, , ,aktywna
,589.21,2368,79.5,2.7,11101001,589.54,0,0,0,aktywna,589.86,0, , ,aktywna
,590.21,2336,79.5,1.6,11101001,590.54,0,0,0,aktywna,590.87,0, , ,aktywna
,591.19,2336,79.5,-0.8,11101001,591.53,0,0,0,aktywna,591.86,0, , ,aktywna
,592.19,2304,79.5,-3.1,11101001,592.53,0,0,0,aktywna,592.86,0, , ,aktywna
,593.19,2304,79.5,-5.1,11101001,593.53,0,0,0,aktywna,593.85,0, , ,aktywna
,594.18,2272,79.5,-6.6,11101001,594.51,0,0,0,aktywna,594.83,0, , ,aktywna
,595.16,2240,79.5,-9.0,11101001,595.50,0,0,0,nieaktywna,595.85,0, , ,nieaktywna
,596.19,2208,79.5,-4.3,11101001,596.53,0,0,0,nieaktywna,596.87,0, , ,nieaktywna
,597.19,2176,79.5,0.0,11111101,597.52,0,0,0,nieaktywna,597.86,0, , ,nieaktywna
,598.19,2112,79.5,0.0,11101001,598.54,0,0,0,nieaktywna,598.88,0, , ,nieaktywna
,599.22,2080,79.5,0.0,11101001,599.57,0,0,0,nieaktywna,599.91,0, , ,nieaktywna
,600.26,2016,79.5,0.0,11111101,600.60,0,0,0,nieaktywna,600.94,0, , ,nieaktywna
,601.30,1984,79.5,0.0,11111111,601.65,0,0,0,nieaktywna,602.00,0, , ,nieaktywna
,602.34,1952,79.5,0.0,11111111,602.70,0,0,0,nieaktywna,603.06,0, , ,nieaktywna
,603.41,1888,79.5,0.0,11111111,603.77,0,0,0,nieaktywna,604.10,0, , ,nieaktywna
,604.43,1856,79.5,0.0,11111111,604.78,0,0,0,nieaktywna,605.12,0, , ,nieaktywna
,605.45,1824,79.5,0.0,11111111,605.85,0,0,0,nieaktywna,606.19,0, , ,nieaktywna
,606.54,1760,79.5,0.0,11111111,606.89,0,0,0,nieaktywna,607.25,0, , ,nieaktywna
,607.58,1696,79.5,0.0,11111111,607.91,0,0,0,nieaktywna,608.23,0, , ,nieaktywna
,608.55,1664,79.5,0.0,11111110,608.88,0,0,0,nieaktywna,609.22,0, , ,nieaktywna
,609.58,1632,79.5,0.0,11111111,609.93,0,0,0,nieaktywna,610.27,0, , ,nieaktywna
,610.62,1600,79.5,0.0,11111110,610.95,0,0,0,nieaktywna,611.31,0, , ,nieaktywna
,611.65,1568,79.5,0.0,11111110,611.99,0,0,0,nieaktywna,612.33,0, , ,nieaktywna
,612.68,1568,79.5,0.0,11101010,613.00,0,0,0,nieaktywna,613.34,0, , ,nieaktywna
,613.78,1536,79.5,0.0,11111110,614.11,0,0,0,aktywna,614.43,0, , ,aktywna
,614.72,960,79.5,0.8,11111110,615.03,0,0,0,aktywna,615.37,0, , ,aktywna
,615.70,1376,79.5,3.9,11101010,616.06,0,0,0,nieaktywna,616.44,0, , ,nieaktywna
,616.81,1952,79.5,5.5,11101010,617.16,0,0,0,nieaktywna,617.54,0, , ,nieaktywna
,617.89,1856,79.5,-0.4,11101010,618.24,0,0,0,aktywna,618.59,0, , ,nieaktywna
,618.95,1824,79.5,0.8,11111110,619.32,0,0,0,nieaktywna,619.68,0, , ,nieaktywna
,620.06,1792,78.0,0.0,11111110,620.41,0,0,0,nieaktywna,620.78,0, , ,nieaktywna
,621.14,1760,79.5,0.0,11101010,621.51,0,0,0,nieaktywna,621.86,0, , ,nieaktywna
,622.21,1760,79.5,0.4,11101010,622.56,0,0,0,nieaktywna,622.94,0, , ,aktywna
,623.32,1728,78.0,2.0,11101010,623.67,0,0,0,aktywna,624.06,0, , ,aktywna
,624.42,1696,78.0,3.1,11101010,624.78,0,0,0,aktywna,625.18,0, , ,aktywna
,625.55,1696,78.0,2.3,11101010,625.90,0,0,0,aktywna,626.26,0, , ,nieaktywna
,626.59,1664,78.0,1.2,11101010,626.91,0,0,0,aktywna,627.27,0, , ,aktywna
,627.62,1664,78.0,2.7,11101010,627.97,0,0,0,aktywna,628.34,0, , ,aktywna
,628.67,1632,78.0,3.1,11101010,629.07,0,0,0,aktywna,629.43,0, , ,aktywna
,629.79,1664,78.0,4.7,11101010,630.15,0,0,0,aktywna,630.49,0, , ,aktywna
,630.82,1664,78.0,7.0,11101010,631.16,0,0,0,aktywna,631.53,0, , ,aktywna
,631.91,1696,78.0,10.2,11101010,632.27,0,0,0,aktywna,632.66,0, , ,aktywna
,633.03,1696,78.0,10.9,11101010,633.42,0,0,0,aktywna,633.79,0, , ,aktywna
,634.13,1696,78.0,11.3,11101010,634.45,0,0,0,nieaktywna,634.79,0, , ,nieaktywna
,635.11,1056,78.0,0.0,11111110,635.42,0,0,0,aktywna,635.74,0, , ,aktywna
,636.07,1088,78.0,0.0,11111110,636.39,0,0,0,nieaktywna,636.74,0, , ,nieaktywna
,637.05,1280,78.0,0.0,11111110,637.43,0,0,0,nieaktywna,637.79,0, , ,nieaktywna
,638.11,1920,78.0,0.0,11111110,638.46,0,0,0,nieaktywna,638.81,0, , ,nieaktywna
,639.16,1760,78.0,0.0,11101010,639.51,0,0,0,aktywna,639.84,0, , ,aktywna
,640.19,1792,78.0,0.0,11101010,640.57,0,0,0,aktywna,640.94,0, , ,aktywna
,641.32,1888,79.5,-0.4,11101010,641.69,0,0,0,aktywna,642.05,0, , ,aktywna
,642.42,2016,78.0,0.4,11101000,642.79,0,0,0,aktywna,643.15,0, , ,aktywna
,643.48,2112,78.0,0.0,11101000,643.82,0,0,0,aktywna,644.17,0, , ,aktywna
,644.55,2112,78.0,-2.3,11101000,644.88,0,0,0,aktywna,645.23,0, , ,aktywna
,645.57,2112,78.0,-6.6,11101000,645.92,0,0,0,aktywna,646.25,0, , ,aktywna
,646.59,2144,78.0,-5.5,11101000,646.93,0,0,0,aktywna,647.28,0, , ,aktywna
,647.62,2176,78.0,-4.7,11101000,647.96,0,0,0,aktywna,648.29,0, , ,aktywna
,648.63,2176,78.0,-3.5,11101000,648.97,0,0,0,aktywna,649.33,0, , ,aktywna
,649.67,2208,78.0,-0.4,11101000,650.03,0,0,0,aktywna,650.38,0, , ,aktywna
,650.71,2272,78.0,2.3,11101000,651.04,0,0,0,aktywna,651.41,0, , ,aktywna
,651.76,2304,78.0,2.3,11101000,652.11,0,0,0,aktywna,652.46,0, , ,aktywna
,652.78,2304,78.0,0.0,11101000,653.13,0,0,0,aktywna,653.46,0, , ,aktywna
,653.80,2336,78.0,-1.6,11101000,654.16,0,0,0,aktywna,654.54,0, , ,aktywna
,654.86,2336,79.5,-5.5,11101000,655.19,0,0,0,aktywna,655.54,0, , ,aktywna
,655.87,2336,78.0,-5.9,11101000,656.22,0,0,0,aktywna,656.58,0, , ,aktywna
,656.92,2368,78.0,-7.4,11101000,657.27,0,0,0,aktywna,657.61,0, , ,aktywna
,657.94,2368,78.0,-7.4,11101000,658.28,0,0,0,aktywna,658.66,0, , ,aktywna
,659.02,2400,78.0,-7.8,11101000,659.39,0,0,0,aktywna,659.73,0, , ,aktywna
,660.05,2432,79.5,-5.5,11101000,660.42,0,0,0,aktywna,660.78,0, , ,aktywna
,661.10,2400,78.0,-3.9,11101000,661.46,0,0,0,aktywna,661.80,0, , ,aktywna
,662.14,2368,78.0,-4.7,11101000,662.49,0,0,0,aktywna,662.81,0, , ,aktywna
,663.16,2368,79.5,-4.7,11101000,663.50,0,0,0,aktywna,663.84,0, , ,aktywna
,664.18,2336,79.5,-7.8,11101000,664.51,0,0,0,aktywna,664.85,0, , ,aktywna
,665.20,2304,79.5,-7.8,11101000,665.55,0,0,0,aktywna,665.90,0, , ,aktywna
,666.22,2272,79.5,-7.0,11101000,666.57,0,0,0,aktywna,666.91,0, , ,aktywna
,667.25,2304,79.5,-5.1,11101000,667.61,0,0,0,aktywna,667.95,0, , ,aktywna
,668.29,2272,79.5,-5.9,11111100,668.63,0,0,0,nieaktywna,668.95,0, , ,nieaktywna
,669.30,2240,79.5,0.0,11111100,669.65,0,0,0,nieaktywna,669.97,0, , ,nieaktywna
,670.31,2112,79.5,0.0,11111100,670.67,0,0,0,nieaktywna,671.02,0, , ,aktywna
,671.37,2016,79.5,0.0,11101000,671.70,0,0,0,aktywna,672.07,0, , ,aktywna
,672.41,2144,79.5,0.0,11101000,672.76,0,0,0,aktywna,673.10,0, , ,aktywna
,673.43,2240,79.5,-0.8,11101000,673.75,0,0,0,aktywna,674.10,0, , ,aktywna
,674.45,2336,79.5,2.3,11101000,674.79,0,0,0,aktywna,675.10,0, , ,aktywna
,675.42,2336,79.5,0.0,11111100,675.75,0,0,0,nieaktywna,676.08,0, , ,nieaktywna
,676.41,2272,79.5,0.0,11111100,676.74,0,0,0,nieaktywna,677.06,0, , ,nieaktywna
,677.39,2208,79.5,0.0,11101000,677.74,0,0,0,aktywna,678.07,0, , ,aktywna
,678.41,2208,79.5,-2.0,11101001,678.75,0,0,0,aktywna,679.10,0, , ,aktywna
,679.45,2208,79.5,-2.0,11101000,679.81,0,0,0,aktywna,680.14,0, , ,aktywna
,680.46,2240,79.5,0.4,11101001,680.79,0,0,0,aktywna,681.12,0, , ,aktywna
,681.45,2272,79.5,1.2,11101001,681.79,0,0,0,aktywna,682.12,0, , ,aktywna
,682.45,2304,79.5,6.6,11101001,682.77,0,0,0,aktywna,683.13,0, , ,aktywna
,683.46,2368,79.5,7.8,11101001,683.78,0,0,0,aktywna,684.13,0, , ,aktywna
,684.47,2336,79.5,-3.9,11101001,684.80,0,0,0,aktywna,685.14,0, , ,aktywna
,685.49,2336,79.5,1.6,11101001,685.80,0,0,0,aktywna,686.14,0, , ,aktywna
,686.49,2368,79.5,3.1,11101001,686.88,0,0,0,aktywna,687.23,0, , ,aktywna
,687.55,2400,79.5,6.6,11101001,687.89,0,0,0,aktywna,688.24,0, , ,aktywna
,688.60,2432,79.5,8.6,11101001,688.94,0,0,0,aktywna,689.27,0, , ,aktywna
,689.61,2496,79.5,10.9,11101001,689.96,0,0,0,aktywna,690.29,0, , ,aktywna
,690.63,2528,79.5,3.9,11101001,690.97,0,0,0,aktywna,691.34,0, , ,aktywna
,691.68,2528,79.5,2.3,11101001,692.01,0,0,0,aktywna,692.33,0, , ,aktywna
,692.67,2528,79.5,1.6,11101001,693.00,0,0,0,aktywna,693.36,0, , ,aktywna
,693.72,2432,79.5,-5.1,11111101,694.04,0,0,0,nieaktywna,694.35,0, , ,nieaktywna
,694.67,2368,79.5,0.0,11101001,695.02,0,0,0,nieaktywna,695.35,0, , ,nieaktywna
,695.68,2240,79.5,0.0,11101001,696.00,0,0,0,nieaktywna,696.35,0, , ,nieaktywna
,696.68,2176,79.5,2.0,11101001,697.00,0,0,0,nieaktywna,697.36,0, , ,nieaktywna
,697.70,2080,79.5,3.9,11101001,698.05,0,0,0,nieaktywna,698.41,0, , ,nieaktywna
,698.77,1984,79.5,13.7,11101001,699.14,0,0,0,nieaktywna,699.49,0, , ,nieaktywna
,699.79,1536,81.0,0.0,11111111,700.09,0,0,0,nieaktywna,700.40,0, , ,nieaktywna
,700.73,1120,79.5,0.0,11111111,701.04,0,0,0,nieaktywna,701.35,0, , ,nieaktywna
,701.71,992,79.5,0.0,11111111,702.00,0,0,0,nieaktywna,702.30,0, , ,aktywna
,702.61,896,81.0,-0.4,11111111,702.93,0,0,0,aktywna,703.23,0, , ,aktywna
,703.52,896,81.0,2.0,11111111,703.82,0,0,0,aktywna,704.14,0, , ,aktywna
,704.44,896,79.5,4.3,11111111,704.77,0,0,0,aktywna,705.09,0, , ,aktywna
,705.39,896,79.5,5.5,11111111,705.72,0,0,0,aktywna,706.00,0, , ,aktywna
,706.41,1440,81.0,7.0,11101011,706.78,0,0,0,nieaktywna,707.16,0, , ,aktywna
,707.52,1824,81.0,0.0,11101011,707.87,0,0,0,nieaktywna,708.23,0, , ,nieaktywna
,708.58,1920,81.0,3.9,11101011,708.95,0,0,0,aktywna,709.30,0, , ,aktywna
,709.68,1984,81.0,-1.2,11101011,710.02,0,0,0,aktywna,710.38,0, , ,aktywna
,710.74,1984,81.0,-6.6,11101001,711.09,0,0,0,aktywna,711.43,0, , ,aktywna
,711.80,1952,81.0,-7.0,11101011,712.17,0,0,0,aktywna,712.55,0, , ,aktywna
,712.93,1984,81.0,-7.8,11101001,713.29,0,0,0,aktywna,713.65,0, , ,aktywna
,714.01,1952,81.0,-7.8,11101011,714.36,0,0,0,aktywna,714.73,0, , ,aktywna
,715.08,1952,81.0,-6.6,11101011,715.45,0,0,0,aktywna,715.85,0, , ,aktywna
,716.23,1856,81.0,-3.9,11101011,716.59,0,0,0,aktywna,716.96,0, , ,aktywna
,717.31,1856,79.5,0.0,11101011,717.69,0,0,0,aktywna,718.05,0, , ,aktywna
,718.42,1824,79.5,2.3,11101011,718.80,0,0,0,nieaktywna,719.20,0, , ,nieaktywna
,719.58,1792,79.5,2.0,11101011,719.96,0,0,0,nieaktywna,720.31,0, , ,nieaktywna
,720.64,1696,79.5,-0.4,11101011,720.99,0,0,0,nieaktywna,721.35,0, , ,nieaktywna
,721.69,1664,79.5,-1.2,11101011,722.07,0,0,0,aktywna,722.41,0, , ,aktywna
,722.77,1664,79.5,2.0,11101011,723.15,0,0,0,aktywna,723.52,0, , ,aktywna
,723.87,1728,79.5,0.0,11101011,724.23,0,0,0,aktywna,724.59,0, , ,aktywna
,724.96,1856,79.5,3.1,11101011,725.34,0,0,0,aktywna,725.69,0, , ,aktywna
,726.03,2048,79.5,7.0,11101001,726.38,0,0,0,aktywna,726.71,0, , ,aktywna
,727.04,2144,79.5,7.8,11101001,727.38,0,0,0,aktywna,727.71,0, , ,aktywna
,728.04,2272,79.5,7.4,11101001,728.38,0,0,0,aktywna,728.72,0, , ,aktywna
,729.08,2368,79.5,3.1,11101001,729.46,0,0,0,aktywna,729.80,0, , ,aktywna
,730.12,2400,79.5,-2.3,11101001,730.44,0,0,0,aktywna,730.79,0, , ,aktywna
,731.13,2368,79.5,-9.8,11101001,731.47,0,0,0,aktywna,731.83,0, , ,aktywna
,732.18,2336,81.0,-10.9,11101001,732.50,0,0,0,aktywna,732.83,0, , ,aktywna
,733.16,2400,81.0,-6.6,11101001,733.52,0,0,0,aktywna,733.87,0, , ,aktywna
,734.22,2464,79.5,-3.1,11101001,734.58,0,0,0,aktywna,734.90,0, , ,aktywna
,735.22,2624,79.5,1.6,11101001,735.55,0,0,0,aktywna,735.90,0, , ,aktywna
,736.21,2848,81.0,-0.4,11101001,736.53,0,0,0,nieaktywna,736.89,0, , ,nieaktywna
,737.27,1600,79.5,0.0,11111111,737.61,0,0,0,nieaktywna,737.94,0, , ,nieaktywna
,738.32,1792,81.0,0.0,11101011,738.68,0,0,0,aktywna,739.03,0, , ,aktywna
,739.41,1760,81.0,-0.8,11101011,739.78,0,0,0,aktywna,740.12,0, , ,aktywna
,740.47,1760,81.0,0.0,11101011,740.84,0,0,0,aktywna,741.20,0, , ,aktywna
,741.57,1760,81.0,1.2,11101011,741.94,0,0,0,aktywna,742.27,0, , ,aktywna
,742.61,1792,81.0,2.3,11101011,742.99,0,0,0,aktywna,743.32,0, , ,aktywna
,743.68,1824,81.0,0.4,11101011,744.04,0,0,0,aktywna,744.40,0, , ,aktywna
,744.78,1824,81.0,-1.6,11101011,745.13,0,0,0,aktywna,745.47,0, , ,aktywna
,745.85,1824,81.0,-3.1,11101011,746.22,0,0,0,aktywna,746.61,0, , ,aktywna
,746.99,1888,81.0,1.6,11101011,747.35,0,0,0,aktywna,747.72,0, , ,aktywna
,748.08,1888,81.0,0.0,11101011,748.45,0,0,0,aktywna,748.79,0, , ,nieaktywna
,749.16,1792,81.0,-3.9,11111111,749.54,0,0,0,aktywna,749.87,0, , ,nieaktywna
,750.20,1696,81.0,0.0,11111111,750.53,0,0,0,nieaktywna,750.83,0, , ,nieaktywna
,751.13,1376,81.0,0.0,11111111,751.48,0,0,0,nieaktywna,751.80,0, , ,aktywna
,752.11,1088,81.0,0.0,11111111,752.44,0,0,0,nieaktywna,752.73,0, , ,nieaktywna
,753.05,1024,81.0,0.0,11111111,753.40,0,0,0,aktywna,753.74,0, , ,aktywna
,754.09,1568,81.0,0.0,11101011,754.45,0,0,0,aktywna,754.79,0, , ,aktywna
,755.12,1664,81.0,2.0,11101011,755.44,0,0,0,aktywna,755.82,0, , ,aktywna
,756.20,1728,81.0,4.7,11101011,756.57,0,0,0,aktywna,756.91,0, , ,aktywna
,757.27,1824,81.0,3.1,11101011,757.63,0,0,0,aktywna,758.00,0, , ,aktywna
,758.37,1920,81.0,3.5,11101011,758.72,0,0,0,aktywna,759.08,0, , ,aktywna
,759.43,2016,81.0,0.8,11101001,759.78,0,0,0,aktywna,760.13,0, , ,aktywna
,760.48,2080,81.0,2.3,11101001,760.81,0,0,0,aktywna,761.15,0, , ,aktywna
,761.51,2016,81.0,-3.1,11101001,761.87,0,0,0,aktywna,762.21,0, , ,aktywna
,762.54,2048,81.0,0.0,11101001,762.86,0,0,0,aktywna,763.20,0, , ,aktywna
,763.55,2272,81.0,0.0,11101001,763.91,0,0,0,aktywna,764.29,0, , ,aktywna
,764.62,2528,81.0,-7.0,11101001,764.96,0,0,0,aktywna,765.27,0, , ,aktywna
,765.59,2784,81.0,-7.0,11101001,765.92,0,0,0,nieaktywna,766.27,0, , ,nieaktywna
,766.63,1760,81.0,0.0,11111111,766.95,0,0,0,aktywna,767.30,0, , ,aktywna
,767.65,1696,81.0,0.0,11101011,768.00,0,0,0,aktywna,768.34,0, , ,aktywna
,768.69,1696,81.0,0.0,11101011,769.05,0,0,0,aktywna,769.42,0, , ,aktywna
,769.74,1792,81.0,-3.1,11101011,770.09,0,0,0,aktywna,770.46,0, , ,aktywna
,770.83,1856,81.0,-9.8,11101011,771.20,0,0,0,aktywna,771.56,0, , ,aktywna
,771.90,1984,81.0,-12.5,11101001,772.24,0,0,0,aktywna,772.58,0, , ,aktywna
,772.93,2080,81.0,0.0,11101001,773.26,0,0,0,aktywna,773.59,0, , ,aktywna
,773.92,2112,81.0,0.0,11101001,774.29,0,0,0,nieaktywna,774.63,0, , ,nieaktywna
,774.97,2080,81.0,0.8,11101001,775.33,0,0,0,nieaktywna,775.67,0, , ,nieaktywna
,776.02,2080,81.0,1.6,11101001,776.36,0,0,0,nieaktywna,776.74,0, , ,nieaktywna
,777.08,2080,81.0,2.0,11101001,777.43,0,0,0,aktywna,777.77,0, , ,aktywna
,778.12,2048,81.0,-3.1,11101001,778.47,0,0,0,aktywna,778.84,0, , ,nieaktywna
,779.19,1984,82.5,-8.6,11101011,779.56,0,0,0,aktywna,779.90,0, , ,aktywna
,780.26,1856,82.5,-10.2,11101011,780.61,0,0,0,aktywna,780.97,0, , ,nieaktywna
,781.28,1440,82.5,0.0,11111111,781.63,0,0,0,nieaktywna,781.94,0, , ,aktywna
,782.24,1088,82.5,0.0,11111111,782.55,0,0,0,aktywna,782.89,0, , ,aktywna
,783.20,960,82.5,0.0,11111111,783.51,0,0,0,aktywna,783.82,0, , ,aktywna
,784.15,896,82.5,-1.2,11111111,784.44,0,0,0,aktywna,784.76,0, , ,aktywna
,785.06,896,82.5,-0.8,11111111,785.39,0,0,0,aktywna,785.70,0, , ,aktywna
,786.00,896,82.5,0.4,11111111,786.31,0,0,0,aktywna,786.66,0, , ,aktywna
,787.01,1312,82.5,3.5,11101011,787.34,0,0,0,aktywna,787.67,0, , ,aktywna
,788.04,1344,82.5,0.4,11101011,788.36,0,0,0,aktywna,788.67,0, , ,aktywna
,789.10,1472,82.5,0.8,11101011,789.45,0,0,0,aktywna,789.78,0, , ,aktywna
,790.16,1696,82.5,0.0,11101011,790.52,0,0,0,aktywna,790.89,0, , ,aktywna
,791.27,1920,82.5,-3.9,11101011,791.61,0,0,0,aktywna,791.94,0, , ,aktywna
,792.27,2176,82.5,-5.5,11101001,792.61,0,0,0,aktywna,792.94,0, , ,aktywna
,793.29,2432,82.5,-3.1,11101001,793.65,0,0,0,aktywna,793.99,0, , ,aktywna
,794.33,2656,82.5,0.0,11101001,794.67,0,0,0,nieaktywna,794.99,0, , ,nieaktywna
,795.34,1504,82.5,0.0,11111111,795.66,0,0,0,nieaktywna,795.97,0, , ,nieaktywna
,796.30,1056,82.5,0.0,11111111,796.63,0,0,0,aktywna,796.96,0, , ,nieaktywna
,797.26,992,82.5,0.0,11111111,797.52,0,0,0,nieaktywna,797.83,0, , ,aktywna
,798.14,928,82.5,-1.6,11111111,798.49,0,0,0,aktywna,798.79,0, , ,aktywna
,799.11,928,82.5,-1.6,11111111,799.43,0,0,0,aktywna,799.71,0, , ,aktywna
,800.00,896,82.5,0.0,11111111,800.32,0,0,0,aktywna,800.60,0, , ,aktywna
,800.90,896,82.5,1.6,11111111,801.21,0,0,0,aktywna,801.52,0, , ,aktywna
,801.82,896,82.5,2.7,11111111,802.12,0,0,0,aktywna,802.43,0, , ,aktywna
,802.73,896,82.5,3.5,11111111,803.04,0,0,0,aktywna,803.36,0, , ,aktywna
,803.69,896,82.5,3.9,11111111,804.01,0,0,0,aktywna,804.31,0, , ,aktywna
,804.61,896,82.5,3.9,11111111,804.91,0,0,0,aktywna,805.21,0, , ,aktywna
,805.51,864,82.5,3.9,11111111,805.83,0,0,0,aktywna,806.13,0, , ,aktywna
,806.45,864,82.5,3.5,11111111,806.75,0,0,0,aktywna,807.09,0, , ,aktywna
,807.40,864,82.5,2.7,11111111,807.71,0,0,0,aktywna,808.02,0, , ,aktywna
,808.33,896,82.5,2.0,11111111,808.65,0,0,0,aktywna,808.94,0, , ,aktywna
,809.24,864,82.5,1.2,11111111,809.54,0,0,0,aktywna,809.83,0, , ,aktywna
,810.12,864,82.5,1.2,11111111,810.42,0,0,0,aktywna,810.73,0, , ,aktywna
,811.03,832,82.5,1.2,11111111,811.31,0,0,0,aktywna,811.63,0, , ,aktywna
,811.93,800,82.5,1.2,11111111,812.22,0,0,0,aktywna,812.54,0, , ,aktywna
,812.83,768,82.5,-0.4,11111111,813.13,0,0,0,aktywna,813.43,0, , ,aktywna
,813.74,768,82.5,0.4,11111111,814.05,0,0,0,aktywna,814.35,0, , ,aktywna
,814.65,768,82.5,2.3,11111111,814.94,0,0,0,aktywna,815.23,0, , ,aktywna
,815.51,768,82.5,2.0,11111111,815.80,0,0,0,aktywna,816.10,0, , ,nieaktywna
,816.39,800,82.5,1.6,11111111,816.69,0,0,0,nieaktywna,816.99,0, , ,nieaktywna
,817.29,800,82.5,1.6,11111111,817.59,0,0,0,nieaktywna,817.90,0, , ,nieaktywna
,818.19,800,82.5,0.0,11111111,818.51,0,0,0,nieaktywna,818.81,0, , ,nieaktywna
,819.12,768,82.5,-0.8,11111111,819.42,0,0,0,aktywna,819.74,0, , ,aktywna
,820.03,768,82.5,-0.8,11111111,820.35,0,0,0,aktywna,820.65,0, , ,aktywna
,820.93,768,82.5,0.4,11111111,821.22,0,0,0,aktywna,821.53,0, , ,aktywna
,821.85,800,82.5,1.2,11111111,822.15,0,0,0,aktywna,822.45,0, , ,aktywna
,822.75,800,82.5,0.8,11111111,823.04,0,0,0,aktywna,823.35,0, , ,aktywna
,823.64,800,82.5,0.8,11111111,823.97,0,0,0,aktywna,824.28,0, , ,aktywna
,824.60,1024,82.5,2.0,11101011,824.91,0,0,0,aktywna,825.22,0, , ,aktywna
,825.52,704,82.5,1.6,11101011,825.82,0,0,0,nieaktywna,826.13,0, , ,aktywna
,826.43,896,82.5,0.0,11101011,826.76,0,0,0,aktywna,827.07,0, , ,aktywna
,827.42,1184,82.5,-2.0,11101011,827.77,0,0,0,aktywna,828.09,0, , ,aktywna
,828.46,1344,84.0,-4.7,11101011,828.80,0,0,0,aktywna,829.18,0, , ,aktywna
,829.45,1472,84.0,-7.0,11111111,829.79,0,0,0,aktywna,830.11,0, , ,aktywna
,830.42,1312,84.0,-6.6,11111111,830.76,0,0,0,aktywna,831.06,0, , ,aktywna
,831.36,896,84.0,-6.6,11111111,831.67,0,0,0,aktywna,832.00,0, , ,aktywna
,832.33,896,84.0,-5.1,11111111,832.66,0,0,0,aktywna,832.96,0, , ,aktywna
,833.25,800,84.0,-3.1,11111111,833.58,0,0,0,aktywna,833.87,0, , ,aktywna
,834.17,800,84.0,-2.3,11111111,834.47,0,0,0,aktywna,834.78,0, , ,aktywna
,835.08,800,84.0,-2.0,11111111,835.37,0,0,0,aktywna,835.67,0, , ,aktywna
,848.48,0,84.0,0.0,11110111,847.94,0,0,0,nieaktywna,848.21,0, , ,nieaktywna
,849.28,0,84.0,0.0,11110111,848.74,0,0,0,nieaktywna,849.01,0, , ,nieaktywna
,850.10,0,84.0,0.0,11110111,849.56,0,0,0,nieaktywna,849.83,0, , ,nieaktywna
,850.90,0,84.0,0.0,11110111,850.37,0,0,0,nieaktywna,850.63,0, , ,nieaktywna
,851.69,0,84.0,0.0,11110111,851.16,0,0,0,nieaktywna,851.43,0, , ,nieaktywna
,852.49,0,84.0,0.0,11110111,851.96,0,0,0,nieaktywna,852.23,0, , ,nieaktywna
,853.31,0,84.0,0.0,11110111,852.76,0,0,0,nieaktywna,853.03,0, , ,nieaktywna
,854.12,0,84.0,0.0,11110111,853.59,0,0,0,nieaktywna,853.85,0, , ,nieaktywna
,854.92,0,84.0,0.0,11110111,854.38,0,0,0,nieaktywna,854.65,0, , ,nieaktywna
,855.73,0,84.0,0.0,11110111,855.20,0,0,0,nieaktywna,855.46,0, , ,nieaktywna
,856.53,0,84.0,0.0,11110111,855.99,0,0,0,nieaktywna,856.26,0, , ,nieaktywna
,857.33,0,84.0,0.0,11110111,856.80,0,0,0,nieaktywna,857.07,0, , ,nieaktywna
,858.13,0,84.0,0.0,11110111,857.60,0,0,0,nieaktywna,857.87,0, , ,nieaktywna
,858.95,0,84.0,0.0,11110111,858.40,0,0,0,nieaktywna,858.68,0, , ,nieaktywna
,859.77,0,84.0,0.0,11110111,859.23,0,0,0,nieaktywna,859.49,0, , ,nieaktywna
,860.59,0,85.5,0.0,11110111,860.03,0,0,0,nieaktywna,860.31,0, , ,nieaktywna
,861.42,0,85.5,0.0,11110111,860.85,0,0,0,nieaktywna,861.12,0, , ,nieaktywna
,862.22,0,85.5,0.0,11110111,861.68,0,0,0,nieaktywna,861.94,0, , ,nieaktywna
,863.04,0,85.5,0.0,11110111,862.50,0,0,0,nieaktywna,862.77,0, , ,nieaktywna
,863.85,0,85.5,0.0,11110111,863.31,0,0,0,nieaktywna,863.57,0, , ,nieaktywna
,864.63,0,85.5,0.0,11110111,864.10,0,0,0,nieaktywna,864.37,0, , ,nieaktywna
,865.43,0,85.5,0.0,11110111,864.90,0,0,0,nieaktywna,865.16,0, , ,nieaktywna
,866.24,0,85.5,0.0,11110111,865.70,0,0,0,nieaktywna,865.98,0, , ,nieaktywna
,867.04,0,85.5,0.0,11110111,866.51,0,0,0,nieaktywna,866.77,0, , ,nieaktywna
