Poniedzia³ek,14,Wrzesieñ,2026,16:44:51:00009-VCID:1C3761778CABCE7337-5178,Wersja VCDS: AKP 23.3.1,Wersja danych: 20230601 DS346.2
047 906 033 L,,1.4l SIMOS3PA   00HS5401,

,Grupa A:,'001,,,,Grupa B:,'002,,,,Grupa C:,'032
,,Obroty silnika,Temperatura,Lambda,Bity binarnie,,Obroty silnika,Obci¹¿enie,Czas wtrysku,Ciœnienie rzecz.,,Lambda,Lambda, , 
,CZAS,,,,,CZAS,,,,,CZAS,,,,
Znacznik,ZAPISU, /min,*C, %,,ZAPISU, /min, %, ms, mbar,ZAPISU, %, %,,
,0.75,0,88.5,0.0,10110111,0.22,0,0.0,0.00,989.4,0.48,99.2,0.0, , 
,1.55,0,88.5,0.0,10110111,1.02,0,0.0,0.00,989.4,1.28,99.2,0.0, , 
,2.38,0,88.5,0.0,10110111,1.82,0,0.0,0.00,989.4,2.10,99.2,0.0, , 
,3.17,0,88.5,0.0,10110111,2.64,0,0.0,0.00,989.4,2.91,99.2,0.0, , 
,3.99,0,88.5,0.0,10110111,3.44,0,0.0,0.00,989.4,3.71,99.2,0.0, , 
,4.80,0,88.5,0.0,10110111,4.27,0,0.0,0.00,989.4,4.53,99.2,0.0, , 
,5.59,0,88.5,0.0,10110111,5.06,0,0.0,0.00,989.4,5.33,99.2,0.0, , 
,6.39,0,88.5,0.0,10110111,5.86,0,0.0,0.00,989.4,6.12,99.2,0.0, , 
,7.20,0,88.5,0.0,10110111,6.66,0,0.0,0.00,989.4,6.93,99.2,0.0, , 
,8.00,0,88.5,0.0,10110111,7.47,0,0.0,0.00,989.4,7.74,99.2,0.0, , 
,8.80,0,88.5,0.0,10110111,8.27,0,0.0,0.00,989.4,8.53,99.2,0.0, , 
,9.63,0,88.5,0.0,10110111,9.07,0,0.0,0.00,989.4,9.35,99.2,0.0, , 
,10.43,0,88.5,0.0,10110111,9.89,0,0.0,0.00,989.4,10.16,99.2,0.0, , 
,11.23,0,88.5,0.0,10110111,10.70,0,0.0,0.00,989.4,10.97,99.2,0.0, , 
,12.07,0,88.5,0.0,10110111,11.51,0,0.0,0.00,989.4,11.79,99.2,0.0, , 
,12.89,0,88.5,0.0,10110111,12.35,0,0.0,0.00,989.4,12.63,99.2,0.0, , 
,13.69,0,88.5,0.0,10110111,13.16,0,0.0,0.00,989.4,13.42,99.2,0.0, , 
,14.48,0,88.5,0.0,10110111,13.95,0,0.0,0.00,989.4,14.22,99.2,0.0, , 
,15.29,0,88.5,0.0,10110111,14.75,0,0.0,0.00,989.4,15.02,99.2,0.0, , 
,16.09,0,88.5,0.0,10110111,15.56,0,0.0,0.00,989.4,15.83,99.2,0.0, , 
,16.89,224,88.5,0.0,10110111,16.36,192,85.5,22.66,989.4,16.62,99.2,0.0, , 
,17.70,224,88.5,0.0,10110111,17.16,224,81.2,20.60,948.6,17.43,99.2,0.0, , 
,18.59,928,88.5,0.0,10110111,17.98,224,82.7,17.51,948.6,18.25,99.2,0.0, , 
,19.52,928,88.5,0.0,10110111,18.91,928,38.4,6.18,499.8,19.22,0.0,0.0, , 
,20.44,896,88.5,0.0,10110111,19.82,928,32.5,5.15,438.6,20.14,0.0,0.0, , 
,21.34,896,88.5,0.0,10110111,20.74,896,34.1,5.15,459.0,21.03,0.0,0.0, , 
,22.23,832,87.0,0.0,10110111,21.63,832,34.1,5.15,459.0,21.93,0.0,0.0, , 
,23.16,800,87.0,0.0,10110111,22.54,800,34.1,5.15,479.4,22.85,0.0,0.0, , 
,24.07,832,87.0,0.0,10110111,23.46,800,34.1,5.15,479.4,23.77,0.0,0.0, , 
,24.98,800,87.0,0.0,10110111,24.38,800,34.1,5.15,459.0,24.67,0.0,0.0, , 
,25.88,800,87.0,0.0,10110111,25.30,800,34.1,5.15,459.0,25.59,0.0,0.0, , 
,26.75,800,85.5,0.0,10110111,26.17,800,34.1,5.15,459.0,26.45,0.0,0.0, , 
,27.62,800,85.5,0.0,10110111,27.04,800,32.5,4.12,459.0,27.33,0.0,0.0, , 
,28.54,800,84.0,0.0,10110111,27.92,800,31.0,4.12,459.0,28.21,0.0,0.0, , 
,29.47,800,84.0,0.0,10110111,28.86,800,32.5,4.12,459.0,29.15,0.0,0.0, , 
,30.36,800,82.5,0.0,10110111,29.76,800,32.5,4.12,459.0,30.06,0.0,0.0, , 
,31.25,800,82.5,0.0,10110111,30.65,800,31.0,4.12,438.6,30.95,0.0,0.0, , 
,32.14,800,81.0,0.0,10110111,31.55,800,31.0,4.12,438.6,31.85,0.0,0.0, , 
,33.05,800,81.0,0.0,10110111,32.45,800,29.4,4.12,418.2,32.75,0.0,0.0, , 
,33.97,800,81.0,0.0,10110111,33.35,800,29.4,4.12,418.2,33.67,0.0,0.0, , 
,34.87,800,79.5,0.0,10110111,34.26,800,29.4,4.12,438.6,34.57,0.0,0.0, , 
,35.77,768,79.5,0.0,10110111,35.16,800,29.4,4.12,438.6,35.46,0.0,0.0, , 
,36.65,800,79.5,0.0,10110111,36.06,800,29.4,4.12,438.6,36.36,0.0,0.0, , 
,37.56,768,79.5,0.0,10110111,36.96,800,29.4,4.12,418.2,37.26,0.0,0.0, , 
,38.45,768,79.5,0.0,10110111,37.86,800,29.4,4.12,438.6,38.16,0.0,0.0, , 
,39.36,800,79.5,0.0,10110110,38.77,800,29.4,4.12,438.6,39.06,0.0,0.0, , 
,40.25,800,79.5,0.0,10110111,39.65,768,29.4,4.12,418.2,39.96,0.0,0.0, , 
,41.13,768,79.5,0.0,10110111,40.55,800,29.4,4.12,418.2,40.84,0.0,0.0, , 
,42.00,768,79.5,0.0,10110111,41.42,768,31.0,4.12,438.6,41.71,0.0,0.0, , 
,42.87,768,79.5,0.0,10110111,42.29,768,29.4,4.12,438.6,42.58,0.0,0.0, , 
,43.80,768,79.5,0.0,10110111,43.18,800,29.4,4.12,438.6,43.49,0.0,0.0, , 
,44.70,768,79.5,0.0,10110111,44.10,768,29.4,4.12,418.2,44.41,0.0,0.0, , 
,45.59,800,79.5,0.0,10110111,44.99,800,29.4,4.12,438.6,45.28,0.0,0.0, , 
,46.48,768,81.0,0.0,10110111,45.91,768,31.0,4.12,438.6,46.19,0.0,0.0, , 
,47.37,800,81.0,0.0,10110111,46.78,768,29.4,4.12,438.6,47.08,0.0,0.0, , 
,48.26,800,81.0,0.0,10110111,47.66,800,29.4,4.12,438.6,47.97,0.0,0.0, , 
,49.16,768,81.0,0.0,10110111,48.56,800,31.0,4.12,438.6,48.86,0.0,0.0, , 
,50.07,768,81.0,0.0,10110111,49.46,800,31.0,4.12,438.6,49.78,0.0,0.0, , 
,50.98,768,81.0,0.0,10110111,50.39,800,31.0,4.12,438.6,50.69,0.0,0.0, , 
,51.89,800,81.0,0.0,10110111,51.28,800,29.4,4.12,438.6,51.59,0.0,0.0, , 
,52.80,768,81.0,0.0,10110111,52.21,800,29.4,4.12,418.2,52.51,0.0,0.0, , 
,53.68,768,81.0,0.0,10110111,53.11,768,31.0,4.12,438.6,53.39,0.0,0.0, , 
,54.56,768,81.0,0.0,10110111,53.99,768,32.5,4.12,459.0,54.27,0.0,0.0, , 
,55.46,768,81.0,0.0,10110111,54.86,800,34.1,4.12,459.0,55.17,0.0,0.0, , 
,56.37,864,81.0,0.0,10100011,55.77,800,34.1,4.12,479.4,56.06,0.0,0.0, , 
,57.28,992,81.0,0.0,10100011,56.67,864,35.3,5.15,479.4,56.96,0.0,0.0, , 
,58.26,1024,81.0,0.0,10100011,57.59,1024,28.2,4.12,397.8,57.92,0.0,0.0, , 
,59.19,896,82.5,0.0,10100011,58.57,960,26.7,3.09,377.4,58.89,0.0,0.0, , 
,60.08,928,82.5,0.0,10110111,59.50,896,29.4,4.12,418.2,59.79,0.0,0.0, , 
,61.02,896,82.5,0.0,10100011,60.35,992,26.7,3.09,377.4,60.70,0.0,0.0, , 
,61.94,1248,82.5,0.0,10100011,61.31,960,36.9,5.15,479.4,61.63,0.0,0.0, , 
,62.91,1120,82.5,0.0,10100011,62.24,1280,35.3,5.15,459.0,62.57,0.0,0.0, , 
,63.88,1088,82.5,3.9,10111111,63.23,1088,38.4,5.15,499.8,63.56,0.0,0.0, , 
,64.92,1344,82.5,-0.8,10111111,64.23,1376,25.1,3.09,357.0,64.57,0.0,0.0, , 
,65.86,800,82.5,-0.8,10101011,65.23,1184,22.0,3.09,316.2,65.55,0.0,0.0, , 
,66.77,896,82.5,0.0,10101011,66.16,672,34.1,4.12,459.0,66.45,0.0,0.0, , 
,67.70,768,82.5,-0.4,10101011,67.07,928,32.5,4.12,459.0,67.39,0.0,0.0, , 
,68.57,768,82.5,3.1,10101011,67.98,736,38.4,5.15,520.2,68.26,0.0,0.0, , 
,69.49,928,82.5,-1.6,10101011,68.89,864,41.2,5.15,550.8,69.21,0.0,0.0, , 
,70.39,1088,82.5,-0.4,10101011,69.77,992,34.1,4.12,459.0,70.07,0.0,0.0, , 
,71.34,1216,82.5,0.0,10101011,70.70,1152,25.1,3.09,357.0,71.02,0.0,0.0, , 
,72.28,1280,82.5,0.4,10111111,71.68,1248,23.5,3.09,336.6,71.99,0.0,0.0, , 
,73.28,1312,82.5,1.2,10111111,72.61,1312,23.5,3.09,336.6,72.95,0.0,0.0, , 
,74.25,1248,82.5,2.7,10111111,73.60,1280,25.1,3.09,357.0,73.92,0.0,0.0, , 
,75.19,1120,82.5,5.5,10101011,74.56,1216,23.5,3.09,357.0,74.87,0.0,0.0, , 
,76.14,1216,82.5,8.6,10101011,75.51,1120,25.1,3.09,357.0,75.82,0.0,0.0, , 
,77.14,1312,82.5,7.4,10101011,76.46,1184,26.7,4.12,377.4,76.82,0.0,0.0, , 
,78.13,1376,82.5,3.9,10111111,77.47,1312,25.1,3.09,357.0,77.79,0.0,0.0, , 
,79.14,1216,82.5,3.9,10111111,78.47,1344,23.5,3.09,336.6,78.79,0.0,0.0, , 
,80.09,864,82.5,4.7,10111111,79.45,1088,25.1,3.09,357.0,79.78,0.0,0.0, , 
,81.05,960,82.5,6.6,10101011,80.39,896,29.4,4.12,418.2,80.70,0.0,0.0, , 
,81.99,960,82.5,9.8,10101011,81.38,992,31.0,4.12,418.2,81.70,0.0,0.0, , 
,82.97,1088,82.5,9.0,10101011,82.33,1088,32.5,5.15,438.6,82.64,0.0,0.0, , 
,83.98,1376,82.5,10.9,10101011,83.27,1216,32.5,5.15,418.2,83.60,0.0,0.0, , 
,85.03,1760,84.0,0.0,10101011,84.31,1536,34.1,5.15,438.6,84.68,0.0,0.0, , 
,86.04,2464,84.0,-1.2,10101001,85.38,1952,45.9,6.18,550.8,85.70,0.0,0.0, , 
,87.08,1152,84.0,0.0,10101011,86.40,2240,0.0,0.00,316.2,86.77,0.0,0.0, , 
,88.19,1568,82.5,0.0,10101011,87.47,1440,28.2,4.12,397.8,87.84,0.0,0.0, , 
,89.34,1856,84.0,11.3,10101011,88.59,1696,41.2,6.18,499.8,88.97,0.0,0.0, , 
,90.39,2144,84.0,13.3,10101001,89.70,1952,47.1,7.21,571.2,90.05,0.0,0.0, , 
,91.41,2464,84.0,13.7,10101001,90.72,2240,51.8,7.21,612.0,91.04,0.0,0.0, , 
,92.41,2720,84.0,12.9,10101001,91.74,2528,50.2,7.21,591.6,92.08,0.0,0.0, , 
,93.46,1408,84.0,0.0,10101011,92.76,2336,0.0,0.00,295.8,93.08,0.0,0.0, , 
,94.52,1888,84.0,0.0,10101011,93.82,1888,23.5,3.09,316.2,94.17,0.0,0.0, , 
,95.58,2080,84.0,0.0,10101001,94.87,1952,53.3,7.21,612.0,95.24,0.0,0.0, , 
,96.60,2240,84.0,10.9,10101001,95.92,2144,72.2,10.30,826.2,96.26,0.0,0.0, , 
,97.64,2432,84.0,11.7,10101001,96.93,2304,76.9,12.36,867.0,97.29,0.0,0.0, , 
,98.66,2592,84.0,9.4,10101001,97.98,2496,81.2,13.39,907.8,98.33,0.0,0.0, , 
,99.66,2784,84.0,9.8,10101001,98.99,2656,81.2,12.36,887.4,99.32,0.0,0.0, , 
,100.72,2656,84.0,0.0,11111101,100.01,2848,79.6,12.36,867.0,100.39,0.0,0.0, , 
,101.77,2208,85.5,0.0,10101001,101.06,2144,0.0,0.00,316.2,101.42,0.0,0.0, , 
,102.77,2144,85.5,0.0,11101001,102.10,2176,48.6,6.18,571.2,102.42,0.0,0.0, , 
,103.80,2240,85.5,9.4,11101001,103.12,2176,73.7,9.27,826.2,103.46,0.0,0.0, , 
,104.81,2304,85.5,14.8,11101001,104.13,2240,75.3,11.33,846.6,104.47,0.0,0.0, , 
,105.86,2368,85.5,19.1,11101001,105.14,2336,76.9,12.36,846.6,105.50,0.0,0.0, , 
,106.97,2464,85.5,18.0,11101001,106.24,2400,76.9,12.36,846.6,106.61,0.0,0.0, , 
,107.98,2560,85.5,17.2,11101001,107.31,2496,78.4,13.39,867.0,107.65,0.0,0.0, , 
,108.98,2624,85.5,18.0,11101001,108.32,2560,76.9,12.36,867.0,108.65,0.0,0.0, , 
,109.97,2688,85.5,18.4,11101001,109.31,2656,76.9,12.36,846.6,109.65,0.0,0.0, , 
,110.96,2784,85.5,7.0,11101001,110.29,2720,76.9,12.36,846.6,110.63,0.0,0.0, , 
,112.01,2848,85.5,5.1,11101001,111.30,2816,81.2,13.39,887.4,111.67,0.0,0.0, , 
,113.12,2944,85.5,5.1,11101001,112.34,2880,79.6,12.36,887.4,112.67,0.0,0.0, , 
,114.35,2752,85.5,0.0,11111101,113.59,2976,79.6,12.36,887.4,114.02,0.0,0.0, , 
,115.45,1472,85.5,0.0,11101011,114.70,2272,0.0,0.00,295.8,115.06,0.0,0.0, , 
,116.47,2304,85.5,0.0,11101001,115.79,2144,17.6,2.06,275.4,116.12,0.0,0.0, , 
,117.46,2240,87.0,1.6,11101001,116.78,2240,42.7,5.15,499.8,117.12,0.0,0.0, , 
,118.46,2240,87.0,4.7,11101001,117.80,2240,59.2,8.24,673.2,118.13,0.0,0.0, , 
,119.50,2272,87.0,12.1,11101001,118.81,2272,62.0,9.27,714.0,119.15,0.0,0.0, , 
,120.51,2304,87.0,16.4,11101001,119.84,2304,65.1,10.30,734.4,120.19,0.0,0.0, , 
,121.52,2304,87.0,16.4,11101001,120.85,2304,50.2,8.24,591.6,121.18,0.0,0.0, , 
,122.54,2336,87.0,15.6,11101001,121.85,2304,50.2,7.21,591.6,122.19,0.0,0.0, , 
,123.53,2336,87.0,16.0,11101001,122.86,2336,54.5,8.24,632.4,123.18,0.0,0.0, , 
,124.59,2336,87.0,10.9,11101001,123.89,2336,53.3,8.24,612.0,124.24,0.0,0.0, , 
,125.61,2336,87.0,9.4,11101001,124.94,2336,45.9,7.21,550.8,125.27,0.0,0.0, , 
,126.64,2336,87.0,8.2,11101001,125.94,2336,47.1,7.21,550.8,126.28,0.0,0.0, , 
,127.69,2336,87.0,7.4,11101001,126.97,2336,47.1,7.21,550.8,127.34,0.0,0.0, , 
,128.69,2336,87.0,6.6,11101001,128.02,2336,47.1,7.21,550.8,128.34,0.0,0.0, , 
,129.73,2336,87.0,7.0,11101001,129.02,2336,47.1,7.21,550.8,129.39,0.0,0.0, , 
,130.75,2336,87.0,6.6,11101001,130.07,2336,48.6,7.21,571.2,130.41,0.0,0.0, , 
,131.74,2368,87.0,5.1,11101001,131.09,2336,56.1,8.24,632.4,131.42,0.0,0.0, , 
,132.74,2368,87.0,5.5,11101001,132.07,2336,59.2,8.24,673.2,132.40,0.0,0.0, , 
,133.79,2368,87.0,8.2,11101001,133.09,2368,53.3,8.24,612.0,133.43,0.0,0.0, , 
,134.86,2368,87.0,9.4,11101001,134.13,2368,53.3,8.24,612.0,134.50,0.0,0.0, , 
,135.87,2368,87.0,10.2,11101001,135.20,2368,47.1,7.21,571.2,135.52,0.0,0.0, , 
,136.98,2368,87.0,9.8,11101001,136.24,2368,45.9,7.21,550.8,136.62,0.0,0.0, , 
,138.00,2368,87.0,10.2,11101001,137.32,2368,44.3,6.18,520.2,137.66,0.0,0.0, , 
,139.02,2368,87.0,10.5,11101001,138.34,2368,42.7,6.18,499.8,138.68,0.0,0.0, , 
,140.06,2368,87.0,10.2,11101001,139.35,2368,42.7,6.18,499.8,139.70,0.0,0.0, , 
,141.11,2336,87.0,9.8,11101001,140.40,2336,42.7,6.18,520.2,140.74,0.0,0.0, , 
,142.10,2336,87.0,10.5,11101001,141.44,2336,44.3,6.18,520.2,141.77,0.0,0.0, , 
,143.13,2336,87.0,10.9,11101001,142.45,2336,44.3,6.18,520.2,142.79,0.0,0.0, , 
,144.19,2336,87.0,10.2,11101001,143.47,2336,44.3,6.18,520.2,143.81,0.0,0.0, , 
,145.17,2336,87.0,6.6,11101001,144.52,2336,42.7,6.18,520.2,144.84,0.0,0.0, , 
,146.15,2336,87.0,6.6,11101001,145.49,2336,42.7,6.18,499.8,145.82,0.0,0.0, , 
,147.21,2336,87.0,6.6,11101001,146.51,2336,44.3,6.18,520.2,146.85,0.0,0.0, , 
,148.24,2336,87.0,7.0,11101001,147.56,2336,44.3,6.18,520.2,147.90,0.0,0.0, , 
,149.32,2336,87.0,7.0,11101001,148.59,2336,44.3,6.18,520.2,148.96,0.0,0.0, , 
,150.40,2336,87.0,7.0,11101001,149.70,2336,44.3,7.21,520.2,150.04,0.0,0.0, , 
,151.43,2336,87.0,7.4,11101001,150.74,2336,54.5,8.24,632.4,151.09,0.0,0.0, , 
,152.46,2368,87.0,10.2,11101001,151.77,2336,62.0,10.30,714.0,152.12,0.0,0.0, , 
,153.46,2368,87.0,10.5,11101001,152.80,2368,60.4,10.30,693.6,153.12,0.0,0.0, , 
,154.51,2368,87.0,10.9,11101001,153.82,2368,50.2,8.24,591.6,154.19,0.0,0.0, , 
,155.53,2368,87.0,9.0,11101001,154.84,2368,50.2,8.24,591.6,155.19,0.0,0.0, , 
,156.59,2368,87.0,8.2,11101001,155.90,2368,40.0,6.18,479.4,156.24,0.0,0.0, , 
,157.63,2368,87.0,7.4,11101001,156.94,2368,40.0,6.18,479.4,157.30,0.0,0.0, , 
,158.68,2336,87.0,7.8,11101001,158.00,2336,40.0,6.18,479.4,158.32,0.0,0.0, , 
,159.75,2336,85.5,8.6,11101001,159.04,2336,41.2,6.18,479.4,159.39,0.0,0.0, , 
,160.78,2336,87.0,5.1,11101001,160.09,2336,45.9,7.21,520.2,160.44,0.0,0.0, , 
,161.81,2368,87.0,7.4,11101001,161.12,2336,53.3,8.24,632.4,161.47,0.0,0.0, , 
,162.83,2368,85.5,9.8,11101001,162.17,2368,60.4,9.27,673.2,162.50,0.0,0.0, , 
,163.82,2400,87.0,11.3,11101001,163.17,2368,60.4,9.27,673.2,163.50,0.0,0.0, , 
,164.88,2400,87.0,12.5,11101001,164.20,2400,60.4,10.30,693.6,164.55,0.0,0.0, , 
,165.91,2432,87.0,14.1,11101001,165.21,2400,60.4,10.30,673.2,165.56,0.0,0.0, , 
,166.93,2432,85.5,14.8,11101001,166.25,2432,60.4,10.30,693.6,166.58,0.0,0.0, , 
,168.00,2464,87.0,16.0,11101001,167.29,2432,62.0,10.30,693.6,167.66,0.0,0.0, , 
,169.05,2496,85.5,16.0,11101001,168.34,2464,62.0,10.30,693.6,168.69,0.0,0.0, , 
,170.04,2496,87.0,0.0,11101001,169.39,2496,60.4,10.30,693.6,169.72,0.0,0.0, , 
,171.07,2464,85.5,0.4,11101001,170.36,2496,35.3,5.15,438.6,170.71,0.0,0.0, , 
,172.18,2464,85.5,0.4,11101001,171.46,2464,41.2,6.18,479.4,171.82,0.0,0.0, , 
,173.18,2496,85.5,0.0,11101001,172.52,2464,75.3,12.36,826.2,172.85,0.0,0.0, , 
,174.21,2560,87.0,-3.5,11101001,173.53,2496,88.6,14.42,969.0,173.89,0.0,0.0, , 
,175.22,2592,87.0,-5.1,11101001,174.56,2560,88.6,13.39,969.0,174.91,0.0,0.0, , 
,176.25,2624,85.5,-2.3,11101001,175.54,2592,87.1,13.39,948.6,175.88,0.0,0.0, , 
,177.27,2656,85.5,-0.8,11101001,176.58,2624,84.3,13.39,928.2,176.93,0.0,0.0, , 
,178.26,2688,87.0,0.0,11101001,177.60,2656,84.3,13.39,928.2,177.94,0.0,0.0, , 
,179.31,2720,87.0,4.7,11101001,178.62,2688,72.2,11.33,826.2,178.96,0.0,0.0, , 
,180.28,2720,87.0,10.2,11101001,179.64,2720,57.6,9.27,652.8,179.95,0.0,0.0, , 
,181.27,2720,87.0,13.7,11101001,180.60,2720,53.3,8.24,612.0,180.94,0.0,0.0, , 
,182.27,2720,85.5,15.6,11101001,181.60,2720,53.3,8.24,612.0,181.94,0.0,0.0, , 
,183.27,2720,87.0,16.8,11101001,182.60,2720,53.3,9.27,612.0,182.94,0.0,0.0, , 
,184.25,2688,85.5,12.9,11101001,183.60,2720,40.0,6.18,479.4,183.94,0.0,0.0, , 
,185.23,2688,87.0,10.5,11101001,184.56,2688,40.0,6.18,479.4,184.90,0.0,0.0, , 
,186.24,2656,87.0,9.4,11101001,185.56,2688,41.2,6.18,479.4,185.89,0.0,0.0, , 
,187.26,2656,87.0,8.2,11101001,186.58,2656,40.0,6.18,479.4,186.93,0.0,0.0, , 
,188.27,2656,87.0,7.8,11101001,187.60,2624,40.0,6.18,479.4,187.94,0.0,0.0, , 
,189.29,2624,87.0,8.2,11101001,188.60,2624,41.2,6.18,479.4,188.94,0.0,0.0, , 
,190.31,2624,87.0,7.8,11101001,189.62,2624,41.2,6.18,479.4,189.96,0.0,0.0, , 
,191.30,2592,87.0,8.2,11101001,190.66,2592,41.2,6.18,479.4,190.98,0.0,0.0, , 
,192.30,2592,87.0,8.2,11101001,191.62,2592,41.2,6.18,479.4,191.97,0.0,0.0, , 
,193.30,2592,87.0,7.8,11101001,192.64,2592,41.2,6.18,479.4,192.97,0.0,0.0, , 
,194.32,2496,87.0,0.0,11111101,193.62,2560,35.3,5.15,438.6,193.96,0.0,0.0, , 
,195.32,2496,87.0,0.0,11111101,194.66,2528,0.0,0.00,244.8,194.97,0.0,0.0, , 
,196.31,2432,87.0,0.0,11111101,195.65,2464,0.0,0.00,244.8,195.98,0.0,0.0, , 
,197.28,2400,87.0,0.0,11111101,196.64,2432,0.0,0.00,244.8,196.95,0.0,0.0, , 
,198.26,2304,87.0,0.0,11111101,197.60,2368,0.0,0.00,244.8,197.94,0.0,0.0, , 
,199.23,2240,87.0,0.0,11101001,198.58,2304,0.0,0.00,244.8,198.91,0.0,0.0, , 
,200.23,2176,87.0,0.0,11101001,199.57,2208,16.1,2.06,244.8,199.90,0.0,0.0, , 
,201.27,2112,87.0,-12.9,11101001,200.57,2144,16.1,2.06,244.8,200.93,0.0,0.0, , 
,202.30,2016,85.5,-16.0,11101001,201.60,2080,16.1,2.06,244.8,201.95,0.0,0.0, , 
,203.35,1952,87.0,-16.0,11101011,202.64,2016,17.6,2.06,275.4,203.00,0.0,0.0, , 
,204.44,1920,85.5,0.0,11101011,203.72,1952,26.7,3.09,357.0,204.08,0.0,0.0, , 
,205.53,1888,85.5,0.0,11101011,204.80,1888,54.5,8.24,652.8,205.16,0.0,0.0, , 
,206.63,1920,85.5,2.7,11101011,205.90,1920,50.2,7.21,612.0,206.27,0.0,0.0, , 
,207.73,1920,85.5,5.1,11101011,206.99,1920,45.9,6.18,550.8,207.35,0.0,0.0, , 
,208.82,1952,85.5,7.0,11101011,208.10,1952,44.3,6.18,550.8,208.47,0.0,0.0, , 
,209.89,1984,85.5,7.0,11101011,209.18,1952,42.7,6.18,520.2,209.55,0.0,0.0, , 
,210.96,2016,85.5,8.2,11101001,210.25,1984,42.7,6.18,520.2,210.61,0.0,0.0, , 
,212.04,2080,85.5,7.8,11101001,211.33,2016,42.7,6.18,520.2,211.69,0.0,0.0, , 
,213.10,2144,85.5,7.8,11101001,212.39,2080,45.9,6.18,550.8,212.75,0.0,0.0, , 
,214.12,2176,85.5,7.0,11101001,213.44,2144,44.3,7.21,550.8,213.78,0.0,0.0, , 
,215.18,2208,85.5,5.5,11101001,214.48,2176,44.3,6.18,520.2,214.84,0.0,0.0, , 
,216.24,2176,85.5,3.9,11101001,215.54,2176,31.0,4.12,397.8,215.89,0.0,0.0, , 
,217.27,2176,85.5,-1.2,11101001,216.56,2176,23.5,3.09,336.6,216.92,0.0,0.0, , 
,218.26,2144,85.5,-7.4,11101001,217.59,2176,22.0,3.09,295.8,217.92,0.0,0.0, , 
,219.31,2080,85.5,-13.3,11111101,218.62,2144,22.0,2.06,316.2,218.95,0.0,0.0, , 
,220.34,2080,85.5,0.0,11111101,219.66,2080,16.1,2.06,244.8,219.99,0.0,0.0, , 
,221.40,1856,85.5,0.0,11111111,220.68,2048,0.0,0.00,244.8,221.04,0.0,0.0, , 
,222.38,992,85.5,0.0,11111111,221.74,1312,0.0,0.00,336.6,222.07,0.0,0.0, , 
,223.30,928,85.5,0.0,11111111,222.67,960,31.0,4.12,438.6,222.99,0.0,0.0, , 
,224.22,960,85.5,0.4,11111111,223.59,896,29.4,4.12,418.2,223.89,0.0,0.0, , 
,225.20,2144,85.5,0.0,11101001,224.54,1664,36.9,5.15,459.0,224.88,0.0,0.0, , 
,226.22,2144,85.5,-10.2,11101001,225.53,2144,16.1,2.06,244.8,225.88,0.0,0.0, , 
,227.23,2144,85.5,0.0,11101001,226.56,2112,25.1,3.09,336.6,226.89,0.0,0.0, , 
,228.27,2176,85.5,0.0,11101001,227.57,2144,36.9,5.15,459.0,227.93,0.0,0.0, , 
,229.31,2144,85.5,0.0,11111101,228.60,2176,56.1,7.21,652.8,228.96,0.0,0.0, , 
,230.34,2112,85.5,0.0,11111101,229.65,2144,16.1,2.06,244.8,229.99,0.0,0.0, , 
,231.40,2016,85.5,0.0,11101001,230.70,2080,0.0,0.00,244.8,231.05,0.0,0.0, , 
,232.43,1984,85.5,0.0,11101001,231.75,2016,14.9,2.06,244.8,232.09,0.0,0.0, , 
,233.52,1952,85.5,-8.6,11101011,232.79,1984,14.9,2.06,244.8,233.15,0.0,0.0, , 
,234.60,1920,85.5,-9.0,11101011,233.87,1952,19.2,2.06,295.8,234.24,0.0,0.0, , 
,235.72,1920,85.5,0.0,11101011,234.98,1920,22.0,2.06,316.2,235.34,0.0,0.0, , 
,236.79,1920,85.5,0.0,11101011,236.08,1920,40.0,5.15,479.4,236.44,0.0,0.0, , 
,237.87,1952,84.0,3.5,11101011,237.16,1920,67.8,10.30,775.2,237.51,0.0,0.0, , 
,238.94,2016,84.0,0.0,11101001,238.23,1984,66.3,10.30,754.8,238.58,0.0,0.0, , 
,239.97,2080,84.0,7.4,11101001,239.28,2048,62.0,9.27,714.0,239.63,0.0,0.0, , 
,241.01,2144,84.0,10.9,11101001,240.31,2112,60.4,9.27,693.6,240.65,0.0,0.0, , 
,242.03,2176,84.0,14.1,11101001,241.34,2144,59.2,9.27,673.2,241.69,0.0,0.0, , 
,243.05,2240,84.0,15.2,11101001,242.37,2208,59.2,9.27,673.2,242.72,0.0,0.0, , 
,244.07,2272,85.5,16.4,11101001,243.38,2240,57.6,9.27,652.8,243.71,0.0,0.0, , 
,245.09,2272,84.0,0.0,11111101,244.42,2272,51.8,8.24,612.0,244.76,0.0,0.0, , 
,246.10,2240,84.0,0.0,11111101,245.43,2272,17.6,2.06,275.4,245.76,0.0,0.0, , 
,247.12,2176,84.0,0.0,11101001,246.45,2208,0.0,0.00,244.8,246.78,0.0,0.0, , 
,248.12,2144,84.0,0.0,11101001,247.45,2144,16.1,2.06,244.8,247.78,0.0,0.0, , 
,249.17,2112,84.0,-8.2,11101001,248.48,2144,17.6,2.06,275.4,248.82,0.0,0.0, , 
,250.22,2080,84.0,-8.6,11101001,249.51,2112,22.0,3.09,316.2,249.85,0.0,0.0, , 
,251.24,2048,84.0,-6.3,11101001,250.55,2080,25.1,3.09,336.6,250.89,0.0,0.0, , 
,252.29,2080,84.0,1.6,11101001,251.59,2080,47.1,7.21,550.8,251.94,0.0,0.0, , 
,253.35,2112,84.0,5.5,11101001,252.63,2080,48.6,7.21,571.2,253.00,0.0,0.0, , 
,254.39,2112,84.0,5.9,11101001,253.71,2112,31.0,4.12,418.2,254.04,0.0,0.0, , 
,255.43,2080,84.0,-3.5,11101001,254.73,2112,23.5,3.09,336.6,255.07,0.0,0.0, , 
,256.46,2048,84.0,-16.8,11111101,255.78,2048,16.1,2.06,244.8,256.11,0.0,0.0, , 
,257.53,1984,84.0,0.0,11111101,256.83,2016,16.1,1.03,244.8,257.19,0.0,0.0, , 
,258.59,1920,84.0,0.0,11111111,257.88,1952,0.0,0.00,275.4,258.25,0.0,0.0, , 
,259.64,1856,84.0,0.0,11111111,258.94,1888,0.0,0.00,275.4,259.27,0.0,0.0, , 
,260.74,1792,84.0,0.0,11101011,259.99,1856,0.0,0.00,295.8,260.36,0.0,0.0, , 
,261.90,1760,85.5,0.0,11101011,261.12,1760,22.0,3.09,316.2,261.52,0.0,0.0, , 
,262.91,1792,84.0,0.0,11101011,262.24,1792,40.0,6.18,479.4,262.55,0.0,0.0, , 
,264.02,1856,84.0,5.9,11101011,263.29,1824,59.2,9.27,693.6,263.67,0.0,0.0, , 
,265.10,1856,84.0,4.3,11101011,264.37,1856,48.6,7.21,591.6,264.74,0.0,0.0, , 
,266.21,1888,84.0,10.5,11101011,265.47,1888,38.4,5.15,479.4,265.83,0.0,0.0, , 
,267.29,1920,84.0,10.5,11101011,266.57,1920,53.3,8.24,612.0,266.92,0.0,0.0, , 
,268.39,1952,84.0,11.3,11101011,267.66,1952,50.2,8.24,591.6,268.01,0.0,0.0, , 
,269.46,1952,84.0,12.1,11101011,268.75,1952,34.1,5.15,438.6,269.10,0.0,0.0, , 
,270.56,1984,84.0,12.5,11101011,269.82,1984,34.1,5.15,438.6,270.20,0.0,0.0, , 
,271.65,1984,84.0,12.5,11101011,270.93,1984,34.1,5.15,438.6,271.30,0.0,0.0, , 
,272.77,1984,84.0,11.3,11101011,272.04,1984,32.5,5.15,418.2,272.40,0.0,0.0, , 
,273.84,1984,84.0,10.5,11101011,273.13,1984,32.5,5.15,418.2,273.47,0.0,0.0, , 
,274.91,1984,84.0,10.5,11101011,274.20,1984,32.5,5.15,418.2,274.56,0.0,0.0, , 
,275.97,1952,84.0,9.4,11101011,275.25,1984,32.5,5.15,418.2,275.60,0.0,0.0, , 
,277.04,1952,84.0,9.0,11101011,276.33,1952,34.1,5.15,418.2,276.69,0.0,0.0, , 
,278.14,1952,84.0,2.7,11101011,277.40,1952,26.7,4.12,357.0,277.77,0.0,0.0, , 
,279.21,1952,84.0,-0.8,11101011,278.49,1952,25.1,3.09,357.0,278.84,0.0,0.0, , 
,280.33,1920,84.0,-2.0,11101011,279.59,1952,26.7,3.09,357.0,279.96,0.0,0.0, , 
,281.44,1920,84.0,-2.7,11101011,280.69,1920,28.2,3.09,377.4,281.06,0.0,0.0, , 
,282.52,1920,84.0,1.6,11101011,281.80,1920,28.2,3.09,377.4,282.16,0.0,0.0, , 
,283.60,1920,84.0,5.5,11101011,282.88,1920,28.2,3.09,377.4,283.24,0.0,0.0, , 
,284.70,1920,84.0,0.0,11101011,283.99,1888,28.2,4.12,377.4,284.35,0.0,0.0, , 
,285.79,1984,84.0,6.6,11101011,285.07,1952,67.8,9.27,775.2,285.44,0.0,0.0, , 
,286.86,2048,84.0,8.6,11101001,286.15,2016,76.9,11.33,867.0,286.51,0.0,0.0, , 
,287.87,2144,84.0,11.3,11101001,287.20,2080,73.7,11.33,826.2,287.54,0.0,0.0, , 
,288.90,2208,84.0,7.4,11101001,288.20,2176,81.2,13.39,907.8,288.54,0.0,0.0, , 
,289.92,2304,84.0,7.0,11101001,289.23,2272,81.2,12.36,887.4,289.57,0.0,0.0, , 
,290.92,2400,84.0,-0.8,11101001,290.24,2368,85.5,13.39,948.6,290.58,0.0,0.0, , 
,291.95,2496,84.0,-1.2,11101001,291.27,2432,90.2,14.42,969.0,291.61,0.0,0.0, , 
,292.98,2592,84.0,-2.0,11101001,292.29,2528,88.6,14.42,969.0,292.63,0.0,0.0, , 
,293.99,2656,84.0,6.3,11101001,293.31,2624,75.3,10.30,826.2,293.65,0.0,0.0, , 
,294.96,2720,84.0,10.9,11101001,294.29,2688,78.4,12.36,867.0,294.62,0.0,0.0, , 
,296.03,2816,84.0,9.4,11101001,295.33,2752,78.4,12.36,846.6,295.66,0.0,0.0, , 
,297.07,2880,84.0,13.7,11101001,296.40,2848,76.9,12.36,846.6,296.74,0.0,0.0, , 
,298.08,2944,84.0,16.8,11101001,297.41,2912,73.7,12.36,826.2,297.81,0.0,0.0, , 
,299.43,3008,84.0,23.4,11101001,298.49,2944,62.0,10.30,693.6,298.96,0.0,0.0, , 
,300.84,2976,84.0,9.4,11101001,299.90,2976,38.4,4.12,459.0,300.37,0.0,0.0, , 
,302.15,2976,84.0,18.4,11101001,301.30,2976,38.4,5.15,459.0,301.76,0.0,0.0, , 
,303.05,2976,84.0,20.3,11101001,302.43,2976,38.4,5.15,459.0,302.70,0.0,0.0, , 
,304.13,2944,84.0,21.1,11101001,303.51,2976,38.4,6.18,459.0,303.86,0.0,0.0, , 
,305.30,2944,84.0,20.3,11101001,304.58,2944,38.4,6.18,459.0,304.90,0.0,0.0, , 
,306.34,2944,84.0,16.0,11101001,305.66,2944,40.0,6.18,459.0,306.00,0.0,0.0, , 
,307.42,2944,84.0,14.8,11101001,306.72,2944,40.0,6.18,459.0,307.01,0.0,0.0, , 
,308.49,2944,84.0,14.8,11101001,307.70,2944,40.0,6.18,479.4,308.09,0.0,0.0, , 
,309.50,2944,84.0,14.5,11101001,308.77,2944,40.0,6.18,479.4,309.14,0.0,0.0, , 
,310.54,2912,84.0,10.5,11101001,309.78,2912,40.0,6.18,479.4,310.15,0.0,0.0, , 
,311.57,2912,84.0,10.5,11101001,310.81,2912,41.2,6.18,479.4,311.18,0.0,0.0, , 
,312.60,2944,84.0,10.2,11101001,311.85,2912,47.1,7.21,550.8,312.27,0.0,0.0, , 
,313.76,2944,85.5,10.5,11101001,313.01,2944,47.1,7.21,550.8,313.29,0.0,0.0, , 
,314.73,2976,84.0,9.4,11101001,314.05,2944,47.1,7.21,550.8,314.31,0.0,0.0, , 
,315.84,2976,84.0,8.6,11101001,315.20,2976,45.9,7.21,550.8,315.56,0.0,0.0, , 
,316.75,2976,84.0,8.6,11101001,316.11,2976,45.9,6.18,550.8,316.38,0.0,0.0, , 
,318.15,2976,85.5,8.6,11101001,317.21,2976,45.9,7.21,550.8,317.69,0.0,0.0, , 
,319.17,2976,85.5,7.8,11101001,318.61,2976,45.9,6.18,520.2,318.90,0.0,0.0, , 
,319.97,3008,85.5,7.8,11101001,319.44,2976,45.9,6.18,520.2,319.70,0.0,0.0, , 
,321.19,3008,85.5,8.2,11101001,320.26,3008,45.9,6.18,520.2,320.73,0.0,0.0, , 
,322.15,3040,85.5,0.0,11101001,321.45,3008,45.9,6.18,550.8,321.74,0.0,0.0, , 
,323.18,3104,85.5,1.2,11101001,322.50,3040,79.6,12.36,867.0,322.84,0.0,0.0, , 
,324.24,3200,85.5,0.4,11101001,323.54,3136,84.3,13.39,907.8,323.89,0.0,0.0, , 
,325.29,3264,85.5,-1.2,11101001,324.60,3232,90.2,14.42,969.0,324.93,0.0,0.0, , 
,326.37,3296,85.5,2.3,11101001,325.64,3296,62.0,8.24,693.6,326.00,0.0,0.0, , 
,327.46,3360,85.5,3.5,11101001,326.73,3328,60.4,9.27,673.2,327.09,0.0,0.0, , 
,328.55,3392,85.5,5.1,11101001,327.84,3360,75.3,12.36,826.2,328.19,0.0,0.0, , 
,329.64,3456,85.5,3.9,11101001,328.91,3424,79.6,12.36,867.0,329.28,0.0,0.0, , 
,330.73,3520,85.5,5.5,11101001,329.99,3488,81.2,13.39,887.4,330.34,0.0,0.0, , 
,331.86,3520,85.5,0.0,11101001,331.11,3520,69.4,11.33,754.8,331.48,0.0,0.0, , 
,333.01,3520,85.5,0.4,11101001,332.23,3520,36.9,5.15,438.6,332.62,0.0,0.0, , 
,334.13,3488,85.5,-0.4,11101001,333.39,3488,38.4,5.15,438.6,333.77,0.0,0.0, , 
,335.22,3488,85.5,3.9,11101001,334.49,3488,38.4,5.15,438.6,334.85,0.0,0.0, , 
,336.34,3456,85.5,4.3,11101001,335.58,3456,38.4,5.15,459.0,335.96,0.0,0.0, , 
,337.47,3456,85.5,2.0,11101001,336.71,3456,40.0,5.15,459.0,337.07,0.0,0.0, , 
,338.59,3520,85.5,5.1,11101001,337.84,3488,75.3,11.33,826.2,338.21,0.0,0.0, , 
,339.72,3584,85.5,7.8,11101001,338.97,3520,75.3,12.36,826.2,339.34,0.0,0.0, , 
,340.92,3616,85.5,3.9,11101001,340.10,3584,65.1,9.27,714.0,340.51,0.0,0.0, , 
,341.88,2336,85.5,0.0,11111101,341.24,3328,0.0,0.00,336.6,341.55,0.0,0.0, , 
,342.91,2720,85.5,0.0,11101001,342.22,1824,0.0,0.00,275.4,342.56,0.0,0.0, , 
,343.89,2688,85.5,0.0,11101001,343.24,2688,29.4,4.12,357.0,343.54,0.0,0.0, , 
,344.92,2688,85.5,7.8,11101001,344.24,2688,57.6,8.24,652.8,344.59,0.0,0.0, , 
,345.93,2688,85.5,5.5,11101001,345.27,2688,67.8,10.30,754.8,345.60,0.0,0.0, , 
,346.93,2720,85.5,7.4,11101001,346.28,2720,82.7,13.39,907.8,346.60,0.0,0.0, , 
,347.98,2720,85.5,2.3,11101001,347.26,2720,60.4,8.24,693.6,347.62,0.0,0.0, , 
,349.03,2720,85.5,0.0,11111101,348.34,2720,47.1,6.18,571.2,348.69,0.0,0.0, , 
,349.98,2656,85.5,0.0,11111101,349.34,2688,19.2,2.06,275.4,349.65,0.0,0.0, , 
,350.98,2560,85.5,0.0,11111101,350.31,2624,0.0,0.00,275.4,350.64,0.0,0.0, , 
,351.93,2432,87.0,0.0,11111101,351.29,2528,0.0,0.00,244.8,351.61,0.0,0.0, , 
,352.93,2304,87.0,0.0,11111101,352.26,2400,0.0,0.00,244.8,352.59,0.0,0.0, , 
,353.98,2176,85.5,0.0,11111101,353.29,2240,0.0,0.00,244.8,353.64,0.0,0.0, , 
,355.01,2048,85.5,0.0,11111101,354.32,2112,0.0,0.00,244.8,354.66,0.0,0.0, , 
,356.07,1952,85.5,0.0,11111111,355.37,2016,0.0,0.00,244.8,355.74,0.0,0.0, , 
,357.11,1888,85.5,0.0,11111111,356.43,1920,0.0,0.00,275.4,356.78,0.0,0.0, , 
,358.19,1856,85.5,0.0,11101011,357.47,1888,0.0,0.00,295.8,357.82,0.0,0.0, , 
,359.22,1792,85.5,0.0,11101011,358.52,1792,19.2,3.09,295.8,358.85,0.0,0.0, , 
,360.31,1728,85.5,-4.3,11101011,359.57,1760,19.2,2.06,295.8,359.95,0.0,0.0, , 
,361.34,1696,85.5,-3.9,11101011,360.66,1728,20.8,2.06,295.8,360.99,0.0,0.0, , 
,362.42,1664,85.5,-2.3,11111111,361.71,1696,20.8,2.06,295.8,362.07,0.0,0.0, , 
,363.46,1600,85.5,1.6,11101011,362.77,1632,22.0,3.09,316.2,363.09,0.0,0.0, , 
,364.55,1536,85.5,5.9,11101011,363.86,1568,35.3,5.15,438.6,364.22,0.0,0.0, , 
,365.57,1536,85.5,8.2,11101011,364.89,1536,47.1,7.21,571.2,365.22,0.0,0.0, , 
,366.55,1536,85.5,12.9,11101011,365.90,1536,51.8,7.21,632.4,366.21,0.0,0.0, , 
,367.69,1504,85.5,16.0,11101011,366.97,1504,54.5,8.24,652.8,367.23,0.0,0.0, , 
,368.63,1536,85.5,0.0,11111111,367.95,1504,53.3,8.24,632.4,368.31,0.0,0.0, , 
,369.58,1280,85.5,0.0,11111111,368.94,1120,26.7,4.12,377.4,369.26,0.0,0.0, , 
,370.61,1632,85.5,0.0,11101011,369.90,1280,23.5,3.09,336.6,370.25,0.0,0.0, , 
,371.62,2240,85.5,-5.5,11101001,370.95,2176,16.1,2.06,244.8,371.28,0.0,0.0, , 
,372.66,2176,85.5,-12.1,11101001,371.96,2240,16.1,2.06,244.8,372.32,0.0,0.0, , 
,373.70,2112,84.0,-5.5,11101001,373.01,2112,29.4,3.09,377.4,373.36,0.0,0.0, , 
,374.77,2080,84.0,1.6,11101001,374.04,2080,35.3,4.12,438.6,374.41,0.0,0.0, , 
,375.86,2080,85.5,7.0,11101001,375.13,2048,45.9,6.18,550.8,375.50,0.0,0.0, , 
,376.89,2080,84.0,0.0,11101001,376.20,2080,54.5,8.24,652.8,376.55,0.0,0.0, , 
,377.94,2080,84.0,2.7,11101001,377.24,2080,41.2,5.15,499.8,377.60,0.0,0.0, , 
,378.97,2112,84.0,5.5,11101001,378.27,2080,53.3,7.21,632.4,378.61,0.0,0.0, , 
,380.01,2144,84.0,9.0,11101001,379.32,2112,53.3,8.24,632.4,379.66,0.0,0.0, , 
,381.04,2144,84.0,11.3,11101001,380.34,2144,53.3,8.24,632.4,380.68,0.0,0.0, , 
,382.06,2144,84.0,4.3,11101001,381.38,2144,38.4,5.15,479.4,381.73,0.0,0.0, , 
,383.08,2144,84.0,7.8,11101001,382.41,2144,40.0,5.15,479.4,382.73,0.0,0.0, , 
,384.11,2144,84.0,9.0,11101001,383.42,2144,47.1,7.21,550.8,383.76,0.0,0.0, , 
,385.15,2176,84.0,9.4,11101001,384.47,2176,45.9,7.21,550.8,384.81,0.0,0.0, , 
,386.17,2176,84.0,0.4,11101001,385.51,2176,29.4,4.12,377.4,385.84,0.0,0.0, , 
,387.20,2144,84.0,2.3,11101001,386.51,2144,31.0,4.12,397.8,386.87,0.0,0.0, , 
,388.24,2144,84.0,7.0,11101001,387.54,2144,38.4,5.15,459.0,387.90,0.0,0.0, , 
,389.28,2144,84.0,3.9,11101001,388.60,2144,32.5,4.12,418.2,388.93,0.0,0.0, , 
,390.32,2144,84.0,4.3,11101001,389.63,2144,23.5,3.09,336.6,389.96,0.0,0.0, , 
,391.35,2176,84.0,7.4,11101001,390.69,2144,40.0,5.15,479.4,391.02,0.0,0.0, , 
,392.37,2240,84.0,9.0,11101001,391.69,2176,38.4,5.15,459.0,392.03,0.0,0.0, , 
,393.43,2240,84.0,10.2,11101001,392.72,2208,36.9,5.15,438.6,393.08,0.0,0.0, , 
,394.44,2272,84.0,9.4,11101001,393.77,2240,35.3,5.15,438.6,394.10,0.0,0.0, , 
,395.45,2304,84.0,9.4,11101001,394.76,2304,35.3,5.15,438.6,395.10,0.0,0.8, , 
,396.45,2336,84.0,9.4,11101001,395.80,2304,35.3,5.15,438.6,396.12,0.0,0.8, , 
,397.43,2368,84.0,7.4,11101001,396.78,2336,34.1,5.15,418.2,397.11,0.0,0.8, , 
,398.45,2368,84.0,3.1,11101001,397.78,2336,26.7,4.12,357.0,398.11,0.0,0.8, , 
,399.45,2368,84.0,1.2,11101001,398.77,2368,28.2,4.12,357.0,399.10,0.0,0.8, , 
,400.47,2368,84.0,-0.4,11101001,399.80,2368,28.2,4.12,357.0,400.12,0.0,0.8, , 
,401.52,2368,84.0,-0.8,11101001,400.81,2368,28.2,4.12,377.4,401.17,0.0,0.8, , 
,402.56,2368,84.0,0.0,11101001,401.85,2368,29.4,4.12,377.4,402.20,0.0,0.8, , 
,403.59,2368,84.0,0.0,11101001,402.92,2368,28.2,4.12,357.0,403.27,0.0,0.8, , 
,404.62,2368,84.0,0.4,11101001,403.93,2368,28.2,4.12,377.4,404.27,0.0,0.8, , 
,405.69,2368,84.0,1.2,11101001,405.00,2368,29.4,4.12,377.4,405.34,0.0,0.8, , 
,406.72,2400,84.0,3.5,11101001,406.03,2368,31.0,4.12,377.4,406.39,0.0,0.8, , 
,407.81,2432,84.0,8.6,11101001,407.06,2400,36.9,5.15,459.0,407.44,0.0,0.8, , 
,408.88,2432,84.0,9.8,11101001,408.16,2432,35.3,5.15,438.6,408.51,0.0,0.8, , 
,409.91,2496,85.5,11.3,11101001,409.23,2464,35.3,5.15,438.6,409.56,0.0,0.8, , 
,410.91,2496,84.0,11.7,11101001,410.25,2496,35.3,5.15,438.6,410.58,0.0,0.8, , 
,411.94,2528,84.0,11.3,11101001,411.24,2528,35.3,5.15,418.2,411.59,0.0,0.8, , 
,412.94,2560,84.0,11.3,11101001,412.28,2560,36.9,5.15,438.6,412.61,0.0,0.8, , 
,413.96,2592,84.0,11.7,11101001,413.27,2560,35.3,5.15,438.6,413.61,0.0,0.8, , 
,414.95,2464,84.0,0.0,11111101,414.30,2592,35.3,5.15,418.2,414.61,0.0,0.8, , 
,415.94,1024,84.0,0.0,11101011,415.30,1984,0.0,0.00,295.8,415.64,0.0,0.0, , 
,417.03,1856,84.0,0.0,11101011,416.30,1472,32.5,5.15,418.2,416.65,0.0,0.8, , 
,418.09,1920,85.5,0.0,11101011,417.38,1856,42.7,6.18,499.8,417.74,0.0,0.8, , 
,419.15,1920,84.0,3.5,11101011,418.44,1920,38.4,5.15,479.4,418.80,0.0,0.8, , 
,420.24,1920,84.0,5.5,11101011,419.51,1920,34.1,5.15,438.6,419.88,0.0,0.8, , 
,421.31,1920,84.0,5.5,11101011,420.59,1952,34.1,5.15,418.2,420.96,0.0,0.8, , 
,422.41,1952,84.0,5.9,11101011,421.68,1952,31.0,4.12,397.8,422.05,0.0,0.8, , 
,423.51,1952,85.5,5.1,11101011,422.79,1920,31.0,4.12,397.8,423.16,0.0,0.8, , 
,424.59,1920,84.0,6.3,11101011,423.88,1920,31.0,4.12,397.8,424.23,0.0,0.8, , 
,425.68,1920,84.0,0.4,11101011,424.97,1952,26.7,4.12,377.4,425.33,0.0,0.8, , 
,426.77,1920,84.0,-2.7,11101011,426.05,1920,22.0,3.09,316.2,426.41,0.0,0.8, , 
,427.86,1888,84.0,-5.1,11101011,427.13,1888,19.2,2.06,295.8,427.48,0.0,0.8, , 
,428.91,1856,84.0,2.0,11101011,428.22,1888,20.8,2.06,295.8,428.57,0.0,0.8, , 
,430.04,1824,84.0,7.0,11101011,429.28,1856,20.8,2.06,316.2,429.65,0.0,0.8, , 
,431.15,1792,84.0,8.6,11101011,430.41,1824,22.0,2.06,316.2,430.79,0.0,0.8, , 
,432.27,1792,84.0,13.7,11101011,431.51,1824,22.0,2.06,316.2,431.89,0.0,0.8, , 
,433.35,1792,84.0,24.6,11101011,432.62,1792,28.2,3.09,377.4,433.01,0.0,0.8, , 
,434.45,1792,84.0,30.1,11101011,433.74,1792,31.0,4.12,397.8,434.09,0.0,0.8, , 
,435.53,1824,84.0,0.0,11101011,434.82,1792,32.5,4.12,418.2,435.18,0.0,0.8, , 
,436.65,1856,84.0,13.3,11101011,435.91,1824,65.1,7.21,754.8,436.28,0.0,0.8, , 
,437.76,1920,84.0,29.7,11101011,437.03,1888,62.0,8.24,714.0,437.39,0.0,0.8, , 
,438.84,1920,84.0,10.9,11101011,438.13,1952,35.3,2.06,438.6,438.49,0.0,0.8, , 
,439.93,1920,84.0,21.9,11101011,439.21,1920,31.0,3.09,397.8,439.57,0.0,0.8, , 
,441.03,1920,84.0,31.6,11101011,440.30,1920,36.9,4.12,459.0,440.66,0.0,0.8, , 
,442.12,1952,84.0,31.3,11101011,441.40,1920,41.2,5.15,499.8,441.76,0.0,0.8, , 
,443.22,1952,84.0,31.3,11101011,442.49,1952,38.4,5.15,479.4,442.86,0.0,0.8, , 
,444.32,1952,84.0,31.3,11101011,443.59,1952,38.4,5.15,479.4,443.95,0.0,0.8, , 
,445.45,1984,84.0,31.3,11101011,444.70,1952,38.4,5.15,479.4,445.08,0.0,0.8, , 
,446.52,1984,84.0,31.3,11101011,445.81,1984,36.9,5.15,459.0,446.17,0.0,0.8, , 
,447.60,1984,84.0,31.3,11101011,446.88,1984,36.9,5.15,459.0,447.24,0.0,0.8, , 
,448.66,1984,84.0,31.3,11101001,447.94,1984,36.9,4.12,459.0,448.28,0.0,0.8, , 
,449.71,2016,84.0,30.5,11101001,449.00,2016,36.9,4.12,459.0,449.35,0.0,0.8, , 
,450.84,1984,84.0,22.3,11101001,450.09,2016,28.2,4.12,377.4,450.46,0.0,0.8, , 
,451.90,1984,84.0,18.4,11101011,451.19,1984,22.0,3.09,316.2,451.54,0.0,0.8, , 
,452.99,1952,84.0,14.5,11101011,452.26,1952,22.0,3.09,316.2,452.64,0.0,0.8, , 
,454.08,1952,84.0,12.9,11101011,453.34,1952,22.0,3.09,316.2,453.71,0.0,0.8, , 
,455.19,1920,84.0,11.3,11101011,454.44,1952,23.5,3.09,336.6,454.82,0.0,0.8, , 
,456.29,1920,84.0,12.5,11101011,455.56,1920,23.5,3.09,336.6,455.94,0.0,0.8, , 
,457.40,1920,84.0,9.8,11101011,456.65,1920,25.1,3.09,336.6,457.03,0.0,0.8, , 
,458.52,1856,84.0,12.9,11101011,457.76,1888,25.1,3.09,336.6,458.15,0.0,0.8, , 
,459.61,1856,84.0,14.5,11101011,458.87,1888,26.7,3.09,357.0,459.24,0.0,0.8, , 
,460.72,1888,84.0,18.4,11101011,459.97,1856,26.7,3.09,357.0,460.34,0.0,0.8, , 
,461.83,1856,84.0,24.2,11101011,461.09,1856,29.4,4.12,397.8,461.46,0.0,0.8, , 
,462.97,1856,84.0,26.2,11101011,462.21,1856,29.4,4.12,397.8,462.59,0.0,0.8, , 
,464.06,1888,84.0,20.3,11101011,463.33,1888,28.2,4.12,377.4,463.70,0.0,0.8, , 
,465.19,1888,84.0,13.7,11101011,464.43,1856,40.0,6.18,479.4,464.81,0.0,0.8, , 
,466.31,1888,84.0,11.3,11101011,465.55,1888,40.0,6.18,479.4,465.93,0.0,0.8, , 
,467.44,1888,84.0,6.6,11101011,466.68,1888,28.2,4.12,377.4,467.06,0.0,0.8, , 
,468.48,1344,85.5,0.0,11111111,467.80,1888,25.1,3.09,336.6,468.16,0.0,0.8, , 
,469.43,1216,84.0,0.0,11111111,468.78,960,26.7,5.15,377.4,469.08,0.0,0.0, , 
,470.35,1056,84.0,0.0,11111111,469.77,1216,23.5,3.09,336.6,470.07,0.0,0.0, , 
,471.29,896,84.0,2.0,11111111,470.67,928,25.1,3.09,357.0,470.98,0.0,0.0, , 
,472.20,896,84.0,5.5,11111111,471.60,896,28.2,4.12,397.8,471.91,0.0,0.0, , 
,473.15,896,84.0,8.2,11111111,472.52,896,28.2,4.12,397.8,472.85,0.0,0.0, , 
,474.08,896,84.0,10.2,11111111,473.45,896,28.2,4.12,397.8,473.76,0.0,0.0, , 
,475.03,896,84.0,11.7,11111111,474.39,896,26.7,4.12,397.8,474.71,0.0,0.0, , 
,475.97,896,84.0,12.1,11111111,475.32,896,28.2,4.12,397.8,475.64,0.0,0.0, , 
,476.92,896,84.0,11.7,11111111,476.28,896,26.7,4.12,397.8,476.59,0.0,0.0, , 
,477.86,896,84.0,10.5,11111111,477.24,896,26.7,4.12,397.8,477.54,0.0,0.0, , 
,478.74,896,84.0,9.0,11111111,478.16,896,26.7,4.12,397.8,478.45,0.0,0.0, , 
,479.65,864,84.0,8.2,11111111,479.05,896,26.7,4.12,397.8,479.35,0.0,0.0, , 
,480.59,896,84.0,7.4,11111111,479.97,864,28.2,4.12,397.8,480.28,0.0,0.0, , 
,481.61,1472,84.0,0.0,11101011,480.89,896,31.0,4.12,418.2,481.20,0.0,0.0, , 
,482.73,1600,84.0,-0.4,11101011,481.93,1344,40.0,6.18,499.8,482.34,0.0,0.0, , 
,483.76,1504,84.0,0.0,11111111,483.09,1824,53.3,8.24,632.4,483.45,0.0,0.8, , 
,484.74,1120,84.0,0.0,11111111,484.10,992,26.7,4.12,377.4,484.42,0.0,0.0, , 
,485.68,1088,84.0,0.0,11111111,485.06,1088,23.5,4.12,357.0,485.37,0.0,0.0, , 
,486.67,992,84.0,0.0,11111111,486.02,1088,22.0,3.09,336.6,486.31,0.0,0.0, , 
,487.60,960,84.0,0.0,11101011,486.99,992,26.7,4.12,377.4,487.29,0.0,0.0, , 
,488.53,1056,84.0,2.0,11101011,487.91,1088,42.7,6.18,550.8,488.22,0.0,0.0, , 
,489.52,1184,84.0,3.9,11101011,488.86,1120,42.7,6.18,550.8,489.18,0.0,0.0, , 
,490.52,1312,84.0,5.1,11101011,489.86,1216,45.9,7.21,571.2,490.19,0.0,0.0, , 
,491.50,1472,84.0,7.4,11101011,490.85,1376,44.3,6.18,571.2,491.18,0.0,0.0, , 
,492.46,1024,84.0,0.0,11111111,491.81,1472,38.4,5.15,479.4,492.15,0.0,0.0, , 
,493.42,1088,84.0,0.0,11111111,492.78,1088,28.2,4.12,377.4,493.10,0.0,0.0, , 
,494.36,864,84.0,0.0,11111111,493.76,1024,23.5,3.09,357.0,494.06,0.0,0.0, , 
,495.33,896,84.0,1.2,11111111,494.69,864,28.2,3.09,397.8,495.01,0.0,0.0, , 
,496.28,896,84.0,4.3,11111111,495.64,896,28.2,4.12,397.8,495.96,0.0,0.0, , 
,497.16,768,84.0,6.3,11111111,496.57,832,26.7,3.09,397.8,496.86,0.0,0.0, , 
,498.08,800,84.0,7.0,11111111,497.46,800,28.2,4.12,418.2,497.76,0.0,0.0, , 
,498.94,800,84.0,7.8,11111111,498.37,800,28.2,4.12,418.2,498.66,0.0,0.0, , 
,499.84,800,84.0,8.2,11111111,499.23,800,28.2,4.12,418.2,499.54,0.0,0.0, , 
,500.75,800,84.0,8.2,11111111,500.14,800,28.2,4.12,397.8,500.43,0.0,0.0, , 
,501.66,800,84.0,7.4,11111111,501.05,800,26.7,4.12,397.8,501.36,0.0,0.0, , 
,502.53,800,84.0,7.4,11111111,501.95,800,28.2,4.12,397.8,502.25,0.0,0.0, , 
,503.44,800,84.0,7.4,11111111,502.84,800,26.7,4.12,397.8,503.14,0.0,0.0, , 
,504.32,800,84.0,7.4,11111111,503.73,800,28.2,4.12,397.8,504.03,0.0,0.0, , 
,505.22,800,84.0,7.4,11111111,504.63,800,26.7,4.12,397.8,504.92,0.0,0.0, , 
,506.09,768,84.0,7.4,11111111,505.50,800,26.7,4.12,397.8,505.79,0.0,0.0, , 
,506.99,768,84.0,7.0,11111111,506.39,768,26.7,4.12,397.8,506.69,0.0,0.0, , 
,507.89,768,84.0,7.0,11111111,507.29,768,26.7,4.12,397.8,507.59,0.0,0.0, , 
,508.78,768,84.0,6.6,11111111,508.19,768,26.7,4.12,397.8,508.48,0.0,0.0, , 
,509.68,768,84.0,6.6,11111111,509.07,768,26.7,4.12,397.8,509.39,0.0,0.0, , 
,510.60,768,84.0,6.6,11111111,509.99,768,28.2,4.12,418.2,510.30,0.0,0.0, , 
,511.50,800,85.5,6.6,11111111,510.90,768,28.2,4.12,418.2,511.20,0.0,0.0, , 
,512.39,800,85.5,6.6,11111111,511.79,800,26.7,4.12,397.8,512.08,0.0,0.0, , 
,513.28,768,85.5,7.4,11111111,512.68,768,28.2,4.12,418.2,512.98,0.0,0.0, , 
,514.18,768,85.5,7.4,11111111,513.58,768,28.2,4.12,418.2,513.88,0.0,0.0, , 
,515.11,768,85.5,7.4,11111111,514.49,768,26.7,4.12,397.8,514.79,0.0,0.0, , 
,516.02,800,85.5,7.4,11111111,515.42,800,28.2,4.12,418.2,515.73,0.0,0.0, , 
,516.89,800,85.5,7.0,11111111,516.31,800,26.7,4.12,397.8,516.60,0.0,0.0, , 
,517.78,768,85.5,7.0,11111111,517.18,768,26.7,4.12,397.8,517.49,0.0,0.0, , 
,518.68,800,85.5,7.4,11111111,518.07,768,28.2,4.12,397.8,518.37,0.0,0.0, , 
,519.58,768,85.5,7.4,11111111,518.99,800,28.2,4.12,397.8,519.28,0.0,0.0, , 
,520.49,800,85.5,7.4,11111111,519.88,768,28.2,4.12,418.2,520.18,0.0,0.0, , 
,521.38,800,85.5,7.4,11111111,520.78,768,28.2,4.12,418.2,521.08,0.0,0.0, , 
,522.29,768,85.5,7.0,11111111,521.68,768,28.2,4.12,418.2,521.99,0.0,0.0, , 
,523.22,800,85.5,7.0,11111111,522.61,768,28.2,4.12,418.2,522.92,0.0,0.0, , 
,524.12,768,85.5,6.6,11111111,523.52,768,26.7,4.12,418.2,523.82,0.0,0.0, , 
,525.02,768,85.5,7.0,11111111,524.42,800,28.2,4.12,418.2,524.73,0.0,0.0, , 
,525.94,800,85.5,7.0,11111111,525.32,768,28.2,4.12,418.2,525.64,0.0,0.0, , 
,526.82,800,85.5,7.0,11111111,526.23,800,28.2,4.12,418.2,526.53,0.0,0.0, , 
,527.72,768,85.5,6.6,11111111,527.13,800,28.2,4.12,418.2,527.42,0.0,0.0, , 
,528.62,800,85.5,7.0,11111111,528.01,768,28.2,4.12,418.2,528.33,0.0,0.0, , 
,529.56,768,85.5,7.0,11111111,528.94,800,28.2,4.12,418.2,529.25,0.0,0.0, , 
,530.44,768,85.5,6.3,11111111,529.86,800,28.2,4.12,418.2,530.15,0.0,0.0, , 
,531.32,768,85.5,5.9,11111111,530.73,768,28.2,4.12,418.2,531.02,0.0,0.0, , 
,532.23,768,85.5,5.9,11111111,531.63,768,28.2,4.12,418.2,531.93,0.0,0.0, , 
,533.13,768,85.5,5.5,11111111,532.53,800,28.2,4.12,418.2,532.83,0.0,0.0, , 
,534.04,800,85.5,5.1,11111111,533.44,768,28.2,4.12,418.2,533.74,0.0,0.0, , 
,534.94,768,85.5,5.1,10111111,534.35,768,28.2,4.12,418.2,534.65,0.0,0.0, , 
,535.83,800,85.5,4.3,10111111,535.24,768,28.2,4.12,418.2,535.53,0.0,0.0, , 
,536.71,768,85.5,3.9,10111111,536.11,800,28.2,4.12,418.2,536.41,0.0,0.0, , 
,537.61,768,85.5,4.3,10111111,537.02,768,28.2,4.12,418.2,537.31,0.0,0.0, , 
,538.50,768,87.0,4.3,10111111,537.90,768,28.2,4.12,418.2,538.19,0.0,0.0, , 
,539.38,768,85.5,4.7,10111111,538.80,800,28.2,4.12,418.2,539.10,0.0,0.0, , 
,540.26,800,87.0,3.5,10111111,539.66,768,28.2,4.12,418.2,539.95,0.0,0.0, , 
,541.17,800,87.0,3.1,10111111,540.57,768,28.2,4.12,418.2,540.88,0.0,0.0, , 
,542.08,800,87.0,3.1,10111111,541.47,800,28.2,4.12,418.2,541.78,0.0,0.0, , 
,542.98,768,87.0,3.1,10111111,542.38,800,28.2,4.12,418.2,542.69,0.0,0.0, , 
,543.88,800,87.0,3.1,10111111,543.28,800,28.2,4.12,418.2,543.57,0.0,0.0, , 
,544.77,800,87.0,3.1,10111111,544.17,800,28.2,4.12,418.2,544.47,0.0,0.0, , 
,545.71,768,87.0,3.1,10111111,545.07,800,28.2,4.12,418.2,545.39,0.0,0.0, , 
,546.61,800,87.0,3.1,10111111,546.02,800,28.2,4.12,418.2,546.30,0.0,0.0, , 
,547.54,768,87.0,3.5,10111111,546.90,768,28.2,4.12,418.2,547.21,0.0,0.0, , 
,548.44,800,87.0,3.5,10111111,547.84,800,28.2,4.12,418.2,548.14,0.0,0.0, , 
,549.33,800,87.0,3.9,10111111,548.73,800,28.2,4.12,418.2,549.03,0.0,0.0, , 
,550.24,768,87.0,3.9,10111111,549.63,800,28.2,4.12,418.2,549.93,0.0,0.0, , 
,551.14,800,87.0,4.3,10111111,550.53,768,28.2,4.12,418.2,550.83,0.0,0.0, , 
,552.03,768,87.0,4.3,10111111,551.44,800,28.2,4.12,418.2,551.73,0.0,0.0, , 
,552.91,800,87.0,4.3,10111111,552.33,768,28.2,4.12,418.2,552.63,0.0,0.0, , 
,553.83,800,87.0,4.7,10111111,553.23,800,28.2,4.12,418.2,553.53,0.0,0.0, , 
,554.73,768,87.0,4.7,10111111,554.13,800,28.2,4.12,418.2,554.42,0.0,0.0, , 
,555.63,800,87.0,3.5,10111111,555.03,768,28.2,4.12,418.2,555.35,0.0,0.0, , 
,556.53,800,87.0,3.1,10111111,555.93,768,28.2,4.12,418.2,556.24,0.0,0.0, , 
,557.45,800,87.0,3.1,10111111,556.84,800,28.2,4.12,418.2,557.14,0.0,0.0, , 
,558.36,768,87.0,3.5,10111111,557.77,800,28.2,4.12,418.2,558.06,0.0,0.0, , 
,559.25,768,87.0,3.5,10111111,558.65,800,28.2,4.12,418.2,558.95,0.0,0.0, , 
,560.14,768,87.0,3.1,10111111,559.55,768,28.2,4.12,418.2,559.84,0.0,0.0, , 
,561.04,768,87.0,2.7,10111111,560.44,800,28.2,4.12,418.2,560.75,0.0,0.0, , 
,561.95,768,87.0,2.3,10111111,561.34,800,28.2,4.12,418.2,561.65,0.0,0.0, , 
,562.83,768,87.0,2.7,10111111,562.24,800,28.2,4.12,418.2,562.53,0.0,0.0, , 
,563.71,768,88.5,2.7,10111111,563.13,800,28.2,4.12,418.2,563.43,0.0,0.0, , 
,564.60,768,88.5,2.3,10111111,564.00,800,28.2,4.12,418.2,564.29,0.0,0.0, , 
,565.52,800,88.5,2.0,10111111,564.92,800,28.2,4.12,418.2,565.22,0.0,0.0, , 
,566.44,768,88.5,1.6,10111111,565.82,800,28.2,4.12,418.2,566.14,0.0,0.0, , 
,567.35,800,88.5,1.6,10111111,566.73,800,28.2,4.12,418.2,567.03,0.0,0.0, , 
,568.25,800,88.5,2.0,10111111,567.64,768,28.2,4.12,418.2,567.95,0.0,0.0, , 
,569.14,800,88.5,2.3,10111111,568.55,768,28.2,4.12,418.2,568.84,0.0,0.0, , 
,570.07,800,88.5,2.3,10111111,569.45,800,28.2,4.12,418.2,569.77,0.0,0.0, , 
,571.04,800,88.5,2.3,10111111,570.40,800,28.2,4.12,418.2,570.71,0.0,0.0, , 
,571.97,800,88.5,2.0,10111111,571.35,768,28.2,4.12,418.2,571.67,0.0,0.0, , 
,572.87,800,88.5,2.0,10111111,572.27,800,28.2,4.12,418.2,572.57,0.0,0.0, , 
,573.77,800,88.5,2.0,10111111,573.17,800,28.2,4.12,418.2,573.46,0.0,0.0, , 
,574.66,800,88.5,2.3,10111111,574.06,768,28.2,4.12,418.2,574.36,0.0,0.0, , 
,575.60,800,88.5,2.7,10111111,574.96,768,28.2,4.12,418.2,575.29,0.0,0.0, , 
,576.53,800,88.5,3.5,10111111,575.90,800,28.2,4.12,418.2,576.22,0.0,0.0, , 
,577.45,768,88.5,4.3,10111111,576.83,800,28.2,4.12,418.2,577.13,0.0,0.0, , 
,578.35,800,88.5,4.7,10111111,577.74,768,28.2,4.12,418.2,578.03,0.0,0.0, , 
,579.25,800,88.5,4.7,10111111,578.65,800,26.7,4.12,418.2,578.95,0.0,0.0, , 
,580.16,768,88.5,4.3,10111111,579.54,800,26.7,4.12,397.8,579.86,0.0,0.0, , 
,581.04,768,88.5,3.9,10111111,580.45,800,28.2,4.12,418.2,580.74,0.0,0.0, , 
,581.94,768,88.5,3.9,10111111,581.34,768,28.2,4.12,418.2,581.65,0.0,0.0, , 
,582.87,800,88.5,3.5,10111111,582.25,800,28.2,4.12,418.2,582.55,0.0,0.0, , 
,583.77,704,88.5,3.5,10101011,583.20,736,28.2,4.12,418.2,583.49,0.0,0.0, , 
,584.62,928,88.5,-1.2,10101011,584.04,832,41.2,6.18,550.8,584.32,0.0,0.0, , 
,585.47,640,88.5,0.0,10101011,584.91,704,40.0,5.15,520.2,585.18,0.0,0.0, , 
,586.38,736,88.5,-6.6,10101011,585.79,704,50.2,6.18,652.8,586.10,0.0,0.0, , 
,587.33,1088,88.5,-7.0,10101011,586.68,800,50.2,6.18,652.8,587.02,0.0,0.0, , 
,588.34,1760,88.5,0.0,10101011,587.64,1280,59.2,8.24,693.6,588.00,0.0,0.8, , 
,589.33,2592,90.0,2.3,10101001,588.68,2016,66.3,10.30,754.8,589.00,0.0,0.8, , 
,590.30,1408,90.0,0.0,10101011,589.66,2432,0.0,0.00,377.4,589.98,0.0,0.8, , 
,591.42,1472,88.5,0.0,10101011,590.63,1536,22.0,4.12,336.6,591.05,0.0,0.0, , 
,592.67,1536,88.5,3.5,10101011,591.88,1472,35.3,5.15,459.0,592.28,0.0,0.8, , 
,593.74,1568,90.0,7.0,10101011,593.02,1504,34.1,5.15,438.6,593.40,0.0,0.8, , 
,594.85,1600,88.5,9.0,10101011,594.10,1600,34.1,5.15,438.6,594.49,0.0,0.8, , 
,595.91,1664,90.0,10.5,10101011,595.22,1664,32.5,5.15,418.2,595.56,0.0,0.8, , 
,596.96,1696,90.0,9.8,10101011,596.27,1696,29.4,4.12,397.8,596.62,0.0,0.8, , 
,598.08,1664,90.0,2.3,10101011,597.35,1696,22.0,3.09,316.2,597.70,0.0,0.8, , 
,599.08,1632,90.0,-0.8,10101011,598.39,1664,22.0,3.09,316.2,598.74,0.0,0.8, , 
,600.15,1600,90.0,-2.7,10111111,599.44,1632,22.0,3.09,316.2,599.78,0.0,0.8, , 
,601.16,1536,90.0,-3.5,10111111,600.51,1568,22.0,3.09,316.2,600.86,0.0,0.8, , 
,602.29,1472,90.0,5.1,10101011,601.57,1504,22.0,3.09,316.2,602.01,0.0,0.0, , 
,603.32,1472,90.0,5.9,10101011,602.63,1472,22.0,3.09,316.2,602.99,0.0,0.0, , 
,604.38,1440,90.0,4.7,10111111,603.67,1440,22.0,3.09,336.6,604.05,0.0,0.0, , 
,605.40,1152,90.0,6.3,10111111,604.72,1408,23.5,3.09,336.6,605.07,0.0,0.0, , 
,606.30,896,90.0,8.6,10111111,605.67,992,26.7,3.09,377.4,605.98,0.0,0.0, , 
,607.23,896,90.0,12.1,10111111,606.60,896,29.4,4.12,418.2,606.92,0.0,0.0, , 
,608.17,896,90.0,14.1,10111111,607.53,896,29.4,4.12,418.2,607.87,0.0,0.0, , 
,609.10,896,90.0,15.2,10111111,608.48,896,29.4,4.12,418.2,608.79,0.0,0.0, , 
,610.06,1728,90.0,0.0,10101011,609.39,896,29.4,4.12,418.2,609.74,0.0,0.0, , 
,611.15,1600,90.0,0.0,10101011,610.42,1952,47.1,6.18,571.2,610.79,0.0,0.8, , 
,612.21,2048,90.0,-1.2,10101001,611.47,1408,71.0,11.33,826.2,611.84,0.0,0.8, , 
,613.26,1184,90.0,0.0,10101011,612.58,2144,0.0,0.00,479.4,612.91,0.0,0.8, , 
,614.29,1824,90.0,0.0,10101011,613.59,1504,73.7,13.39,867.0,613.96,0.0,0.8, , 
,615.38,1792,90.0,6.3,10101011,614.66,1696,67.8,10.30,775.2,615.01,0.0,0.8, , 
,616.45,2080,90.0,10.2,10101001,615.75,1920,63.5,10.30,734.4,616.13,0.0,0.8, , 
,617.49,2304,90.0,12.1,10101001,616.79,2144,59.2,9.27,673.2,617.15,0.0,0.8, , 
,618.54,2560,90.0,14.5,10101001,617.85,2400,62.0,10.30,714.0,618.21,0.0,0.8, , 
,619.52,2560,90.0,0.0,11111101,618.87,2656,60.4,10.30,673.2,619.20,0.0,0.8, , 
,620.57,1024,90.0,0.0,11111111,619.87,2080,0.0,0.00,316.2,620.23,0.0,0.8, , 
,621.61,1728,90.0,0.0,11101011,620.94,1248,26.7,4.12,377.4,621.27,0.0,0.8, , 
,622.69,1728,90.0,5.9,11101011,621.94,1696,25.1,3.09,336.6,622.32,0.0,0.8, , 
,623.75,1728,90.0,9.8,11101011,623.02,1728,36.9,5.15,459.0,623.38,0.0,0.8, , 
,624.86,1728,90.0,12.1,11101011,624.08,1728,34.1,5.15,438.6,624.46,0.0,0.8, , 
,625.92,1728,90.0,10.5,11101011,625.22,1728,28.2,4.12,377.4,625.58,0.0,0.8, , 
,626.98,1728,90.0,8.2,11101011,626.26,1728,28.2,4.12,377.4,626.63,0.0,0.8, , 
,628.06,1728,90.0,7.0,10101011,627.37,1728,28.2,4.12,377.4,627.73,0.0,0.8, , 
,629.16,1728,90.0,7.0,10111111,628.43,1728,28.2,4.12,377.4,628.80,0.0,0.8, , 
,630.14,1120,90.0,0.0,10111111,629.48,1312,0.0,0.00,357.0,629.81,0.0,0.0, , 
,631.11,1056,90.0,0.0,10111111,630.47,1184,25.1,4.12,357.0,630.78,0.0,0.0, , 
,632.07,864,90.0,0.4,10111111,631.43,960,23.5,3.09,357.0,631.76,0.0,0.0, , 
,632.97,896,90.0,3.1,10111111,632.38,896,28.2,3.09,397.8,632.69,0.0,0.0, , 
,633.84,896,90.0,5.9,10111111,633.25,864,28.2,4.12,397.8,633.55,0.0,0.0, , 
,634.78,896,90.0,8.2,10111111,634.14,896,29.4,4.12,418.2,634.45,0.0,0.0, , 
,635.69,896,90.0,9.0,10111111,635.10,896,28.2,4.12,397.8,635.39,0.0,0.0, , 
,636.69,1664,90.0,10.2,10101011,635.98,896,28.2,4.12,397.8,636.33,0.0,0.0, , 
,637.56,1504,91.5,8.6,10101011,637.01,1504,25.1,4.12,357.0,637.30,0.0,0.8, , 
,638.51,1504,91.5,5.1,10101011,637.89,1472,35.3,5.15,459.0,638.22,0.0,0.8, , 
,639.57,1568,90.0,6.6,10101011,638.86,1536,42.7,6.18,550.8,639.20,0.0,0.8, , 
,640.66,1632,90.0,9.4,10101011,639.95,1600,38.4,6.18,479.4,640.33,0.0,0.8, , 
,641.75,1632,90.0,10.2,10101011,641.03,1632,34.1,5.15,438.6,641.39,0.0,0.8, , 
,642.84,1600,90.0,4.3,10101011,642.13,1632,25.1,4.12,357.0,642.47,0.0,0.8, , 
,643.92,1600,90.0,6.6,10101011,643.19,1600,28.2,4.12,377.4,643.55,0.0,0.8, , 
,645.04,1632,90.0,2.3,10101011,644.28,1600,48.6,7.21,591.6,644.67,0.0,0.8, , 
,646.11,1760,90.0,8.6,10101011,645.41,1664,51.8,7.21,632.4,645.77,0.0,0.8, , 
,647.16,1888,90.0,10.9,10101011,646.45,1792,54.5,8.24,652.8,646.79,0.0,0.8, , 
,648.23,1952,90.0,9.0,10101011,647.51,1888,50.2,7.21,612.0,647.87,0.0,0.8, , 
,649.29,2048,90.0,7.8,10101001,648.59,2016,47.1,7.21,571.2,648.94,0.0,0.8, , 
,650.35,2080,90.0,7.4,11101001,649.65,2048,47.1,6.18,571.2,650.01,0.0,0.8, , 
,651.35,2144,90.0,5.9,11101001,650.68,2112,45.9,6.18,550.8,651.02,0.0,0.8, , 
,652.38,2176,90.0,6.6,11101001,651.70,2144,45.9,6.18,550.8,652.05,0.0,0.8, , 
,653.39,2240,90.0,7.4,11101001,652.72,2208,44.3,6.18,550.8,653.05,0.0,0.8, , 
,654.37,2240,90.0,8.6,11101001,653.71,2208,44.3,6.18,520.2,654.05,0.0,0.8, , 
,655.45,2208,90.0,8.6,11101001,654.73,2240,44.3,6.18,520.2,655.10,0.0,0.8, , 
,656.48,2176,90.0,8.6,11101001,655.79,2240,42.7,6.18,499.8,656.14,0.0,0.8, , 
,657.54,2080,90.0,-0.4,11101001,656.83,2176,25.1,3.09,336.6,657.19,0.0,0.8, , 
,658.59,1952,90.0,0.4,11101011,657.88,2016,25.1,3.09,357.0,658.24,0.0,0.8, , 
,659.71,1952,90.0,3.1,11101011,658.95,1952,42.7,6.18,520.2,659.31,0.0,0.8, , 
,660.77,2048,90.0,2.3,11101001,660.06,1984,63.5,9.27,734.4,660.42,0.0,0.8, , 
,661.82,2144,90.0,7.8,11101001,661.12,2080,67.8,10.30,775.2,661.46,0.0,0.8, , 
,662.87,2144,90.0,0.0,11111101,662.16,2176,38.4,5.15,479.4,662.51,0.0,0.8, , 
