Piątek,14,Sierpień,2026,21:17:20:00009-VCID:1C3761778CABCE7337-5178,Wersja VCDS: AKP 23.3.1,Wersja danych: 20230601 DS346.2
047 906 033 L,,1.4l SIMOS3PA   00HS5401,

,Grupa A:,'001,,,,Grupa B:,'015,,,,Grupa C:,'016
,,Obroty silnika,Temperatura,Lambda,Bity binarnie,,Zliczanie,Zliczanie,Zliczanie, ,,Zliczanie, , , 
,CZAS,,,,,CZAS,,,,,CZAS,,,,
Znacznik,ZAPISU, /min,*C, %,,ZAPISU,,,,,ZAPISU,,,,
,0.30,800,84.0,3.1,10111111,0.60,0,0,0,aktywna,0.01,0, , ,aktywna
,1.20,800,84.0,3.1,10111111,1.50,0,0,0,aktywna,0.89,0, , ,aktywna
,2.16,928,84.0,5.5,10101011,2.46,0,0,0,aktywna,1.81,0, , ,aktywna
,3.10,1376,84.0,0.0,10101011,3.44,0,0,0,aktywna,2.77,0, , ,aktywna
,4.05,864,84.0,0.0,10111111,4.34,0,0,0,aktywna,3.74,0, , ,aktywna
,4.94,896,84.0,0.0,10111111,5.24,0,0,0,aktywna,4.63,0, , ,aktywna
,5.85,800,84.0,2.7,10101011,6.16,0,0,0,aktywna,5.55,0, , ,aktywna
,6.86,1984,84.0,0.0,10101011,7.18,0,0,0,aktywna,6.49,0, , ,aktywna
,7.91,1952,84.0,-1.6,10101011,8.25,0,0,0,nieaktywna,7.55,0, , ,aktywna
,8.94,1056,84.0,0.0,10101011,9.24,0,0,0,aktywna,8.62,0, , ,nieaktywna
,9.88,1216,85.5,0.0,10101011,10.20,0,0,0,aktywna,9.56,0, , ,aktywna
,10.81,1472,85.5,0.0,10101011,11.17,0,0,0,nieaktywna,10.54,0, , ,aktywna
,11.88,1792,85.5,0.0,10101011,12.22,0,0,0,nieaktywna,11.52,0, , ,nieaktywna
,12.94,2016,84.0,0.0,10101001,13.29,0,0,0,aktywna,12.59,0, , ,nieaktywna
,14.00,2144,84.0,-2.7,10101001,14.33,0,0,0,aktywna,13.65,0, , ,aktywna
,15.00,2208,85.5,-6.3,10101001,15.32,0,0,0,aktywna,14.67,0, , ,aktywna
,15.99,2272,85.5,-7.4,10101001,16.32,0,0,0,aktywna,15.65,0, , ,aktywna
,16.97,2368,84.0,-6.6,10101001,17.34,0,0,0,aktywna,16.66,0, , ,aktywna
,18.04,2464,85.5,-5.9,10101001,18.39,0,0,0,aktywna,17.67,0, , ,aktywna
,19.09,2048,84.0,0.0,10111101,19.42,0,0,0,nieaktywna,18.73,0, , ,nieaktywna
,20.05,1184,84.0,0.0,10111111,20.36,0,0,0,aktywna,19.74,0, , ,nieaktywna
,21.15,1600,84.0,0.0,10111111,21.51,0,0,0,nieaktywna,20.82,0, , ,aktywna
,22.18,1760,84.0,0.0,10111111,22.54,0,0,0,nieaktywna,21.85,0, , ,nieaktywna
,23.25,1728,84.0,0.0,10111111,23.60,0,0,0,nieaktywna,22.90,0, , ,nieaktywna
,24.25,1728,84.0,0.0,10111111,24.60,0,0,0,nieaktywna,23.92,0, , ,nieaktywna
,25.32,1728,84.0,0.0,10111111,25.68,0,0,0,nieaktywna,24.98,0, , ,nieaktywna
,26.35,1696,84.0,0.0,10111111,26.68,0,0,0,nieaktywna,26.02,0, , ,nieaktywna
,27.36,1696,84.0,0.0,10111111,27.71,0,0,0,nieaktywna,27.01,0, , ,nieaktywna
,28.39,1728,85.5,0.0,10111111,28.72,0,0,0,nieaktywna,28.04,0, , ,nieaktywna
,29.40,1728,85.5,0.0,10111111,29.75,0,0,0,nieaktywna,29.06,0, , ,nieaktywna
,30.36,896,85.5,0.0,10111111,30.65,0,0,0,nieaktywna,30.06,0, , ,nieaktywna
,31.26,896,84.0,0.0,10111111,31.58,0,0,0,aktywna,30.96,0, , ,aktywna
,32.21,864,84.0,0.0,10111111,32.51,0,0,0,aktywna,31.89,0, , ,aktywna
,33.15,864,84.0,1.2,10111111,33.46,0,0,0,aktywna,32.82,0, , ,aktywna
,34.05,896,85.5,3.9,10111111,34.35,0,0,0,aktywna,33.75,0, , ,aktywna
,34.97,896,85.5,5.5,10111111,35.26,0,0,0,aktywna,34.65,0, , ,aktywna
,35.91,896,84.0,5.9,10111111,36.22,0,0,0,aktywna,35.58,0, , ,aktywna
,36.86,896,84.0,6.6,10111111,37.19,0,0,0,aktywna,36.53,0, , ,aktywna
,37.81,896,84.0,6.3,10111111,38.11,0,0,0,nieaktywna,37.52,0, , ,aktywna
,38.74,896,84.0,5.1,10111111,39.08,0,0,0,nieaktywna,38.42,0, , ,nieaktywna
,39.74,1216,85.5,4.7,10111111,40.05,0,0,0,nieaktywna,39.41,0, , ,nieaktywna
,40.70,1280,85.5,12.5,10101011,41.03,0,0,0,aktywna,40.37,0, , ,nieaktywna
,41.67,1280,85.5,12.5,10101011,42.01,0,0,0,aktywna,41.36,0, , ,aktywna
,42.66,1408,85.5,0.0,10101011,43.03,0,0,0,aktywna,42.35,0, , ,aktywna
,43.64,1504,85.5,0.0,10101011,43.98,0,0,0,aktywna,43.30,0, , ,aktywna
,44.63,1664,85.5,0.0,10101011,45.00,0,0,0,aktywna,44.31,0, , ,aktywna
,45.68,1920,85.5,0.0,10101011,46.04,0,0,0,aktywna,45.32,0, , ,aktywna
,46.73,2016,85.5,0.0,10111101,47.05,0,0,0,nieaktywna,46.39,0, , ,aktywna
,47.68,1536,85.5,0.0,10101011,48.01,0,0,0,aktywna,47.36,0, , ,nieaktywna
,48.70,1632,85.5,0.0,10101011,49.06,0,0,0,nieaktywna,48.37,0, , ,nieaktywna
,49.80,1664,85.5,-0.8,10111111,50.13,0,0,0,aktywna,49.44,0, , ,aktywna
,50.80,1664,85.5,2.0,10111111,51.14,0,0,0,aktywna,50.47,0, , ,aktywna
,51.83,1664,85.5,0.0,10111111,52.19,0,0,0,nieaktywna,51.47,0, , ,nieaktywna
,52.84,1632,85.5,0.0,10111111,53.17,0,0,0,nieaktywna,52.51,0, , ,nieaktywna
,53.87,1600,85.5,0.0,10111111,54.21,0,0,0,nieaktywna,53.53,0, , ,nieaktywna
,54.88,1568,85.5,0.0,10111111,55.20,0,0,0,nieaktywna,54.53,0, , ,nieaktywna
,55.92,1536,85.5,0.0,10101011,56.26,0,0,0,aktywna,55.55,0, , ,aktywna
,56.98,1536,85.5,2.0,10101011,57.33,0,0,0,aktywna,56.62,0, , ,aktywna
,58.03,1536,85.5,0.0,10101011,58.40,0,0,0,aktywna,57.68,0, , ,aktywna
,59.12,1536,85.5,1.2,10101011,59.47,0,0,0,aktywna,58.76,0, , ,aktywna
,60.19,1600,85.5,0.0,10101011,60.55,0,0,0,aktywna,59.83,0, , ,aktywna
,61.30,1696,85.5,0.4,10101011,61.65,0,0,0,aktywna,60.92,0, , ,aktywna
,62.28,1024,85.5,0.0,10111111,62.62,0,0,0,nieaktywna,61.99,0, , ,nieaktywna
,63.24,960,85.5,0.0,10111111,63.57,0,0,0,aktywna,62.93,0, , ,aktywna
,64.19,864,85.5,0.0,10111111,64.49,0,0,0,aktywna,63.88,0, , ,aktywna
,65.10,896,85.5,0.4,10111111,65.41,0,0,0,aktywna,64.80,0, , ,aktywna
,66.04,896,85.5,2.3,10111111,66.36,0,0,0,aktywna,65.72,0, , ,aktywna
,66.96,896,85.5,3.5,10111111,67.26,0,0,0,aktywna,66.66,0, , ,aktywna
,67.88,896,85.5,4.7,10111111,68.17,0,0,0,aktywna,67.56,0, , ,aktywna
,68.80,1120,85.5,5.1,10101011,69.13,0,0,0,aktywna,68.49,0, , ,aktywna
,69.75,1152,85.5,10.5,10101011,70.08,0,0,0,aktywna,69.44,0, , ,aktywna
,70.79,1344,85.5,7.0,10101011,71.12,0,0,0,aktywna,70.43,0, , ,aktywna
,71.75,960,85.5,0.0,10111111,72.08,0,0,0,nieaktywna,71.46,0, , ,nieaktywna
,72.73,960,85.5,0.0,10111111,73.02,0,0,0,aktywna,72.44,0, , ,aktywna
,73.61,864,85.5,0.0,10111111,73.90,0,0,0,aktywna,73.31,0, , ,aktywna
,74.49,896,85.5,0.8,10111111,74.79,0,0,0,aktywna,74.19,0, , ,aktywna
,75.47,1664,85.5,0.0,10101011,75.79,0,0,0,aktywna,75.10,0, , ,aktywna
,76.56,1792,85.5,0.0,10101011,76.92,0,0,0,aktywna,76.21,0, , ,aktywna
,77.51,1088,85.5,0.0,10101011,77.85,0,0,0,nieaktywna,77.22,0, , ,nieaktywna
,78.46,1216,85.5,0.0,10101011,78.78,0,0,0,aktywna,78.14,0, , ,aktywna
,79.46,1568,85.5,0.0,10101011,79.83,0,0,0,aktywna,79.13,0, , ,aktywna
,80.52,2080,85.5,-0.8,10101001,80.84,0,0,0,aktywna,80.18,0, , ,aktywna
,81.52,2528,85.5,-2.0,10101001,81.86,0,0,0,aktywna,81.19,0, , ,aktywna
,82.51,2048,85.5,0.0,10111101,82.78,0,0,0,nieaktywna,82.17,0, , ,nieaktywna
,83.50,1760,85.5,0.0,10101011,83.85,0,0,0,aktywna,83.14,0, , ,nieaktywna
,84.56,1760,85.5,-0.8,10101011,84.92,0,0,0,aktywna,84.19,0, , ,aktywna
,85.63,1728,85.5,0.0,10101011,85.99,0,0,0,aktywna,85.28,0, , ,aktywna
,86.72,1728,85.5,-0.4,10111111,87.05,0,0,0,aktywna,86.36,0, , ,aktywna
,87.75,1664,85.5,0.8,10111111,88.12,0,0,0,aktywna,87.38,0, , ,aktywna
,88.82,1632,85.5,3.5,10111111,89.15,0,0,0,aktywna,88.49,0, , ,aktywna
,89.84,1600,85.5,4.3,10111111,90.18,0,0,0,aktywna,89.50,0, , ,aktywna
,90.95,1536,85.5,3.5,10101011,91.32,0,0,0,aktywna,90.57,0, , ,aktywna
,92.03,1600,85.5,3.5,10101011,92.39,0,0,0,aktywna,91.65,0, , ,aktywna
,93.11,1600,85.5,0.0,10101011,93.47,0,0,0,aktywna,92.75,0, , ,aktywna
,94.17,1568,85.5,0.8,10111111,94.52,0,0,0,aktywna,93.83,0, , ,aktywna
,95.26,1600,85.5,1.6,10101011,95.64,0,0,0,aktywna,94.89,0, , ,aktywna
,96.35,1664,85.5,2.7,10101011,96.71,0,0,0,aktywna,96.00,0, , ,aktywna
,97.46,1760,85.5,2.7,10101011,97.81,0,0,0,aktywna,97.09,0, , ,aktywna
,98.55,1856,85.5,0.0,10101011,98.92,0,0,0,aktywna,98.17,0, , ,aktywna
,99.64,1984,85.5,5.1,10101001,99.99,0,0,0,aktywna,99.29,0, , ,aktywna
,100.70,2144,85.5,0.0,10101001,101.04,0,0,0,aktywna,100.34,0, , ,aktywna
,101.71,2304,85.5,5.1,10101001,102.08,0,0,0,aktywna,101.37,0, , ,aktywna
,102.78,2496,85.5,7.4,11101001,103.13,0,0,0,aktywna,102.43,0, , ,aktywna
,103.84,1760,85.5,0.0,11111111,104.17,0,0,0,nieaktywna,103.45,0, , ,nieaktywna
,104.83,1568,85.5,0.0,11111111,105.19,0,0,0,nieaktywna,104.48,0, , ,nieaktywna
,105.91,1888,85.5,0.0,11101011,106.29,0,0,0,aktywna,105.55,0, , ,nieaktywna
,107.06,1888,85.5,3.1,11101011,107.43,0,0,0,aktywna,106.68,0, , ,aktywna
,108.19,1888,85.5,0.0,11101011,108.55,0,0,0,aktywna,107.81,0, , ,aktywna
,109.26,1920,85.5,0.0,11101011,109.64,0,0,0,aktywna,108.90,0, , ,aktywna
,110.37,1920,85.5,8.2,11101011,110.75,0,0,0,aktywna,110.00,0, , ,aktywna
,111.48,1952,85.5,11.3,11101011,111.85,0,0,0,aktywna,111.12,0, , ,aktywna
,112.56,1984,85.5,12.1,11101011,112.92,0,0,0,aktywna,112.20,0, , ,aktywna
,113.63,1984,85.5,13.7,11101001,113.98,0,0,0,aktywna,113.28,0, , ,aktywna
,114.70,2016,85.5,0.0,11111101,115.06,0,0,0,nieaktywna,114.34,0, , ,aktywna
,115.76,1952,85.5,0.0,11111111,116.12,0,0,0,nieaktywna,115.41,0, , ,nieaktywna
,116.81,1856,85.5,0.0,11101011,117.18,0,0,0,aktywna,116.47,0, , ,nieaktywna
,117.94,1888,85.5,0.0,11101011,118.30,0,0,0,aktywna,117.56,0, , ,aktywna
,119.02,1920,85.5,7.4,11101011,119.38,0,0,0,aktywna,118.65,0, , ,aktywna
,120.10,1952,85.5,11.7,11101011,120.44,0,0,0,aktywna,119.73,0, , ,aktywna
,121.15,1984,85.5,15.2,11101001,121.50,0,0,0,aktywna,120.79,0, , ,aktywna
,122.21,2016,85.5,16.0,11101001,122.55,0,0,0,aktywna,121.84,0, , ,aktywna
,123.26,2048,85.5,3.9,11101001,123.62,0,0,0,aktywna,122.90,0, , ,aktywna
,124.31,2016,85.5,0.0,11111101,124.66,0,0,0,nieaktywna,123.97,0, , ,nieaktywna
,125.37,1984,85.5,-0.8,11101001,125.72,0,0,0,aktywna,125.01,0, , ,nieaktywna
,126.44,2016,85.5,0.8,11101001,126.79,0,0,0,aktywna,126.08,0, , ,aktywna
,127.52,2048,85.5,2.0,11101001,127.88,0,0,0,aktywna,127.17,0, , ,aktywna
,128.56,2080,85.5,3.1,11101001,128.90,0,0,0,aktywna,128.22,0, , ,aktywna
,129.59,2080,87.0,0.0,11111101,129.95,0,0,0,nieaktywna,129.25,0, , ,aktywna
,130.66,2048,85.5,0.0,11111101,131.02,0,0,0,nieaktywna,130.31,0, , ,nieaktywna
,131.73,1984,85.5,0.0,11101011,132.09,0,0,0,aktywna,131.37,0, , ,nieaktywna
,132.83,1984,85.5,0.8,11101011,133.18,0,0,0,aktywna,132.45,0, , ,aktywna
,133.91,1984,85.5,1.6,11101001,134.28,0,0,0,aktywna,133.54,0, , ,aktywna
,134.98,2048,87.0,2.7,11101001,135.34,0,0,0,aktywna,134.63,0, , ,aktywna
,136.06,2080,87.0,3.9,11101001,136.42,0,0,0,aktywna,135.70,0, , ,aktywna
,137.10,2112,87.0,3.1,11101001,137.44,0,0,0,aktywna,136.76,0, , ,aktywna
,138.12,2112,87.0,3.9,11101001,138.48,0,0,0,aktywna,137.77,0, , ,aktywna
,139.16,2112,87.0,0.0,11111101,139.50,0,0,0,nieaktywna,138.83,0, , ,aktywna
,140.19,2048,87.0,0.0,11111101,140.54,0,0,0,nieaktywna,139.85,0, , ,nieaktywna
,141.25,1984,87.0,0.0,11101001,141.61,0,0,0,aktywna,140.89,0, , ,nieaktywna
,142.31,1984,87.0,0.0,11101011,142.68,0,0,0,aktywna,141.97,0, , ,aktywna
,143.41,1952,87.0,0.0,11101011,143.76,0,0,0,aktywna,143.04,0, , ,aktywna
,144.48,1920,87.0,-1.2,11101011,144.84,0,0,0,aktywna,144.13,0, , ,aktywna
,145.57,1920,87.0,-0.8,11101011,145.94,0,0,0,aktywna,145.21,0, , ,aktywna
,146.57,1280,87.0,0.0,11111111,146.91,0,0,0,nieaktywna,146.25,0, , ,nieaktywna
,147.53,992,87.0,0.0,11111111,147.81,0,0,0,nieaktywna,147.18,0, , ,nieaktywna
,148.44,832,87.0,0.0,11111111,148.75,0,0,0,nieaktywna,148.13,0, , ,nieaktywna
,149.34,896,87.0,0.8,11111111,149.64,0,0,0,nieaktywna,149.03,0, , ,nieaktywna
,150.26,896,87.0,3.5,11111111,150.59,0,0,0,nieaktywna,149.95,0, , ,nieaktywna
,151.19,896,87.0,5.1,11111111,151.48,0,0,0,nieaktywna,150.88,0, , ,nieaktywna
,152.10,1280,87.0,7.8,11101011,152.45,0,0,0,nieaktywna,151.76,0, , ,nieaktywna
,153.16,1600,87.0,0.0,11101011,153.50,0,0,0,nieaktywna,152.81,0, , ,nieaktywna
,154.21,1760,85.5,0.0,11101011,154.57,0,0,0,aktywna,153.85,0, , ,nieaktywna
,155.32,1920,87.0,0.0,11101011,155.66,0,0,0,aktywna,154.95,0, , ,aktywna
,156.37,1984,87.0,0.0,11101001,156.75,0,0,0,aktywna,156.01,0, , ,aktywna
,157.47,1952,87.0,-2.3,11101011,157.84,0,0,0,aktywna,157.11,0, , ,aktywna
,158.58,1952,87.0,-2.3,11101011,158.94,0,0,0,aktywna,158.20,0, , ,aktywna
,159.65,1952,87.0,-1.6,11101011,160.03,0,0,0,aktywna,159.29,0, , ,aktywna
,160.74,2016,87.0,0.0,11101001,161.07,0,0,0,nieaktywna,160.39,0, , ,aktywna
,161.78,2144,87.0,2.3,11101001,162.13,0,0,0,aktywna,161.44,0, , ,nieaktywna
,162.80,2272,87.0,4.7,11101001,163.14,0,0,0,aktywna,162.46,0, , ,aktywna
,163.82,2432,85.5,-0.4,11101001,164.14,0,0,0,aktywna,163.47,0, , ,aktywna
,164.82,2624,85.5,0.4,11101001,165.18,0,0,0,aktywna,164.48,0, , ,aktywna
,165.88,2848,85.5,0.8,11101001,166.20,0,0,0,aktywna,165.52,0, , ,aktywna
,166.97,3072,85.5,-0.4,11101001,167.32,0,0,0,aktywna,166.63,0, , ,aktywna
,168.06,3296,85.5,-0.4,11101001,168.44,0,0,0,aktywna,167.68,0, , ,aktywna
,169.17,3488,85.5,-1.6,11101001,169.55,0,0,0,aktywna,168.81,0, , ,aktywna
,170.32,3648,85.5,-0.4,11101001,170.72,0,0,0,aktywna,169.94,0, , ,aktywna
,171.48,3872,85.5,-1.2,11101001,171.83,0,0,0,nieaktywna,171.11,0, , ,aktywna
,172.52,2720,85.5,0.0,11101001,172.87,0,0,0,aktywna,172.18,0, , ,nieaktywna
,173.53,2880,85.5,0.0,11101001,173.85,0,0,0,aktywna,173.21,0, , ,aktywna
,174.62,2976,85.5,0.4,11101001,174.89,0,0,0,aktywna,174.20,0, , ,aktywna
,175.56,3040,85.5,0.0,11101001,175.99,0,0,0,aktywna,175.29,0, , ,aktywna
,176.60,2976,85.5,1.2,11101001,176.86,0,0,0,aktywna,176.33,0, , ,aktywna
,177.67,2976,87.0,0.0,11101001,178.14,0,0,0,aktywna,177.20,0, , ,aktywna
,178.84,2944,85.5,0.0,11101001,179.20,0,0,0,nieaktywna,178.57,0, , ,aktywna
,179.92,2912,85.5,-2.3,11101001,180.28,0,0,0,nieaktywna,179.53,0, , ,nieaktywna
,180.94,2880,85.5,0.0,11111101,181.28,0,0,0,nieaktywna,180.62,0, , ,nieaktywna
,181.97,2784,87.0,0.0,11111101,182.29,0,0,0,nieaktywna,181.62,0, , ,nieaktywna
,182.96,2720,87.0,0.0,11111101,183.31,0,0,0,nieaktywna,182.62,0, , ,nieaktywna
,183.96,2656,87.0,0.0,11111101,184.29,0,0,0,nieaktywna,183.64,0, , ,nieaktywna
,184.92,2560,87.0,0.0,11111101,185.26,0,0,0,nieaktywna,184.61,0, , ,nieaktywna
,185.94,2496,87.0,0.0,11101001,186.28,0,0,0,nieaktywna,185.60,0, , ,aktywna
,186.97,2560,87.0,0.0,11101001,187.29,0,0,0,aktywna,186.63,0, , ,aktywna
,187.98,2688,87.0,0.0,11101001,188.32,0,0,0,aktywna,187.64,0, , ,aktywna
,188.98,2784,87.0,0.0,11101001,189.32,0,0,0,aktywna,188.66,0, , ,aktywna
,190.00,2880,87.0,-0.8,11101001,190.31,0,0,0,aktywna,189.67,0, , ,aktywna
,191.22,2976,87.0,0.0,11101001,191.68,0,0,0,aktywna,190.77,0, , ,aktywna
,192.36,3008,87.0,0.0,11101001,192.62,0,0,0,aktywna,192.09,0, , ,aktywna
,193.55,2976,87.0,0.0,11101001,194.01,0,0,0,aktywna,193.09,0, , ,aktywna
,194.59,2976,87.0,1.2,11101001,195.02,0,0,0,aktywna,194.32,0, , ,aktywna
,195.62,2944,87.0,2.3,11101001,196.08,0,0,0,aktywna,195.36,0, , ,aktywna
,196.78,2944,87.0,4.3,11101001,197.12,0,0,0,aktywna,196.34,0, , ,aktywna
,197.74,2912,87.0,0.0,11101001,198.07,0,0,0,nieaktywna,197.40,0, , ,aktywna
,198.74,2880,87.0,-2.3,11111101,199.04,0,0,0,nieaktywna,198.41,0, , ,nieaktywna
,199.68,2784,87.0,0.0,11111101,199.99,0,0,0,nieaktywna,199.36,0, , ,nieaktywna
,200.64,2720,87.0,0.0,11111101,200.97,0,0,0,nieaktywna,200.30,0, , ,nieaktywna
,201.60,2656,87.0,0.0,11111101,201.93,0,0,0,nieaktywna,201.28,0, , ,nieaktywna
,202.59,2560,87.0,0.0,11101001,202.92,0,0,0,aktywna,202.25,0, , ,nieaktywna
,203.61,2560,87.0,0.0,11101001,203.95,0,0,0,aktywna,203.26,0, , ,aktywna
,204.61,2624,87.0,0.0,11101001,204.96,0,0,0,aktywna,204.28,0, , ,aktywna
,205.65,2720,87.0,-0.8,11101001,206.01,0,0,0,aktywna,205.32,0, , ,aktywna
,206.69,2816,87.0,-0.8,11101001,207.06,0,0,0,aktywna,206.35,0, , ,aktywna
,207.82,2912,87.0,0.0,11101001,208.10,0,0,0,aktywna,207.42,0, , ,aktywna
,208.62,3008,85.5,0.0,11101001,209.02,0,0,0,aktywna,208.36,0, , ,aktywna
,209.70,3104,85.5,-1.2,11101001,210.05,0,0,0,aktywna,209.36,0, , ,aktywna
,210.75,3200,85.5,-0.8,11101001,211.09,0,0,0,aktywna,210.41,0, , ,aktywna
,211.78,3296,85.5,-0.8,11101001,212.12,0,0,0,aktywna,211.44,0, , ,aktywna
,212.78,2944,85.5,0.0,11111101,213.11,0,0,0,nieaktywna,212.46,0, , ,aktywna
,213.81,2272,85.5,0.0,11101001,214.15,0,0,0,aktywna,213.47,0, , ,nieaktywna
,214.86,2496,85.5,0.0,11101001,215.19,0,0,0,aktywna,214.50,0, , ,aktywna
,215.88,2528,87.0,0.0,11101001,216.22,0,0,0,aktywna,215.53,0, , ,aktywna
,216.92,2528,87.0,4.3,11101001,217.27,0,0,0,aktywna,216.56,0, , ,aktywna
,217.94,2528,87.0,6.3,11101001,218.30,0,0,0,aktywna,217.61,0, , ,aktywna
,219.02,2528,87.0,3.5,11101001,219.34,0,0,0,aktywna,218.65,0, , ,aktywna
,220.03,2496,87.0,-0.8,11101001,220.39,0,0,0,aktywna,219.69,0, , ,aktywna
,221.08,2464,87.0,-2.3,11101001,221.42,0,0,0,aktywna,220.72,0, , ,aktywna
,222.10,2432,87.0,-3.5,11101001,222.46,0,0,0,aktywna,221.75,0, , ,aktywna
,223.15,2432,87.0,1.6,11101001,223.50,0,0,0,aktywna,222.81,0, , ,aktywna
,224.19,2432,87.0,6.3,11101001,224.53,0,0,0,aktywna,223.84,0, , ,aktywna
,225.24,2432,87.0,6.6,11101001,225.57,0,0,0,aktywna,224.89,0, , ,aktywna
,226.27,2400,87.0,7.0,11101001,226.59,0,0,0,aktywna,225.92,0, , ,aktywna
,227.31,2400,87.0,6.6,11101001,227.67,0,0,0,aktywna,226.96,0, , ,aktywna
,228.38,2400,87.0,6.6,11101001,228.71,0,0,0,aktywna,228.03,0, , ,aktywna
,229.42,2400,87.0,5.5,11101001,229.76,0,0,0,aktywna,229.04,0, , ,aktywna
,230.44,2368,87.0,0.8,11101001,230.78,0,0,0,nieaktywna,230.11,0, , ,aktywna
,231.44,2336,87.0,0.0,11111101,231.77,0,0,0,nieaktywna,231.11,0, , ,nieaktywna
,232.43,2272,87.0,0.0,11111101,232.77,0,0,0,nieaktywna,232.09,0, , ,nieaktywna
,233.42,2240,87.0,0.0,11111101,233.75,0,0,0,nieaktywna,233.10,0, , ,nieaktywna
,234.43,2176,87.0,0.0,11111101,234.77,0,0,0,nieaktywna,234.10,0, , ,nieaktywna
,235.44,2144,87.0,0.0,11101001,235.78,0,0,0,aktywna,235.10,0, , ,nieaktywna
,236.46,2144,87.0,0.0,11101001,236.78,0,0,0,aktywna,236.13,0, , ,aktywna
,237.45,2176,87.0,3.9,11101001,237.79,0,0,0,aktywna,237.12,0, , ,aktywna
,238.50,2208,87.0,6.6,11101001,238.84,0,0,0,aktywna,238.15,0, , ,aktywna
,239.48,2240,87.0,7.4,11101001,239.82,0,0,0,aktywna,239.16,0, , ,aktywna
,240.50,2240,87.0,8.2,11101001,240.83,0,0,0,aktywna,240.17,0, , ,aktywna
,241.50,2208,87.0,-2.0,11111101,241.84,0,0,0,nieaktywna,241.17,0, , ,aktywna
,242.52,2176,87.0,0.0,11111101,242.85,0,0,0,nieaktywna,242.19,0, , ,nieaktywna
,243.52,2080,87.0,0.0,11111101,243.85,0,0,0,nieaktywna,243.18,0, , ,nieaktywna
,244.56,1952,87.0,0.0,11111111,244.91,0,0,0,nieaktywna,244.21,0, , ,nieaktywna
,245.61,1824,87.0,0.0,11111111,245.94,0,0,0,nieaktywna,245.26,0, , ,nieaktywna
,246.62,1760,85.5,0.0,11111111,246.98,0,0,0,nieaktywna,246.28,0, , ,nieaktywna
,247.72,1792,85.5,0.0,11101011,248.06,0,0,0,aktywna,247.35,2, , ,aktywna
,248.78,1792,85.5,0.0,11101011,249.16,0,0,0,aktywna,248.44,19, , ,aktywna
,249.90,1856,85.5,-6.6,11101011,250.28,0,0,0,aktywna,249.53,26, , ,aktywna
,251.00,1920,85.5,-8.6,11101011,251.37,0,0,0,aktywna,250.64,26, , ,aktywna
,252.09,1952,85.5,-8.6,11101011,252.44,0,0,0,aktywna,251.74,26, , ,aktywna
,253.14,2016,85.5,-7.0,11101001,253.49,0,0,0,aktywna,252.79,26, , ,aktywna
,254.16,2080,85.5,-4.7,11101001,254.49,0,0,0,aktywna,253.83,26, , ,aktywna
,255.16,2112,85.5,-5.1,11101001,255.50,0,0,0,aktywna,254.83,26, , ,aktywna
,256.17,2176,85.5,-4.7,11101001,256.49,0,0,0,aktywna,255.83,26, , ,aktywna
,257.16,2240,85.5,-5.1,11101001,257.50,0,0,0,aktywna,256.82,26, , ,aktywna
,258.18,2272,85.5,-5.9,11101001,258.52,0,0,0,aktywna,257.84,26, , ,aktywna
,259.17,2304,85.5,0.0,11101001,259.49,0,0,0,aktywna,258.84,0, , ,aktywna
,260.15,2368,85.5,-2.7,11101001,260.49,0,0,0,aktywna,259.82,0, , ,aktywna
,261.17,2368,85.5,-3.5,11101001,261.54,0,0,0,aktywna,260.81,0, , ,aktywna
,262.24,2400,85.5,-3.9,11101001,262.56,0,0,0,aktywna,261.89,0, , ,aktywna
,263.27,2400,85.5,-3.1,11101001,263.61,0,0,0,aktywna,262.90,0, , ,aktywna
,264.35,2400,85.5,-2.0,11101001,264.66,0,0,0,aktywna,263.97,0, , ,aktywna
,265.33,2400,85.5,1.6,11101001,265.67,0,0,0,aktywna,264.97,0, , ,aktywna
,266.34,2432,85.5,0.0,11101001,266.72,0,0,0,aktywna,266.00,0, , ,aktywna
,267.40,2464,85.5,-0.4,11101001,267.75,0,0,0,aktywna,267.05,0, , ,aktywna
,268.43,2464,85.5,-1.6,11101001,268.78,0,0,0,aktywna,268.10,0, , ,aktywna
,269.45,2496,85.5,-1.2,11101001,269.80,0,0,0,aktywna,269.11,0, , ,aktywna
,270.50,2528,85.5,-1.6,11101001,270.86,0,0,0,aktywna,270.16,0, , ,aktywna
,271.54,2528,85.5,-0.8,11101001,271.89,0,0,0,aktywna,271.19,0, , ,aktywna
,272.58,2560,85.5,-0.8,11101001,272.94,0,0,0,aktywna,272.23,0, , ,aktywna
,273.61,2592,85.5,-1.6,11101001,273.95,0,0,0,aktywna,273.26,0, , ,aktywna
,274.64,2592,85.5,-1.2,11101001,274.96,0,0,0,aktywna,274.29,0, , ,aktywna
,275.67,2560,85.5,-2.3,11101001,276.01,0,0,0,nieaktywna,275.32,0, , ,aktywna
,276.73,2528,85.5,-5.1,11101001,277.07,0,0,0,aktywna,276.39,0, , ,aktywna
,277.74,2496,85.5,-2.7,11101001,278.06,0,0,0,aktywna,277.42,0, , ,aktywna
,278.72,2496,85.5,-1.6,11101001,279.07,0,0,0,aktywna,278.38,0, , ,aktywna
,279.78,2496,85.5,-0.4,11101001,280.11,0,0,0,aktywna,279.42,0, , ,aktywna
,280.77,2496,85.5,1.6,11101001,281.11,0,0,0,aktywna,280.44,0, , ,aktywna
,281.78,2496,85.5,0.8,11101001,282.12,0,0,0,aktywna,281.44,0, , ,aktywna
,282.83,2528,85.5,0.0,11101001,283.19,0,0,0,aktywna,282.48,0, , ,aktywna
,283.86,2528,87.0,-0.8,11101001,284.20,0,0,0,aktywna,283.53,0, , ,aktywna
,284.92,2528,85.5,-1.2,11101001,285.26,0,0,0,aktywna,284.56,0, , ,aktywna
,285.96,2528,85.5,-0.8,11101001,286.31,0,0,0,aktywna,285.62,0, , ,aktywna
,286.98,2528,85.5,0.0,11101001,287.32,0,0,0,aktywna,286.65,0, , ,aktywna
,288.01,2528,87.0,-3.1,11101001,288.35,0,0,0,aktywna,287.69,0, , ,aktywna
,289.01,2464,87.0,-5.1,11101001,289.37,0,0,0,aktywna,288.67,0, , ,aktywna
,290.11,2464,87.0,-4.7,11101001,290.48,0,0,0,aktywna,289.74,0, , ,aktywna
,291.16,2432,87.0,-3.9,11101001,291.52,0,0,0,aktywna,290.83,0, , ,aktywna
,292.20,2400,87.0,-2.0,11101001,292.56,0,0,0,aktywna,291.87,0, , ,aktywna
,293.19,2400,87.0,-2.7,11101001,293.51,0,0,0,aktywna,292.88,0, , ,aktywna
,294.19,2368,87.0,-4.7,11101001,294.52,0,0,0,nieaktywna,293.85,0, , ,nieaktywna
,295.17,2336,87.0,0.0,11111101,295.50,0,0,0,nieaktywna,294.84,0, , ,nieaktywna
,296.18,2272,87.0,0.0,11111101,296.52,0,0,0,nieaktywna,295.84,0, , ,nieaktywna
,297.18,2208,87.0,0.0,11111101,297.54,0,0,0,nieaktywna,296.86,0, , ,nieaktywna
,298.20,2144,87.0,0.0,11111101,298.55,0,0,0,nieaktywna,297.88,0, , ,nieaktywna
,299.26,2048,87.0,0.0,11111101,299.63,0,0,0,nieaktywna,298.89,0, , ,nieaktywna
,300.31,2016,87.0,0.0,11111101,300.64,0,0,0,nieaktywna,299.97,0, , ,nieaktywna
,301.34,1952,87.0,0.0,11111111,301.70,0,0,0,nieaktywna,300.99,0, , ,nieaktywna
,302.40,1920,87.0,0.0,11111111,302.76,0,0,0,nieaktywna,302.06,0, , ,nieaktywna
,303.44,1888,87.0,0.0,11111111,303.77,0,0,0,nieaktywna,303.09,0, , ,nieaktywna
,304.48,1824,85.5,0.0,11111111,304.83,0,0,0,nieaktywna,304.13,0, , ,nieaktywna
,305.50,1792,87.0,0.0,11111111,305.88,0,0,0,nieaktywna,305.17,0, , ,nieaktywna
,306.45,992,85.5,0.0,11111111,306.79,0,0,0,nieaktywna,306.15,0, , ,nieaktywna
,307.40,1088,87.0,0.0,11111111,307.76,0,0,0,nieaktywna,307.10,0, , ,nieaktywna
,308.35,896,87.0,0.0,11111111,308.65,0,0,0,nieaktywna,308.06,0, , ,nieaktywna
,309.27,864,85.5,2.0,11111111,309.58,0,0,0,nieaktywna,308.95,0, , ,nieaktywna
,310.18,864,85.5,2.7,11111111,310.50,0,0,0,nieaktywna,309.87,0, , ,nieaktywna
,311.11,864,85.5,3.1,11111111,311.42,0,0,0,nieaktywna,310.80,0, , ,nieaktywna
,312.05,896,85.5,3.5,11111111,312.36,0,0,0,nieaktywna,311.73,0, , ,nieaktywna
,312.97,896,85.5,3.9,11111111,313.27,0,0,0,nieaktywna,312.66,0, , ,nieaktywna
,313.88,864,85.5,3.9,11111111,314.18,0,0,0,nieaktywna,313.57,0, , ,nieaktywna
,314.81,864,85.5,3.9,11111111,315.13,0,0,0,nieaktywna,314.50,0, , ,nieaktywna
,315.74,896,85.5,3.5,11111111,316.05,0,0,0,nieaktywna,315.44,0, , ,nieaktywna
,316.64,896,85.5,3.1,11111111,316.96,0,0,0,nieaktywna,316.35,0, , ,nieaktywna
,317.57,896,85.5,3.1,11111111,317.89,0,0,0,nieaktywna,317.27,0, , ,nieaktywna
,318.49,896,85.5,3.1,11111111,318.80,0,0,0,nieaktywna,318.20,0, , ,nieaktywna
,319.42,864,85.5,3.5,11111111,319.72,0,0,0,nieaktywna,319.10,0, , ,nieaktywna
,320.32,928,85.5,3.9,11111111,320.60,0,0,0,nieaktywna,320.02,0, , ,nieaktywna
,321.23,1184,85.5,5.1,11101011,321.58,0,0,0,nieaktywna,320.92,0, , ,nieaktywna
,322.22,1504,85.5,6.3,11101011,322.59,0,0,0,nieaktywna,321.85,0, , ,nieaktywna
,323.27,1632,85.5,2.7,11101011,323.61,0,0,0,aktywna,322.93,0, , ,nieaktywna
,324.31,1728,85.5,2.3,11101011,324.65,0,0,0,aktywna,323.97,0, , ,aktywna
,325.38,1824,85.5,1.2,11101011,325.74,0,0,0,aktywna,325.01,0, , ,aktywna
,326.47,2048,85.5,0.8,11101001,326.81,0,0,0,aktywna,326.11,0, , ,aktywna
,327.50,2176,85.5,-0.4,11101001,327.83,0,0,0,aktywna,327.16,0, , ,nieaktywna
,328.51,2304,85.5,-1.2,11101001,328.87,0,0,0,aktywna,328.17,0, , ,aktywna
,329.58,2400,85.5,-1.6,11101001,329.92,0,0,0,aktywna,329.22,0, , ,aktywna
,330.61,2464,85.5,1.6,11101001,330.95,0,0,0,aktywna,330.27,0, , ,aktywna
,331.66,2496,85.5,2.0,11101001,332.00,0,0,0,aktywna,331.31,0, , ,aktywna
,332.69,2560,85.5,1.6,11101001,333.04,0,0,0,aktywna,332.34,0, , ,aktywna
,333.71,2560,85.5,-0.4,11101001,334.06,0,0,0,aktywna,333.38,0, , ,aktywna
,334.75,2560,85.5,0.0,11101001,335.09,0,0,0,aktywna,334.40,0, , ,aktywna
,335.73,2592,85.5,1.2,11101001,336.09,0,0,0,aktywna,335.41,0, , ,aktywna
,336.73,2624,84.0,1.2,11101001,337.07,0,0,0,aktywna,336.41,0, , ,aktywna
,337.78,2592,84.0,0.4,11101001,338.11,0,0,0,aktywna,337.43,0, , ,aktywna
,338.78,2592,84.0,0.0,11101001,339.13,0,0,0,aktywna,338.45,0, , ,aktywna
,339.81,2560,84.0,-0.8,11101001,340.18,0,0,0,aktywna,339.46,0, , ,aktywna
,340.84,2496,84.0,-2.0,11101001,341.19,0,0,0,aktywna,340.52,0, , ,aktywna
,341.88,2496,84.0,1.6,11101001,342.22,0,0,0,aktywna,341.55,0, , ,aktywna
,342.91,2432,84.0,0.4,11101001,343.24,0,0,0,aktywna,342.58,0, , ,aktywna
,343.92,2464,84.0,0.8,11101001,344.28,0,0,0,aktywna,343.57,0, , ,aktywna
,344.94,2496,84.0,3.9,11101001,345.28,0,0,0,aktywna,344.60,1, , ,aktywna
,345.98,2624,84.0,10.9,11101001,346.33,0,0,0,aktywna,345.63,1, , ,aktywna
,347.06,2816,84.0,14.5,11101001,347.39,0,0,0,aktywna,346.70,1, , ,aktywna
,348.14,2944,84.0,16.0,11101001,348.50,0,0,0,aktywna,347.71,1, , ,aktywna
,349.23,2976,84.0,0.0,11111101,349.56,0,0,0,nieaktywna,348.86,1, , ,aktywna
,350.29,2080,84.0,0.0,11101001,350.64,0,0,0,nieaktywna,349.93,1, , ,nieaktywna
,351.34,2144,84.0,0.0,11101001,351.68,0,0,0,aktywna,350.98,1, , ,aktywna
,352.37,2176,84.0,4.3,11101001,352.71,0,0,0,aktywna,352.04,1, , ,aktywna
,353.39,2304,84.0,12.5,11101001,353.72,0,0,0,aktywna,353.06,1, , ,aktywna
,354.44,2400,84.0,17.2,11101001,354.79,0,0,0,aktywna,354.08,1, , ,aktywna
,355.52,2432,85.5,13.3,11101001,355.84,0,0,0,aktywna,355.15,1, , ,aktywna
,356.54,2432,85.5,6.6,11101001,356.89,0,0,0,aktywna,356.20,1, , ,aktywna
,357.56,2400,85.5,4.3,11101001,357.91,0,0,0,aktywna,357.21,1, , ,aktywna
,358.60,2368,85.5,2.0,11101001,358.95,0,0,0,aktywna,358.28,1, , ,aktywna
,359.62,2368,85.5,2.3,11101001,359.97,0,0,0,aktywna,359.30,1, , ,aktywna
,360.65,2336,85.5,4.3,11101001,361.00,0,0,0,aktywna,360.32,1, , ,aktywna
,361.66,2368,85.5,9.0,11101001,361.99,0,0,0,aktywna,361.32,1, , ,aktywna
,362.64,2368,85.5,12.1,11101001,362.97,0,0,0,aktywna,362.33,1, , ,aktywna
,363.60,2400,85.5,12.5,11101001,363.94,0,0,0,aktywna,363.28,1, , ,aktywna
,364.65,2400,85.5,12.5,11101001,364.99,0,0,0,aktywna,364.28,0, , ,aktywna
,365.72,2432,85.5,8.6,11101001,366.06,0,0,0,aktywna,365.37,0, , ,aktywna
,366.76,2432,85.5,6.3,11101001,367.13,0,0,0,aktywna,366.40,0, , ,aktywna
,367.85,2432,85.5,8.2,11101001,368.18,0,0,0,aktywna,367.49,0, , ,aktywna
,368.87,2528,85.5,12.1,11101001,369.21,0,0,0,aktywna,368.51,0, , ,aktywna
,369.87,2624,85.5,0.0,11111101,370.20,0,0,0,aktywna,369.53,0, , ,aktywna
,370.85,2592,85.5,0.0,11111101,371.17,0,0,0,nieaktywna,370.53,0, , ,nieaktywna
,371.82,2496,85.5,0.0,11111101,372.16,0,0,0,nieaktywna,371.51,0, , ,nieaktywna
,372.80,2400,87.0,0.0,11111101,373.12,0,0,0,nieaktywna,372.48,0, , ,nieaktywna
,373.78,2336,87.0,0.0,11111101,374.12,0,0,0,nieaktywna,373.45,0, , ,nieaktywna
,374.81,2240,87.0,0.0,11101001,375.14,0,0,0,aktywna,374.46,0, , ,nieaktywna
,375.82,2208,87.0,-2.3,11101001,376.17,0,0,0,aktywna,375.48,0, , ,aktywna
,376.84,2208,87.0,-2.3,11101001,377.18,0,0,0,aktywna,376.52,0, , ,aktywna
,377.86,2208,87.0,-2.3,11101001,378.20,0,0,0,aktywna,377.52,0, , ,aktywna
,378.87,2144,87.0,-2.7,11111101,379.20,0,0,0,nieaktywna,378.55,0, , ,aktywna
,379.88,2112,85.5,0.0,11111101,380.20,0,0,0,nieaktywna,379.54,0, , ,nieaktywna
,380.92,2016,87.0,0.0,11111101,381.28,0,0,0,nieaktywna,380.56,0, , ,nieaktywna
,382.02,1920,85.5,0.0,11111111,382.36,0,0,0,nieaktywna,381.65,0, , ,nieaktywna
,382.99,1536,85.5,0.0,11111111,383.31,0,0,0,nieaktywna,382.70,0, , ,nieaktywna
,383.94,1088,85.5,0.0,11111111,384.24,0,0,0,aktywna,383.62,0, , ,nieaktywna
,384.82,960,85.5,0.0,11111111,385.13,0,0,0,aktywna,384.52,0, , ,aktywna
,385.74,960,85.5,0.0,11101011,386.06,0,0,0,aktywna,385.42,0, , ,aktywna
,386.72,1280,85.5,5.9,11101011,387.04,0,0,0,aktywna,386.38,0, , ,aktywna
,387.72,1312,85.5,0.0,11101011,388.03,0,0,0,aktywna,387.37,0, , ,aktywna
,388.68,1344,85.5,0.0,11101011,389.03,0,0,0,aktywna,388.36,0, , ,aktywna
,389.72,1440,85.5,7.8,11101011,390.01,0,0,0,aktywna,389.35,0, , ,aktywna
,390.68,1504,85.5,11.7,11101011,391.04,0,0,0,aktywna,390.41,0, , ,aktywna
,391.75,1568,85.5,0.0,11101011,392.12,0,0,0,aktywna,391.42,0, , ,aktywna
,392.84,1568,85.5,7.0,11101011,393.20,0,0,0,aktywna,392.49,0, , ,aktywna
,393.90,992,85.5,0.0,11111111,394.22,0,0,0,aktywna,393.57,0, , ,nieaktywna
,394.83,1152,85.5,0.0,11111111,395.15,0,0,0,nieaktywna,394.53,0, , ,aktywna
,395.76,832,85.5,0.0,11111111,396.07,0,0,0,aktywna,395.46,0, , ,nieaktywna
,396.68,864,85.5,1.2,11111111,396.99,0,0,0,aktywna,396.38,0, , ,aktywna
,397.60,864,85.5,4.3,11111111,397.90,0,0,0,aktywna,397.29,0, , ,aktywna
,398.53,896,85.5,6.3,11111111,398.84,0,0,0,aktywna,398.21,0, , ,aktywna
,399.44,896,85.5,7.8,11111111,399.73,0,0,0,aktywna,399.14,0, , ,aktywna
,400.32,896,85.5,9.8,11111111,400.64,0,0,0,aktywna,400.03,0, , ,aktywna
,401.27,864,85.5,10.9,11111111,401.57,0,0,0,aktywna,400.96,0, , ,aktywna
,402.24,896,85.5,12.1,11111111,402.56,0,0,0,aktywna,401.92,0, , ,aktywna
,403.18,896,87.0,12.1,11111111,403.48,0,0,0,aktywna,402.88,0, , ,aktywna
,404.11,896,85.5,11.3,11111111,404.42,0,0,0,aktywna,403.79,0, , ,aktywna
,405.05,960,87.0,0.0,11101011,405.35,0,0,0,aktywna,404.75,0, , ,aktywna
,405.96,992,87.0,0.0,11101011,406.26,0,0,0,aktywna,405.64,0, , ,aktywna
,406.89,1280,87.0,0.0,11101011,407.23,0,0,0,aktywna,406.56,0, , ,aktywna
,407.88,1312,87.0,0.0,11111111,408.18,0,0,0,aktywna,407.56,0, , ,aktywna
,408.83,1184,87.0,-2.3,11101011,409.19,0,0,0,aktywna,408.50,0, , ,aktywna
,409.84,1216,87.0,1.6,11101011,410.18,0,0,0,aktywna,409.52,0, , ,aktywna
,410.81,1440,87.0,0.0,11101011,411.14,0,0,0,aktywna,410.54,0, , ,aktywna
,411.87,1728,87.0,0.0,11101011,412.26,0,0,0,aktywna,411.50,0, , ,aktywna
,412.96,2080,87.0,5.1,11101001,413.30,0,0,0,aktywna,412.62,0, , ,aktywna
,414.02,2432,87.0,7.0,11101001,414.35,0,0,0,aktywna,413.65,0, , ,aktywna
,415.04,2048,87.0,0.0,11111101,415.36,0,0,0,nieaktywna,414.69,0, , ,nieaktywna
,415.99,1056,85.5,0.0,11111111,416.31,0,0,0,aktywna,415.67,0, , ,nieaktywna
,416.90,1024,85.5,0.0,11111111,417.22,0,0,0,nieaktywna,416.61,0, , ,aktywna
,417.82,832,85.5,0.0,11111111,418.12,0,0,0,aktywna,417.52,0, , ,aktywna
,418.73,864,85.5,0.8,11111111,419.04,0,0,0,aktywna,418.43,0, , ,aktywna
,419.69,896,85.5,3.1,11111111,420.00,0,0,0,aktywna,419.37,0, , ,aktywna
,420.62,896,85.5,5.5,11111111,420.94,0,0,0,aktywna,420.30,0, , ,aktywna
,421.54,896,85.5,7.0,11111111,421.87,0,0,0,aktywna,421.24,0, , ,aktywna
,422.51,896,85.5,8.6,11111111,422.84,0,0,0,aktywna,422.19,0, , ,aktywna
,423.46,864,85.5,9.0,11111111,423.77,0,0,0,aktywna,423.15,0, , ,aktywna
,424.36,896,85.5,9.8,11111111,424.65,0,0,0,aktywna,424.06,0, , ,aktywna
,425.24,896,85.5,10.2,11111111,425.55,0,0,0,aktywna,424.94,0, , ,aktywna
,426.16,896,85.5,7.8,11111111,426.46,0,0,0,aktywna,425.85,0, , ,aktywna
,427.08,896,85.5,7.8,11111111,427.39,0,0,0,aktywna,426.77,0, , ,aktywna
,427.99,864,85.5,5.1,11111111,428.28,0,0,0,aktywna,427.69,0, , ,aktywna
,428.89,864,85.5,4.7,11111111,429.19,0,0,0,aktywna,428.59,0, , ,aktywna
,429.74,768,85.5,4.7,11111111,430.05,0,0,0,aktywna,429.47,0, , ,aktywna
,430.64,800,85.5,4.7,11111111,430.94,0,0,0,aktywna,430.34,0, , ,aktywna
,431.54,768,85.5,2.0,11111111,431.83,0,0,0,aktywna,431.24,0, , ,aktywna
,432.44,768,85.5,2.0,11111111,432.74,0,0,0,aktywna,432.14,0, , ,aktywna
,433.34,800,85.5,2.7,11111111,433.64,0,0,0,aktywna,433.03,0, , ,aktywna
,434.24,800,85.5,3.1,11111111,434.53,0,0,0,aktywna,433.94,0, , ,aktywna
,435.14,800,85.5,3.5,11111111,435.44,0,0,0,aktywna,434.83,0, , ,aktywna
,436.04,800,85.5,3.5,11111111,436.36,0,0,0,aktywna,435.73,0, , ,aktywna
,436.95,800,85.5,3.9,11111111,437.26,0,0,0,aktywna,436.66,0, , ,aktywna
,437.87,768,85.5,3.5,11111111,438.16,0,0,0,aktywna,437.57,0, , ,aktywna
,438.73,800,85.5,3.5,11111111,439.03,0,0,0,aktywna,438.46,0, , ,aktywna
,439.64,800,85.5,3.9,11111111,439.93,0,0,0,aktywna,439.33,0, , ,aktywna
,440.53,768,85.5,3.5,11111111,440.82,0,0,0,aktywna,440.24,0, , ,aktywna
,441.43,768,85.5,3.5,11111111,441.73,0,0,0,aktywna,441.12,0, , ,aktywna
,442.33,768,85.5,3.9,11111111,442.62,0,0,0,aktywna,442.03,0, , ,aktywna
,443.22,800,85.5,3.9,11111111,443.53,0,0,0,aktywna,442.92,0, , ,aktywna
,444.13,800,87.0,3.9,11111111,444.42,0,0,0,aktywna,443.83,0, , ,aktywna
,445.02,800,87.0,3.5,11111111,445.31,0,0,0,aktywna,444.72,0, , ,aktywna
,445.90,800,87.0,2.7,11111111,446.20,0,0,0,aktywna,445.60,0, , ,aktywna
,446.81,800,87.0,2.0,11111111,447.12,0,0,0,aktywna,446.50,0, , ,aktywna
,447.71,800,87.0,2.0,11111111,448.01,0,0,0,aktywna,447.41,0, , ,aktywna
,448.63,768,87.0,2.3,11111111,448.93,0,0,0,aktywna,448.33,0, , ,aktywna
,449.54,768,87.0,2.7,11111111,449.84,0,0,0,aktywna,449.24,0, , ,aktywna
,450.44,768,87.0,3.1,11111111,450.75,0,0,0,aktywna,450.14,0, , ,aktywna
,451.33,768,87.0,2.7,11111111,451.63,0,0,0,aktywna,451.04,0, , ,aktywna
,452.24,768,87.0,2.3,11111111,452.55,0,0,0,aktywna,451.93,0, , ,aktywna
,453.14,768,87.0,2.3,11111111,453.44,0,0,0,aktywna,452.84,0, , ,aktywna
,454.04,800,87.0,2.3,11111111,454.34,0,0,0,aktywna,453.74,0, , ,aktywna
,454.94,768,87.0,2.3,10111111,455.24,0,0,0,aktywna,454.64,0, , ,aktywna
,455.83,768,87.0,2.7,10111111,456.14,0,0,0,aktywna,455.53,0, , ,aktywna
,456.74,800,87.0,2.7,10111111,457.04,0,0,0,aktywna,456.44,0, , ,aktywna
,457.64,768,87.0,2.7,10111111,457.95,0,0,0,aktywna,457.34,0, , ,aktywna
,458.54,768,87.0,2.3,10111111,458.84,0,0,0,aktywna,458.24,0, , ,aktywna
,459.43,800,87.0,2.7,10111111,459.73,0,0,0,aktywna,459.14,0, , ,aktywna
,460.32,768,87.0,2.7,10111111,460.64,0,0,0,aktywna,460.03,0, , ,aktywna
,461.24,768,87.0,2.3,10111111,461.54,0,0,0,aktywna,460.94,0, , ,aktywna
,462.15,768,87.0,2.3,10111111,462.46,0,0,0,aktywna,461.84,0, , ,aktywna
,463.06,800,87.0,2.3,10111111,463.36,0,0,0,aktywna,462.76,0, , ,aktywna
,463.97,768,87.0,2.3,10111111,464.27,0,0,0,aktywna,463.67,0, , ,aktywna
,464.88,800,87.0,2.3,10111111,465.17,0,0,0,aktywna,464.57,0, , ,aktywna
,465.74,800,87.0,2.3,10111111,466.03,0,0,0,aktywna,465.47,0, , ,aktywna
,466.63,800,87.0,2.3,10111111,466.93,0,0,0,aktywna,466.34,0, , ,aktywna
,467.56,800,87.0,2.3,10111111,467.85,0,0,0,aktywna,467.25,0, , ,aktywna
,468.45,800,87.0,2.3,10111111,468.76,0,0,0,aktywna,468.16,0, , ,aktywna
,469.36,800,87.0,2.3,10111111,469.65,0,0,0,aktywna,469.06,0, , ,aktywna
,470.25,768,87.0,2.3,10111111,470.55,0,0,0,aktywna,469.95,0, , ,aktywna
,471.13,768,87.0,2.3,10111111,471.42,0,0,0,aktywna,470.85,0, , ,aktywna
,472.02,768,87.0,2.7,10111111,472.32,0,0,0,aktywna,471.72,0, , ,aktywna
,472.92,768,87.0,2.3,10111111,473.22,0,0,0,aktywna,472.63,0, , ,aktywna
,473.81,800,87.0,2.0,10111111,474.11,0,0,0,aktywna,473.51,0, , ,aktywna
,474.72,800,87.0,1.6,10111111,475.02,0,0,0,aktywna,474.40,0, , ,aktywna
,475.61,768,87.0,1.2,10111111,475.90,0,0,0,aktywna,475.31,0, , ,aktywna
,476.53,768,87.0,1.2,10111111,476.82,0,0,0,aktywna,476.22,0, , ,aktywna
,477.41,768,87.0,1.6,10111111,477.71,0,0,0,aktywna,477.12,0, , ,aktywna
,478.28,768,87.0,2.0,10111111,478.58,0,0,0,aktywna,477.99,0, , ,aktywna
,479.19,800,87.0,2.0,10111111,479.49,0,0,0,aktywna,478.89,0, , ,aktywna
,480.12,768,87.0,1.6,10111111,480.42,0,0,0,aktywna,479.80,0, , ,aktywna
,481.03,800,87.0,1.6,10111111,481.33,0,0,0,aktywna,480.73,0, , ,aktywna
,481.95,768,87.0,2.0,10111111,482.25,0,0,0,aktywna,481.64,0, , ,aktywna
,482.85,800,87.0,2.3,10111111,483.15,0,0,0,aktywna,482.55,0, , ,aktywna
,483.76,800,87.0,2.3,10111111,484.05,0,0,0,aktywna,483.45,0, , ,aktywna
,484.66,800,87.0,2.7,10111111,484.95,0,0,0,aktywna,484.36,0, , ,aktywna
,485.55,800,87.0,2.7,10111111,485.85,0,0,0,aktywna,485.25,0, , ,aktywna
,486.45,800,87.0,2.7,10111111,486.75,0,0,0,aktywna,486.14,0, , ,aktywna
,487.34,768,87.0,2.3,10111111,487.65,0,0,0,aktywna,487.04,0, , ,aktywna
,488.25,800,87.0,2.3,10111111,488.55,0,0,0,aktywna,487.95,0, , ,aktywna
,489.15,800,87.0,2.0,10111111,489.45,0,0,0,aktywna,488.85,0, , ,aktywna
,490.05,800,88.5,1.6,10111111,490.35,0,0,0,aktywna,489.75,0, , ,aktywna
,490.95,800,88.5,1.6,10111111,491.26,0,0,0,aktywna,490.64,0, , ,aktywna
,491.86,768,88.5,1.6,10111111,492.15,0,0,0,aktywna,491.56,0, , ,aktywna
,492.74,800,88.5,2.0,10111111,493.03,0,0,0,aktywna,492.45,0, , ,aktywna
,493.63,800,88.5,2.3,10111111,493.93,0,0,0,aktywna,493.35,0, , ,aktywna
,494.54,800,88.5,2.3,10111111,494.85,0,0,0,aktywna,494.25,0, , ,aktywna
,495.45,800,88.5,2.3,10111111,495.75,0,0,0,aktywna,495.14,0, , ,aktywna
,496.36,800,88.5,2.3,10111111,496.66,0,0,0,aktywna,496.05,0, , ,aktywna
,497.25,800,88.5,2.3,10111111,497.54,0,0,0,aktywna,496.95,0, , ,aktywna
,498.18,800,88.5,2.0,10111111,498.49,0,0,0,aktywna,497.87,0, , ,aktywna
,499.08,768,88.5,1.6,10111111,499.38,0,0,0,aktywna,498.78,0, , ,aktywna
,499.98,800,88.5,1.6,10111111,500.29,0,0,0,aktywna,499.69,0, , ,aktywna
,500.90,800,88.5,1.6,10111111,501.22,0,0,0,aktywna,500.60,0, , ,aktywna
,501.82,800,88.5,2.0,10111111,502.12,0,0,0,aktywna,501.52,0, , ,aktywna
,502.71,800,88.5,2.0,10111111,503.00,0,0,0,aktywna,502.42,0, , ,aktywna
,503.61,768,88.5,2.0,10111111,503.91,0,0,0,aktywna,503.31,0, , ,aktywna
,504.51,768,88.5,2.0,10111111,504.82,0,0,0,aktywna,504.22,0, , ,aktywna
,505.42,800,88.5,2.3,10111111,505.72,0,0,0,aktywna,505.12,0, , ,aktywna
,506.33,800,88.5,2.3,10111111,506.63,0,0,0,aktywna,506.01,0, , ,aktywna
,507.23,768,88.5,2.3,10111111,507.53,0,0,0,aktywna,506.93,0, , ,aktywna
,508.13,768,88.5,2.3,10111111,508.41,0,0,0,aktywna,507.83,0, , ,aktywna
,509.00,800,88.5,2.3,10111111,509.30,0,0,0,aktywna,508.70,0, , ,aktywna
,509.91,768,88.5,2.0,10111111,510.20,0,0,0,aktywna,509.61,0, , ,aktywna
,510.79,768,88.5,2.0,10111111,511.07,0,0,0,aktywna,510.50,0, , ,aktywna
,511.69,800,88.5,2.0,10111111,511.99,0,0,0,aktywna,511.37,0, , ,aktywna
,512.57,800,88.5,2.0,10111111,512.87,0,0,0,aktywna,512.27,0, , ,aktywna
,513.47,800,88.5,1.6,10111111,513.76,0,0,0,aktywna,513.17,0, , ,aktywna
,514.37,800,88.5,1.2,10111111,514.67,0,0,0,aktywna,514.06,0, , ,aktywna
,515.27,800,88.5,1.2,10111111,515.56,0,0,0,aktywna,514.97,0, , ,aktywna
,516.16,800,88.5,1.6,10111111,516.46,0,0,0,aktywna,515.86,0, , ,aktywna
,517.08,800,90.0,1.6,10111111,517.39,0,0,0,aktywna,516.76,0, , ,aktywna
,517.99,768,88.5,2.0,10111111,518.30,0,0,0,aktywna,517.69,0, , ,aktywna
,518.89,800,90.0,2.0,10111111,519.20,0,0,0,aktywna,518.59,0, , ,aktywna
,519.80,800,90.0,2.0,10111111,520.10,0,0,0,aktywna,519.50,0, , ,aktywna
,520.69,800,90.0,1.6,10111111,520.97,0,0,0,aktywna,520.41,0, , ,aktywna
,521.59,768,90.0,1.6,10111111,521.89,0,0,0,aktywna,521.26,0, , ,aktywna
,522.46,768,90.0,1.6,10111111,522.75,0,0,0,aktywna,522.17,0, , ,aktywna
,523.36,768,90.0,1.6,10111111,523.66,0,0,0,aktywna,523.05,0, , ,aktywna
,524.25,800,90.0,1.6,10111111,524.55,0,0,0,aktywna,523.96,0, , ,aktywna
,525.16,768,90.0,1.6,10111111,525.45,0,0,0,aktywna,524.86,0, , ,aktywna
,526.05,800,90.0,1.6,10111111,526.36,0,0,0,aktywna,525.75,0, , ,aktywna
,526.96,800,90.0,1.6,10111111,527.25,0,0,0,aktywna,526.66,0, , ,aktywna
,527.84,768,90.0,1.2,10111111,528.15,0,0,0,aktywna,527.55,0, , ,aktywna
,528.76,800,90.0,1.6,10111111,529.06,0,0,0,aktywna,528.45,0, , ,aktywna
,529.65,800,90.0,1.6,10111111,529.96,0,0,0,aktywna,529.36,0, , ,aktywna
,530.55,800,90.0,1.6,10111111,530.86,0,0,0,aktywna,530.25,0, , ,aktywna
,531.47,800,90.0,1.6,10111111,531.75,0,0,0,aktywna,531.17,0, , ,aktywna
,532.34,768,90.0,1.6,10111111,532.64,0,0,0,aktywna,532.04,0, , ,aktywna
,533.24,800,90.0,2.0,10111111,533.55,0,0,0,aktywna,532.94,0, , ,aktywna
,534.15,800,90.0,2.0,10111111,534.45,0,0,0,aktywna,533.84,0, , ,aktywna
,535.05,800,90.0,1.6,10111111,535.36,0,0,0,aktywna,534.75,0, , ,aktywna
,535.97,768,90.0,1.6,10111111,536.28,0,0,0,aktywna,535.67,0, , ,aktywna
,536.88,768,90.0,1.6,10111111,537.17,0,0,0,aktywna,536.58,0, , ,aktywna
,537.77,800,90.0,1.6,10111111,538.07,0,0,0,aktywna,537.47,0, , ,aktywna
,538.66,800,90.0,1.6,10111111,538.96,0,0,0,aktywna,538.37,0, , ,aktywna
,539.55,768,90.0,1.6,10111111,539.85,0,0,0,aktywna,539.25,0, , ,aktywna
,540.44,800,91.5,2.0,10111111,540.73,0,0,0,aktywna,540.14,0, , ,aktywna
,541.35,768,91.5,1.6,10111111,541.65,0,0,0,aktywna,541.03,0, , ,aktywna
,542.24,768,91.5,1.2,10111111,542.53,0,0,0,aktywna,541.95,0, , ,aktywna
,543.13,768,91.5,1.2,10111111,543.43,0,0,0,aktywna,542.83,0, , ,aktywna
,544.03,768,91.5,0.8,10111111,544.33,0,0,0,aktywna,543.73,0, , ,aktywna
,544.92,768,91.5,1.2,10111111,545.22,0,0,0,aktywna,544.62,0, , ,aktywna
,545.83,800,91.5,1.2,10111111,546.15,0,0,0,aktywna,545.51,0, , ,aktywna
,546.75,768,91.5,1.2,10111111,547.05,0,0,0,aktywna,546.45,0, , ,aktywna
,547.65,800,91.5,1.6,10111111,547.94,0,0,0,aktywna,547.35,0, , ,aktywna
,548.54,800,91.5,2.0,10111111,548.84,0,0,0,aktywna,548.24,0, , ,aktywna
,549.46,800,91.5,2.0,10111111,549.76,0,0,0,aktywna,549.14,0, , ,aktywna
,550.38,800,91.5,2.3,10111111,550.68,0,0,0,aktywna,550.07,0, , ,aktywna
,551.28,768,91.5,2.3,10111111,551.57,0,0,0,aktywna,550.98,0, , ,aktywna
,552.17,800,91.5,2.3,10111111,552.47,0,0,0,aktywna,551.88,0, , ,aktywna
,553.07,800,91.5,2.7,10111111,553.39,0,0,0,aktywna,552.77,0, , ,aktywna
,553.98,768,91.5,2.7,10111111,554.28,0,0,0,aktywna,553.69,0, , ,aktywna
,554.91,800,91.5,2.7,10111111,555.20,0,0,0,aktywna,554.59,0, , ,aktywna
,555.80,768,91.5,2.7,10111111,556.10,0,0,0,aktywna,555.50,0, , ,aktywna
,556.70,768,91.5,2.3,10111111,557.01,0,0,0,aktywna,556.40,0, , ,aktywna
,557.62,768,91.5,2.3,10111111,557.94,0,0,0,aktywna,557.31,0, , ,aktywna
,558.52,768,91.5,2.3,10111111,558.82,0,0,0,aktywna,558.23,0, , ,aktywna
,559.43,800,91.5,2.0,10111111,559.73,0,0,0,aktywna,559.13,0, , ,aktywna
,560.30,768,91.5,2.0,10111111,560.60,0,0,0,aktywna,560.02,0, , ,aktywna
,561.19,768,91.5,2.0,10111111,561.48,0,0,0,aktywna,560.89,0, , ,aktywna
,562.08,768,93.0,2.0,10111111,562.40,0,0,0,aktywna,561.78,0, , ,aktywna
,563.04,1024,93.0,0.0,10101011,563.34,0,0,0,aktywna,562.71,0, , ,aktywna
,563.96,1056,93.0,0.0,10101011,564.28,0,0,0,aktywna,563.64,0, , ,aktywna
,564.99,1312,93.0,-1.2,10101011,565.33,0,0,0,aktywna,564.64,0, , ,aktywna
,565.99,1280,93.0,1.2,10101011,566.35,0,0,0,aktywna,565.64,0, , ,aktywna
,567.06,1696,93.0,0.0,10101011,567.40,0,0,0,aktywna,566.71,0, , ,aktywna
,568.05,1248,93.0,0.0,10111111,568.38,0,0,0,nieaktywna,567.76,0, , ,nieaktywna
,569.02,1120,93.0,0.0,10101011,569.36,0,0,0,aktywna,568.69,0, , ,aktywna
,570.02,1248,93.0,0.0,10101011,570.36,0,0,0,aktywna,569.68,0, , ,aktywna
,571.00,1376,93.0,0.8,10101011,571.36,0,0,0,aktywna,570.67,0, , ,aktywna
,572.11,1568,93.0,0.8,10101011,572.47,0,0,0,aktywna,571.75,0, , ,aktywna
,573.18,1696,93.0,0.8,10101011,573.56,0,0,0,aktywna,572.81,0, , ,aktywna
,574.29,1824,93.0,-0.8,10101011,574.66,0,0,0,aktywna,573.94,0, , ,aktywna
,575.38,1984,93.0,-0.8,10101011,575.72,0,0,0,aktywna,575.02,0, , ,aktywna
,576.41,2208,93.0,0.0,10101001,576.74,0,0,0,aktywna,576.06,0, , ,aktywna
,577.40,2464,93.0,0.4,10101001,577.75,0,0,0,aktywna,577.06,0, , ,aktywna
,578.42,2016,93.0,0.0,10111101,578.71,0,0,0,nieaktywna,578.07,0, , ,nieaktywna
,579.39,1600,93.0,0.0,10101011,579.74,0,0,0,aktywna,579.01,0, , ,nieaktywna
,580.49,1696,93.0,0.0,10101011,580.82,0,0,0,aktywna,580.11,0, , ,aktywna
,581.60,1696,93.0,-1.6,10101011,581.92,0,0,0,aktywna,581.22,0, , ,aktywna
,582.59,1760,93.0,0.0,10101011,582.95,0,0,0,aktywna,582.27,0, , ,aktywna
,583.69,1856,93.0,-0.4,10101011,584.05,0,0,0,aktywna,583.33,0, , ,aktywna
,584.78,1920,93.0,-0.8,10101011,585.15,0,0,0,aktywna,584.41,0, , ,aktywna
,585.91,1952,93.0,-2.7,10101011,586.26,0,0,0,aktywna,585.53,0, , ,aktywna
,586.98,1984,93.0,-5.9,10101011,587.34,0,0,0,aktywna,586.62,0, , ,aktywna
,588.06,1984,93.0,-2.3,10101011,588.42,0,0,0,aktywna,587.70,0, , ,aktywna
,589.14,1984,91.5,-2.0,10101001,589.51,0,0,0,aktywna,588.78,0, , ,aktywna
,590.23,1984,91.5,-2.7,10101001,590.59,0,0,0,aktywna,589.87,0, , ,aktywna
,591.31,1952,91.5,-3.5,10101011,591.68,0,0,0,aktywna,590.95,0, , ,aktywna
,592.40,1920,91.5,-0.8,10101011,592.77,0,0,0,aktywna,592.03,0, , ,aktywna
,593.49,1888,91.5,0.0,10101011,593.84,0,0,0,aktywna,593.12,0, , ,aktywna
,594.56,1856,91.5,4.7,10101011,594.93,0,0,0,aktywna,594.21,0, , ,aktywna
,595.64,1856,91.5,8.6,10101011,596.02,0,0,0,aktywna,595.30,0, , ,aktywna
,596.75,1856,91.5,7.4,10101011,597.10,0,0,0,aktywna,596.38,0, , ,aktywna
,597.82,1856,91.5,4.3,10101011,598.20,0,0,0,aktywna,597.46,0, , ,aktywna
,598.95,1856,91.5,5.1,10101011,599.33,0,0,0,aktywna,598.58,0, , ,aktywna
,600.06,1888,91.5,5.5,10101011,600.43,0,0,0,aktywna,599.70,0, , ,aktywna
,601.16,1920,91.5,6.3,10101011,601.51,0,0,0,aktywna,600.80,0, , ,aktywna
,602.24,1888,90.0,0.8,10111111,602.59,0,0,0,aktywna,601.88,0, , ,aktywna
,603.31,1824,90.0,0.0,10101011,603.66,0,0,0,aktywna,602.96,0, , ,aktywna
,604.34,1792,90.0,0.0,10101011,604.69,0,0,0,aktywna,604.00,0, , ,aktywna
,605.45,1728,90.0,0.4,10101011,605.81,0,0,0,aktywna,605.07,0, , ,aktywna
,606.50,1696,90.0,1.2,10101011,606.86,0,0,0,aktywna,606.15,0, , ,aktywna
,607.54,1696,90.0,3.1,10101011,607.91,0,0,0,aktywna,607.21,1, , ,aktywna
,608.66,1696,90.0,5.5,10101011,609.00,0,0,0,aktywna,608.29,1, , ,aktywna
,609.70,1728,90.0,7.4,10101011,610.07,0,0,0,aktywna,609.35,1, , ,aktywna
,610.75,1728,90.0,7.4,10101011,611.11,0,0,0,aktywna,610.43,1, , ,aktywna
,611.83,1728,90.0,7.0,10101011,612.21,0,0,0,aktywna,611.46,1, , ,aktywna
,612.90,1696,90.0,3.5,10101011,613.27,0,0,0,aktywna,612.53,1, , ,aktywna
,613.99,1664,90.0,3.1,10101011,614.31,0,0,0,aktywna,613.64,1, , ,aktywna
,614.97,1632,90.0,1.2,10101011,615.31,0,0,0,aktywna,614.64,1, , ,aktywna
,616.06,1568,90.0,2.7,10101011,616.42,0,0,0,aktywna,615.68,1, , ,aktywna
,617.13,1600,90.0,4.3,10101011,617.49,0,0,0,aktywna,616.79,1, , ,aktywna
,618.17,1664,88.5,4.3,10101011,618.57,0,0,0,aktywna,617.84,1, , ,aktywna
,619.26,1760,88.5,5.1,10101011,619.63,0,0,0,aktywna,618.90,1, , ,aktywna
,620.37,1824,88.5,4.7,10101011,620.75,0,0,0,aktywna,619.98,1, , ,aktywna
,621.48,1888,88.5,2.7,10101011,621.86,0,0,0,aktywna,621.12,1, , ,aktywna
,622.59,1952,88.5,2.3,10101011,622.96,0,0,0,aktywna,622.23,1, , ,aktywna
,623.70,1984,88.5,2.0,10101001,624.06,0,0,0,aktywna,623.34,1, , ,aktywna
,624.77,2016,88.5,1.2,10101001,625.11,0,0,0,aktywna,624.42,1, , ,aktywna
,625.80,2016,88.5,0.8,10101001,626.14,0,0,0,aktywna,625.46,1, , ,aktywna
,626.83,2080,88.5,0.4,10101001,627.17,0,0,0,aktywna,626.49,1, , ,aktywna
,627.85,2144,88.5,-0.4,10101001,628.21,0,0,0,aktywna,627.52,1, , ,aktywna
,628.92,2176,88.5,-2.0,10101001,629.26,0,0,0,aktywna,628.57,1, , ,aktywna
,629.96,2176,88.5,-4.7,10101001,630.31,0,0,0,aktywna,629.61,1, , ,aktywna
,630.99,2144,88.5,-6.3,10101001,631.33,0,0,0,aktywna,630.64,1, , ,aktywna
,632.04,2144,88.5,-6.6,10101001,632.39,0,0,0,aktywna,631.68,1, , ,aktywna
,633.06,2112,88.5,-5.5,10101001,633.41,0,0,0,aktywna,632.72,0, , ,aktywna
,634.10,2112,88.5,-0.8,10101001,634.44,0,0,0,nieaktywna,633.74,0, , ,aktywna
,635.00,1248,88.5,0.0,10111111,635.31,0,0,0,nieaktywna,634.72,0, , ,nieaktywna
,635.96,1152,88.5,0.0,10111111,636.28,0,0,0,nieaktywna,635.64,0, , ,aktywna
,636.89,896,88.5,0.0,10111111,637.19,0,0,0,aktywna,636.59,0, , ,nieaktywna
,637.81,864,88.5,0.0,10111111,638.11,0,0,0,aktywna,637.50,0, , ,aktywna
,638.73,896,88.5,2.0,10111111,639.03,0,0,0,aktywna,638.41,0, , ,aktywna
,639.65,864,88.5,4.7,10111111,639.96,0,0,0,aktywna,639.36,0, , ,aktywna
,640.56,896,88.5,6.3,10111111,640.85,0,0,0,aktywna,640.25,0, , ,aktywna
,641.46,896,88.5,6.6,10111111,641.76,0,0,0,aktywna,641.15,0, , ,aktywna
,642.36,896,88.5,7.0,10111111,642.66,0,0,0,aktywna,642.07,0, , ,aktywna
,643.29,832,88.5,7.8,10101011,643.63,0,0,0,aktywna,642.96,0, , ,aktywna
,644.21,736,88.5,0.0,10101011,644.53,0,0,0,aktywna,643.92,0, , ,aktywna
,645.16,928,88.5,0.8,10101011,645.50,0,0,0,aktywna,644.83,0, , ,aktywna
,646.17,1152,88.5,1.6,10101011,646.52,0,0,0,aktywna,645.84,0, , ,aktywna
,647.24,1536,88.5,5.5,10101011,647.59,0,0,0,aktywna,646.89,0, , ,aktywna
,648.32,1920,88.5,5.1,10101011,648.66,0,0,0,aktywna,647.95,0, , ,aktywna
,649.31,2272,88.5,3.5,10101001,649.66,0,0,0,aktywna,648.99,0, , ,aktywna
,650.33,1920,88.5,0.0,10111111,650.66,0,0,0,nieaktywna,649.98,0, , ,nieaktywna
,651.38,1632,88.5,0.0,10101011,651.73,0,0,0,aktywna,650.98,0, , ,nieaktywna
,652.41,1568,88.5,-1.2,10101011,652.76,0,0,0,aktywna,652.09,0, , ,aktywna
,653.46,1632,88.5,2.0,10101011,653.84,0,0,0,aktywna,653.13,0, , ,aktywna
,654.56,1696,88.5,5.1,10101011,654.90,0,0,0,aktywna,654.18,0, , ,aktywna
,655.64,1792,88.5,5.5,10101011,656.01,0,0,0,aktywna,655.26,0, , ,aktywna
,656.74,1856,88.5,5.1,11101011,657.10,0,0,0,aktywna,656.38,0, , ,aktywna
,657.82,1984,88.5,5.9,11101011,658.19,0,0,0,aktywna,657.47,0, , ,aktywna
,658.90,1984,87.0,2.7,11101001,659.28,0,0,0,aktywna,658.54,0, , ,aktywna
,659.99,2048,88.5,2.0,11101001,660.32,0,0,0,aktywna,659.63,0, , ,aktywna
,661.02,2112,87.0,1.2,11101001,661.36,0,0,0,aktywna,660.67,0, , ,aktywna
,662.03,2208,88.5,0.8,11101001,662.38,0,0,0,aktywna,661.69,0, , ,aktywna
,663.06,2272,88.5,2.3,11101001,663.39,0,0,0,aktywna,662.71,0, , ,aktywna
,664.04,2400,87.0,1.6,11101001,664.37,0,0,0,aktywna,663.72,0, , ,aktywna
,665.06,2528,87.0,0.8,11101001,665.42,0,0,0,aktywna,664.71,0, , ,aktywna
,666.11,2592,87.0,1.2,11101001,666.47,0,0,0,aktywna,665.76,0, , ,aktywna
,667.16,2720,87.0,3.1,11101001,667.52,0,0,0,aktywna,666.81,0, , ,aktywna
,668.24,2816,87.0,3.5,11101001,668.58,0,0,0,aktywna,667.88,0, , ,aktywna
,669.24,2304,87.0,0.0,11111101,669.55,0,0,0,nieaktywna,668.91,0, , ,nieaktywna
,670.22,1504,87.0,0.0,11101011,670.58,0,0,0,nieaktywna,669.85,0, , ,nieaktywna
,671.28,2016,87.0,0.0,11101001,671.64,0,0,0,aktywna,670.92,0, , ,nieaktywna
,672.37,1984,87.0,0.0,11101001,672.72,0,0,0,aktywna,672.00,0, , ,aktywna
,673.41,2016,87.0,0.8,11101001,673.75,0,0,0,aktywna,673.06,0, , ,aktywna
,674.45,2080,87.0,2.0,11101001,674.80,0,0,0,aktywna,674.10,0, , ,aktywna
,675.50,2112,87.0,1.2,11101001,675.85,0,0,0,aktywna,675.14,0, , ,aktywna
,676.53,2176,87.0,0.8,11101001,676.88,0,0,0,aktywna,676.18,0, , ,aktywna
,677.55,2208,87.0,0.8,11101001,677.87,0,0,0,aktywna,677.21,0, , ,aktywna
,678.56,2240,87.0,2.0,11101001,678.89,0,0,0,aktywna,678.22,0, , ,aktywna
,679.59,2272,87.0,2.0,11101001,679.94,0,0,0,aktywna,679.24,0, , ,aktywna
,680.60,2304,87.0,1.2,11101001,680.93,0,0,0,aktywna,680.26,0, , ,aktywna
,681.61,2368,87.0,2.0,11101001,681.95,0,0,0,aktywna,681.28,0, , ,aktywna
,682.66,2368,87.0,2.0,11101001,682.99,0,0,0,aktywna,682.32,0, , ,aktywna
,683.70,2432,87.0,2.7,11101001,684.09,0,0,0,aktywna,683.36,0, , ,aktywna
,684.77,2464,87.0,2.0,11101001,685.12,0,0,0,aktywna,684.45,0, , ,aktywna
,685.84,2496,87.0,2.3,11101001,686.19,0,0,0,aktywna,685.48,0, , ,aktywna
,686.85,2528,87.0,2.3,11101001,687.18,0,0,0,aktywna,686.52,0, , ,aktywna
,687.88,2560,87.0,3.5,11101001,688.21,0,0,0,aktywna,687.54,0, , ,aktywna
,688.87,2592,87.0,3.1,11101001,689.23,0,0,0,aktywna,688.55,0, , ,aktywna
,689.88,2592,87.0,3.1,11101001,690.23,0,0,0,aktywna,689.55,0, , ,aktywna
,690.89,2624,87.0,1.6,11101001,691.22,0,0,0,aktywna,690.56,0, , ,aktywna
,691.87,2624,85.5,1.2,11101001,692.21,0,0,0,aktywna,691.55,0, , ,aktywna
,692.86,2624,87.0,0.4,11101001,693.21,0,0,0,aktywna,692.53,0, , ,aktywna
,693.89,2624,87.0,0.8,11101001,694.24,0,0,0,aktywna,693.55,0, , ,aktywna
,694.92,2624,85.5,2.0,11101001,695.29,0,0,0,aktywna,694.58,0, , ,aktywna
,695.96,2656,85.5,2.3,11101001,696.29,0,0,0,aktywna,695.63,0, , ,aktywna
,696.98,2656,85.5,1.2,11101001,697.34,0,0,0,aktywna,696.64,0, , ,aktywna
,698.00,2656,85.5,1.6,11101001,698.34,0,0,0,aktywna,697.67,0, , ,aktywna
,699.02,2624,85.5,-2.0,11101001,699.37,0,0,0,aktywna,698.69,0, , ,aktywna
,700.06,2624,85.5,2.0,11101001,700.40,0,0,0,aktywna,699.71,0, , ,aktywna
,701.07,2688,85.5,3.9,11101001,701.41,0,0,0,aktywna,700.75,0, , ,aktywna
,702.08,2752,85.5,3.1,11101001,702.41,0,0,0,aktywna,701.74,0, , ,aktywna
,703.09,2656,85.5,0.0,11111101,703.44,0,0,0,nieaktywna,702.76,0, , ,aktywna
,704.11,1472,85.5,0.0,11101011,704.46,0,0,0,aktywna,703.79,0, , ,nieaktywna
,705.17,2112,85.5,0.0,11101001,705.51,0,0,0,aktywna,704.83,0, , ,aktywna
,706.20,2080,85.5,0.0,11101001,706.56,0,0,0,aktywna,705.85,0, , ,aktywna
,707.23,2112,85.5,1.6,11101001,707.59,0,0,0,aktywna,706.91,0, , ,aktywna
,708.28,2144,85.5,0.0,11101001,708.63,0,0,0,aktywna,707.95,0, , ,aktywna
,709.29,2144,85.5,0.4,11101001,709.65,0,0,0,aktywna,708.95,0, , ,aktywna
,710.33,2144,85.5,1.6,11101001,710.66,0,0,0,aktywna,709.99,0, , ,aktywna
,711.34,2144,85.5,2.7,11101001,711.70,0,0,0,aktywna,710.99,0, , ,aktywna
,712.40,2176,85.5,2.0,11101001,712.76,0,0,0,aktywna,712.06,0, , ,aktywna
,713.46,2176,85.5,1.6,11101001,713.78,0,0,0,aktywna,713.11,0, , ,aktywna
,714.44,2176,85.5,1.6,11101001,714.77,0,0,0,aktywna,714.11,0, , ,aktywna
,715.43,2176,85.5,2.0,11101001,715.77,0,0,0,aktywna,715.11,0, , ,aktywna
,716.43,2176,85.5,1.6,11101001,716.77,0,0,0,aktywna,716.10,0, , ,aktywna
,717.44,2176,85.5,1.6,11101001,717.77,0,0,0,aktywna,717.10,0, , ,aktywna
,718.44,2176,85.5,2.0,11101001,718.77,0,0,0,aktywna,718.11,0, , ,aktywna
,719.43,2176,84.0,-0.8,11101001,719.76,0,0,0,aktywna,719.10,0, , ,aktywna
,720.47,2144,85.5,-1.2,11101001,720.82,0,0,0,aktywna,720.12,0, , ,aktywna
,721.51,2080,85.5,-2.3,11101001,721.84,0,0,0,nieaktywna,721.15,0, , ,aktywna
,722.53,2080,85.5,0.0,11111101,722.89,0,0,0,nieaktywna,722.19,0, , ,nieaktywna
,723.58,2048,84.0,0.0,11101001,723.93,0,0,0,nieaktywna,723.24,0, , ,nieaktywna
,724.65,1984,84.0,0.0,11101011,725.01,0,0,0,nieaktywna,724.29,0, , ,nieaktywna
,725.73,1952,84.0,0.0,11101011,726.10,0,0,0,nieaktywna,725.38,0, , ,nieaktywna
,726.81,1920,84.0,0.0,11111111,727.15,0,0,0,nieaktywna,726.45,0, , ,nieaktywna
,727.86,1792,84.0,0.0,11111111,728.23,0,0,0,nieaktywna,727.50,0, , ,nieaktywna
,728.90,1728,84.0,0.0,11111111,729.25,0,0,0,nieaktywna,728.57,0, , ,nieaktywna
,729.90,1600,84.0,0.0,11111111,730.26,0,0,0,nieaktywna,729.56,0, , ,nieaktywna
,730.93,1504,84.0,0.0,11111111,731.28,0,0,0,nieaktywna,730.64,0, , ,nieaktywna
,731.94,1376,84.0,0.0,11111111,732.28,0,0,0,nieaktywna,731.63,0, , ,nieaktywna
,732.92,960,84.0,0.0,11111111,733.24,0,0,0,aktywna,732.59,0, , ,nieaktywna
,733.91,1280,84.0,0.0,11101011,734.27,0,0,0,aktywna,733.55,0, , ,aktywna
,734.94,1696,84.0,0.0,11101011,735.27,0,0,0,nieaktywna,734.61,0, , ,aktywna
,735.99,1728,84.0,0.0,11101011,736.35,0,0,0,aktywna,735.62,0, , ,nieaktywna
,737.02,1792,84.0,1.2,11101011,737.38,0,0,0,nieaktywna,736.69,0, , ,aktywna
,738.11,1856,84.0,3.5,11101011,738.49,0,0,0,aktywna,737.74,0, , ,aktywna
,739.20,1952,84.0,4.3,11101011,739.56,0,0,0,nieaktywna,738.84,0, , ,aktywna
,740.30,2016,84.0,3.5,11101001,740.65,0,0,0,nieaktywna,739.93,0, , ,nieaktywna
,741.37,2048,84.0,3.5,11101001,741.71,0,0,0,nieaktywna,741.02,0, , ,nieaktywna
,742.38,2112,84.0,2.3,11101001,742.74,0,0,0,aktywna,742.05,0, , ,nieaktywna
,743.42,2208,84.0,-0.4,11101001,743.77,0,0,0,aktywna,743.09,0, , ,aktywna
,744.45,2272,84.0,-0.4,11101001,744.78,0,0,0,aktywna,744.10,0, , ,aktywna
,745.44,2304,84.0,0.0,11101001,745.77,0,0,0,aktywna,745.11,0, , ,aktywna
,746.44,2304,84.0,2.0,11101001,746.76,0,0,0,aktywna,746.10,0, , ,aktywna
,747.46,2336,84.0,2.3,11101001,747.81,0,0,0,aktywna,747.11,0, , ,aktywna
,748.48,2336,84.0,3.5,11101001,748.80,0,0,0,aktywna,748.16,0, , ,aktywna
,749.45,2400,84.0,0.0,11101001,749.81,0,0,0,aktywna,749.13,0, , ,aktywna
,750.51,2464,84.0,0.0,11101001,750.87,0,0,0,aktywna,750.16,0, , ,aktywna
,751.57,2560,84.0,-1.6,11101001,751.93,0,0,0,aktywna,751.22,0, , ,aktywna
,752.59,2656,84.0,-0.4,11101001,752.91,0,0,0,aktywna,752.26,0, , ,aktywna
,753.57,2752,84.0,-1.6,11101001,753.90,0,0,0,nieaktywna,753.24,0, , ,aktywna
,754.57,1760,84.0,0.0,11111111,754.88,0,0,0,nieaktywna,754.25,0, , ,nieaktywna
,755.60,2016,84.0,0.0,11101001,755.94,0,0,0,aktywna,755.24,0, , ,nieaktywna
,756.60,2080,84.0,0.0,11101001,756.94,0,0,0,aktywna,756.27,0, , ,aktywna
,757.64,2112,85.5,0.4,11101001,757.98,0,0,0,aktywna,757.28,0, , ,aktywna
,758.67,2112,84.0,1.2,11101001,759.03,0,0,0,aktywna,758.31,0, , ,aktywna
,759.72,2112,85.5,-0.8,11101001,760.06,0,0,0,aktywna,759.37,0, , ,aktywna
,760.74,2080,85.5,-2.3,11101001,761.08,0,0,0,aktywna,760.40,0, , ,aktywna
,761.77,2080,85.5,-3.1,11101001,762.12,0,0,0,aktywna,761.44,0, , ,aktywna
,762.81,2048,85.5,-3.1,11101001,763.15,0,0,0,aktywna,762.46,0, , ,aktywna
,763.83,2048,85.5,-3.1,11101001,764.18,0,0,0,aktywna,763.50,0, , ,aktywna
,764.90,2048,85.5,0.0,11101001,765.25,0,0,0,aktywna,764.55,0, , ,aktywna
,765.95,2048,85.5,3.5,11101001,766.31,0,0,0,aktywna,765.60,0, , ,aktywna
,767.01,2048,85.5,5.5,11101001,767.38,0,0,0,aktywna,766.66,0, , ,aktywna
,768.08,2048,85.5,4.7,11101001,768.43,0,0,0,aktywna,767.73,0, , ,aktywna
,769.12,2048,85.5,3.5,11101001,769.47,0,0,0,aktywna,768.77,0, , ,aktywna
,770.16,2048,85.5,2.7,11101001,770.51,0,0,0,aktywna,769.81,0, , ,aktywna
,771.21,2048,85.5,2.0,11101001,771.56,0,0,0,aktywna,770.86,0, , ,aktywna
,772.26,2048,85.5,1.2,11101001,772.63,0,0,0,aktywna,771.91,0, , ,aktywna
,773.34,2048,85.5,1.2,11101001,773.69,0,0,0,aktywna,772.98,0, , ,aktywna
,774.40,2080,85.5,2.0,11101001,774.74,0,0,0,aktywna,774.04,0, , ,aktywna
,775.41,2080,85.5,2.0,11101001,775.74,0,0,0,aktywna,775.07,0, , ,aktywna
,776.41,2080,85.5,2.3,11101001,776.75,0,0,0,aktywna,776.08,0, , ,aktywna
,777.44,2112,85.5,0.0,11101001,777.77,0,0,0,aktywna,777.10,0, , ,aktywna
,778.46,2112,85.5,-2.3,11101001,778.80,0,0,0,aktywna,778.11,0, , ,aktywna
,779.49,2080,85.5,-3.9,11101001,779.83,0,0,0,aktywna,779.14,0, , ,aktywna
,780.54,2048,85.5,-5.1,11101001,780.89,0,0,0,nieaktywna,780.18,0, , ,aktywna
,781.58,2016,85.5,-10.2,11101001,781.93,0,0,0,nieaktywna,781.24,0, , ,nieaktywna
,782.65,1984,85.5,-10.2,11101001,783.01,0,0,0,nieaktywna,782.29,0, , ,nieaktywna
,783.72,1952,85.5,-9.0,11101011,784.08,0,0,0,nieaktywna,783.38,0, , ,nieaktywna
,784.83,1920,85.5,-7.0,11101011,785.19,0,0,0,aktywna,784.45,0, , ,nieaktywna
,785.95,1920,85.5,-2.0,11101011,786.32,0,0,0,aktywna,785.57,0, , ,aktywna
,787.03,1920,85.5,0.0,11101011,787.40,0,0,0,aktywna,786.67,0, , ,aktywna
,788.14,1952,85.5,1.2,11101011,788.50,0,0,0,aktywna,787.78,0, , ,aktywna
,789.22,1984,85.5,2.0,11101001,789.56,0,0,0,aktywna,788.88,0, , ,aktywna
,790.29,2016,85.5,2.3,11101001,790.64,0,0,0,aktywna,789.92,0, , ,aktywna
,791.34,2048,85.5,1.6,11101001,791.70,0,0,0,aktywna,790.99,0, , ,aktywna
,792.40,2080,85.5,1.2,11101001,792.76,0,0,0,aktywna,792.04,0, , ,aktywna
,793.46,2080,85.5,0.8,11101001,793.81,0,0,0,aktywna,793.12,0, , ,aktywna
,794.51,2112,85.5,0.8,11101001,794.86,0,0,0,aktywna,794.17,0, , ,aktywna
,795.56,2080,85.5,-2.3,11101001,795.92,0,0,0,aktywna,795.20,0, , ,aktywna
,796.62,2048,85.5,-4.3,11101001,796.98,0,0,0,aktywna,796.26,0, , ,aktywna
,797.70,2048,85.5,-6.3,11101001,798.05,0,0,0,aktywna,797.35,0, , ,aktywna
,798.76,2016,85.5,-7.0,11101001,799.12,0,0,0,aktywna,798.41,0, , ,aktywna
,799.83,1984,85.5,-5.5,11101001,800.19,0,0,0,aktywna,799.49,0, , ,aktywna
,800.94,1984,85.5,-7.0,11101011,801.30,0,0,0,nieaktywna,800.56,0, , ,aktywna
,802.00,1920,85.5,-8.2,11101011,802.37,0,0,0,nieaktywna,801.66,0, , ,nieaktywna
,803.09,1888,85.5,-6.6,11101011,803.45,0,0,0,nieaktywna,802.74,0, , ,nieaktywna
,804.14,1856,85.5,-4.7,11101011,804.49,0,0,0,nieaktywna,803.82,0, , ,nieaktywna
,805.21,1824,85.5,-2.7,11101011,805.57,0,0,0,nieaktywna,804.85,0, , ,nieaktywna
,806.33,1792,85.5,-1.6,11101011,806.70,0,0,0,nieaktywna,805.93,0, , ,nieaktywna
,807.43,1760,85.5,-0.4,11101011,807.78,0,0,0,nieaktywna,807.07,0, , ,nieaktywna
,808.50,1760,85.5,0.8,11101011,808.86,0,0,0,aktywna,808.14,0, , ,nieaktywna
,809.55,1728,85.5,0.4,11101011,809.91,0,0,0,aktywna,809.20,0, , ,aktywna
,810.59,1696,85.5,1.2,11101011,810.92,0,0,0,aktywna,810.26,0, , ,aktywna
,811.67,1664,85.5,2.7,11101011,812.00,0,0,0,aktywna,811.31,0, , ,aktywna
,812.68,1664,85.5,3.9,11101011,813.03,0,0,0,aktywna,812.33,0, , ,aktywna
,813.76,1632,85.5,2.7,11111111,814.11,0,0,0,aktywna,813.39,0, , ,aktywna
,814.84,1568,85.5,0.8,11111111,815.19,0,0,0,aktywna,814.48,0, , ,aktywna
,815.88,1600,85.5,2.0,11101011,816.24,0,0,0,aktywna,815.51,0, , ,aktywna
,816.95,1568,85.5,1.6,11101011,817.29,0,0,0,aktywna,816.59,0, , ,aktywna
,818.06,1568,85.5,2.3,11101011,818.41,0,0,0,aktywna,817.68,0, , ,aktywna
,819.12,1600,85.5,3.1,11101011,819.47,0,0,0,aktywna,818.77,0, , ,aktywna
,820.20,1600,85.5,3.5,11111111,820.56,0,0,0,aktywna,819.83,0, , ,aktywna
,821.27,1632,85.5,-0.4,11111111,821.59,0,0,0,aktywna,820.94,0, , ,aktywna
,822.32,1568,85.5,1.2,11111111,822.67,0,0,0,aktywna,821.95,0, , ,aktywna
,823.42,1536,85.5,1.6,11111111,823.72,0,0,0,aktywna,823.06,0, , ,aktywna
,824.57,1504,85.5,2.0,11111111,824.93,0,0,0,aktywna,824.16,0, , ,aktywna
,825.64,1408,85.5,4.3,11111111,825.99,0,0,0,aktywna,825.27,0, , ,aktywna
,826.62,992,85.5,3.1,11111111,826.95,0,0,0,aktywna,826.31,0, , ,aktywna
,827.59,928,85.5,3.5,11111111,827.92,0,0,0,aktywna,827.26,0, , ,aktywna
,828.56,1728,85.5,0.0,11111111,828.90,0,0,0,nieaktywna,828.21,0, , ,aktywna
,829.63,2080,85.5,0.0,11111101,829.96,0,0,0,nieaktywna,829.26,0, , ,nieaktywna
,830.66,2016,85.5,0.0,11101001,831.00,0,0,0,nieaktywna,830.30,0, , ,nieaktywna
,831.70,1952,85.5,0.0,11101011,832.07,0,0,0,nieaktywna,831.35,0, , ,nieaktywna
,832.79,1920,85.5,-2.0,11101011,833.17,0,0,0,nieaktywna,832.41,0, , ,nieaktywna
,833.92,1888,85.5,-2.0,11101011,834.29,0,0,0,aktywna,833.55,0, , ,aktywna
,835.03,1824,85.5,-0.8,11101011,835.41,0,0,0,aktywna,834.67,0, , ,aktywna
,836.16,1824,85.5,0.0,11101011,836.51,0,0,0,aktywna,835.78,0, , ,aktywna
,837.26,1824,85.5,1.6,11101011,837.62,0,0,0,aktywna,836.89,0, , ,aktywna
,838.36,1856,85.5,2.3,11101011,838.73,0,0,0,aktywna,837.99,0, , ,aktywna
,839.45,1856,84.0,2.7,11101011,839.81,0,0,0,aktywna,839.09,0, , ,aktywna
,840.54,1856,84.0,2.7,11101011,840.92,0,0,0,aktywna,840.17,0, , ,aktywna
,841.65,1888,84.0,2.3,11101011,842.01,0,0,0,aktywna,841.28,0, , ,aktywna
,842.75,1856,85.5,0.8,11101011,843.12,0,0,0,aktywna,842.39,0, , ,aktywna
,843.84,1856,84.0,0.8,11101011,844.20,0,0,0,aktywna,843.49,0, , ,aktywna
,844.96,1824,84.0,0.4,11101011,845.36,0,0,0,aktywna,844.57,0, , ,aktywna
,846.12,1792,84.0,-0.8,11101011,846.50,0,0,0,nieaktywna,845.75,0, , ,aktywna
,847.23,1760,84.0,0.4,11101011,847.58,0,0,0,nieaktywna,846.86,0, , ,nieaktywna
,848.32,1728,84.0,0.4,11111111,848.65,0,0,0,nieaktywna,847.94,0, , ,aktywna
,849.34,1664,84.0,0.0,11111111,849.68,0,0,0,nieaktywna,848.97,0, , ,nieaktywna
,850.39,1600,84.0,0.0,11101011,850.74,0,0,0,aktywna,850.01,0, , ,nieaktywna
,851.44,1600,84.0,0.0,11101011,851.77,0,0,0,aktywna,851.06,0, , ,aktywna
,852.43,1632,84.0,1.6,11101011,852.77,0,0,0,aktywna,852.10,0, , ,aktywna
,853.50,1696,84.0,4.3,11101011,853.87,0,0,0,aktywna,853.11,0, , ,aktywna
,854.62,1760,84.0,5.5,11101011,855.00,0,0,0,aktywna,854.25,0, , ,aktywna
,855.75,1824,84.0,5.9,11101011,856.12,0,0,0,aktywna,855.36,0, , ,aktywna
,856.86,1888,84.0,5.1,11101011,857.23,0,0,0,aktywna,856.50,0, , ,aktywna
,857.97,1952,85.5,2.0,11101011,858.32,0,0,0,aktywna,857.60,0, , ,aktywna
,859.03,1984,84.0,0.4,11101011,859.39,0,0,0,aktywna,858.67,0, , ,aktywna
,860.09,2016,84.0,-1.2,11101001,860.44,0,0,0,aktywna,859.75,0, , ,aktywna
,861.15,2016,84.0,-1.6,11101001,861.50,0,0,0,aktywna,860.78,0, , ,aktywna
,862.20,2048,84.0,-2.7,11101001,862.55,0,0,0,aktywna,861.85,0, , ,aktywna
,863.25,2048,84.0,-2.7,11101001,863.59,0,0,0,aktywna,862.89,0, , ,aktywna
,864.29,2080,84.0,-2.7,11101001,864.64,0,0,0,aktywna,863.94,0, , ,aktywna
,865.33,2080,84.0,-1.6,11101001,865.68,0,0,0,aktywna,864.99,0, , ,aktywna
,866.37,2112,84.0,-0.8,11101001,866.72,0,0,0,aktywna,866.02,0, , ,aktywna
,867.40,2112,85.5,-0.8,11101001,867.74,0,0,0,aktywna,867.06,0, , ,aktywna
,868.44,2112,85.5,-1.2,11101001,868.78,0,0,0,aktywna,868.09,0, , ,aktywna
,869.48,2112,84.0,-1.2,11101001,869.81,0,0,0,aktywna,869.12,0, , ,aktywna
,870.50,2144,85.5,-1.2,11101001,870.83,0,0,0,aktywna,870.16,0, , ,aktywna
,871.52,2144,85.5,-3.5,11101001,871.86,0,0,0,aktywna,871.17,0, , ,aktywna
,872.54,2176,85.5,-3.5,11101001,872.88,0,0,0,aktywna,872.20,0, , ,aktywna
,873.53,2176,85.5,-4.3,11101001,873.88,0,0,0,aktywna,873.21,0, , ,aktywna
,874.55,2112,85.5,-3.1,11101001,874.90,0,0,0,aktywna,874.21,0, , ,aktywna
,875.59,2048,84.0,-4.3,11101001,875.95,0,0,0,nieaktywna,875.24,0, , ,aktywna
,876.64,2016,85.5,-5.1,11101001,877.00,0,0,0,aktywna,876.30,0, , ,nieaktywna
,877.73,1984,85.5,-2.7,11101001,878.09,0,0,0,aktywna,877.36,0, , ,aktywna
,878.81,1952,85.5,0.0,11101011,879.17,0,0,0,aktywna,878.46,0, , ,aktywna
,879.91,1952,85.5,0.0,11101011,880.27,0,0,0,aktywna,879.55,0, , ,aktywna
,881.00,1952,85.5,-0.8,11101011,881.36,0,0,0,aktywna,880.62,0, , ,aktywna
,882.08,1952,85.5,-0.4,11101011,882.45,0,0,0,aktywna,881.72,0, , ,aktywna
,883.19,1952,85.5,-0.4,11101011,883.55,0,0,0,aktywna,882.81,0, , ,aktywna
,884.29,1920,85.5,-0.8,11101011,884.67,0,0,0,aktywna,883.92,0, , ,aktywna
,885.40,1920,85.5,-1.2,11101011,885.77,0,0,0,aktywna,885.04,0, , ,aktywna
,886.51,1920,85.5,-1.6,11101011,886.89,0,0,0,aktywna,886.14,0, , ,aktywna
,887.62,1888,85.5,-1.6,11101011,888.00,0,0,0,aktywna,887.26,0, , ,aktywna
,888.74,1888,85.5,-0.4,11101011,889.12,0,0,0,aktywna,888.38,0, , ,aktywna
,889.84,1920,85.5,-0.4,11101011,890.22,0,0,0,aktywna,889.48,0, , ,aktywna
,890.95,1920,85.5,0.8,11101011,891.32,0,0,0,aktywna,890.58,0, , ,aktywna
,892.05,1920,85.5,0.0,11101011,892.42,0,0,0,aktywna,891.69,0, , ,aktywna
,893.15,1920,85.5,-0.4,11101011,893.53,0,0,0,aktywna,892.78,0, , ,aktywna
,894.27,1920,85.5,-0.4,11101011,894.64,0,0,0,aktywna,893.91,0, , ,aktywna
,895.38,1920,85.5,-0.8,11101011,895.73,0,0,0,aktywna,895.00,0, , ,aktywna
,896.47,1920,85.5,-1.2,11101011,896.82,0,0,0,aktywna,896.09,0, , ,aktywna
,897.55,1920,85.5,-2.0,11101011,897.91,0,0,0,aktywna,897.18,0, , ,aktywna
,898.64,1920,85.5,-2.0,11101011,899.01,0,0,0,aktywna,898.28,0, , ,aktywna
,899.74,1920,85.5,-1.6,11101011,900.10,0,0,0,aktywna,899.37,0, , ,aktywna
,900.82,1952,85.5,-1.2,11101011,901.19,0,0,0,aktywna,900.45,0, , ,aktywna
,901.91,1920,85.5,-2.0,11101011,902.27,0,0,0,aktywna,901.54,0, , ,aktywna
,903.01,1920,85.5,2.3,11101011,903.38,0,0,0,aktywna,902.64,0, , ,aktywna
,904.10,1952,85.5,4.7,11101011,904.47,0,0,0,aktywna,903.73,0, , ,aktywna
,905.19,1984,85.5,3.9,11101011,905.56,0,0,0,aktywna,904.82,0, , ,aktywna
,906.28,1984,85.5,4.3,11101001,906.64,0,0,0,aktywna,905.92,0, , ,aktywna
,907.33,2016,85.5,3.9,11101001,907.68,0,0,0,aktywna,906.99,0, , ,aktywna
,908.42,2048,85.5,1.2,11101001,908.78,0,0,0,aktywna,908.04,0, , ,aktywna
,909.48,2080,85.5,0.0,11101001,909.82,0,0,0,aktywna,909.14,0, , ,aktywna
,910.50,2112,85.5,-0.4,11101001,910.84,0,0,0,aktywna,910.16,0, , ,aktywna
,911.53,2112,85.5,-0.8,11101001,911.88,0,0,0,aktywna,911.19,0, , ,aktywna
,912.57,2112,85.5,-1.2,11101001,912.92,0,0,0,aktywna,912.23,0, , ,aktywna
,913.63,2112,85.5,-0.8,11101001,913.97,0,0,0,aktywna,913.26,0, , ,aktywna
,914.66,2080,85.5,-1.6,11101001,914.99,0,0,0,aktywna,914.31,0, , ,aktywna
,915.68,2048,85.5,-4.7,11101001,916.06,0,0,0,aktywna,915.33,0, , ,aktywna
,916.78,2016,85.5,-4.3,11101001,917.15,0,0,0,aktywna,916.44,0, , ,aktywna
,917.86,1920,85.5,-5.5,11101011,918.23,0,0,0,aktywna,917.50,0, , ,aktywna
,918.97,1824,85.5,-5.5,11101011,919.31,0,0,0,nieaktywna,918.61,0, , ,aktywna
,919.96,1120,85.5,0.0,11111111,920.28,0,0,0,aktywna,919.64,0, , ,nieaktywna
,920.92,1056,85.5,0.0,11111111,921.22,0,0,0,nieaktywna,920.59,0, , ,aktywna
,921.84,864,85.5,0.0,11111111,922.14,0,0,0,aktywna,921.53,0, , ,nieaktywna
,922.74,864,85.5,0.0,11111111,923.04,0,0,0,aktywna,922.43,0, , ,aktywna
,923.64,896,85.5,1.2,11111111,923.95,0,0,0,nieaktywna,923.34,0, , ,nieaktywna
,924.56,896,85.5,2.3,11111111,924.87,0,0,0,nieaktywna,924.25,0, , ,nieaktywna
,925.50,896,85.5,3.1,10111111,925.80,0,0,0,nieaktywna,925.19,0, , ,nieaktywna
,926.39,1216,85.5,3.9,10101011,926.75,0,0,0,nieaktywna,926.10,0, , ,nieaktywna
,927.47,1600,85.5,3.9,10101011,927.82,0,0,0,nieaktywna,927.11,0, , ,nieaktywna
,928.55,1504,85.5,2.7,10101011,928.91,0,0,0,aktywna,928.17,0, , ,aktywna
,929.59,1536,85.5,2.3,10101011,929.95,0,0,0,aktywna,929.25,0, , ,aktywna
,930.65,1536,85.5,-0.4,10101011,931.01,0,0,0,aktywna,930.32,0, , ,aktywna
,931.69,1568,87.0,-1.6,10101011,932.03,0,0,0,aktywna,931.35,0, , ,aktywna
,932.77,1568,85.5,-4.3,10101011,933.12,0,0,0,aktywna,932.40,0, , ,aktywna
,933.85,1600,85.5,-4.3,10101011,934.17,0,0,0,aktywna,933.49,0, , ,aktywna
,934.88,1600,87.0,-3.1,10101011,935.24,0,0,0,aktywna,934.53,0, , ,aktywna
,935.96,1664,85.5,-0.8,10101011,936.32,0,0,0,aktywna,935.58,0, , ,aktywna
,937.06,1728,85.5,1.2,10101011,937.44,0,0,0,aktywna,936.69,0, , ,aktywna
,938.21,1824,87.0,1.6,10101011,938.59,0,0,0,aktywna,937.84,0, , ,aktywna
,939.33,1888,87.0,1.2,10101011,939.69,0,0,0,aktywna,938.97,0, , ,aktywna
,940.42,1952,85.5,-0.8,10101011,940.78,0,0,0,aktywna,940.06,0, , ,aktywna
,941.49,2048,85.5,-2.3,10101001,941.83,0,0,0,aktywna,941.14,0, , ,aktywna
,942.53,2112,87.0,-0.8,10101001,942.88,0,0,0,aktywna,942.18,0, , ,aktywna
,943.56,2240,85.5,-2.0,10101001,943.89,0,0,0,aktywna,943.22,0, , ,aktywna
,944.55,2272,85.5,-3.9,10101001,944.89,0,0,0,aktywna,944.22,0, , ,aktywna
,945.56,2272,85.5,-4.3,10101001,945.89,0,0,0,aktywna,945.22,0, , ,aktywna
,946.57,2304,85.5,-4.3,10101001,946.91,0,0,0,aktywna,946.24,0, , ,aktywna
,947.58,2336,85.5,-3.1,10101001,947.91,0,0,0,aktywna,947.23,0, , ,aktywna
,948.60,2336,85.5,-3.1,10101001,948.94,0,0,0,aktywna,948.26,0, , ,aktywna
,949.60,2368,85.5,-2.7,10101001,949.92,0,0,0,aktywna,949.27,0, , ,aktywna
,950.57,2368,85.5,-3.1,10101001,950.90,0,0,0,aktywna,950.24,0, , ,aktywna
,951.56,2400,85.5,-2.3,10101001,951.89,0,0,0,aktywna,951.23,0, , ,aktywna
,952.57,2400,85.5,-2.7,10101001,952.92,0,0,0,aktywna,952.24,0, , ,aktywna
,953.61,2400,85.5,-5.1,10101001,953.93,0,0,0,aktywna,953.27,0, , ,aktywna
,954.62,2368,85.5,-4.7,10101001,955.00,0,0,0,aktywna,954.26,0, , ,aktywna
,955.65,2400,85.5,-4.7,10101001,955.99,0,0,0,aktywna,955.32,0, , ,aktywna
,956.70,2400,85.5,-2.3,10101001,957.03,0,0,0,aktywna,956.34,0, , ,aktywna
,957.75,2432,85.5,-2.7,10101001,958.10,0,0,0,aktywna,957.40,0, , ,aktywna
,958.80,2464,85.5,-3.9,10101001,959.16,0,0,0,aktywna,958.46,0, , ,aktywna
,959.80,2496,87.0,-3.9,10101001,960.14,0,0,0,aktywna,959.49,0, , ,aktywna
,960.82,2528,87.0,-2.0,10101001,961.16,0,0,0,aktywna,960.49,0, , ,aktywna
,961.81,2528,87.0,-2.7,10111101,962.12,0,0,0,nieaktywna,961.48,0, , ,nieaktywna
,962.77,2432,87.0,0.0,10111101,963.08,0,0,0,nieaktywna,962.46,0, , ,nieaktywna
,963.74,2336,87.0,0.0,10101001,964.06,0,0,0,nieaktywna,963.42,0, , ,nieaktywna
,964.72,2304,87.0,0.0,10101001,965.04,0,0,0,nieaktywna,964.39,0, , ,nieaktywna
,965.70,2304,87.0,-4.7,10101001,966.04,0,0,0,nieaktywna,965.38,0, , ,nieaktywna
,966.73,2304,87.0,-5.5,10101001,967.05,0,0,0,nieaktywna,966.39,0, , ,nieaktywna
,967.71,2272,87.0,-7.0,10111101,968.05,0,0,0,nieaktywna,967.38,0, , ,nieaktywna
,968.73,1152,87.0,0.0,10111111,969.05,0,0,0,nieaktywna,968.42,0, , ,nieaktywna
,969.66,1120,87.0,0.0,10111111,969.96,0,0,0,nieaktywna,969.34,0, , ,aktywna
,970.57,896,87.0,0.0,10111111,970.86,0,0,0,aktywna,970.27,0, , ,nieaktywna
,971.48,1408,87.0,1.6,10111111,971.84,0,0,0,nieaktywna,971.17,0, , ,aktywna
,972.45,1440,87.0,0.0,10101011,972.81,0,0,0,aktywna,972.12,0, , ,aktywna
,973.48,1408,87.0,1.2,10101011,973.82,0,0,0,aktywna,973.16,0, , ,aktywna
,974.52,1408,87.0,2.3,10101011,974.89,0,0,0,aktywna,974.17,0, , ,aktywna
,975.60,1408,87.0,3.9,10101011,975.95,0,0,0,aktywna,975.23,0, , ,aktywna
,976.65,1504,87.0,5.9,10101011,977.03,0,0,0,aktywna,976.27,0, , ,aktywna
,977.74,1600,87.0,5.1,10101011,978.09,0,0,0,aktywna,977.38,0, , ,aktywna
,978.85,1664,87.0,4.3,10101011,979.18,0,0,0,aktywna,978.49,0, , ,aktywna
,979.94,1792,87.0,1.6,10101011,980.31,0,0,0,aktywna,979.56,0, , ,nieaktywna
,981.05,1888,87.0,1.2,10101011,981.40,0,0,0,aktywna,980.68,0, , ,aktywna
,982.11,1984,87.0,0.0,10101011,982.47,0,0,0,aktywna,981.77,0, , ,aktywna
,983.16,2048,87.0,-0.4,10101001,983.51,0,0,0,aktywna,982.82,0, , ,aktywna
,984.22,2144,87.0,0.8,10101001,984.56,0,0,0,aktywna,983.86,0, , ,aktywna
,985.21,2208,87.0,-0.4,10101001,985.54,0,0,0,aktywna,984.88,0, , ,aktywna
,986.23,2272,87.0,0.4,10101001,986.57,0,0,0,aktywna,985.89,0, , ,aktywna
,987.23,2304,87.0,0.4,11101001,987.56,0,0,0,aktywna,986.90,0, , ,aktywna
,988.23,2336,87.0,-0.4,11101001,988.59,0,0,0,aktywna,987.89,0, , ,aktywna
,989.28,2336,87.0,-2.0,11101001,989.61,0,0,0,aktywna,988.93,0, , ,aktywna
,990.30,2176,87.0,-6.6,11101001,990.64,0,0,0,aktywna,989.95,0, , ,aktywna
,991.35,2080,87.0,-5.5,11101001,991.68,0,0,0,aktywna,990.98,0, , ,aktywna
,992.41,2048,87.0,-3.1,11101001,992.75,0,0,0,aktywna,992.05,0, , ,aktywna
,993.44,2016,87.0,-1.6,11101001,993.79,0,0,0,aktywna,993.10,0, , ,aktywna
,994.53,1984,87.0,-2.0,11101011,994.90,0,0,0,aktywna,994.16,0, , ,aktywna
,995.68,1888,87.0,-1.6,11101011,996.04,0,0,0,aktywna,995.29,0, , ,aktywna
,996.79,1888,87.0,0.0,11101011,997.17,0,0,0,aktywna,996.42,0, , ,aktywna
,997.91,1920,87.0,0.4,11101011,998.26,0,0,0,aktywna,997.54,0, , ,aktywna
,998.98,1984,87.0,0.8,11101001,999.34,0,0,0,aktywna,998.62,0, , ,aktywna
,1000.07,1984,87.0,-1.2,11101001,1000.41,0,0,0,aktywna,999.70,0, , ,aktywna
,1001.11,1984,87.0,-1.6,11101001,1001.47,0,0,0,aktywna,1000.75,0, , ,aktywna
,1002.20,1984,87.0,-2.0,11101011,1002.57,0,0,0,aktywna,1001.84,0, , ,aktywna
,1003.29,1920,87.0,-1.2,11101011,1003.66,0,0,0,aktywna,1002.92,0, , ,aktywna
,1004.38,1952,87.0,-1.2,11101011,1004.72,0,0,0,aktywna,1004.01,0, , ,aktywna
,1005.44,1952,87.0,-1.2,11101011,1005.81,0,0,0,aktywna,1005.07,0, , ,aktywna
,1006.53,1920,87.0,0.0,11101011,1006.89,0,0,0,aktywna,1006.18,0, , ,aktywna
,1007.63,1888,87.0,-3.1,11101011,1008.01,0,0,0,aktywna,1007.26,0, , ,aktywna
,1008.72,1952,87.0,-0.8,11101011,1009.08,0,0,0,aktywna,1008.38,0, , ,aktywna
,1009.80,2080,88.5,0.0,11101001,1010.14,0,0,0,aktywna,1009.44,0, , ,aktywna
,1010.84,2112,88.5,-1.2,11101001,1011.20,0,0,0,aktywna,1010.50,0, , ,aktywna
,1011.91,2048,88.5,-2.3,11101001,1012.25,0,0,0,aktywna,1011.54,0, , ,aktywna
,1012.95,1984,88.5,-2.7,11101001,1013.31,0,0,0,aktywna,1012.60,0, , ,aktywna
,1014.03,1984,88.5,0.0,11101011,1014.39,0,0,0,aktywna,1013.67,0, , ,aktywna
,1015.12,1984,88.5,0.8,11101001,1015.49,0,0,0,aktywna,1014.75,0, , ,aktywna
,1016.20,2144,88.5,0.4,11101001,1016.54,0,0,0,aktywna,1015.84,0, , ,aktywna
,1017.21,2272,88.5,0.4,11101001,1017.55,0,0,0,aktywna,1016.88,0, , ,aktywna
,1018.23,2432,88.5,-0.4,11101001,1018.59,0,0,0,aktywna,1017.88,0, , ,aktywna
,1019.25,2528,88.5,-1.2,11101001,1019.60,0,0,0,aktywna,1018.90,0, , ,aktywna
,1020.29,2560,88.5,-2.0,11101001,1020.64,0,0,0,aktywna,1019.93,0, , ,aktywna
,1021.33,2560,88.5,-2.7,11101001,1021.66,0,0,0,aktywna,1020.98,0, , ,aktywna
,1022.35,2464,88.5,-6.6,11101001,1022.70,0,0,0,aktywna,1022.00,0, , ,aktywna
,1023.43,2432,88.5,-6.6,11101001,1023.80,0,0,0,aktywna,1023.07,0, , ,aktywna
,1024.49,2368,88.5,-4.7,11101001,1024.84,0,0,0,aktywna,1024.12,0, , ,aktywna
,1025.56,2336,88.5,-5.1,11101001,1025.92,0,0,0,aktywna,1025.20,0, , ,aktywna
,1026.56,2304,88.5,-4.3,11101001,1026.90,0,0,0,aktywna,1026.25,0, , ,aktywna
,1027.57,2272,88.5,-3.9,11101001,1027.90,0,0,0,nieaktywna,1027.24,0, , ,aktywna
,1028.54,1280,88.5,0.0,11111111,1028.87,0,0,0,nieaktywna,1028.24,0, , ,nieaktywna
,1029.54,1120,88.5,0.0,11111111,1029.86,0,0,0,nieaktywna,1029.21,0, , ,aktywna
,1030.44,928,88.5,0.0,11111111,1030.77,0,0,0,nieaktywna,1030.13,0, , ,nieaktywna
,1031.39,896,88.5,0.0,11111111,1031.70,0,0,0,aktywna,1031.08,0, , ,aktywna
,1032.32,864,88.5,-0.4,11111111,1032.64,0,0,0,aktywna,1032.00,0, , ,aktywna
,1033.26,896,88.5,0.8,11111111,1033.56,0,0,0,aktywna,1032.97,0, , ,aktywna
,1034.15,1024,88.5,1.6,11111111,1034.50,0,0,0,nieaktywna,1033.88,0, , ,aktywna
,1035.06,960,88.5,5.9,11101011,1035.33,0,0,0,aktywna,1034.77,0, , ,aktywna
,1035.95,960,88.5,8.2,11101011,1036.28,0,0,0,aktywna,1035.61,0, , ,aktywna
,1036.91,1088,88.5,-0.4,11101011,1037.23,0,0,0,aktywna,1036.60,0, , ,aktywna
,1037.92,1184,88.5,-0.8,11101011,1038.26,0,0,0,aktywna,1037.56,0, , ,aktywna
,1039.00,1344,88.5,2.0,11101011,1039.36,0,0,0,aktywna,1038.63,0, , ,aktywna
,1040.03,1504,88.5,2.3,11101011,1040.39,0,0,0,aktywna,1039.66,0, , ,aktywna
,1041.09,1696,88.5,1.2,11101011,1041.46,0,0,0,aktywna,1040.74,0, , ,aktywna
,1042.16,1824,88.5,0.0,11101011,1042.49,0,0,0,aktywna,1041.80,0, , ,aktywna
,1043.22,1920,90.0,-2.3,11101011,1043.57,0,0,0,aktywna,1042.85,0, , ,aktywna
,1044.29,2016,88.5,-5.1,11101001,1044.65,0,0,0,aktywna,1043.92,0, , ,aktywna
,1045.34,2080,88.5,-6.3,11101001,1045.70,0,0,0,aktywna,1045.00,0, , ,aktywna
,1046.41,2176,88.5,-6.6,11101001,1046.74,0,0,0,aktywna,1046.06,0, , ,aktywna
,1047.45,1728,88.5,0.0,11111111,1047.75,0,0,0,nieaktywna,1047.09,0, , ,nieaktywna
,1048.40,1120,88.5,0.0,11111111,1048.73,0,0,0,aktywna,1048.08,0, , ,nieaktywna
,1049.34,1056,88.5,0.0,11111111,1049.63,0,0,0,nieaktywna,1049.05,0, , ,nieaktywna
,1050.24,864,88.5,0.0,11111111,1050.54,0,0,0,aktywna,1049.93,0, , ,nieaktywna
,1051.15,864,88.5,-0.4,11111111,1051.45,0,0,0,aktywna,1050.85,0, , ,aktywna
,1052.07,896,88.5,0.0,11111111,1052.35,0,0,0,aktywna,1051.75,0, , ,aktywna
,1052.94,864,88.5,1.2,11111111,1053.26,0,0,0,aktywna,1052.64,0, , ,aktywna
,1053.87,864,88.5,1.6,11111111,1054.18,0,0,0,aktywna,1053.56,0, , ,aktywna
,1054.79,864,88.5,1.6,11111111,1055.09,0,0,0,aktywna,1054.49,0, , ,aktywna
,1055.72,896,88.5,1.6,11111111,1056.02,0,0,0,aktywna,1055.41,0, , ,aktywna
,1056.65,864,88.5,1.2,11111111,1056.95,0,0,0,aktywna,1056.34,0, , ,aktywna
,1057.56,896,88.5,0.8,11111111,1057.89,0,0,0,aktywna,1057.25,0, , ,aktywna
,1058.48,896,88.5,0.0,11111111,1058.78,0,0,0,aktywna,1058.19,0, , ,aktywna
,1059.39,896,90.0,0.0,11111111,1059.72,0,0,0,aktywna,1059.10,0, , ,aktywna
,1060.35,896,90.0,0.4,11111111,1060.66,0,0,0,aktywna,1060.02,0, , ,aktywna
,1061.27,896,90.0,0.4,11111111,1061.58,0,0,0,aktywna,1060.97,0, , ,aktywna
,1062.21,864,88.5,0.4,11111111,1062.49,0,0,0,aktywna,1061.89,0, , ,aktywna
,1063.10,896,90.0,0.8,10111111,1063.41,0,0,0,aktywna,1062.79,0, , ,aktywna
,1064.06,896,90.0,0.0,10111111,1064.36,0,0,0,nieaktywna,1063.73,0, , ,aktywna
,1064.96,864,90.0,0.0,10111111,1065.26,0,0,0,nieaktywna,1064.66,0, , ,nieaktywna
,1065.85,864,90.0,0.4,10111111,1066.14,0,0,0,nieaktywna,1065.57,0, , ,nieaktywna
,1066.75,768,90.0,0.0,10111111,1067.05,0,0,0,nieaktywna,1066.45,0, , ,nieaktywna
,1067.65,768,90.0,0.0,10111111,1067.98,0,0,0,nieaktywna,1067.35,0, , ,nieaktywna
,1068.59,800,90.0,0.8,10111111,1068.89,0,0,0,nieaktywna,1068.28,0, , ,nieaktywna
,1069.49,800,90.0,1.2,10111111,1069.77,0,0,0,nieaktywna,1069.21,0, , ,nieaktywna
,1070.37,800,88.5,1.6,10111111,1070.68,0,0,0,aktywna,1070.07,0, , ,aktywna
,1071.29,800,88.5,1.2,10111111,1071.61,0,0,0,aktywna,1070.99,0, , ,aktywna
,1072.22,768,90.0,0.8,10111111,1072.52,0,0,0,aktywna,1071.93,0, , ,aktywna
,1073.10,800,90.0,1.2,10111111,1073.39,0,0,0,aktywna,1072.81,0, , ,aktywna
,1073.98,800,90.0,1.2,10111111,1074.30,0,0,0,aktywna,1073.69,0, , ,aktywna
,1074.91,768,90.0,1.2,10111111,1075.21,0,0,0,aktywna,1074.61,0, , ,aktywna
,1075.80,800,90.0,1.2,10111111,1076.11,0,0,0,aktywna,1075.50,0, , ,aktywna
,1076.71,768,90.0,1.2,10111111,1077.00,0,0,0,aktywna,1076.40,0, , ,aktywna
,1077.61,800,90.0,1.2,10111111,1077.92,0,0,0,aktywna,1077.29,0, , ,aktywna
,1078.50,768,90.0,0.4,10111111,1078.80,0,0,0,aktywna,1078.21,0, , ,aktywna
,1079.39,768,90.0,0.4,10111111,1079.69,0,0,0,aktywna,1079.09,0, , ,aktywna
,1080.27,768,90.0,0.8,10111111,1080.56,0,0,0,aktywna,1079.98,0, , ,aktywna
,1081.16,800,90.0,0.8,10111111,1081.46,0,0,0,aktywna,1080.86,0, , ,aktywna
,1082.04,800,90.0,0.4,10111111,1082.35,0,0,0,aktywna,1081.75,0, , ,aktywna
,1082.96,800,90.0,0.4,10111111,1083.26,0,0,0,aktywna,1082.66,0, , ,aktywna
,1083.86,800,90.0,0.4,10111111,1084.16,0,0,0,aktywna,1083.57,0, , ,aktywna
,1084.76,768,90.0,0.0,10111111,1085.06,0,0,0,aktywna,1084.46,0, , ,aktywna
,1085.69,800,90.0,0.4,10111111,1085.98,0,0,0,aktywna,1085.37,0, , ,aktywna
,1086.59,768,90.0,0.8,10111111,1086.88,0,0,0,aktywna,1086.28,0, , ,aktywna
,1087.49,768,90.0,0.8,10111111,1087.80,0,0,0,aktywna,1087.18,0, , ,aktywna
,1088.40,768,90.0,0.8,10111111,1088.69,0,0,0,aktywna,1088.09,0, , ,aktywna
,1089.28,800,90.0,0.4,10111111,1089.58,0,0,0,aktywna,1088.99,0, , ,aktywna
,1090.16,768,90.0,0.4,10111111,1090.46,0,0,0,aktywna,1089.88,0, , ,aktywna
,1091.05,800,90.0,0.8,10111111,1091.37,0,0,0,aktywna,1090.75,0, , ,aktywna
,1091.98,768,91.5,0.0,10111111,1092.29,0,0,0,aktywna,1091.68,0, , ,aktywna
,1092.88,768,91.5,-0.4,10111111,1093.19,0,0,0,aktywna,1092.58,0, , ,aktywna
,1093.78,768,91.5,-0.8,10111111,1094.11,0,0,0,aktywna,1093.49,0, , ,aktywna
,1094.69,800,91.5,-1.2,10111111,1094.98,0,0,0,aktywna,1094.37,0, , ,aktywna
,1095.58,800,91.5,-1.2,10111111,1095.89,0,0,0,aktywna,1095.28,0, , ,aktywna
,1096.48,768,91.5,-0.8,10111111,1096.79,0,0,0,aktywna,1096.18,0, , ,aktywna
,1097.41,800,91.5,-0.8,10111111,1097.70,0,0,0,aktywna,1097.11,0, , ,aktywna
,1098.32,800,91.5,-0.8,10111111,1098.61,0,0,0,aktywna,1098.01,0, , ,aktywna
,1099.21,800,91.5,-0.8,10111111,1099.50,0,0,0,aktywna,1098.92,0, , ,aktywna
,1100.11,800,91.5,-0.4,10111111,1100.41,0,0,0,aktywna,1099.79,0, , ,aktywna
,1101.00,800,91.5,-0.4,10111111,1101.31,0,0,0,aktywna,1100.71,0, , ,aktywna
,1101.94,800,91.5,0.0,10111111,1102.25,0,0,0,aktywna,1101.62,0, , ,aktywna
,1102.85,768,91.5,0.4,10111111,1103.15,0,0,0,aktywna,1102.55,0, , ,aktywna
,1103.77,768,91.5,1.2,10111111,1104.06,0,0,0,aktywna,1103.46,0, , ,aktywna
,1104.68,800,91.5,1.6,10111111,1104.99,0,0,0,aktywna,1104.37,0, , ,aktywna
,1105.60,800,91.5,1.6,10111111,1105.88,0,0,0,aktywna,1105.28,0, , ,aktywna
,1106.47,800,91.5,1.2,10111111,1106.76,0,0,0,aktywna,1106.17,0, , ,aktywna
