Poniedzia³ek,14,Wrzesieñ,2026,16:23:30:00009-VCID:1C3761778CABCE7337-5178,Wersja VCDS: AKP 23.3.1,Wersja danych: 20230601 DS346.2
047 906 033 L,,1.4l SIMOS3PA   00HS5401,

,Grupa A:,'001,,,,Grupa B:,'002,,,,Grupa C:,'032
,,Obroty silnika,Temperatura,Lambda,Bity binarnie,,Obroty silnika,Obci¹¿enie,Czas wtrysku,Ciœnienie rzecz.,,Lambda,Lambda, , 
,CZAS,,,,,CZAS,,,,,CZAS,,,,
Znacznik,ZAPISU, /min,*C, %,,ZAPISU, /min, %, ms, mbar,ZAPISU, %, %,,
,0.01,0,93.0,0.0,10110111,0.27,0,0.0,0.00,989.4,0.54,99.2,0.0, , 
,0.80,0,93.0,0.0,10110111,1.07,0,0.0,0.00,989.4,1.34,99.2,0.0, , 
,1.60,0,93.0,0.0,10110111,1.87,0,0.0,0.00,989.4,2.13,99.2,0.0, , 
,2.40,0,93.0,0.0,10110111,2.66,0,0.0,0.00,989.4,2.93,99.2,0.0, , 
,3.20,224,93.0,0.0,10110111,3.48,224,82.7,19.57,969.0,3.74,99.2,0.0, , 
,4.00,224,93.0,0.0,10110111,4.27,224,82.7,16.48,969.0,4.56,99.2,0.0, , 
,4.84,416,93.0,0.0,10110111,5.13,928,50.2,8.24,652.8,5.43,0.0,0.0, , 
,5.73,960,93.0,0.0,10110111,6.02,896,32.5,5.15,459.0,6.32,0.0,0.0, , 
,6.63,832,93.0,0.0,10110111,6.91,896,34.1,5.15,459.0,7.23,0.0,0.0, , 
,7.54,864,93.0,0.0,10110111,7.85,864,34.1,5.15,459.0,8.15,0.0,0.0, , 
,8.43,800,93.0,0.0,10110111,8.72,800,34.1,5.15,479.4,9.02,0.0,0.0, , 
,9.33,864,93.0,0.0,10110111,9.63,832,34.1,5.15,479.4,9.93,0.0,0.0, , 
,10.23,800,91.5,0.0,10100011,10.55,864,32.5,4.12,459.0,10.86,0.0,0.0, , 
,11.19,1088,91.5,0.0,10100011,11.50,1088,26.7,4.12,377.4,11.79,0.0,0.0, , 
,12.11,1152,90.0,0.0,10100011,12.42,1184,32.5,5.15,438.6,12.75,0.0,0.0, , 
,13.07,1056,90.0,0.0,10100011,13.39,960,54.5,9.27,652.8,13.71,0.0,0.0, , 
,14.05,1216,88.5,0.0,10100011,14.37,1152,51.8,8.24,632.4,14.65,0.0,0.0, , 
,14.95,960,88.5,0.0,10100011,15.26,864,60.4,9.27,734.4,15.56,0.0,0.0, , 
,15.86,928,88.5,0.0,10100011,16.18,1056,56.1,8.24,693.6,16.54,0.0,0.0, , 
,16.93,1536,87.0,0.0,10100011,17.28,1792,73.7,11.33,846.6,17.62,0.0,0.0, , 
,17.96,2016,87.0,0.0,10110101,18.29,1440,0.0,0.00,357.0,18.62,0.0,0.0, , 
,18.95,1312,85.5,0.0,10100011,19.29,1344,60.4,10.30,714.0,19.71,0.0,0.0, , 
,20.07,1600,85.5,0.0,10100011,20.39,1728,81.2,13.39,928.2,20.75,0.0,0.0, , 
,21.10,2016,85.5,0.0,10100001,21.43,2112,79.6,12.36,887.4,21.75,0.0,0.0, , 
,22.09,2336,85.5,0.0,10100001,22.43,2464,76.9,11.33,867.0,22.75,0.0,0.0, , 
,23.10,2688,85.5,0.0,10100001,23.42,2784,76.9,11.33,846.6,23.70,0.0,0.0, , 
,23.98,2976,85.5,0.0,10100001,24.29,3104,78.4,11.33,846.6,24.62,0.0,0.0, , 
,24.95,2368,85.5,0.0,10110101,25.27,1824,17.6,2.06,275.4,25.62,0.0,0.0, , 
,25.95,2048,85.5,0.0,10100001,26.28,2080,73.7,12.36,826.2,26.61,0.0,0.0, , 
,26.95,2208,85.5,0.0,10100001,27.29,2240,84.3,13.39,948.6,27.62,0.0,0.0, , 
,27.93,2368,85.5,0.0,10100001,28.28,2432,84.3,13.39,928.2,28.62,0.0,0.0, , 
,28.94,2560,85.5,0.0,11100001,29.30,2624,84.3,13.39,928.2,29.62,0.0,0.0, , 
,29.96,2720,85.5,0.0,11100001,30.30,2784,82.7,12.36,907.8,30.67,0.0,0.0, , 
,31.03,2912,85.5,0.0,11100001,31.50,2976,85.5,13.39,928.2,31.84,0.0,0.0, , 
,32.18,3136,85.5,0.0,11100001,32.58,3168,82.7,12.36,907.8,32.91,0.0,0.0, , 
,33.25,2080,85.5,0.0,11110101,33.60,1632,22.0,3.09,316.2,33.95,0.0,0.0, , 
,34.29,2304,84.0,0.0,11101001,34.64,2304,53.3,8.24,612.0,34.97,0.0,0.0, , 
,35.30,2336,85.5,0.0,11101001,35.63,2336,66.3,10.30,754.8,35.97,0.0,0.0, , 
,36.31,2400,84.0,6.6,11101001,36.67,2400,65.1,10.30,734.4,37.02,0.0,0.0, , 
,37.37,2432,85.5,12.1,11101001,37.73,2464,59.2,9.27,673.2,38.09,0.0,0.0, , 
,38.43,2496,84.0,14.1,11101001,38.76,2496,51.8,8.24,591.6,39.10,0.0,0.0, , 
,39.44,2528,85.5,15.2,11101001,39.80,2528,50.2,8.24,591.6,40.15,0.0,0.0, , 
,40.49,2528,85.5,15.2,11101001,40.83,2560,50.2,8.24,591.6,41.17,0.0,0.0, , 
,41.53,2560,84.0,12.9,11101001,41.88,2592,50.2,8.24,571.2,42.22,0.0,0.0, , 
,42.56,2592,84.0,10.2,11101001,42.91,2624,50.2,7.21,591.6,43.25,0.0,0.0, , 
,43.59,2624,84.0,12.5,11101001,43.91,2624,60.4,9.27,693.6,44.26,0.0,0.0, , 
,44.59,2688,84.0,11.7,11101001,44.93,2688,67.8,11.33,754.8,45.25,0.0,0.0, , 
,45.60,2752,84.0,12.1,11101001,45.92,2752,81.2,13.39,907.8,46.28,0.0,0.0, , 
,46.65,2816,84.0,5.9,11101001,46.97,2848,81.2,13.39,907.8,47.31,0.0,0.0, , 
,47.63,2624,84.0,0.0,11111101,48.00,2112,0.0,0.00,316.2,48.33,0.0,0.0, , 
,48.64,1120,84.0,0.0,11101011,48.98,1536,32.5,3.09,418.2,49.32,0.0,0.0, , 
,49.66,2144,84.0,0.0,11101001,50.00,2144,48.6,4.12,591.6,50.33,0.0,0.0, , 
,50.68,2144,84.0,0.0,11101001,51.03,2144,60.4,6.18,693.6,51.39,0.0,0.0, , 
,51.75,2176,84.0,0.0,11101001,52.09,2176,65.1,7.21,734.4,52.42,0.0,0.0, , 
,52.79,2176,84.0,13.7,11101001,53.13,2176,60.4,8.24,693.6,53.46,0.0,0.0, , 
,53.80,2208,84.0,9.4,11101001,54.15,2208,59.2,9.27,693.6,54.49,0.0,0.0, , 
,54.84,2208,84.0,12.9,11101001,55.18,2208,53.3,8.24,612.0,55.52,0.0,0.0, , 
,55.87,2208,84.0,13.7,11101001,56.19,2208,48.6,7.21,571.2,56.53,0.0,0.0, , 
,56.86,2208,84.0,12.1,11101001,57.19,2208,48.6,7.21,571.2,57.54,0.0,0.0, , 
,57.87,2208,84.0,10.2,11101001,58.21,2208,47.1,7.21,571.2,58.53,0.0,0.0, , 
,58.88,2208,84.0,9.0,11101001,59.23,2240,47.1,7.21,571.2,59.59,0.0,0.0, , 
,59.94,2240,84.0,11.3,11101001,60.28,2240,50.2,7.21,591.6,60.60,0.0,0.0, , 
,60.94,2240,84.0,10.5,11101001,61.29,2240,45.9,6.18,550.8,61.63,0.0,0.0, , 
,61.97,2240,84.0,10.5,11101001,62.31,2240,41.2,6.18,499.8,62.64,0.0,0.0, , 
,62.98,2240,84.0,14.5,11101001,63.31,2208,36.9,5.15,459.0,63.65,0.0,0.0, , 
,63.99,2208,84.0,15.2,11101001,64.32,2208,40.0,6.18,479.4,64.65,0.0,0.0, , 
,65.00,2208,84.0,14.8,11101001,65.35,2208,40.0,6.18,479.4,65.70,0.0,0.0, , 
,66.02,2208,84.0,14.8,11101001,66.36,2208,40.0,6.18,479.4,66.70,0.0,0.0, , 
,67.04,2208,84.0,14.5,11101001,67.38,2208,40.0,6.18,479.4,67.71,0.0,0.0, , 
,68.04,2208,84.0,14.5,11101001,68.38,2208,40.0,6.18,479.4,68.73,0.0,0.0, , 
,69.08,2208,84.0,14.5,11101001,69.43,2208,40.0,6.18,479.4,69.77,0.0,0.0, , 
,70.11,2208,84.0,14.5,11101001,70.46,2208,40.0,6.18,479.4,70.80,0.0,0.0, , 
,71.14,2208,84.0,14.8,11101001,71.48,2208,40.0,6.18,479.4,71.82,0.0,0.0, , 
,72.16,2208,84.0,14.5,11101001,72.52,2208,40.0,6.18,479.4,72.85,0.0,0.0, , 
,73.20,2208,84.0,14.8,11101001,73.55,2208,40.0,6.18,479.4,73.89,0.0,0.0, , 
,74.22,2208,84.0,15.6,11101001,74.56,2208,40.0,6.18,479.4,74.91,0.0,0.0, , 
,75.27,2240,84.0,14.5,11101001,75.61,2240,28.2,4.12,357.0,75.94,0.0,0.0, , 
,76.28,2240,84.0,5.1,11101001,76.62,2240,22.0,3.09,316.2,76.95,0.0,0.0, , 
,77.30,2240,84.0,-2.7,11101001,77.64,2240,19.2,2.06,275.4,77.97,0.0,0.0, , 
,78.30,2240,84.0,-12.9,11101001,78.64,2240,17.6,2.06,275.4,78.97,0.0,0.0, , 
,79.31,2240,84.0,-17.2,11101001,79.66,2240,17.6,2.06,275.4,80.00,0.0,0.0, , 
,80.34,2240,84.0,-18.4,11101001,80.68,2240,17.6,2.06,275.4,81.02,0.0,0.0, , 
,81.36,2240,84.0,-18.0,11101001,81.70,2240,17.6,2.06,275.4,82.05,0.0,0.0, , 
,82.39,2208,82.5,-17.2,11101001,82.73,2208,17.6,2.06,275.4,83.07,0.0,0.0, , 
,83.41,2208,82.5,-16.0,11101001,83.75,2176,17.6,2.06,275.4,84.09,0.0,0.0, , 
,84.44,2176,82.5,-15.2,11101001,84.77,2176,19.2,2.06,275.4,85.10,0.0,0.0, , 
,85.45,2144,82.5,-13.3,11101001,85.79,2176,20.8,2.06,295.8,86.14,0.0,0.0, , 
,86.50,2112,82.5,-9.4,11101001,86.83,2144,26.7,3.09,357.0,87.19,0.0,0.0, , 
,87.54,2112,84.0,0.0,11101001,87.87,2112,56.1,7.21,652.8,88.22,0.0,0.0, , 
,88.56,2112,82.5,0.0,11101001,88.90,2080,79.6,12.36,907.8,89.23,0.0,0.0, , 
,89.59,2112,82.5,1.2,11101001,89.91,2112,81.2,12.36,907.8,90.25,0.0,0.0, , 
,90.58,2144,82.5,1.2,11101001,90.92,2144,82.7,12.36,928.2,91.26,0.0,0.0, , 
,91.60,2176,82.5,2.0,11101001,91.92,2176,81.2,12.36,907.8,92.28,0.0,0.0, , 
,92.63,2176,82.5,4.3,11101001,92.96,2208,79.6,12.36,887.4,93.29,0.0,0.0, , 
,93.62,2208,82.5,5.9,11101001,93.95,2208,79.6,12.36,887.4,94.30,0.0,0.0, , 
,94.63,2240,84.0,6.3,11101001,94.97,2240,79.6,12.36,887.4,95.31,0.0,0.0, , 
,95.65,2240,82.5,7.8,11101001,95.98,2272,79.6,12.36,887.4,96.33,0.0,0.0, , 
,96.68,2272,82.5,7.0,11101001,97.02,2304,78.4,12.36,867.0,97.36,0.0,0.0, , 
,97.72,2304,82.5,10.9,11101001,98.08,2336,72.2,11.33,795.6,98.43,0.0,0.0, , 
,98.77,2336,82.5,17.6,11101001,99.11,2336,66.3,10.30,754.8,99.46,0.0,0.0, , 
,99.80,2368,82.5,22.3,11101001,100.14,2368,60.4,10.30,693.6,100.48,0.0,0.0, , 
,100.82,2368,82.5,24.2,11101001,101.16,2368,42.7,6.18,499.8,101.51,0.0,0.0, , 
,101.84,2368,82.5,21.1,11101001,102.17,2368,42.7,6.18,499.8,102.52,0.0,0.0, , 
,102.88,2368,82.5,19.5,11101001,103.21,2336,38.4,6.18,459.0,103.54,0.0,0.0, , 
,103.87,2336,82.5,10.2,11101001,104.20,2304,20.8,3.09,295.8,104.54,0.0,0.0, , 
,104.87,2304,82.5,-2.0,11101001,105.21,2272,25.1,3.09,336.6,105.54,0.0,0.0, , 
,105.86,2272,82.5,-2.7,11101001,106.19,2272,40.0,5.15,479.4,106.52,0.0,0.0, , 
,106.85,2272,82.5,5.9,11101001,107.18,2272,44.3,6.18,520.2,107.51,0.0,0.0, , 
,107.84,2240,84.0,8.6,11101001,108.18,2240,56.1,8.24,652.8,108.52,0.0,0.0, , 
,108.86,2272,84.0,12.9,11101001,109.20,2272,60.4,9.27,693.6,109.55,0.0,0.0, , 
,109.89,2272,84.0,17.2,11101001,110.23,2272,60.4,10.30,693.6,110.57,0.0,0.0, , 
,110.91,2272,84.0,19.9,11101001,111.25,2272,59.2,9.27,673.2,111.58,0.0,0.0, , 
,111.93,2272,84.0,20.3,11101001,112.27,2304,56.1,9.27,652.8,112.59,0.0,0.0, , 
,112.93,2272,84.0,19.5,11101001,113.28,2304,42.7,6.18,499.8,113.62,0.0,0.0, , 
,113.97,2304,84.0,14.8,11101001,114.30,2272,31.0,4.12,397.8,114.65,0.0,0.0, , 
,114.98,2272,84.0,7.0,11101001,115.31,2272,26.7,3.09,336.6,115.65,0.0,0.0, , 
,115.99,2240,84.0,3.1,11101001,116.32,2240,28.2,4.12,357.0,116.67,0.0,0.0, , 
,117.04,2240,84.0,1.2,11101001,117.38,2240,26.7,3.09,357.0,117.71,0.0,0.0, , 
,118.04,2208,84.0,0.4,11101001,118.36,2208,19.2,2.06,295.8,118.70,0.0,0.0, , 
,119.05,2176,84.0,0.0,11111101,119.40,2176,0.0,0.00,244.8,119.72,0.0,0.0, , 
,120.07,2144,84.0,0.0,11101001,120.40,2144,14.9,2.06,244.8,120.74,0.0,0.0, , 
,121.08,2112,84.0,0.0,11101001,121.42,2112,16.1,2.06,244.8,121.79,0.0,0.0, , 
,122.12,2080,84.0,-15.2,11101001,122.47,1952,0.0,0.00,244.8,122.80,0.0,0.0, , 
,123.10,992,84.0,0.0,11111111,123.45,1152,29.4,4.12,397.8,123.80,0.0,0.0, , 
,124.15,2080,84.0,0.0,11111101,124.46,2560,0.0,0.00,244.8,124.79,0.0,0.0, , 
,125.11,2528,84.0,0.0,11111101,125.43,2496,0.0,0.00,244.8,125.78,0.0,0.0, , 
,126.11,2464,84.0,0.0,11111101,126.44,2464,0.0,0.00,244.8,126.78,0.0,0.0, , 
,127.11,2400,84.0,0.0,11111101,127.43,2400,0.0,0.00,244.8,127.76,0.0,0.0, , 
,128.09,2336,84.0,0.0,11111101,128.42,2336,0.0,0.00,244.8,128.76,0.0,0.0, , 
,129.11,2304,84.0,0.0,11101001,129.43,2272,16.1,2.06,244.8,129.76,0.0,0.0, , 
,130.09,2272,84.0,0.0,11101001,130.42,2240,20.8,2.06,295.8,130.74,0.0,0.0, , 
,131.07,2240,84.0,-7.0,11101001,131.41,2240,20.8,2.06,295.8,131.76,0.0,0.0, , 
,132.12,2208,84.0,-9.0,11101001,132.45,2208,22.0,2.06,295.8,132.78,0.0,0.0, , 
,133.12,2208,84.0,-10.5,11101001,133.46,2208,22.0,2.06,295.8,133.80,0.0,0.0, , 
,134.14,2176,84.0,-11.7,11101001,134.50,2176,22.0,2.06,316.2,134.84,0.0,0.0, , 
,135.17,2176,84.0,-8.2,11101001,135.52,2176,29.4,3.09,377.4,135.86,0.0,0.0, , 
,136.21,2176,84.0,0.0,11101001,136.55,2144,41.2,5.15,499.8,136.90,0.0,0.0, , 
,137.24,2176,82.5,11.3,11101001,137.58,2176,47.1,6.18,550.8,137.91,0.0,0.0, , 
,138.25,2176,84.0,0.0,11111101,138.59,2176,17.6,2.06,275.4,138.92,0.0,0.0, , 
,139.28,2176,84.0,-10.9,11101001,139.62,2208,36.9,5.15,438.6,139.97,0.0,0.0, , 
,140.32,2144,84.0,3.5,11101001,140.66,2176,50.2,7.21,571.2,141.00,0.0,0.0, , 
,141.34,2208,84.0,7.0,11101001,141.69,2208,54.5,7.21,632.4,142.04,0.0,0.0, , 
,142.37,2208,84.0,0.0,11101001,142.70,2208,26.7,3.09,357.0,143.06,0.0,0.0, , 
,143.41,2176,84.0,-2.3,11101001,143.75,2176,19.2,2.06,275.4,144.10,0.0,0.0, , 
,144.46,2144,84.0,-7.0,11101001,144.80,2144,19.2,2.06,295.8,145.15,0.0,0.0, , 
,145.47,2112,84.0,0.0,11101001,145.82,2112,42.7,5.15,520.2,146.16,0.0,0.0, , 
,146.51,2112,82.5,10.5,11101001,146.84,2144,42.7,6.18,520.2,147.16,0.0,0.0, , 
,147.51,2144,84.0,11.7,11101001,147.85,2144,54.5,8.24,632.4,148.18,0.0,0.0, , 
,148.52,2176,84.0,0.0,11101001,148.86,2176,29.4,4.12,397.8,149.20,0.0,0.0, , 
,149.55,2144,84.0,4.7,11101001,149.89,2144,29.4,4.12,377.4,150.23,0.0,0.0, , 
,150.56,2080,84.0,0.0,11111101,150.89,1600,0.0,0.00,316.2,151.19,0.0,0.0, , 
,151.51,992,84.0,0.0,11111111,151.82,1152,29.4,4.12,397.8,152.13,0.0,0.0, , 
,152.44,1184,84.0,0.0,11111111,152.78,1120,23.5,3.09,336.6,153.08,0.0,0.0, , 
,153.41,992,84.0,-0.8,11101011,153.75,1824,29.4,4.12,397.8,154.09,0.0,0.0, , 
,154.44,2592,84.0,-2.3,11101001,154.78,2400,0.0,0.00,275.4,155.11,0.0,0.0, , 
,155.47,1728,84.0,0.0,11101011,155.83,1888,25.1,3.09,357.0,156.20,0.0,0.0, , 
,156.56,1920,84.0,0.0,11101011,156.94,1952,62.0,9.27,714.0,157.32,0.0,0.0, , 
,157.66,1984,84.0,0.0,11101001,158.02,2016,66.3,9.27,754.8,158.37,0.0,0.0, , 
,158.73,2016,84.0,0.0,11111101,159.07,1984,16.1,2.06,275.4,159.41,0.0,0.0, , 
,159.77,2016,84.0,-11.3,11101001,160.13,1984,14.9,1.03,224.4,160.48,0.0,0.0, , 
,160.83,1952,84.0,-11.7,11101011,161.19,1952,41.2,5.15,499.8,161.57,0.0,0.0, , 
,161.96,1984,84.0,5.5,11101011,162.31,1984,38.4,5.15,479.4,162.67,0.0,0.0, , 
,163.01,2016,84.0,12.9,11101001,163.35,2016,36.9,5.15,459.0,163.72,0.0,0.0, , 
,164.07,2048,84.0,19.1,11101001,164.43,2048,38.4,5.15,459.0,164.80,0.0,0.0, , 
,165.15,2080,84.0,21.5,11101001,165.49,2080,36.9,5.15,459.0,165.85,0.0,0.0, , 
,166.19,2080,84.0,21.1,11101001,166.53,2080,31.0,5.15,397.8,166.90,0.0,0.0, , 
,167.26,2112,84.0,15.6,11101001,167.60,2112,31.0,4.12,397.8,167.95,0.0,0.0, , 
,168.30,2112,84.0,8.2,11101001,168.65,2112,23.5,3.09,316.2,168.98,0.0,0.0, , 
,169.33,2112,84.0,0.0,11101001,169.67,2112,23.5,3.09,316.2,170.03,0.0,0.0, , 
,170.40,2112,84.0,-4.3,11101001,170.74,2112,23.5,3.09,316.2,171.12,0.0,0.0, , 
,171.48,2112,84.0,-8.6,11101001,171.81,2112,23.5,2.06,316.2,172.17,0.0,0.0, , 
,172.54,2112,84.0,-10.2,11101001,172.88,2112,23.5,2.06,316.2,173.21,0.0,0.0, , 
,173.54,2112,84.0,-8.2,11101001,173.89,2112,25.1,3.09,336.6,174.24,0.0,0.0, , 
,174.60,2112,84.0,-3.5,11101001,174.93,2112,28.2,3.09,357.0,175.26,0.0,0.0, , 
,175.61,2112,82.5,2.0,11101001,175.95,2112,28.2,3.09,377.4,176.29,0.0,0.0, , 
,176.64,2112,84.0,5.5,11101001,177.02,2112,28.2,3.09,357.0,177.38,0.0,0.0, , 
,177.73,2144,84.0,10.9,11101001,178.08,2144,36.9,5.15,459.0,178.41,0.0,0.0, , 
,178.74,2144,84.0,19.1,11101001,179.09,2144,36.9,5.15,438.6,179.42,0.0,0.0, , 
,179.79,2176,84.0,23.8,11101001,180.12,2176,40.0,6.18,479.4,180.45,0.0,0.0, , 
,180.78,2208,84.0,26.2,11101001,181.12,2208,42.7,6.18,520.2,181.46,0.0,0.0, , 
,181.80,2240,84.0,22.3,11101001,182.13,2240,41.2,6.18,479.4,182.47,0.0,0.0, , 
,182.81,2240,84.0,19.9,11101001,183.15,2272,41.2,6.18,479.4,183.47,0.0,0.0, , 
,183.81,2304,84.0,19.1,11101001,184.15,2304,34.1,5.15,438.6,184.49,0.0,0.0, , 
,184.85,2304,82.5,11.3,11101001,185.20,2272,28.2,4.12,377.4,185.54,0.0,0.0, , 
,185.87,2304,84.0,5.9,11101001,186.20,2272,51.8,7.21,591.6,186.53,0.0,0.0, , 
,186.86,2304,84.0,0.0,11101001,187.18,2336,65.1,9.27,734.4,187.52,0.0,0.0, , 
,187.85,2336,84.0,6.6,11101001,188.17,2368,71.0,11.33,775.2,188.50,0.0,0.0, , 
,188.85,2400,84.0,7.4,11101001,189.19,2432,81.2,13.39,887.4,189.53,0.0,0.0, , 
,189.89,2464,84.0,8.2,11101001,190.23,2496,81.2,13.39,887.4,190.59,0.0,0.0, , 
,190.93,2560,84.0,7.0,11101001,191.27,2592,82.7,13.39,887.4,191.60,0.0,0.0, , 
,191.93,2624,84.0,3.1,11101001,192.24,2656,90.2,14.42,969.0,192.56,0.0,0.0, , 
,192.90,2720,84.0,0.8,11101001,193.22,2752,90.2,14.42,969.0,193.56,0.0,0.0, , 
,193.90,2816,82.5,2.0,11101001,194.25,2848,91.4,15.45,989.4,194.61,0.0,0.0, , 
,195.01,2912,84.0,2.0,11101001,195.27,2944,91.4,15.45,989.4,195.55,0.0,0.0, , 
,195.83,3008,84.0,0.8,11101001,196.15,2880,0.0,0.00,438.6,196.48,0.0,0.0, , 
,196.82,1888,84.0,0.0,11101011,197.16,2368,75.3,15.45,775.2,197.49,0.0,0.0, , 
,197.81,2272,84.0,0.0,11101001,198.14,2304,90.2,14.42,989.4,198.48,0.0,0.0, , 
,198.80,2304,84.0,-1.2,11101001,199.16,2336,90.2,14.42,989.4,199.49,0.0,0.0, , 
,199.82,2368,84.0,-0.8,11101001,200.13,2368,87.1,13.39,948.6,200.48,0.0,0.0, , 
,200.82,2368,84.0,0.0,11101001,201.13,2368,38.4,4.12,479.4,201.46,0.0,0.0, , 
,201.78,2336,84.0,0.0,11101001,202.11,2336,19.2,2.06,275.4,202.44,0.0,0.0, , 
,202.78,2304,84.0,-8.2,11101001,203.13,2272,19.2,2.06,275.4,203.45,0.0,0.0, , 
,203.81,2240,84.0,-12.5,11101001,204.16,2208,19.2,2.06,275.4,204.51,0.0,0.0, , 
,204.84,2176,84.0,-15.2,11101001,205.18,2176,22.0,2.06,316.2,205.53,0.0,0.0, , 
,205.88,2112,84.0,-13.7,11101001,206.22,2112,23.5,2.06,316.2,206.57,0.0,0.0, , 
,206.91,2048,85.5,-9.4,11101001,207.26,2048,48.6,5.15,571.2,207.60,0.0,0.0, , 
,207.97,2048,85.5,0.0,11101001,208.32,2048,59.2,7.21,673.2,208.67,0.0,0.0, , 
,209.03,2048,85.5,10.2,11101001,209.40,2048,62.0,9.27,714.0,209.75,0.0,0.0, , 
,210.10,2048,85.5,16.8,11101001,210.45,2048,62.0,9.27,714.0,210.81,0.0,0.0, , 
,211.17,2048,85.5,21.1,11101001,211.54,2016,59.2,9.27,693.6,211.89,0.0,0.0, , 
,212.24,2048,85.5,0.0,11101001,212.60,2048,38.4,5.15,479.4,212.94,0.0,0.0, , 
,213.29,2016,85.5,9.8,11101001,213.63,2016,38.4,5.15,479.4,213.97,0.0,0.0, , 
,214.34,2016,85.5,16.4,11101001,214.68,2016,41.2,6.18,499.8,215.04,0.0,0.0, , 
,215.39,2016,85.5,17.6,11101001,215.75,2016,32.5,5.15,418.2,216.11,0.0,0.0, , 
,216.47,1984,85.5,13.3,11101001,216.83,1984,19.2,2.06,295.8,217.19,0.0,0.0, , 
,217.56,1952,85.5,-3.5,11101011,217.91,1952,20.8,2.06,295.8,218.28,0.0,0.0, , 
,218.65,1920,85.5,-8.2,11101011,219.01,1920,25.1,3.09,336.6,219.37,0.0,0.0, , 
,219.73,1888,85.5,-4.7,11101011,220.09,1888,22.0,2.06,316.2,220.46,0.0,0.0, , 
,220.83,1856,85.5,-5.1,11101011,221.21,1856,23.5,2.06,316.2,221.58,0.0,0.0, , 
,221.94,1824,85.5,-3.5,11101011,222.31,1824,23.5,3.09,336.6,222.69,0.0,0.0, , 
,223.06,1824,85.5,3.1,11101011,223.44,1824,28.2,3.09,377.4,223.80,0.0,0.0, , 
,224.14,1792,85.5,10.5,11101011,224.50,1792,31.0,4.12,397.8,224.88,0.0,0.0, , 
,225.26,1792,85.5,16.8,11101011,225.59,1600,0.0,0.00,377.4,225.91,0.0,0.0, , 
,226.24,1248,85.5,0.0,11101011,226.57,2304,19.2,3.09,295.8,226.91,0.0,0.0, , 
,227.26,2176,85.5,0.0,11111101,227.59,2176,0.0,0.00,244.8,227.94,0.0,0.0, , 
,228.28,2144,85.5,0.0,11111101,228.63,2112,0.0,0.00,244.8,228.97,0.0,0.0, , 
,229.33,2080,85.5,0.0,11111101,229.67,2048,0.0,0.00,244.8,230.04,0.0,0.0, , 
,230.38,2016,85.5,0.0,11111101,230.74,1984,0.0,0.00,244.8,231.09,0.0,0.0, , 
,231.44,1952,85.5,0.0,11111111,231.81,1920,0.0,0.00,275.4,232.14,0.0,0.0, , 
,232.50,1888,85.5,0.0,11111111,232.83,1856,0.0,0.00,275.4,233.20,0.0,0.0, , 
,233.58,1856,85.5,0.0,11101011,233.97,1792,20.8,3.09,295.8,234.35,0.0,0.0, , 
,234.68,1792,85.5,0.0,11101011,235.06,1792,29.4,4.12,397.8,235.45,0.0,0.0, , 
,235.80,1760,85.5,3.1,11101011,236.19,1760,19.2,2.06,295.8,236.55,0.0,0.0, , 
,236.94,1760,84.0,3.5,11101011,237.30,1760,28.2,4.12,377.4,237.67,0.0,0.0, , 
,238.05,1728,84.0,9.8,11101011,238.43,1728,42.7,6.18,499.8,238.80,0.0,0.0, , 
,239.16,1728,84.0,0.0,11101011,239.52,1760,47.1,6.18,571.2,239.89,0.0,0.0, , 
,240.26,1760,84.0,0.0,11101011,240.60,1760,29.4,4.12,397.8,240.98,0.0,0.0, , 
,241.34,1760,84.0,8.2,11101011,241.71,1760,26.7,3.09,357.0,242.07,0.0,0.0, , 
,242.42,1760,84.0,12.9,11101011,242.80,1760,26.7,3.09,357.0,243.18,0.0,0.0, , 
,243.57,1760,84.0,16.8,11101011,243.93,1760,26.7,4.12,357.0,244.27,0.0,0.0, , 
,244.62,1760,84.0,18.4,11101011,244.96,1760,26.7,4.12,357.0,245.32,0.0,0.0, , 
,245.67,1760,84.0,19.1,11101011,246.06,1760,20.8,3.09,316.2,246.41,0.0,0.0, , 
,246.79,1792,84.0,10.2,11101011,247.13,1760,20.8,2.06,295.8,247.48,0.0,0.0, , 
,247.87,1760,84.0,4.7,11101011,248.20,1760,20.8,2.06,295.8,248.59,0.0,0.0, , 
,248.92,1760,84.0,2.0,11101011,249.32,1760,20.8,2.06,295.8,249.66,0.0,0.0, , 
,250.04,1792,84.0,0.8,11101011,250.40,1760,20.8,2.06,295.8,250.78,0.0,0.0, , 
,251.14,1760,84.0,0.0,11101011,251.50,1760,20.8,2.06,316.2,251.87,0.0,0.0, , 
,252.23,1760,84.0,0.8,11101011,252.62,1760,22.0,2.06,316.2,252.97,0.0,0.0, , 
,253.33,1728,84.0,1.6,11101011,253.69,1728,22.0,2.06,316.2,254.05,0.0,0.0, , 
,254.40,1728,84.0,2.3,11101011,254.74,1728,22.0,2.06,316.2,255.07,0.0,0.0, , 
,255.42,1728,84.0,9.4,11101011,255.79,1728,35.3,4.12,438.6,256.15,0.0,0.0, , 
,256.53,1728,84.0,20.7,11101011,256.90,1728,36.9,5.15,459.0,257.25,0.0,0.0, , 
,257.61,1728,84.0,24.2,11101011,257.98,1728,35.3,5.15,459.0,258.31,0.0,0.0, , 
,258.65,1408,84.0,0.0,11111111,258.94,992,28.2,4.12,377.4,259.26,0.0,0.0, , 
,259.57,1280,84.0,0.0,11101011,259.90,1632,23.5,3.09,336.6,260.22,0.0,0.0, , 
,260.57,2208,84.0,-5.1,11101001,260.89,2240,20.8,2.06,295.8,261.23,0.0,0.0, , 
,261.57,2208,84.0,-6.6,11101001,261.91,2208,28.2,3.09,357.0,262.24,0.0,0.0, , 
,262.59,2176,84.0,-3.1,11101001,262.93,2176,28.2,3.09,377.4,263.27,0.0,0.0, , 
,263.61,2176,84.0,-2.7,11101001,263.96,2176,23.5,3.09,316.2,264.31,0.0,0.0, , 
,264.68,2144,84.0,-7.8,11101001,265.02,2144,23.5,3.09,316.2,265.36,0.0,0.0, , 
,265.71,2112,84.0,-10.5,11101001,266.07,2112,23.5,3.09,336.6,266.41,0.0,0.0, , 
,266.75,2080,82.5,-7.4,11101001,267.10,2080,25.1,3.09,336.6,267.44,0.0,0.0, , 
,267.79,2048,84.0,-3.5,11101001,268.12,2048,29.4,4.12,377.4,268.46,0.0,0.0, , 
,268.81,2048,84.0,1.6,11101001,269.16,2048,28.2,4.12,377.4,269.51,0.0,0.0, , 
,269.85,2016,84.0,4.7,11101001,270.20,2016,29.4,4.12,377.4,270.57,0.0,0.0, , 
,270.93,1984,84.0,8.2,11101001,271.27,1984,29.4,4.12,377.4,271.62,0.0,0.0, , 
,271.98,1984,84.0,9.4,11101011,272.33,1984,29.4,4.12,397.8,272.69,0.0,0.0, , 
,273.05,1952,84.0,10.2,11101011,273.42,1952,31.0,4.12,397.8,273.80,0.0,0.0, , 
,274.16,1952,82.5,10.5,11101011,274.51,1952,31.0,4.12,397.8,274.86,0.0,0.0, , 
,275.23,1952,82.5,11.7,11101011,275.58,1952,31.0,4.12,397.8,275.95,0.0,0.0, , 
,276.30,1952,82.5,11.3,11101011,276.67,1952,31.0,4.12,397.8,277.05,0.0,0.0, , 
,277.41,1952,82.5,10.9,11101011,277.77,1952,31.0,4.12,397.8,278.13,0.0,0.0, , 
,278.50,1952,82.5,10.9,11101011,278.86,1952,29.4,4.12,397.8,279.23,0.0,0.0, , 
,279.58,1952,82.5,9.4,11101011,279.94,1952,29.4,4.12,397.8,280.30,0.0,0.0, , 
,280.65,1984,82.5,8.6,11101011,281.00,1984,29.4,4.12,397.8,281.36,0.0,0.0, , 
,281.74,1984,82.5,7.0,11101011,282.10,1984,29.4,4.12,377.4,282.44,0.0,0.0, , 
,282.80,1984,82.5,7.0,11101001,283.16,1984,29.4,4.12,377.4,283.53,0.0,0.0, , 
,283.89,2016,82.5,-0.8,11101001,284.25,2016,29.4,4.12,377.4,284.60,0.0,0.0, , 
,284.94,2016,84.0,-1.6,11101001,285.31,2016,29.4,4.12,377.4,285.66,0.0,0.0, , 
,286.02,2048,82.5,-2.0,11101001,286.37,2048,28.2,3.09,357.0,286.72,0.0,0.0, , 
,287.07,2048,84.0,-5.5,11101001,287.41,1984,16.1,2.06,244.8,287.76,0.0,0.0, , 
,288.07,1984,84.0,0.0,11111101,288.43,1984,0.0,0.00,244.8,288.78,0.0,0.0, , 
,289.11,1952,84.0,0.0,11111111,289.45,1920,17.6,3.09,275.4,289.81,0.0,0.0, , 
,290.18,1920,84.0,0.0,11101011,290.53,1888,17.6,2.06,275.4,290.89,0.0,0.0, , 
,291.25,1888,84.0,-7.4,11101011,291.60,1888,17.6,2.06,275.4,291.95,0.0,0.0, , 
,292.32,1856,84.0,-10.5,11101011,292.67,1856,19.2,2.06,295.8,293.05,0.0,0.0, , 
,293.42,1856,84.0,-11.3,11101011,293.80,1856,22.0,2.06,316.2,294.19,0.0,0.0, , 
,294.56,1888,84.0,-10.2,11101011,294.93,1888,23.5,3.09,336.6,295.29,0.0,0.0, , 
,295.65,1920,82.5,-10.2,11101011,296.02,1920,23.5,3.09,336.6,296.38,0.0,0.0, , 
,296.75,1952,84.0,-10.2,11101011,297.13,1952,22.0,2.06,316.2,297.50,0.0,0.0, , 
,297.86,1984,84.0,-18.8,11101011,298.23,1952,14.9,1.03,244.8,298.58,0.0,0.0, , 
,298.94,1952,84.0,-23.4,11101011,299.31,1952,16.1,1.03,244.8,299.66,0.0,0.0, , 
,300.02,1952,84.0,-23.8,11101011,300.37,1952,16.1,1.03,244.8,300.72,0.0,0.0, , 
,301.08,1952,84.0,-23.4,11101011,301.46,1984,16.1,1.03,244.8,301.81,0.0,0.0, , 
,302.19,1952,84.0,-23.8,11101011,302.56,1984,14.9,1.03,244.8,302.92,0.0,0.0, , 
,303.28,1984,84.0,-23.8,11111101,303.65,1984,16.1,1.03,244.8,304.00,0.0,0.0, , 
,304.36,1984,84.0,0.0,11111101,304.72,1984,0.0,0.00,244.8,305.08,0.0,0.0, , 
,305.44,1984,84.0,0.0,11111111,305.81,1952,0.0,0.00,244.8,306.18,0.0,0.0, , 
,306.53,1952,84.0,0.0,11111111,306.87,1952,0.0,0.00,275.4,307.21,0.0,0.0, , 
,307.56,1952,84.0,0.0,11111111,307.92,1920,0.0,0.00,275.4,308.29,0.0,0.0, , 
,308.63,1920,84.0,0.0,11111111,308.98,1920,0.0,0.00,275.4,309.33,0.0,0.0, , 
,309.68,1888,84.0,0.0,11111111,310.03,1888,0.0,0.00,275.4,310.39,0.0,0.0, , 
,310.76,1888,84.0,0.0,11111111,311.09,1888,0.0,0.00,295.8,311.42,0.0,0.0, , 
,311.76,1856,84.0,0.0,11111111,312.10,1856,0.0,0.00,295.8,312.42,0.0,0.0, , 
,312.77,1856,84.0,0.0,11111111,313.11,1824,0.0,0.00,295.8,313.47,0.0,0.0, , 
,313.81,1824,84.0,0.0,11111111,314.13,1824,0.0,0.00,295.8,314.46,0.0,0.0, , 
,314.80,1824,84.0,0.0,11111111,315.16,1824,0.0,0.00,295.8,315.52,0.0,0.0, , 
,315.89,1792,84.0,0.0,11111111,316.27,1824,19.2,3.09,295.8,316.63,0.0,0.0, , 
,316.97,1824,84.0,0.0,11101011,317.33,1824,19.2,2.06,275.4,317.70,0.0,0.0, , 
,318.07,1856,84.0,-5.5,11101011,318.43,1856,17.6,2.06,275.4,318.78,0.0,0.0, , 
,319.11,1888,82.5,-9.0,11101011,319.49,1888,17.6,2.06,275.4,319.84,0.0,0.0, , 
,320.21,1952,82.5,-12.1,11101011,320.58,1952,16.1,2.06,244.8,320.94,0.0,0.0, , 
,321.31,1952,82.5,-16.0,11101011,321.65,1984,16.1,2.06,244.8,322.00,0.0,0.0, , 
,322.36,1984,82.5,0.0,11111111,322.72,1984,0.0,0.00,244.8,323.08,0.0,0.0, , 
,323.44,1984,82.5,0.0,11111111,323.80,1984,0.0,0.00,275.4,324.16,0.0,0.0, , 
,324.50,1952,82.5,0.0,11111111,324.85,1952,0.0,0.00,244.8,325.18,0.0,0.0, , 
,325.53,1952,82.5,0.0,11111111,325.88,1952,0.0,0.00,275.4,326.25,0.0,0.0, , 
,326.60,1952,82.5,0.0,11111111,326.94,1952,0.0,0.00,275.4,327.29,0.0,0.0, , 
,327.65,1952,82.5,0.0,11111111,328.00,1952,0.0,0.00,275.4,328.37,0.0,0.0, , 
,328.70,1952,82.5,0.0,11111111,329.05,1952,0.0,0.00,275.4,329.40,0.0,0.0, , 
,329.75,1952,82.5,0.0,11111111,330.10,1952,0.0,0.00,244.8,330.45,0.0,0.0, , 
,330.82,1952,82.5,0.0,11111111,331.18,1984,0.0,0.00,244.8,331.49,0.0,0.0, , 
,331.84,1984,82.5,0.0,11111101,332.18,2016,0.0,0.00,244.8,332.54,0.0,0.0, , 
,332.89,2016,82.5,0.0,11111101,333.26,2048,0.0,0.00,244.8,333.61,0.0,0.0, , 
,333.97,2048,82.5,0.0,11111101,334.33,2048,0.0,0.00,244.8,334.67,0.0,0.0, , 
,335.02,2080,82.5,0.0,10111101,335.36,2080,0.0,0.00,244.8,335.72,0.0,0.0, , 
,336.06,2112,82.5,0.0,10111101,336.40,2112,0.0,0.00,244.8,336.75,0.0,0.0, , 
,337.11,2112,82.5,0.0,10111101,337.47,2112,0.0,0.00,244.8,337.83,0.0,0.0, , 
,338.16,2144,82.5,0.0,10111101,338.49,2144,0.0,0.00,244.8,338.84,0.0,0.0, , 
,339.19,2144,82.5,0.0,10111101,339.53,2144,0.0,0.00,244.8,339.86,0.0,0.0, , 
,340.20,2144,81.0,0.0,10111101,340.54,2144,0.0,0.00,244.8,340.86,0.0,0.0, , 
,341.19,2144,81.0,0.0,10111101,341.53,2144,0.0,0.00,244.8,341.87,0.0,0.0, , 
,342.20,2176,81.0,0.0,10111101,342.54,2176,0.0,0.00,244.8,342.88,0.0,0.0, , 
,343.21,2176,81.0,0.0,10111101,343.56,2176,0.0,0.00,244.8,343.89,0.0,0.0, , 
,344.24,2208,82.5,0.0,10111101,344.58,2208,0.0,0.00,244.8,344.92,0.0,0.0, , 
,345.27,2208,81.0,0.0,10111101,345.59,2208,0.0,0.00,244.8,345.91,0.0,0.0, , 
,346.26,2208,81.0,0.0,10111101,346.60,2176,0.0,0.00,244.8,346.93,0.0,0.0, , 
,347.27,2176,81.0,0.0,10111101,347.61,2176,0.0,0.00,244.8,347.94,0.0,0.0, , 
,348.27,2176,81.0,0.0,10111101,348.60,2144,0.0,0.00,244.8,348.95,0.0,0.0, , 
,349.29,2176,81.0,0.0,10101001,349.62,2176,16.1,2.06,244.8,349.94,0.0,0.0, , 
,350.28,2176,81.0,0.0,10101001,350.62,2208,20.8,3.09,295.8,350.95,0.0,0.0, , 
,351.30,2208,81.0,-2.7,10101001,351.62,2208,22.0,3.09,295.8,351.94,0.0,0.0, , 
,352.28,2240,81.0,-3.5,10101001,352.63,2272,20.8,3.09,295.8,352.96,0.0,0.0, , 
,353.29,2272,81.0,-5.5,10101001,353.63,2272,20.8,3.09,295.8,353.97,0.0,0.0, , 
,354.30,2304,81.0,-6.3,10101001,354.63,2304,20.8,2.06,295.8,354.96,0.0,0.0, , 
,355.31,2336,81.0,-7.4,10101001,355.66,2336,20.8,2.06,295.8,355.99,0.0,0.0, , 
,356.32,2304,79.5,-10.2,10101001,356.65,2336,16.1,2.06,244.8,356.97,0.0,0.0, , 
,357.29,2304,79.5,0.0,10111101,357.61,2304,0.0,0.00,244.8,357.95,0.0,0.0, , 
,358.28,2272,79.5,0.0,10111101,358.61,2240,0.0,0.00,244.8,358.95,0.0,0.0, , 
,359.29,2208,79.5,0.0,10111101,359.62,2208,0.0,0.00,244.8,359.94,0.0,0.0, , 
,360.27,2176,79.5,0.0,10111101,360.62,2176,0.0,0.00,244.8,360.96,0.0,0.0, , 
,361.28,2144,81.0,0.0,10111101,361.62,2112,0.0,0.00,244.8,361.96,0.0,0.0, , 
,362.31,2112,79.5,0.0,10111101,362.69,2080,0.0,0.00,244.8,363.03,0.0,0.0, , 
,363.39,2048,79.5,0.0,10111101,363.75,2048,0.0,0.00,244.8,364.10,0.0,0.0, , 
,364.44,1984,79.5,0.0,10101001,364.80,2016,14.9,2.06,244.8,365.16,0.0,0.0, , 
,365.52,1984,79.5,0.0,10101011,365.89,1984,16.1,2.06,244.8,366.26,0.0,0.0, , 
,366.60,1984,81.0,-5.9,10101011,366.96,1984,16.1,2.06,244.8,367.32,0.0,0.0, , 
,367.69,1952,79.5,-10.9,10101011,368.05,1952,16.1,2.06,244.8,368.42,0.0,0.0, , 
,368.77,1952,79.5,-13.3,10101011,369.13,1952,16.1,2.06,244.8,369.48,0.0,0.0, , 
,369.84,1952,79.5,-14.8,10101010,370.19,1952,16.1,2.06,244.8,370.54,0.0,0.0, , 
,370.90,1920,79.5,-15.2,10101011,371.26,1920,17.6,2.06,275.4,371.60,0.0,0.0, , 
,371.95,1952,79.5,-11.3,10101011,372.33,1952,23.5,3.09,336.6,372.70,0.0,0.0, , 
,373.05,1920,79.5,-6.6,10101011,373.42,1920,23.5,3.09,336.6,373.81,0.0,0.0, , 
,374.16,1952,79.5,-3.1,10101011,374.53,1952,23.5,3.09,316.2,374.90,0.0,0.0, , 
,375.25,1952,79.5,-3.1,10101011,375.62,1952,23.5,3.09,336.6,375.97,0.0,0.0, , 
,376.33,1952,79.5,-3.9,10101011,376.70,1952,23.5,3.09,336.6,377.05,0.0,0.0, , 
,377.41,1952,79.5,-4.3,10101010,377.78,1952,23.5,3.09,336.6,378.15,0.0,0.0, , 
,378.52,1952,79.5,-5.5,10101011,378.88,1952,23.5,3.09,316.2,379.23,0.0,0.0, , 
,379.58,1952,79.5,-6.3,10101010,379.96,1952,23.5,3.09,316.2,380.32,0.0,0.0, , 
,380.67,1952,79.5,-7.8,10101010,381.04,1952,23.5,3.09,336.6,381.39,0.0,0.0, , 
,381.75,1952,79.5,-5.9,10101010,382.13,1888,17.6,2.06,275.4,382.48,0.0,0.0, , 
,382.85,1920,79.5,-15.6,10101010,383.23,1888,17.6,2.06,275.4,383.56,0.0,0.0, , 
,383.93,1856,79.5,-13.7,10101010,384.29,1824,20.8,2.06,295.8,384.67,0.0,0.0, , 
,385.05,1824,79.5,-9.0,10101011,385.44,1792,28.2,3.09,377.4,385.81,0.0,0.0, , 
,386.15,1824,79.5,-0.4,10101011,386.53,1824,31.0,4.12,397.8,386.90,0.0,0.0, , 
,387.26,1856,79.5,7.8,10101010,387.57,1856,35.3,5.15,438.6,387.94,0.0,0.0, , 
,388.30,1856,79.5,0.0,10111110,388.62,1440,0.0,0.00,336.6,388.88,0.0,0.0, , 
,389.20,1088,79.5,0.0,10111110,389.52,1216,28.2,4.12,377.4,389.86,0.0,0.0, , 
,390.17,1120,79.5,0.0,10111110,390.53,1024,23.5,3.09,336.6,390.85,0.0,0.0, , 
,391.17,864,79.5,0.4,10111111,391.49,896,28.2,4.12,397.8,391.81,0.0,0.0, , 
,392.10,896,79.5,4.7,10111111,392.41,896,28.2,4.12,397.8,392.73,0.0,0.0, , 
,393.02,896,79.5,8.6,10111111,393.33,896,28.2,4.12,397.8,393.66,0.0,0.0, , 
,393.96,896,79.5,11.3,10111111,394.28,896,28.2,4.12,397.8,394.61,0.0,0.0, , 
,394.93,896,79.5,12.5,10111111,395.23,896,26.7,4.12,397.8,395.53,0.0,0.0, , 
,395.84,896,79.5,12.9,10111111,396.14,896,28.2,4.12,397.8,396.46,0.0,0.0, , 
,396.76,992,79.5,12.9,10111111,397.07,1088,22.0,3.09,336.6,397.39,0.0,0.0, , 
,397.72,1344,79.5,0.0,10101011,398.06,1408,50.2,8.24,612.0,398.37,0.0,0.0, , 
,398.63,1472,79.5,0.0,10101011,398.95,1568,66.3,10.30,775.2,399.28,0.0,0.0, , 
,399.65,1760,79.5,0.0,10101011,400.00,1920,59.2,8.24,693.6,400.35,0.0,0.0, , 
,400.70,2144,79.5,3.5,10101001,401.01,2240,65.1,10.30,734.4,401.35,0.0,0.0, , 
,401.66,2464,81.0,5.5,10101001,401.99,2592,57.6,9.27,652.8,402.31,0.0,0.0, , 
,402.66,2048,79.5,0.0,10111101,402.98,1568,0.0,0.00,316.2,403.25,0.0,0.0, , 
,403.53,960,79.5,0.0,10111111,403.86,1024,29.4,4.12,397.8,404.19,0.0,0.0, , 
,404.51,1056,79.5,0.0,10111111,404.79,1024,23.5,3.09,357.0,405.05,0.0,0.0, , 
,405.35,928,79.5,0.0,10111111,405.65,864,26.7,3.09,397.8,405.93,0.0,0.0, , 
,406.24,896,81.0,1.6,10111111,406.55,896,28.2,4.12,397.8,406.88,0.0,0.0, , 
,407.20,896,81.0,3.9,10111111,407.51,896,28.2,4.12,397.8,407.79,0.0,0.0, , 
,408.09,864,81.0,5.9,10111111,408.40,864,29.4,4.12,418.2,408.72,0.0,0.0, , 
,409.02,864,81.0,7.4,10111111,409.33,896,29.4,4.12,418.2,409.65,0.0,0.0, , 
,409.97,928,81.0,9.0,10111111,410.32,960,31.0,5.15,418.2,410.65,0.0,0.0, , 
,410.95,1088,81.0,0.0,10101011,411.28,1120,67.8,10.30,795.6,411.60,0.0,0.0, , 
,411.94,1280,81.0,0.0,10101011,412.28,1376,76.9,12.36,887.4,412.60,0.0,0.0, , 
,413.03,1440,81.0,0.0,10101011,413.30,1472,34.1,4.12,438.6,413.70,0.0,0.0, , 
,414.06,1440,81.0,0.0,10111111,414.42,1376,23.5,3.09,336.6,414.76,0.0,0.0, , 
,415.09,1280,81.0,-5.5,10111111,415.41,1152,25.1,3.09,357.0,415.69,0.0,0.0, , 
,415.98,864,81.0,-2.7,10111111,416.28,864,31.0,4.12,438.6,416.59,0.0,0.0, , 
,416.89,896,81.0,-1.2,10111111,417.20,896,31.0,4.12,418.2,417.50,0.0,0.0, , 
,417.81,864,81.0,1.6,10111111,418.12,928,31.0,4.12,418.2,418.42,0.0,0.0, , 
,418.75,928,81.0,4.7,10111111,419.05,864,28.2,4.12,397.8,419.34,0.0,0.0, , 
,419.62,800,81.0,6.6,10111111,419.92,800,28.2,4.12,418.2,420.23,0.0,0.0, , 
,420.53,800,81.0,7.4,10111111,420.82,800,31.0,4.12,438.6,421.13,0.0,0.0, , 
,421.43,800,81.0,8.2,10111111,421.72,832,29.4,4.12,438.6,422.02,0.0,0.0, , 
,422.32,800,81.0,8.6,10111111,422.62,800,28.2,4.12,418.2,422.92,0.0,0.0, , 
,423.24,800,81.0,7.8,10111111,423.54,800,28.2,4.12,397.8,423.83,0.0,0.0, , 
,424.13,768,81.0,7.8,10111111,424.42,800,28.2,4.12,418.2,424.73,0.0,0.0, , 
,425.04,800,81.0,6.6,10111111,425.34,800,28.2,4.12,397.8,425.62,0.0,0.0, , 
,425.93,800,81.0,7.4,10111111,426.22,800,28.2,4.12,397.8,426.52,0.0,0.0, , 
,426.83,800,81.0,6.6,10111111,427.12,800,28.2,4.12,397.8,427.44,0.0,0.0, , 
,427.75,800,81.0,7.4,10111111,428.05,800,26.7,4.12,397.8,428.35,0.0,0.0, , 
,428.64,800,81.0,6.3,10111111,428.95,800,26.7,4.12,397.8,429.27,0.0,0.0, , 
,429.58,800,81.0,7.0,10111111,429.88,800,26.7,4.12,397.8,430.21,0.0,0.0, , 
,430.53,800,82.5,7.0,10111111,430.83,800,26.7,3.09,397.8,431.14,0.0,0.0, , 
,431.46,800,82.5,7.0,10111111,431.76,800,26.7,3.09,397.8,432.06,0.0,0.0, , 
,432.36,800,82.5,6.6,10111111,432.67,800,26.7,3.09,397.8,432.97,0.0,0.0, , 
,433.27,800,82.5,7.8,10111111,433.58,800,26.7,3.09,397.8,433.88,0.0,0.0, , 
,434.18,800,82.5,6.6,10111111,434.49,800,26.7,3.09,397.8,434.79,0.0,0.0, , 
,435.08,800,82.5,6.6,10111111,435.38,768,26.7,3.09,397.8,435.68,0.0,0.0, , 
,435.98,800,82.5,7.0,10111111,436.27,800,26.7,3.09,397.8,436.57,0.0,0.0, , 
,436.87,768,82.5,6.3,10111111,437.15,800,26.7,3.09,397.8,437.44,0.0,0.0, , 
,437.74,768,82.5,6.3,10111111,438.05,800,26.7,3.09,397.8,438.35,0.0,0.0, , 
,438.65,768,82.5,5.9,10111111,438.94,800,26.7,3.09,397.8,439.24,0.0,0.0, , 
,439.53,768,82.5,5.5,10111111,439.83,768,26.7,3.09,397.8,440.15,0.0,0.0, , 
,440.44,768,82.5,5.1,10111111,440.74,768,26.7,3.09,397.8,441.04,0.0,0.0, , 
,441.34,768,82.5,4.3,10111111,441.63,768,26.7,3.09,397.8,441.93,0.0,0.0, , 
,442.22,768,82.5,3.1,10111111,442.52,768,26.7,3.09,397.8,442.82,0.0,0.0, , 
,443.11,768,82.5,3.1,10111111,443.41,768,26.7,3.09,397.8,443.71,0.0,0.0, , 
,444.00,768,82.5,2.7,10111111,444.30,768,28.2,4.12,397.8,444.60,0.0,0.0, , 
,444.89,768,82.5,2.3,10111111,445.20,768,28.2,4.12,418.2,445.50,0.0,0.0, , 
,445.80,800,82.5,2.7,10111111,446.09,768,26.7,4.12,397.8,446.39,0.0,0.0, , 
,446.70,800,82.5,2.7,10111111,447.01,800,26.7,4.12,397.8,447.30,0.0,0.0, , 
,447.60,800,82.5,2.7,10111111,447.89,768,26.7,3.09,397.8,448.20,0.0,0.0, , 
,448.50,768,82.5,2.3,10111111,448.80,768,28.2,3.09,397.8,449.10,0.0,0.0, , 
,449.39,800,82.5,2.3,10111111,449.70,768,26.7,3.09,397.8,450.00,0.0,0.0, , 
,450.29,768,84.0,2.3,10111111,450.60,768,28.2,3.09,397.8,450.90,0.0,0.0, , 
,451.19,800,82.5,1.6,10111111,451.50,768,28.2,4.12,418.2,451.79,0.0,0.0, , 
,452.08,768,82.5,1.2,10111111,452.38,768,28.2,4.12,418.2,452.68,0.0,0.0, , 
,452.97,800,82.5,1.6,10111111,453.27,800,28.2,4.12,418.2,453.57,0.0,0.0, , 
,453.85,800,82.5,1.6,10111111,454.14,800,28.2,3.09,397.8,454.45,0.0,0.0, , 
,454.75,768,82.5,1.6,10111111,455.05,800,28.2,4.12,418.2,455.36,0.0,0.0, , 
,455.65,800,82.5,1.6,10111111,455.95,800,28.2,4.12,397.8,456.24,0.0,0.0, , 
,456.55,800,82.5,1.6,10111111,456.86,800,28.2,3.09,397.8,457.16,0.0,0.0, , 
,457.46,800,82.5,1.6,10111111,457.75,800,28.2,4.12,397.8,458.06,0.0,0.0, , 
,458.37,768,84.0,1.6,10111111,458.65,800,28.2,4.12,418.2,458.95,0.0,0.0, , 
,459.23,800,82.5,1.6,10111111,459.52,768,28.2,4.12,418.2,459.82,0.0,0.0, , 
,460.12,800,82.5,1.2,10111111,460.42,800,26.7,3.09,397.8,460.72,0.0,0.0, , 
,461.02,800,82.5,1.6,10111111,461.32,800,28.2,3.09,418.2,461.63,0.0,0.0, , 
,461.93,800,82.5,1.6,10111111,462.25,800,28.2,4.12,418.2,462.56,0.0,0.0, , 
,462.86,800,82.5,1.6,10111111,463.16,800,28.2,3.09,397.8,463.46,0.0,0.0, , 
,463.76,768,82.5,2.0,10111111,464.07,800,28.2,4.12,418.2,464.37,0.0,0.0, , 
,464.66,768,82.5,2.0,10111111,464.95,800,28.2,4.12,418.2,465.24,0.0,0.0, , 
,465.55,800,82.5,2.0,10111111,465.85,800,28.2,4.12,397.8,466.15,0.0,0.0, , 
,466.45,768,82.5,1.6,10111111,466.74,800,28.2,4.12,418.2,467.03,0.0,0.0, , 
,467.34,800,82.5,1.6,10111111,467.63,800,26.7,3.09,397.8,467.93,0.0,0.0, , 
,468.24,800,82.5,1.6,10111111,468.54,800,28.2,3.09,418.2,468.85,0.0,0.0, , 
,469.14,800,84.0,1.6,10111111,469.45,800,28.2,3.09,418.2,469.74,0.0,0.0, , 
,470.05,800,84.0,1.2,10111111,470.34,768,28.2,3.09,418.2,470.63,0.0,0.0, , 
,470.93,800,84.0,1.2,10111111,471.22,800,28.2,4.12,418.2,471.52,0.0,0.0, , 
,471.82,800,84.0,1.6,10111111,472.11,800,28.2,4.12,397.8,472.41,0.0,0.0, , 
,472.71,800,84.0,1.6,10111111,473.02,768,28.2,4.12,418.2,473.31,0.0,0.0, , 
,473.62,800,84.0,1.6,10111111,473.90,768,28.2,4.12,418.2,474.20,0.0,0.0, , 
,474.50,800,84.0,1.2,10111111,474.81,800,28.2,4.12,418.2,475.11,0.0,0.0, , 
,475.41,768,84.0,1.2,10111111,475.70,800,28.2,3.09,418.2,476.01,0.0,0.0, , 
,476.30,768,84.0,1.2,10111111,476.60,768,28.2,3.09,418.2,476.89,0.0,0.0, , 
,477.20,800,84.0,1.6,10111111,477.50,768,28.2,4.12,418.2,477.82,0.0,0.0, , 
,478.12,768,84.0,1.2,10111111,478.41,800,28.2,4.12,418.2,478.72,0.0,0.0, , 
