Wtorek,15,Wrzesieñ,2026,06:37:01:00009-VCID:1C3761778CABCE7337-515A,Wersja VCDS: AKP 23.3.1,Wersja danych: 20230601 DS346.2
047 906 033 L,,1.4l SIMOS3PA   00HS5401,

,Grupa A:,'001,,,,Grupa B:,'002,,,,Grupa C:,'032
,,Obroty silnika,Temperatura,Lambda,Bity binarnie,,Obroty silnika,Obci¹¿enie,Czas wtrysku,Ciœnienie rzecz.,,Lambda,Lambda, , 
,CZAS,,,,,CZAS,,,,,CZAS,,,,
Znacznik,ZAPISU, /min,*C, %,,ZAPISU, /min, %, ms, mbar,ZAPISU, %, %,,
,0.27,0,15.0,0.0,10110110,0.53,0,0.0,0.00,1009.8,0.01,99.2,0.0, , 
,1.07,0,15.0,0.0,10110110,1.35,0,0.0,0.00,1009.8,0.80,99.2,0.0, , 
,1.89,0,15.0,0.0,10110110,2.16,0,0.0,0.00,1009.8,1.63,99.2,0.0, , 
,2.69,0,15.0,0.0,10110110,2.95,0,0.0,0.00,1009.8,2.42,99.2,0.0, , 
,3.49,0,15.0,0.0,10110110,3.77,0,0.0,0.00,1009.8,3.22,99.2,0.0, , 
,4.29,0,15.0,0.0,10110110,4.56,0,0.0,0.00,1009.8,4.03,99.2,0.0, , 
,5.09,0,15.0,0.0,10110110,5.36,0,0.0,0.00,1009.8,4.83,99.2,0.0, , 
,5.89,0,15.0,0.0,10110110,6.16,0,0.0,0.00,1009.8,5.63,99.2,0.0, , 
,6.69,0,15.0,0.0,10110110,6.95,0,0.0,0.00,1009.8,6.42,99.2,0.0, , 
,7.49,0,15.0,0.0,10110110,7.75,0,0.0,0.00,1009.8,7.22,99.2,0.0, , 
,8.28,0,15.0,0.0,10110110,8.55,0,0.0,0.00,1009.8,8.02,99.2,0.0, , 
,9.08,0,15.0,0.0,10110110,9.34,0,0.0,0.00,1009.8,8.81,99.2,0.0, , 
,9.87,0,15.0,0.0,10110110,10.14,0,0.0,0.00,1009.8,9.61,99.2,0.0, , 
,10.67,0,15.0,0.0,10110110,10.94,0,0.0,0.00,1009.8,10.41,99.2,0.0, , 
,11.49,0,15.0,0.0,10110110,11.75,0,0.0,0.00,1009.8,11.21,99.2,0.0, , 
,12.28,0,15.0,0.0,10110110,12.55,0,0.0,0.00,1009.8,12.02,99.2,0.0, , 
,13.08,0,15.0,0.0,10110110,13.35,0,0.0,0.00,1009.8,12.81,99.2,0.0, , 
,13.90,0,15.0,0.0,10110110,14.17,0,0.0,0.00,1009.8,13.63,99.2,0.0, , 
,14.70,0,15.0,0.0,10110110,14.97,0,0.0,0.00,1009.8,14.44,99.2,0.0, , 
,15.50,0,15.0,0.0,10110110,15.77,0,0.0,0.00,1009.8,15.23,99.2,0.0, , 
,16.30,0,15.0,0.0,10110110,16.57,0,0.0,0.00,1009.8,16.03,99.2,0.0, , 
,17.11,0,15.0,0.0,10110110,17.38,0,0.0,0.00,1009.8,16.85,99.2,0.0, , 
,17.91,0,15.0,0.0,10110110,18.18,0,0.0,0.00,1009.8,17.64,99.2,0.0, , 
,18.74,0,15.0,0.0,10110110,19.02,0,0.0,0.00,1009.8,18.46,99.2,0.0, , 
,19.55,0,15.0,0.0,10110110,19.81,0,0.0,0.00,1009.8,19.28,99.2,0.0, , 
,20.35,0,15.0,0.0,10110110,20.61,0,0.0,0.00,1009.8,20.08,99.2,0.0, , 
,21.14,0,15.0,0.0,10110110,21.41,0,0.0,0.00,1009.8,20.88,99.2,0.0, , 
,21.95,0,15.0,0.0,10110110,22.22,0,0.0,0.00,1009.8,21.67,99.2,0.0, , 
,22.76,0,15.0,0.0,10110110,23.03,0,0.0,0.00,1009.8,22.48,99.2,0.0, , 
,23.56,0,15.0,0.0,10110110,23.83,0,0.0,0.00,1009.8,23.30,99.2,0.0, , 
,24.36,0,15.0,0.0,10110110,24.63,0,0.0,0.00,1009.8,24.09,99.2,0.0, , 
,25.16,0,15.0,0.0,10110110,25.43,0,0.0,0.00,1009.8,24.89,99.2,0.0, , 
,25.97,0,15.0,0.0,10110110,26.24,0,0.0,0.00,1009.8,25.70,99.2,0.0, , 
,26.76,0,15.0,0.0,10110110,27.03,0,0.0,0.00,1009.8,26.50,99.2,0.0, , 
,27.56,0,15.0,0.0,10110110,27.83,0,0.0,0.00,1009.8,27.30,99.2,0.0, , 
,28.36,0,15.0,0.0,10110110,28.63,0,0.0,0.00,1009.8,28.09,99.2,0.0, , 
,29.16,0,15.0,0.0,10110110,29.42,0,0.0,0.00,1009.8,28.89,99.2,0.0, , 
,29.97,0,15.0,0.0,10110110,30.23,0,0.0,0.00,1009.8,29.70,99.2,0.0, , 
,30.77,0,15.0,0.0,10110110,31.03,192,100.0,85.49,989.4,30.50,99.2,0.0, , 
,31.57,192,15.0,0.0,10110110,31.85,192,100.0,81.37,989.4,31.30,99.2,0.0, , 
,32.39,192,15.0,0.0,10110110,32.66,192,100.0,75.19,989.4,32.13,99.2,0.0, , 
,33.20,192,15.0,0.0,10110110,33.47,192,100.0,69.01,989.4,32.92,99.2,0.0, , 
,34.06,1152,15.0,0.0,10110110,34.40,1152,63.5,16.48,693.6,33.75,99.2,0.0, , 
,35.08,1248,15.0,0.0,10110110,35.42,1088,47.1,11.33,520.2,34.74,0.0,0.0, , 
,36.03,1056,15.0,0.0,10110110,36.34,1056,51.8,12.36,571.2,35.73,0.0,0.0, , 
,36.96,1056,15.0,0.0,10110110,37.29,1024,51.8,11.33,571.2,36.65,0.0,0.0, , 
,37.92,1056,15.0,0.0,10110110,38.26,1056,51.8,11.33,571.2,37.61,0.0,0.0, , 
,38.89,1024,15.0,0.0,10110110,39.21,1024,51.8,11.33,571.2,38.58,0.0,0.0, , 
,39.87,1024,15.0,0.0,10110110,40.18,1024,50.2,10.30,571.2,39.54,0.0,0.0, , 
,40.82,1024,15.0,0.0,10110110,41.15,1024,50.2,10.30,550.8,40.52,0.0,0.0, , 
,41.77,1024,15.0,0.0,10110110,42.08,1024,48.6,9.27,550.8,41.47,0.0,0.0, , 
,42.66,1024,15.0,0.0,10110110,42.95,1024,47.1,9.27,550.8,42.37,0.0,0.0, , 
,43.55,1024,15.0,0.0,10110110,43.85,1024,47.1,9.27,520.2,43.26,0.0,0.0, , 
,44.53,1056,15.0,0.0,10100010,44.85,1184,47.1,9.27,520.2,44.20,0.0,0.0, , 
,45.51,1184,15.0,0.0,10100010,45.82,1184,59.2,13.39,632.4,45.21,0.0,0.0, , 
,46.47,1248,15.0,0.0,10100010,46.79,1152,59.2,11.33,632.4,46.14,0.0,0.0, , 
,47.42,992,15.0,0.0,10100010,47.73,1120,57.6,10.30,632.4,47.10,0.0,0.0, , 
,48.37,1280,15.0,0.0,10110110,48.69,1408,35.3,5.15,418.2,48.04,0.0,0.0, , 
,49.33,1344,15.0,0.0,10110110,49.65,1184,35.3,6.18,418.2,49.03,0.0,0.0, , 
,50.32,960,15.0,0.0,10110110,50.68,992,44.3,8.24,499.8,49.98,0.0,0.0, , 
,51.36,992,15.0,0.0,10100010,51.68,1216,56.1,13.39,612.0,51.04,0.0,0.0, , 
,52.39,1248,16.5,0.0,10100010,52.70,1120,56.1,11.33,612.0,52.03,0.0,0.0, , 
,53.37,1248,16.5,0.0,10110110,53.71,1408,36.9,5.15,438.6,53.03,0.0,0.0, , 
,54.33,1088,16.5,0.0,10100010,54.63,928,47.1,10.30,550.8,54.03,0.0,0.0, , 
,55.24,800,16.5,0.0,10100010,55.53,864,60.4,9.27,673.2,54.94,0.0,0.0, , 
,56.13,768,16.5,0.0,10100010,56.41,896,62.0,9.27,693.6,55.82,0.0,0.0, , 
,57.04,992,16.5,0.0,10100010,57.36,1088,65.1,12.36,693.6,56.72,0.0,0.0, , 
,58.07,1376,16.5,0.0,10100010,58.41,1664,79.6,17.51,795.6,57.68,0.0,0.0, , 
,59.09,2176,16.5,0.0,10100000,59.44,2240,28.2,1.03,357.0,58.76,0.0,0.0, , 
,60.18,1760,16.5,0.0,10100010,60.48,1152,44.3,15.45,479.4,59.81,0.0,0.0, , 
,61.14,1280,16.5,0.0,10100010,61.46,1280,59.2,10.30,632.4,60.81,0.0,0.0, , 
,62.12,1344,18.0,0.0,10100010,62.48,1376,53.3,8.24,591.6,61.78,0.0,0.0, , 
,63.11,1504,18.0,0.0,10100010,63.48,1568,67.8,11.33,693.6,62.81,0.0,0.0, , 
,64.19,1696,18.0,0.0,10100010,64.56,1792,63.5,10.30,652.8,63.84,0.0,0.0, , 
,65.31,1920,18.0,0.0,10100010,65.67,1984,57.6,8.24,612.0,64.94,0.0,0.0, , 
,66.38,2080,18.0,0.0,10100000,66.72,2112,59.2,9.27,612.0,66.03,0.0,0.0, , 
,67.38,2208,18.0,0.0,10100000,67.70,2272,54.5,8.24,571.2,67.04,0.0,0.0, , 
,68.40,2368,18.0,0.0,10100000,68.74,2400,47.1,6.18,499.8,68.04,0.0,0.0, , 
,69.43,2432,18.0,0.0,10100000,69.78,2432,38.4,5.15,418.2,69.08,0.0,0.0, , 
,70.49,2432,18.0,0.0,10100000,70.86,2432,32.5,5.15,377.4,70.12,0.0,0.0, , 
,71.58,2400,18.0,0.0,10100000,71.91,2368,26.7,4.12,316.2,71.19,0.0,0.0, , 
,72.53,2336,19.5,0.0,10100000,72.86,2304,22.0,3.09,275.4,72.21,0.0,0.0, , 
,73.60,1920,19.5,-3.9,10111110,73.90,1536,31.0,5.15,377.4,73.21,0.0,0.0, , 
,74.54,1088,19.5,1.6,10111110,74.91,960,42.7,8.24,479.4,74.25,0.0,0.0, , 
,75.55,1024,19.5,0.0,10111110,75.88,992,40.0,6.18,479.4,75.21,0.0,0.0, , 
,76.49,960,19.5,2.0,10111110,76.79,960,42.7,7.21,499.8,76.18,0.0,0.0, , 
,77.46,960,19.5,4.7,10111110,77.77,960,42.7,6.18,499.8,77.14,0.0,0.0, , 
,78.38,960,19.5,6.6,10111110,78.70,960,42.7,7.21,499.8,78.08,0.0,0.0, , 
,79.35,960,19.5,7.4,10111110,79.66,960,53.3,17.51,571.2,79.03,0.0,0.0, , 
,80.28,1472,21.0,0.0,10101010,80.60,1184,72.2,20.60,734.4,79.99,0.0,0.0, , 
,81.18,960,21.0,0.0,10101010,81.49,1216,76.9,14.42,795.6,80.88,0.0,0.0, , 
,82.14,1760,21.0,0.0,10101010,82.48,2016,67.8,7.21,693.6,81.80,0.0,0.0, , 
,83.20,1920,21.0,0.0,10101010,83.52,1344,44.3,13.39,479.4,82.84,0.0,0.0, , 
,84.17,1248,21.0,0.0,10101010,84.47,1440,88.6,23.69,887.4,83.83,0.0,0.0, , 
,85.15,1664,21.0,0.0,10101010,85.53,1792,88.6,16.48,867.0,84.79,0.0,0.0, , 
,86.23,2080,21.0,0.0,10101000,86.57,2144,76.9,12.36,754.8,85.89,0.0,0.0, , 
,87.26,2368,21.0,-2.3,10101000,87.60,2528,69.4,10.30,693.6,86.92,0.0,0.0, , 
,88.27,2464,22.5,0.0,10111100,88.63,1664,0.0,0.00,336.6,87.92,0.0,0.0, , 
,89.30,1856,22.5,0.0,10101010,89.64,1760,28.2,4.12,357.0,88.93,0.0,0.0, , 
,90.41,1856,22.5,-7.4,10101010,90.78,1856,29.4,4.12,357.0,90.03,0.0,0.0, , 
,91.52,1888,22.5,-14.1,10101010,91.88,1888,28.2,4.12,357.0,91.14,0.0,0.0, , 
,92.59,1920,22.5,-13.3,10101010,92.95,1920,26.7,3.09,336.6,92.24,0.0,0.0, , 
,93.67,1920,22.5,-12.9,10111110,94.05,1920,23.5,3.09,295.8,93.32,0.0,0.0, , 
,94.77,1888,24.0,-4.7,10111110,95.13,1888,25.1,3.09,316.2,94.41,0.0,0.0, , 
,95.86,1856,24.0,0.8,10111110,96.21,1824,26.7,4.12,336.6,95.50,0.0,0.0, , 
,96.93,1824,24.0,4.7,10111110,97.31,1824,26.7,4.12,336.6,96.55,0.0,0.0, , 
,98.06,1792,24.0,7.4,10111110,98.39,1792,28.2,4.12,336.6,97.70,0.0,0.0, , 
,99.13,1760,24.0,9.0,10111110,99.48,1760,28.2,4.12,357.0,98.76,0.0,0.0, , 
,100.26,1760,24.0,9.8,10111110,100.61,1760,28.2,4.12,357.0,99.87,0.0,0.0, , 
,101.34,1760,24.0,9.8,10111110,101.69,1792,28.2,4.12,357.0,100.99,0.0,0.0, , 
,102.40,1760,24.0,9.0,10111110,102.75,1376,0.0,0.00,377.4,102.01,0.0,0.0, , 
,103.38,1120,25.5,0.0,10111110,103.73,1184,35.3,5.15,418.2,103.07,0.0,0.0, , 
,104.31,992,24.0,-0.8,10111110,104.62,928,40.0,6.18,479.4,104.05,0.0,0.0, , 
,105.25,928,25.5,-0.8,10111110,105.58,928,42.7,6.18,499.8,104.94,0.0,0.0, , 
,106.21,928,25.5,0.4,10111110,106.50,928,41.2,6.18,479.4,105.90,0.0,0.0, , 
,107.13,928,25.5,0.4,10111110,107.42,928,41.2,6.18,479.4,106.81,0.0,0.0, , 
,108.03,928,25.5,1.2,10111110,108.33,928,41.2,6.18,499.8,107.72,0.0,0.0, , 
,108.96,928,25.5,2.7,10111110,109.25,928,41.2,6.18,479.4,108.64,0.0,0.0, , 
,109.84,928,25.5,3.9,10111110,110.16,928,42.7,6.18,499.8,109.55,0.0,0.0, , 
,110.85,1696,25.5,0.0,10101010,111.20,1632,31.0,4.12,377.4,110.48,0.0,0.0, , 
,111.93,1664,25.5,0.0,10101010,112.27,1792,51.8,7.21,571.2,111.57,0.0,0.0, , 
,113.00,1952,25.5,0.0,10101010,113.36,2016,47.1,7.21,520.2,112.64,0.0,0.0, , 
,114.05,2144,27.0,4.7,10101000,114.40,2208,41.2,6.18,459.0,113.70,0.0,0.0, , 
,115.06,2304,27.0,1.2,10101000,115.39,2336,28.2,4.12,336.6,114.74,0.0,0.0, , 
,116.06,2432,27.0,-3.9,10101000,116.40,2336,23.5,3.09,295.8,115.74,0.0,0.0, , 
,117.09,2368,27.0,-5.1,10111100,117.42,2336,22.0,3.09,275.4,116.76,0.0,0.0, , 
,118.11,2240,27.0,-1.6,10111100,118.45,2208,22.0,3.09,275.4,117.76,0.0,0.0, , 
,119.15,2144,27.0,1.2,10101000,119.50,2144,23.5,3.09,295.8,118.80,0.0,0.0, , 
,120.16,2240,27.0,6.3,10101000,120.49,2240,31.0,5.15,357.0,119.83,0.0,0.0, , 
,121.17,2336,27.0,12.5,10101000,121.51,2432,36.9,6.18,418.2,120.82,0.0,0.0, , 
,122.23,2560,27.0,14.1,10101000,122.56,2624,41.2,6.18,438.6,121.87,0.0,0.0, , 
,123.22,2368,27.0,0.0,10111100,123.53,1568,0.0,0.00,357.0,122.88,0.0,0.0, , 
,124.13,1184,27.0,0.0,10101010,124.49,1824,36.9,6.18,438.6,123.81,0.0,0.0, , 
,125.20,1984,27.0,0.0,10101010,125.55,2016,72.2,13.39,734.4,124.84,0.0,0.0, , 
,126.20,2144,28.5,0.0,10101000,126.57,2176,0.0,0.00,499.8,125.88,0.0,0.0, , 
,127.25,1248,28.5,0.0,10111110,127.59,1280,34.1,6.18,418.2,126.91,0.0,0.0, , 
,128.23,1120,28.5,0.0,10111110,128.55,1056,35.3,4.12,438.6,127.91,0.0,0.0, , 
,129.18,960,28.5,-8.6,10111110,129.49,928,41.2,5.15,479.4,128.88,0.0,0.0, , 
,130.12,960,28.5,-6.3,10111110,130.45,960,40.0,5.15,479.4,129.80,0.0,0.0, , 
,131.07,928,28.5,-3.9,10111110,131.35,960,41.2,6.18,479.4,130.76,0.0,0.0, , 
,131.99,896,28.5,0.0,10101010,132.29,928,54.5,11.33,591.6,131.67,0.0,0.0, , 
,132.91,1088,28.5,0.0,10101010,133.25,1184,67.8,13.39,714.0,132.59,0.0,0.0, , 
,133.93,1376,28.5,0.0,10101010,134.31,1504,69.4,6.18,754.8,133.59,0.0,0.0, , 
,135.01,1664,28.5,0.0,10101010,135.37,1728,34.1,4.12,397.8,134.64,0.0,0.0, , 
,136.10,1760,28.5,-10.9,10101010,136.46,1760,25.1,3.09,336.6,135.74,0.0,0.0, , 
,137.20,1792,28.5,-12.9,10111110,137.55,1792,26.7,3.09,336.6,136.80,0.0,0.0, , 
,138.28,1696,30.0,-6.3,10111110,138.64,1664,29.4,4.12,357.0,137.93,0.0,0.0, , 
,139.33,1568,30.0,-0.8,10111110,139.60,1472,29.4,4.12,357.0,139.00,0.0,0.0, , 
,140.20,1408,30.0,3.9,10101010,140.53,1408,32.5,5.15,397.8,139.87,0.0,0.0, , 
,141.23,1504,30.0,7.8,10101010,141.65,1504,42.7,7.21,479.4,140.85,0.0,0.0, , 
,142.39,1632,30.0,0.0,10101010,142.75,1728,65.1,10.30,693.6,142.02,0.0,0.0, , 
,143.48,1888,30.0,1.6,10101010,143.84,1984,59.2,9.27,632.4,143.12,0.0,0.0, , 
,144.52,2208,30.0,6.6,11101000,144.85,2240,62.0,8.24,652.8,144.18,0.0,0.0, , 
,145.57,1088,30.0,0.0,11111110,145.89,1216,36.9,6.18,438.6,145.25,0.0,0.0, , 
,146.53,1152,31.5,0.0,11111110,146.84,1056,34.1,5.15,418.2,146.22,0.0,0.0, , 
,147.46,928,31.5,-6.3,11111110,147.77,928,40.0,5.15,479.4,147.16,0.0,0.0, , 
,148.41,896,31.5,-6.6,11111110,148.73,896,41.2,5.15,499.8,148.08,0.0,0.0, , 
,149.35,928,31.5,-3.1,11111110,149.64,928,40.0,5.15,479.4,149.05,0.0,0.0, , 
,150.26,896,31.5,-1.6,10111110,150.59,896,40.0,6.18,479.4,149.96,0.0,0.0, , 
,151.21,896,31.5,0.0,10101010,151.56,960,56.1,10.30,632.4,150.90,0.0,0.0, , 
,152.18,1056,31.5,0.0,10101010,152.52,1120,71.0,11.33,754.8,151.89,0.0,0.0, , 
,153.20,1312,31.5,0.0,10101010,153.56,1472,92.9,18.54,948.6,152.85,0.0,0.0, , 
,154.31,1792,31.5,0.0,11101010,154.67,1952,91.4,16.48,907.8,153.92,0.0,0.0, , 
,155.35,2240,31.5,0.0,11101000,155.69,2368,79.6,11.33,795.6,155.01,0.0,0.0, , 
,156.35,2592,33.0,0.0,11101000,156.67,2688,54.5,4.12,591.6,156.01,0.0,0.0, , 
,157.32,1408,33.0,0.0,11111110,157.62,1152,36.9,6.18,438.6,157.02,0.0,0.0, , 
,158.38,1792,33.0,0.0,11101010,158.77,1792,60.4,13.39,632.4,158.00,0.0,0.0, , 
,159.49,1856,33.0,0.0,11101010,159.85,1888,75.3,13.39,775.2,159.13,0.0,0.0, , 
,160.55,1984,33.0,0.0,11101010,160.90,2048,73.7,11.33,754.8,160.20,0.0,0.0, , 
,161.60,2144,33.0,0.0,11101000,161.94,2176,72.2,11.33,734.4,161.25,0.0,0.0, , 
,162.61,2304,33.0,3.9,11101000,162.97,2368,79.6,13.39,795.6,162.27,0.0,0.0, , 
,163.67,2496,33.0,4.7,11101000,164.01,2528,76.9,12.36,775.2,163.31,0.0,0.0, , 
,164.69,2624,33.0,4.7,11101000,165.00,2688,79.6,13.39,775.2,164.35,0.0,0.0, , 
,165.66,2752,33.0,5.1,11101000,166.01,2336,0.0,0.00,336.6,165.33,0.0,0.0, , 
,166.70,1120,34.5,0.0,11111110,167.04,1504,32.5,4.12,397.8,166.38,0.0,0.0, , 
,167.76,1920,34.5,0.0,11101010,168.13,1952,29.4,4.12,357.0,167.41,0.0,0.0, , 
,168.85,1920,34.5,-8.6,11101010,169.21,1920,35.3,5.15,418.2,168.48,0.0,0.0, , 
,169.93,1920,34.5,-4.7,11101010,170.27,1920,34.1,4.12,397.8,169.56,0.0,0.0, , 
,170.97,1888,34.5,-4.3,11101010,171.33,1888,23.5,3.09,295.8,170.63,0.0,0.0, , 
,172.06,1888,34.5,-0.4,11101010,172.44,1888,45.9,6.18,499.8,171.70,0.0,0.0, , 
,173.16,1920,34.5,7.0,11101010,173.53,1920,42.7,6.18,479.4,172.80,0.0,0.0, , 
,174.28,1920,36.0,1.6,11101010,174.65,1888,29.4,4.12,357.0,173.90,0.0,0.0, , 
,175.39,1888,36.0,2.0,11101010,175.76,1888,29.4,4.12,357.0,175.03,0.0,0.0, , 
,176.51,1888,36.0,2.3,11101010,176.91,1856,25.1,3.09,316.2,176.14,0.0,0.0, , 
,177.66,1824,36.0,3.5,11101010,178.02,1824,32.5,4.12,377.4,177.29,0.0,0.0, , 
,178.75,1824,36.0,4.7,11101010,179.14,1824,29.4,4.12,377.4,178.38,0.0,0.0, , 
,179.88,1824,36.0,1.2,11101010,180.21,1792,25.1,3.09,316.2,179.52,0.0,0.0, , 
,180.92,1792,36.0,1.6,11101010,181.30,1792,25.1,3.09,336.6,180.54,0.0,0.0, , 
,182.01,1760,36.0,2.0,11101010,182.40,1760,26.7,3.09,336.6,181.66,0.0,0.0, , 
,183.12,1760,37.5,3.1,11101010,183.47,1792,53.3,13.39,550.8,182.77,0.0,0.0, , 
,184.24,1792,37.5,0.0,11101010,184.60,1824,50.2,7.21,550.8,183.86,0.0,0.0, , 
,185.31,1856,37.5,0.0,11101010,185.69,1856,96.1,18.54,969.0,184.95,0.0,0.0, , 
,186.42,1920,37.5,0.0,11111110,186.78,1888,23.5,3.09,316.2,186.04,0.0,0.0, , 
,187.53,1856,37.5,-9.4,11111110,187.92,1824,23.5,3.09,316.2,187.16,0.0,0.0, , 
,188.69,1792,37.5,-3.1,11101010,189.03,1760,25.1,3.09,336.6,188.31,0.0,0.0, , 
,189.75,1760,37.5,0.0,11101010,190.11,1728,36.9,5.15,438.6,189.39,0.0,0.0, , 
,190.85,1696,37.5,1.6,11111110,191.19,1696,28.2,4.12,357.0,190.47,0.0,0.0, , 
,191.90,1664,37.5,2.3,11111110,192.24,1664,28.2,4.12,357.0,191.54,0.0,0.0, , 
,192.91,1600,37.5,5.9,11101010,193.26,1632,28.2,4.12,357.0,192.58,0.0,0.0, , 
,193.97,1600,39.0,7.8,11111110,194.34,1632,28.2,4.12,357.0,193.60,0.0,0.0, , 
,195.02,1568,39.0,9.0,11111110,195.38,1536,28.2,4.12,357.0,194.68,0.0,0.0, , 
,196.11,1504,39.0,10.2,11101010,196.38,1472,28.2,4.12,357.0,195.83,0.0,0.0, , 
,197.00,1472,39.0,10.9,11101010,197.27,1472,47.1,8.24,520.2,196.73,0.0,0.0, , 
,197.91,1504,39.0,0.0,11101010,198.24,1504,79.6,14.42,846.6,197.63,0.0,0.0, , 
,198.97,1536,39.0,0.0,11101010,199.30,1504,35.3,5.15,418.2,198.56,0.0,0.0, , 
,200.05,1504,39.0,-0.4,11101010,200.32,1504,34.1,5.15,418.2,199.62,0.0,0.0, , 
,201.01,1504,39.0,2.7,11101010,201.36,1504,62.0,16.48,652.8,200.69,0.0,0.0, , 
,202.13,1536,39.0,0.0,11101010,202.48,1536,40.0,6.18,479.4,201.75,0.0,0.0, , 
,203.18,1536,39.0,0.8,11101010,203.56,1536,47.1,7.21,550.8,202.83,0.0,0.0, , 
,204.28,1568,39.0,0.0,11101010,204.64,1568,63.5,10.30,673.2,203.91,0.0,0.0, , 
,205.38,1600,39.0,0.0,11101010,205.73,1632,66.3,10.30,714.0,205.00,0.0,0.0, , 
,206.49,1664,40.5,5.1,11101010,206.82,1664,56.1,8.24,612.0,206.13,0.0,0.0, , 
,207.54,1696,40.5,0.0,11101010,207.90,1728,54.5,8.24,591.6,207.17,0.0,0.0, , 
,208.64,1728,40.5,3.9,11101010,209.01,1760,57.6,9.27,632.4,208.28,0.0,0.0, , 
,209.79,1760,40.5,5.1,11101010,210.17,1760,53.3,8.24,591.6,209.39,0.0,0.0, , 
,210.92,1792,40.5,0.0,11101010,211.25,1792,34.1,4.12,397.8,210.55,0.0,0.0, , 
,211.99,1792,40.5,-4.3,11101010,212.37,1792,29.4,3.09,357.0,211.59,0.0,0.0, , 
,213.10,1760,40.5,-4.3,11101010,213.47,1760,31.0,4.12,377.4,212.76,0.0,0.0, , 
,214.16,1728,40.5,-2.7,11101010,214.52,1728,26.7,3.09,336.6,213.81,0.0,0.0, , 
,215.23,1696,40.5,-0.4,11101010,215.60,1696,28.2,4.12,357.0,214.90,0.0,0.0, , 
,216.28,1664,40.5,3.1,11111110,216.63,1664,28.2,4.12,357.0,215.95,0.0,0.0, , 
,217.32,1632,42.0,5.9,11111110,217.67,1632,28.2,4.12,357.0,216.97,0.0,0.0, , 
,218.41,1472,40.5,8.2,11111110,218.77,1408,29.4,4.12,377.4,218.06,0.0,0.0, , 
,219.42,1248,40.5,7.4,11111110,219.75,1248,29.4,4.12,377.4,219.10,0.0,0.0, , 
,220.43,1216,40.5,7.4,11101010,220.75,1216,34.1,5.15,418.2,220.09,0.0,0.0, , 
,221.41,1216,42.0,0.0,11101010,221.75,1216,92.9,18.54,969.0,221.08,0.0,0.0, , 
,222.40,1280,42.0,0.0,11101010,222.77,1312,92.9,17.51,969.0,222.08,0.0,0.0, , 
,223.42,992,42.0,0.0,11101010,223.79,1984,78.4,13.39,826.2,223.07,0.0,0.0, , 
,224.51,1856,42.0,0.0,11101010,224.88,1952,94.5,17.51,948.6,224.15,0.0,0.0, , 
,225.57,2080,42.0,0.0,11101000,225.91,2112,96.1,16.48,948.6,225.22,0.0,0.0, , 
,226.56,2272,42.0,0.0,11101000,226.94,2336,94.5,15.45,928.2,226.24,0.0,0.0, , 
,227.62,2464,42.0,-2.0,11101000,227.96,2528,92.9,15.45,928.2,227.28,0.0,0.0, , 
,228.62,2656,42.0,-1.2,11101000,228.97,2720,85.5,11.33,867.0,228.29,0.0,0.0, , 
,229.64,1632,42.0,0.0,11111110,230.04,1312,40.0,7.21,459.0,229.31,0.0,0.0, , 
,230.75,1984,42.0,0.0,11101010,231.11,1952,60.4,12.36,632.4,230.39,0.0,0.0, , 
,231.86,1984,42.0,0.0,11101000,232.22,1984,62.0,9.27,673.2,231.48,0.0,0.0, , 
,232.92,2048,42.0,3.5,11101000,233.27,2048,69.4,10.30,714.0,232.57,0.0,0.0, , 
,233.94,2080,43.5,5.9,11101000,234.27,2112,63.5,9.27,673.2,233.60,0.0,0.0, , 
,234.98,2144,42.0,5.1,11101000,235.34,2144,62.0,9.27,673.2,234.63,0.0,0.0, , 
,236.03,2176,43.5,3.1,11101000,236.36,2176,48.6,7.21,550.8,235.70,0.0,0.0, , 
,237.04,2176,43.5,2.7,11101000,237.39,2176,42.7,6.18,479.4,236.69,0.0,0.0, , 
,238.09,2176,43.5,2.3,11101000,238.44,2176,36.9,5.15,418.2,237.73,0.0,0.0, , 
,239.12,2176,43.5,2.0,11101000,239.45,2144,38.4,5.15,438.6,238.79,0.0,0.0, , 
,240.14,2144,43.5,4.3,11101000,240.48,2144,38.4,5.15,438.6,239.81,0.0,0.0, , 
,241.18,2144,43.5,5.1,11101000,241.51,2144,41.2,6.18,459.0,240.82,0.0,0.0, , 
,242.25,2176,43.5,7.8,11101000,242.59,2144,42.7,6.18,479.4,241.89,0.0,0.0, , 
,243.28,2144,43.5,8.6,11101000,243.63,2176,42.7,6.18,479.4,242.94,0.0,0.0, , 
,244.31,2176,43.5,8.6,11101000,244.66,2176,45.9,6.18,499.8,243.97,0.0,0.0, , 
,245.36,2176,43.5,9.0,11101000,245.71,2176,44.3,6.18,499.8,245.01,0.0,0.0, , 
,246.40,2176,43.5,9.4,11101000,246.75,2176,48.6,7.21,520.2,246.05,0.0,0.0, , 
,247.43,2208,43.5,9.0,11101000,247.75,2208,48.6,7.21,550.8,247.09,0.0,0.0, , 
,248.43,2208,43.5,8.2,11101000,248.78,2208,50.2,8.24,550.8,248.09,0.0,0.0, , 
,249.46,2240,45.0,7.8,11101000,249.79,2240,51.8,8.24,571.2,249.13,0.0,0.0, , 
,250.46,2240,45.0,7.4,11101000,250.80,2240,51.8,8.24,571.2,250.13,0.0,0.0, , 
,251.47,2240,45.0,0.0,11101000,251.81,2240,25.1,3.09,316.2,251.14,0.0,0.0, , 
,252.49,2208,45.0,0.0,11101000,252.82,2208,25.1,3.09,316.2,252.15,0.0,0.0, , 
,253.49,2208,45.0,8.6,11101000,253.82,2208,34.1,5.15,397.8,253.15,0.0,0.0, , 
,254.52,2208,45.0,16.0,11101000,254.86,2208,47.1,7.21,520.2,254.16,0.0,0.0, , 
,255.55,2208,45.0,19.5,11101000,255.89,2208,38.4,6.18,438.6,255.20,0.0,0.0, , 
,256.61,2176,45.0,13.3,11101000,256.94,2176,32.5,4.12,377.4,256.26,0.0,0.0, , 
,257.63,2176,45.0,12.5,11101000,257.97,2144,28.2,4.12,357.0,257.28,0.0,0.0, , 
,258.65,2144,45.0,12.1,11101000,258.97,2112,28.2,4.12,357.0,258.32,0.0,0.0, , 
,259.65,2112,45.0,12.9,11101000,260.00,2112,31.0,4.12,377.4,259.32,0.0,0.0, , 
,260.70,2112,45.0,13.7,11101000,261.05,2080,35.3,5.15,418.2,260.34,0.0,0.0, , 
,261.76,2080,46.5,16.4,11101000,262.09,2080,35.3,5.15,418.2,261.40,0.0,0.0, , 
,262.82,2080,46.5,16.4,11101000,263.14,2080,35.3,5.15,418.2,262.45,0.0,0.0, , 
,263.83,2080,46.5,15.2,11101000,264.17,2080,35.3,5.15,418.2,263.49,0.0,0.0, , 
,264.87,2112,46.5,14.8,11101000,265.23,2112,35.3,5.15,418.2,264.52,0.0,0.0, , 
,265.92,2112,46.5,14.5,11101000,266.29,2112,34.1,5.15,397.8,265.58,0.0,0.0, , 
,266.99,2144,46.5,14.1,11101000,267.35,2144,34.1,5.15,397.8,266.64,0.0,0.0, , 
,268.04,2144,46.5,12.9,11101000,268.39,2144,28.2,4.12,357.0,267.69,0.0,0.0, , 
,269.07,2176,46.5,7.4,11101000,269.42,2176,29.4,4.12,357.0,268.73,0.0,0.0, , 
,270.11,2208,46.5,8.2,11101000,270.46,2208,34.1,5.15,397.8,269.77,0.0,0.0, , 
,271.11,2240,46.5,9.8,11101000,271.43,2240,34.1,5.15,397.8,270.79,0.0,0.0, , 
,272.09,2272,46.5,9.0,11101000,272.42,2272,32.5,5.15,397.8,271.76,0.0,0.0, , 
,273.15,2304,46.5,9.8,11101000,273.46,2304,32.5,4.12,377.4,272.79,0.0,0.0, , 
,274.14,2336,46.5,9.0,11101000,274.49,2336,26.7,4.12,336.6,273.81,0.0,0.0, , 
,275.20,2336,46.5,7.4,11101000,275.54,2368,35.3,5.15,418.2,274.82,0.0,0.0, , 
,276.19,2368,46.5,5.1,11101000,276.54,2368,36.9,5.15,418.2,275.88,0.0,0.0, , 
,277.24,2432,46.5,11.7,11101000,277.62,2432,47.1,7.21,520.2,276.88,0.0,0.0, , 
,278.33,2496,46.5,14.8,11101000,278.66,2496,56.1,9.27,591.6,278.00,0.0,0.0, , 
,279.37,2560,46.5,14.8,11101000,279.74,2592,60.4,9.27,632.4,279.04,0.0,0.0, , 
,280.41,2656,46.5,14.1,11101000,280.75,2656,66.3,10.30,693.6,280.08,0.0,0.0, , 
,281.45,2720,46.5,12.1,11101000,281.80,2560,0.0,0.00,377.4,281.10,0.0,0.0, , 
,282.43,1280,46.5,0.0,11111110,282.73,1088,40.0,8.24,459.0,282.13,0.0,0.0, , 
,283.40,2144,46.5,0.0,11101000,283.75,2112,72.2,15.45,754.8,283.07,0.0,0.0, , 
,284.44,2144,46.5,0.0,11101000,284.79,2144,73.7,11.33,775.2,284.08,0.0,0.0, , 
,285.48,2176,46.5,0.0,11101000,285.83,2208,72.2,11.33,754.8,285.12,0.0,0.0, , 
,286.51,2240,48.0,0.0,11101000,286.84,2240,85.5,13.39,867.0,286.18,0.0,0.0, , 
,287.52,2272,48.0,1.2,11101000,287.86,2272,85.5,14.42,887.4,287.19,0.0,0.0, , 
,288.51,2336,48.0,2.3,11101000,288.83,2336,90.2,14.42,907.8,288.19,0.0,0.0, , 
,289.50,2368,48.0,2.0,11101000,289.81,2400,90.2,14.42,907.8,289.19,0.0,0.0, , 
,290.48,2432,48.0,0.8,11101000,290.82,2432,90.2,14.42,907.8,290.13,0.0,0.0, , 
,291.51,2464,48.0,-0.4,11101000,291.87,2496,90.2,14.42,907.8,291.15,0.0,0.0, , 
,292.59,2528,48.0,0.0,11101000,292.92,2528,76.9,11.33,775.2,292.23,0.0,0.0, , 
,293.60,2528,48.0,2.3,11101000,293.96,2560,75.3,11.33,775.2,293.26,0.0,0.0, , 
,294.67,2560,48.0,4.7,11101000,295.03,2560,75.3,11.33,775.2,294.33,0.0,0.0, , 
,295.70,2592,48.0,6.3,11101000,296.02,2592,73.7,11.33,754.8,295.37,0.0,0.0, , 
,296.72,2624,48.0,5.9,11101000,297.04,2624,71.0,11.33,734.4,296.38,0.0,0.0, , 
,297.72,2624,48.0,6.3,11101000,298.06,2624,71.0,11.33,714.0,297.40,0.0,0.0, , 
,298.74,2656,48.0,6.6,11101000,299.10,2656,71.0,10.30,714.0,298.39,0.0,0.0, , 
,299.77,2656,49.5,6.6,11101000,300.13,2688,67.8,10.30,693.6,299.42,0.0,0.0, , 
,300.80,2688,48.0,5.9,11101000,301.15,2688,67.8,10.30,693.6,300.46,0.0,0.0, , 
,301.85,2688,49.5,5.5,11101000,302.19,2688,53.3,7.21,571.2,301.50,0.0,0.0, , 
,302.88,2688,49.5,4.7,11101000,303.22,2688,53.3,7.21,571.2,302.53,0.0,0.0, , 
,303.93,2688,49.5,5.9,11101000,304.26,2688,53.3,7.21,571.2,303.58,0.0,0.0, , 
,304.91,2688,49.5,7.0,11101000,305.25,2688,53.3,8.24,571.2,304.56,0.0,0.0, , 
,305.90,2688,49.5,7.8,11101000,306.26,2688,54.5,8.24,591.6,305.57,0.0,0.0, , 
,306.93,2688,49.5,8.2,11101000,307.27,2688,53.3,8.24,571.2,306.59,0.0,0.0, , 
,307.96,2688,49.5,8.2,11101000,308.30,2688,53.3,8.24,571.2,307.63,0.0,0.0, , 
,308.97,2656,49.5,8.2,11101000,309.30,2656,51.8,7.21,571.2,308.64,0.0,0.0, , 
,310.02,2656,49.5,8.2,11101000,310.38,2656,51.8,7.21,550.8,309.66,0.0,0.0, , 
,311.09,2656,49.5,7.8,11101000,311.44,2656,50.2,7.21,550.8,310.73,0.0,0.0, , 
,312.14,2624,49.5,-5.1,11101000,312.48,2624,50.2,6.18,550.8,311.79,0.0,0.0, , 
,313.17,2624,49.5,-6.6,11101000,313.51,2624,50.2,6.18,550.8,312.83,0.0,0.0, , 
,314.20,2624,49.5,-7.0,11101000,314.53,2624,50.2,6.18,550.8,313.86,0.0,0.0, , 
,315.21,2624,51.0,-3.9,11101000,315.54,2624,51.8,6.18,550.8,314.87,0.0,0.0, , 
,316.18,2624,51.0,-0.8,11101000,316.53,2624,50.2,6.18,550.8,315.87,0.0,0.0, , 
,317.18,2592,51.0,-1.2,11101000,317.53,2624,51.8,6.18,550.8,316.85,0.0,0.0, , 
,318.21,2592,51.0,2.7,11101000,318.56,2592,51.8,6.18,571.2,317.88,0.0,0.0, , 
,319.23,2592,51.0,2.7,11101000,319.57,2592,51.8,6.18,550.8,318.91,0.0,0.0, , 
,320.23,2592,51.0,3.1,11101000,320.59,2592,51.8,6.18,571.2,319.90,0.0,0.0, , 
,321.26,2592,51.0,5.9,11101000,321.63,2592,51.8,7.21,571.2,320.92,0.0,0.0, , 
,322.32,2592,51.0,-1.2,11101000,322.66,2560,51.8,7.21,571.2,321.98,0.0,0.0, , 
,323.36,2560,51.0,-9.4,11101000,323.72,2560,51.8,6.18,571.2,323.02,0.0,0.0, , 
,324.40,2560,51.0,-12.5,11101000,324.74,2560,53.3,6.18,571.2,324.05,0.0,0.0, , 
,325.43,2560,51.0,-14.1,11101000,325.79,2560,63.5,9.27,673.2,325.09,0.0,0.0, , 
,326.46,2560,52.5,-1.2,11101000,326.80,2560,63.5,9.27,673.2,326.11,0.0,0.0, , 
,327.48,2592,52.5,-3.1,11101000,327.83,2592,63.5,9.27,673.2,327.12,0.0,0.0, , 
,328.48,2592,52.5,-4.3,11101000,328.83,2592,63.5,9.27,673.2,328.16,0.0,0.0, , 
,329.53,2592,52.5,-4.7,11101000,329.85,2592,62.0,8.24,652.8,329.19,0.0,0.0, , 
,330.53,2592,52.5,-5.9,11101000,330.85,2592,62.0,8.24,652.8,330.19,0.0,0.0, , 
,331.54,2592,52.5,-5.5,11101000,331.86,2592,62.0,8.24,652.8,331.18,0.0,0.0, , 
,332.50,2624,52.5,-6.6,11101000,332.83,2592,62.0,8.24,673.2,332.18,0.0,0.0, , 
,333.46,2624,52.5,-6.6,11101000,333.80,2624,62.0,8.24,673.2,333.14,0.0,0.0, , 
,334.52,2624,52.5,-5.5,11101000,334.86,2624,62.0,8.24,652.8,334.17,0.0,0.0, , 
,335.54,2624,52.5,-5.5,11101000,335.87,2624,62.0,8.24,652.8,335.19,0.0,0.0, , 
,336.54,2624,52.5,-6.3,11101000,336.88,2624,62.0,8.24,652.8,336.20,0.0,0.0, , 
,337.56,2624,52.5,-5.9,11101000,337.90,2624,62.0,8.24,652.8,337.22,0.0,0.0, , 
,338.61,2624,54.0,-3.9,11101000,338.95,2656,62.0,8.24,652.8,338.26,0.0,0.0, , 
,339.61,2656,52.5,-3.5,11101000,339.94,2656,62.0,8.24,652.8,339.29,0.0,0.0, , 
,340.65,2656,52.5,-4.7,11101000,340.99,2656,60.4,8.24,652.8,340.29,0.0,0.0, , 
,341.67,2656,54.0,-4.3,11101000,342.03,2656,62.0,8.24,652.8,341.32,0.0,0.0, , 
,342.69,2656,52.5,-4.3,11101000,343.05,2656,62.0,8.24,652.8,342.37,0.0,0.0, , 
,343.74,2656,54.0,-3.9,11101000,344.09,2688,60.4,8.24,652.8,343.39,0.0,0.0, , 
,344.82,2688,54.0,-4.3,11101000,345.15,2688,60.4,8.24,652.8,344.46,0.0,0.0, , 
,345.84,2688,54.0,-5.5,11101000,346.20,2656,60.4,8.24,652.8,345.50,0.0,0.0, , 
,346.88,2688,54.0,0.0,11101000,347.22,2688,76.9,11.33,795.6,346.54,0.0,0.0, , 
,347.90,2720,54.0,-1.2,11101000,348.23,2720,78.4,11.33,795.6,347.56,0.0,0.0, , 
,348.92,2720,54.0,-0.4,11101000,349.27,2720,78.4,11.33,795.6,348.57,0.0,0.0, , 
,350.01,2752,54.0,-1.2,11101000,350.33,2752,78.4,11.33,795.6,349.65,0.0,0.0, , 
,351.01,2784,54.0,-0.4,11101000,351.35,2784,69.4,10.30,734.4,350.67,0.0,0.0, , 
,352.06,2784,54.0,0.0,11101000,352.40,2784,71.0,10.30,734.4,351.73,0.0,0.0, , 
,353.07,2784,54.0,0.0,11101000,353.43,2816,85.5,13.39,867.0,352.73,0.0,0.0, , 
,354.17,2848,54.0,-5.5,11101000,354.52,2848,84.3,12.36,867.0,353.79,0.0,0.0, , 
,355.23,2848,55.5,0.0,11101000,355.58,2848,72.2,10.30,734.4,354.87,0.0,0.0, , 
,356.26,2880,55.5,0.0,11101000,356.60,2880,72.2,10.30,754.8,355.92,0.0,0.0, , 
,357.28,2880,55.5,1.2,11101000,357.62,2880,71.0,10.30,734.4,356.94,0.0,0.0, , 
,358.30,2880,55.5,0.8,11101000,358.64,2912,66.3,9.27,693.6,357.96,0.0,0.0, , 
,359.31,2912,55.5,-2.0,11101000,359.65,2912,59.2,7.21,632.4,358.98,0.0,0.0, , 
,360.33,2912,55.5,-6.6,11101000,360.66,2880,56.1,7.21,591.6,359.99,0.0,0.0, , 
,361.32,2880,55.5,-9.4,11101000,361.66,2880,56.1,7.21,591.6,361.00,0.0,0.0, , 
,362.36,2880,55.5,-10.2,11101000,362.69,2880,63.5,8.24,673.2,362.01,0.0,0.0, , 
,363.38,2880,55.5,-9.4,11101000,363.73,2880,65.1,8.24,693.6,363.04,0.0,0.0, , 
,364.45,2880,55.5,-5.5,11101000,364.81,2880,66.3,9.27,693.6,364.09,0.0,0.0, , 
,365.53,2880,55.5,-1.2,11101000,365.88,2912,65.1,9.27,693.6,365.17,0.0,0.0, , 
,366.62,2912,55.5,-0.4,11101000,366.99,2912,72.2,10.30,754.8,366.25,0.0,0.0, , 
,367.77,2912,55.5,1.6,11101000,368.03,2912,73.7,11.33,754.8,367.38,0.0,0.0, , 
,368.75,2944,57.0,2.3,11101000,369.17,2944,73.7,11.33,754.8,368.47,0.0,0.0, , 
,369.90,2944,57.0,2.3,11101000,370.26,2976,73.7,11.33,754.8,369.44,0.0,0.0, , 
,370.79,2976,57.0,0.8,11101000,371.06,2976,73.7,11.33,754.8,370.53,0.0,0.0, , 
,372.00,2976,57.0,0.0,11101000,372.44,2976,71.0,10.30,734.4,371.52,0.0,0.0, , 
,373.00,3008,57.0,-0.4,11101000,373.26,3008,69.4,9.27,714.0,372.73,0.0,0.0, , 
,373.93,3008,57.0,-2.3,11101000,374.40,3008,53.3,7.21,591.6,373.54,0.0,0.0, , 
,375.35,2976,57.0,-6.3,11101000,375.81,2976,51.8,6.18,550.8,374.88,0.0,0.0, , 
,376.42,2976,57.0,-10.5,11101000,376.69,2944,51.8,6.18,571.2,376.16,0.0,0.0, , 
,377.46,2944,57.0,-11.7,11101000,377.88,2944,48.6,6.18,550.8,377.17,0.0,0.0, , 
,378.62,2944,57.0,-12.5,11101000,378.96,2912,44.3,5.15,499.8,378.18,0.0,0.0, , 
,379.58,2912,57.0,-9.8,11101000,379.93,2912,45.9,5.15,499.8,379.24,0.0,0.0, , 
,380.61,2880,57.0,0.0,11101000,380.95,2880,20.8,2.06,275.4,380.28,0.0,0.0, , 
,381.62,2816,57.0,0.0,11111100,381.96,2816,0.0,0.00,275.4,381.27,0.0,0.0, , 
,382.63,2784,58.5,0.0,11111100,382.97,2752,19.2,3.09,275.4,382.29,0.0,0.0, , 
,383.65,2720,57.0,0.0,11101000,383.98,2688,20.8,2.06,275.4,383.30,0.0,0.0, , 
,384.62,2688,58.5,-26.2,11101000,384.96,2656,20.8,2.06,275.4,384.29,0.0,0.0, , 
,385.62,2624,58.5,-30.5,11101000,385.98,2624,20.8,2.06,275.4,385.29,0.0,0.0, , 
,386.63,2560,58.5,0.0,11111100,386.96,2560,0.0,0.00,275.4,386.31,0.0,0.0, , 
,387.62,2496,58.5,0.0,11111100,387.95,2496,0.0,0.00,275.4,387.29,0.0,0.0, , 
,388.62,2432,58.5,0.0,11111100,388.95,2432,0.0,0.00,275.4,388.29,0.0,0.0, , 
,389.58,2400,58.5,0.0,11111100,389.91,2368,0.0,0.00,275.4,389.26,0.0,0.0, , 
,390.58,2336,58.5,0.0,11111100,390.91,2304,0.0,0.00,275.4,390.24,0.0,0.0, , 
,391.58,2272,58.5,0.0,11111100,391.91,2240,0.0,0.00,275.4,391.25,0.0,0.0, , 
,392.59,2208,58.5,0.0,11111100,392.93,2176,17.6,3.09,275.4,392.25,0.0,0.0, , 
,393.61,2176,58.5,0.0,11101000,393.94,2112,62.0,9.27,673.2,393.28,0.0,0.0, , 
,394.64,2112,58.5,0.0,11101000,394.97,2112,50.2,6.18,571.2,394.27,0.0,0.0, , 
,395.65,2048,58.5,0.0,11101000,396.02,2016,34.1,5.15,397.8,395.31,0.0,0.0, , 
,396.73,1984,58.5,0.0,11101000,397.10,1952,63.5,9.27,693.6,396.39,0.0,0.0, , 
,397.82,1952,58.5,0.0,11101010,398.19,1952,75.3,11.33,826.2,397.46,0.0,0.0, , 
,398.90,1952,58.5,-1.2,11101010,399.26,1984,73.7,11.33,795.6,398.53,0.0,0.0, , 
,400.01,1984,58.5,-0.4,11101010,400.38,1984,73.7,11.33,775.2,399.65,0.0,0.0, , 
,401.11,2016,58.5,-2.0,11101000,401.45,2016,71.0,10.30,754.8,400.74,0.0,0.0, , 
,402.16,2048,58.5,-1.6,11101000,402.51,2048,66.3,9.27,714.0,401.81,0.0,0.0, , 
,403.23,2048,58.5,-2.3,11101000,403.57,2080,63.5,8.24,673.2,402.86,0.0,0.0, , 
,404.28,2112,58.5,-3.9,11101000,404.64,2144,62.0,8.24,673.2,403.93,0.0,0.0, , 
,405.32,2176,58.5,-4.7,11101000,405.66,2208,60.4,8.24,652.8,404.98,0.0,0.0, , 
,406.37,2240,58.5,-5.1,11101000,406.71,2272,59.2,8.24,632.4,406.01,0.0,0.0, , 
,407.40,2272,58.5,-6.3,11101000,407.75,2304,59.2,8.24,652.8,407.05,0.0,0.0, , 
,408.41,2336,58.5,-3.5,11101000,408.80,2336,60.4,8.24,652.8,408.07,0.0,0.0, , 
,409.47,2368,58.5,-3.1,11101000,409.84,2368,60.4,8.24,652.8,409.14,0.0,0.0, , 
,410.55,2368,58.5,-3.5,11101000,410.90,2368,63.5,9.27,693.6,410.19,0.0,0.0, , 
,411.54,2368,58.5,-0.8,11101000,411.87,2400,66.3,9.27,693.6,411.23,0.0,0.0, , 
,412.60,2400,58.5,-0.4,11101000,412.97,2400,66.3,10.30,714.0,412.24,0.0,0.0, , 
,413.68,2432,58.5,0.4,11101000,414.04,2432,66.3,9.27,714.0,413.34,0.0,0.0, , 
,414.77,2432,58.5,0.4,11101000,415.13,2432,51.8,7.21,571.2,414.40,0.0,0.0, , 
,415.81,2432,58.5,0.0,11101000,416.17,2432,44.3,6.18,499.8,415.46,0.0,0.0, , 
,416.90,2432,58.5,-5.5,11101000,417.28,2432,47.1,6.18,520.2,416.53,0.0,0.0, , 
,418.02,2432,58.5,-9.4,11101000,418.36,2432,56.1,7.21,612.0,417.65,0.0,0.0, , 
,419.03,2432,58.5,-9.4,11101000,419.40,2432,54.5,7.21,612.0,418.70,0.0,0.0, , 
,420.15,2432,58.5,-9.4,11101000,420.50,2432,59.2,8.24,652.8,419.78,0.0,0.0, , 
,421.20,2432,58.5,-6.3,11101000,421.57,2432,60.4,8.24,652.8,420.85,0.0,0.0, , 
,422.32,2432,58.5,-2.0,11101000,422.67,2432,69.4,10.30,734.4,421.95,0.0,0.0, , 
,423.37,2464,58.5,-1.2,11101000,423.72,2464,82.7,13.39,867.0,423.03,0.0,0.0, , 
,424.41,2496,58.5,-2.7,11101000,424.77,2496,82.7,12.36,867.0,424.07,0.0,0.0, , 
,425.43,2496,58.5,-3.9,11101000,425.79,2528,75.3,11.33,795.6,425.11,0.0,0.0, , 
,426.48,2528,58.5,0.0,11101000,426.83,2528,71.0,10.30,754.8,426.14,0.0,0.0, , 
,427.49,2560,58.5,0.0,11101000,427.82,2560,63.5,9.27,673.2,427.16,0.0,0.0, , 
,428.52,2560,58.5,-1.2,11101000,428.87,2560,63.5,9.27,673.2,428.17,0.0,0.0, , 
,429.56,2560,58.5,-1.6,11101000,429.88,2560,65.1,9.27,693.6,429.21,0.0,0.0, , 
,430.58,2560,58.5,-2.0,11101000,430.90,2592,66.3,9.27,714.0,430.23,0.0,0.0, , 
,431.59,2592,58.5,-2.3,11101000,431.94,2592,66.3,9.27,714.0,431.25,0.0,0.0, , 
,432.62,2592,58.5,-3.5,11101000,432.94,2592,45.9,6.18,499.8,432.27,0.0,0.0, , 
,433.64,2592,58.5,0.0,11101000,433.97,2592,45.9,6.18,499.8,433.28,0.0,0.0, , 
,434.64,2560,58.5,-4.7,11101000,434.98,2560,54.5,7.21,591.6,434.32,0.0,0.0, , 
,435.65,2560,58.5,-7.8,11101000,435.99,2560,56.1,7.21,612.0,435.32,0.0,0.0, , 
,436.69,2560,60.0,-10.2,11101000,437.02,2560,53.3,7.21,591.6,436.34,0.0,0.0, , 
,437.69,2560,60.0,-9.8,11101000,438.02,2560,54.5,7.21,591.6,437.36,0.0,0.0, , 
,438.71,2560,60.0,-9.4,11101000,439.06,2560,56.1,7.21,612.0,438.39,0.0,0.0, , 
,439.74,2560,60.0,-8.2,11101000,440.08,2560,60.4,8.24,652.8,439.41,0.0,0.0, , 
,440.76,2560,60.0,-3.9,11101000,441.09,2560,69.4,10.30,734.4,440.43,0.0,0.0, , 
,441.75,2560,60.0,-0.8,11101000,442.10,2560,73.7,10.30,775.2,441.44,0.0,0.0, , 
,442.78,2592,60.0,2.7,11101000,443.11,2592,72.2,11.33,754.8,442.44,0.0,0.0, , 
,443.77,2624,60.0,2.0,11101000,444.13,2624,65.1,10.30,693.6,443.43,0.0,0.0, , 
,444.80,2624,60.0,0.8,11101000,445.13,2624,60.4,8.24,652.8,444.47,0.0,0.0, , 
,445.85,2624,60.0,-0.8,11101000,446.19,2624,63.5,9.27,673.2,445.49,0.0,0.0, , 
,446.86,2624,60.0,-4.3,11101000,447.19,2624,63.5,9.27,673.2,446.52,0.0,0.0, , 
,447.87,2624,60.0,-4.3,11101000,448.21,2624,63.5,9.27,673.2,447.52,0.0,0.0, , 
,448.91,2656,60.0,-4.7,11101000,449.26,2656,63.5,9.27,673.2,448.57,0.0,0.0, , 
,449.95,2656,60.0,-3.9,11101000,450.29,2656,63.5,9.27,673.2,449.61,0.0,0.0, , 
,450.99,2656,60.0,-4.3,11101000,451.33,2656,63.5,9.27,673.2,450.63,0.0,0.0, , 
,451.98,2656,60.0,-4.3,11101000,452.31,2656,63.5,9.27,673.2,451.66,0.0,0.0, , 
,452.99,2656,60.0,-4.3,11101000,453.34,2688,62.0,8.24,673.2,452.65,0.0,0.0, , 
,454.04,2656,60.0,-4.3,11101000,454.39,2688,60.4,8.24,652.8,453.69,0.0,0.0, , 
,455.07,2656,60.0,-5.1,11101000,455.42,2688,53.3,7.21,591.6,454.73,0.0,0.0, , 
,456.10,2656,60.0,-7.4,11101000,456.44,2656,53.3,6.18,591.6,455.76,0.0,0.0, , 
,457.12,2656,60.0,-8.2,11101000,457.47,2656,54.5,7.21,591.6,456.77,0.0,0.0, , 
,458.17,2656,60.0,-9.4,11101000,458.52,2656,54.5,7.21,591.6,457.82,0.0,0.0, , 
,459.20,2656,61.5,-9.0,11101000,459.54,2656,57.6,7.21,632.4,458.87,0.0,0.0, , 
,460.21,2656,61.5,-7.4,11101000,460.56,2656,62.0,8.24,673.2,459.87,0.0,0.0, , 
,461.21,2656,61.5,-3.9,11101000,461.57,2656,62.0,8.24,673.2,460.89,0.0,0.0, , 
,462.27,2656,60.0,-1.6,11101000,462.64,2656,62.0,9.27,673.2,461.92,0.0,0.0, , 
,463.33,2656,61.5,-0.8,11101000,463.65,2656,62.0,9.27,652.8,462.99,0.0,0.0, , 
,464.33,2656,61.5,-0.4,11101000,464.65,2656,60.4,8.24,652.8,464.00,0.0,0.0, , 
,465.33,2688,61.5,-0.8,11101000,465.67,2688,63.5,9.27,673.2,465.00,0.0,0.0, , 
,466.35,2656,61.5,-1.6,11101000,466.70,2688,65.1,9.27,693.6,466.01,0.0,0.0, , 
,467.38,2688,61.5,-1.2,11101000,467.74,2688,63.5,9.27,673.2,467.04,0.0,0.0, , 
,468.45,2688,61.5,-4.3,11101000,468.78,2688,79.6,12.36,846.6,468.09,0.0,0.0, , 
,469.44,2720,61.5,-7.4,11101000,469.78,2720,88.6,13.39,907.8,469.11,0.0,0.0, , 
,470.45,2752,61.5,-9.8,11101000,470.76,2752,78.4,11.33,826.2,470.12,0.0,0.0, , 
,471.44,2784,61.5,0.0,11101000,471.76,2784,72.2,10.30,775.2,471.09,0.0,0.0, , 
,472.45,2784,61.5,1.2,11101000,472.77,2784,73.7,11.33,775.2,472.11,0.0,0.0, , 
,473.41,2816,61.5,2.0,11101000,473.73,2784,75.3,11.33,795.6,473.09,0.0,0.0, , 
,474.40,2848,61.5,1.2,11101000,474.76,2816,76.9,11.33,795.6,474.06,0.0,0.0, , 
,475.45,2848,61.5,-1.2,11101000,475.80,2848,78.4,11.33,826.2,475.14,0.0,0.0, , 
,476.51,2848,61.5,-1.2,11101000,476.86,2848,75.3,11.33,795.6,476.16,0.0,0.0, , 
,477.57,2880,63.0,-0.8,11101000,477.91,2880,75.3,11.33,775.2,477.22,0.0,0.0, , 
,478.54,2880,63.0,0.8,11101000,478.87,2880,73.7,11.33,775.2,478.23,0.0,0.0, , 
,479.52,2912,63.0,2.0,11101000,479.88,2912,73.7,11.33,775.2,479.19,0.0,0.0, , 
,480.62,2912,63.0,1.6,11101000,481.00,2912,73.7,11.33,775.2,480.24,0.0,0.0, , 
,481.69,2912,63.0,0.0,11101000,482.03,2912,79.6,11.33,826.2,481.39,0.0,0.0, , 
,482.70,2944,63.0,-3.1,11101000,483.15,2944,78.4,10.30,826.2,482.43,0.0,0.0, , 
,483.80,2944,63.0,-3.5,11101000,484.25,2976,78.4,11.33,795.6,483.42,0.0,0.0, , 
,484.80,2976,63.0,-2.7,11101000,485.06,2976,71.0,10.30,754.8,484.52,0.0,0.0, , 
,485.87,2976,63.0,-2.7,11101000,486.33,2976,69.4,9.27,734.4,485.41,0.0,0.0, , 
,487.26,2976,63.0,0.0,11101000,487.57,2944,20.8,2.06,275.4,486.79,0.0,0.0, , 
,488.20,2944,63.0,0.0,11111100,488.54,2912,0.0,0.00,275.4,487.85,0.0,0.0, , 
,489.23,2848,63.0,0.0,11111100,489.58,2816,0.0,0.00,275.4,488.89,0.0,0.0, , 
,490.23,2784,63.0,0.0,11111100,490.56,2752,0.0,0.00,275.4,489.90,0.0,0.0, , 
,491.25,2720,63.0,0.0,11111100,491.58,2720,0.0,0.00,275.4,490.89,0.0,0.0, , 
,492.22,2656,63.0,0.0,11111100,492.56,2624,0.0,0.00,275.4,491.89,0.0,0.0, , 
,493.21,2592,63.0,0.0,11111100,493.57,2560,0.0,0.00,275.4,492.89,0.0,0.0, , 
,494.25,2464,63.0,0.0,11111100,494.56,2432,0.0,0.00,275.4,493.91,0.0,0.0, , 
,495.21,2336,63.0,0.0,11111100,495.55,2272,0.0,0.00,275.4,494.87,0.0,0.0, , 
,496.19,2208,63.0,0.0,11111100,496.52,2144,0.0,0.00,275.4,495.86,0.0,0.0, , 
,497.20,2080,64.5,0.0,11111100,497.55,2016,0.0,0.00,275.4,496.86,0.0,0.0, , 
,498.21,1920,64.5,0.0,11111110,498.58,1856,0.0,0.00,295.8,497.89,0.0,0.0, , 
,499.24,1504,63.0,0.0,11111110,499.55,928,31.0,5.15,397.8,498.90,0.0,0.0, , 
,500.19,1856,63.0,0.0,11101010,500.52,2304,48.6,7.21,550.8,499.85,0.0,0.0, , 
,501.17,2304,63.0,0.0,11101000,501.51,2304,96.1,16.48,989.4,500.86,0.0,0.0, , 
,502.18,2336,63.0,0.0,11101000,502.51,2368,96.1,16.48,989.4,501.85,0.0,0.0, , 
,503.21,2432,63.0,-4.3,11101000,503.55,2432,96.1,15.45,989.4,502.87,0.0,0.0, , 
,504.24,2496,63.0,-5.5,11101000,504.58,2496,96.1,14.42,989.4,503.90,0.0,0.0, , 
,505.27,2560,63.0,-5.9,11101000,505.60,2560,94.5,14.42,969.0,504.94,0.0,0.0, , 
,506.30,2112,63.0,0.0,11111100,506.60,1504,0.0,0.00,336.6,505.94,0.0,0.0, , 
,507.20,864,63.0,0.0,11111110,507.50,704,45.9,9.27,550.8,506.89,0.0,0.0, , 
,508.11,928,63.0,0.0,11111110,508.40,896,34.1,5.15,438.6,507.81,0.0,0.0, , 
,509.04,928,63.0,-3.9,11111110,509.35,928,35.3,4.12,459.0,508.72,0.0,0.0, , 
,509.97,896,63.0,-8.6,11111110,510.27,896,34.1,4.12,459.0,509.67,0.0,0.0, , 
,510.92,896,63.0,-9.8,11111110,511.24,896,35.3,4.12,459.0,510.60,0.0,0.0, , 
,511.86,896,63.0,-9.0,11111110,512.17,896,34.1,4.12,459.0,511.54,0.0,0.0, , 
,512.75,928,63.0,-9.4,11101010,513.14,1248,42.7,7.21,520.2,512.47,0.0,0.0, , 
,513.81,1216,63.0,0.0,11101010,514.15,1536,87.1,16.48,948.6,513.45,0.0,0.0, , 
,514.84,1696,63.0,0.0,11101010,515.22,1856,90.2,15.45,969.0,514.52,0.0,0.0, , 
,515.92,2080,63.0,0.0,11101000,516.23,2240,88.6,14.42,928.2,515.56,0.0,0.0, , 
,516.91,2496,64.5,-6.6,11101000,517.25,2624,88.6,13.39,928.2,516.55,0.0,0.0, , 
,517.95,2880,64.5,-9.0,11101000,518.28,2624,0.0,0.00,377.4,517.59,0.0,0.0, , 
,518.98,1632,64.5,0.0,11101010,519.35,1856,41.2,7.21,479.4,518.62,0.0,0.0, , 
,520.11,1920,64.5,0.0,11101010,520.46,1952,44.3,5.15,520.2,519.73,0.0,0.0, , 
,521.17,1984,64.5,0.0,11101010,521.53,1984,51.8,7.21,591.6,520.83,0.0,0.0, , 
,522.25,2016,63.0,0.0,11101000,522.58,2080,62.0,9.27,673.2,521.89,0.0,0.0, , 
,523.24,2144,64.5,-3.5,11101000,523.60,2144,62.0,8.24,673.2,522.91,0.0,0.0, , 
,524.28,2240,64.5,-2.3,11101000,524.61,2272,57.6,8.24,632.4,523.95,0.0,0.0, , 
,525.32,2336,64.5,-3.5,11101000,525.66,2368,57.6,8.24,632.4,524.96,0.0,0.0, , 
,526.35,2432,64.5,-3.5,11101000,526.70,2496,63.5,8.24,693.6,526.00,0.0,0.0, , 
,527.38,2560,64.5,-2.0,11101000,527.70,2592,56.1,8.24,612.0,527.05,0.0,0.0, , 
,528.36,2624,63.0,0.0,11101000,528.69,2624,29.4,4.12,357.0,528.03,0.0,0.0, , 
,529.32,2592,64.5,-5.9,11101000,529.64,2592,31.0,4.12,377.4,529.00,0.0,0.0, , 
,530.33,2592,63.0,-10.9,11101000,530.68,2592,31.0,3.09,377.4,529.99,0.0,0.0, , 
,531.35,2560,63.0,-14.1,11101000,531.71,2560,32.5,3.09,377.4,531.01,0.0,0.0, , 
,532.40,2560,63.0,-15.6,11101000,532.75,2528,31.0,3.09,377.4,532.06,0.0,0.0, , 
,533.46,2528,64.5,-13.7,11101000,533.80,2528,31.0,3.09,377.4,533.10,0.0,0.0, , 
,534.48,2496,63.0,-12.9,11101000,534.81,2496,32.5,3.09,377.4,534.14,0.0,0.0, , 
,535.51,2496,63.0,-11.3,11101000,535.86,2464,26.7,3.09,336.6,535.16,0.0,0.0, , 
,536.53,2432,63.0,-17.2,11111100,536.85,2368,20.8,2.06,275.4,536.20,0.0,0.0, , 
,537.49,2368,63.0,-25.8,11111100,537.83,2272,0.0,0.00,244.8,537.17,0.0,0.0, , 
,538.50,2208,63.0,0.0,11111100,538.83,2176,0.0,0.00,275.4,538.16,0.0,0.0, , 
,539.50,2080,63.0,0.0,11101000,539.85,2048,17.6,3.09,244.8,539.15,0.0,0.0, , 
,540.56,1984,63.0,0.0,11101000,540.92,1984,31.0,4.12,377.4,540.21,0.0,0.0, , 
,541.65,1952,63.0,-8.6,11101010,542.02,1920,36.9,4.12,438.6,541.28,0.0,0.0, , 
,542.74,1920,63.0,-9.0,11111110,543.05,1504,0.0,0.00,336.6,542.37,0.0,0.0, , 
,543.66,960,63.0,0.0,11111110,543.93,992,34.1,5.15,459.0,543.36,0.0,0.0, , 
,544.52,928,63.0,0.0,11111110,544.82,896,32.5,4.12,418.2,544.20,0.0,0.0, , 
,545.38,992,63.0,-1.6,11111110,545.71,992,29.4,4.12,397.8,545.11,0.0,0.0, , 
,546.34,896,64.5,-7.0,11111110,546.65,896,32.5,4.12,438.6,546.03,0.0,0.0, , 
,547.27,928,64.5,-8.2,11111110,547.57,928,32.5,4.12,418.2,546.97,0.0,0.0, , 
,548.22,928,64.5,-10.2,11101010,548.53,1088,36.9,5.15,459.0,547.88,0.0,0.0, , 
,549.21,1344,64.5,-5.1,11101010,549.57,1376,29.4,3.09,377.4,548.86,0.0,0.0, , 
,550.22,1376,64.5,0.0,11101010,550.55,1248,63.5,12.36,714.0,549.89,0.0,0.0, , 
,551.26,1376,64.5,0.0,11101010,551.64,1600,62.0,9.27,693.6,550.88,0.0,0.0, , 
,552.36,2240,64.5,0.0,11101000,552.72,2208,0.0,0.00,397.8,551.99,0.0,0.0, , 
,553.44,1312,64.5,0.0,11101010,553.74,1568,79.6,14.42,887.4,553.09,0.0,0.0, , 
,554.55,1600,64.5,0.0,11101010,554.91,1696,78.4,12.36,846.6,554.18,0.0,0.0, , 
,555.61,1920,64.5,0.0,11101010,555.98,2016,75.3,10.30,826.2,555.25,0.0,0.0, , 
,556.67,2176,64.5,3.5,11101000,557.02,2272,69.4,10.30,754.8,556.32,0.0,0.0, , 
,557.72,2400,64.5,7.8,11101000,558.05,2528,71.0,11.33,754.8,557.36,0.0,0.0, , 
,558.71,2656,64.5,11.7,11101000,559.06,2720,66.3,10.30,714.0,558.37,0.0,0.0, , 
,559.78,2784,64.5,0.0,11111100,560.10,2240,0.0,0.00,316.2,559.43,0.0,0.0, , 
,560.85,1504,64.5,0.0,11101010,561.22,1760,29.4,5.15,377.4,560.46,0.0,0.0, , 
,561.97,1760,64.5,0.0,11101010,562.33,1792,71.0,12.36,775.2,561.58,0.0,0.0, , 
,563.04,1856,64.5,0.0,11101010,563.41,1920,72.2,10.30,775.2,562.69,0.0,0.0, , 
,564.13,1984,64.5,0.0,11101010,564.49,2016,78.4,11.33,846.6,563.77,0.0,0.0, , 
,565.19,2048,64.5,0.4,11101000,565.52,2080,78.4,11.33,846.6,564.84,0.0,0.0, , 
,566.20,2144,64.5,-3.9,11101000,566.55,2176,85.5,12.36,907.8,565.87,0.0,0.0, , 
,567.21,2240,64.5,-7.0,11101000,567.55,2272,88.6,13.39,928.2,566.87,0.0,0.0, , 
,568.22,2336,64.5,-11.3,11101000,568.53,2368,87.1,12.36,928.2,567.88,0.0,0.0, , 
,569.23,2432,64.5,0.0,11101000,569.57,2464,78.4,11.33,826.2,568.88,0.0,0.0, , 
,570.28,2496,64.5,1.6,11101000,570.62,2496,75.3,11.33,795.6,569.94,0.0,0.0, , 
,571.30,2528,64.5,5.9,11101000,571.63,2528,75.3,11.33,795.6,570.96,0.0,0.0, , 
,572.30,2560,64.5,3.9,11101000,572.63,2592,84.3,13.39,887.4,571.96,0.0,0.0, , 
,573.32,2624,64.5,-3.9,11101000,573.66,2624,90.2,13.39,928.2,572.98,0.0,0.0, , 
,574.31,2688,66.0,-7.4,11101000,574.64,2720,91.4,13.39,948.6,573.98,0.0,0.0, , 
,575.34,2784,66.0,-8.6,11101000,575.68,2784,91.4,13.39,948.6,574.99,0.0,0.0, , 
,576.38,2880,66.0,-8.2,11101000,576.70,2880,90.2,13.39,948.6,576.04,0.0,0.0, , 
,577.41,2944,66.0,-8.2,11101000,577.83,2976,87.1,12.36,907.8,577.07,0.0,0.0, , 
,578.50,1952,66.0,0.0,11111110,578.90,1536,26.7,5.15,357.0,578.16,0.0,0.0, , 
,579.61,2048,66.0,0.0,11101000,579.95,1984,71.0,12.36,754.8,579.25,0.0,0.0, , 
,580.67,1984,66.0,0.0,11101010,581.03,1984,79.6,12.36,867.0,580.31,0.0,0.0, , 
,581.75,1984,66.0,-0.8,11101000,582.09,2016,81.2,12.36,867.0,581.39,0.0,0.0, , 
,582.81,2016,66.0,-0.8,11101000,583.16,2016,75.3,11.33,826.2,582.45,0.0,0.0, , 
,583.86,2016,66.0,1.6,11101000,584.22,2016,71.0,10.30,775.2,583.51,0.0,0.0, , 
,584.96,2016,66.0,4.3,11101000,585.33,2016,62.0,8.24,693.6,584.59,0.0,0.0, , 
,586.05,1984,67.5,0.0,11101000,586.40,1984,48.6,6.18,571.2,585.68,0.0,0.0, , 
,587.14,1952,67.5,-0.8,11101010,587.52,1952,51.8,6.18,591.6,586.78,0.0,0.0, , 
,588.26,1920,67.5,-2.0,11101010,588.63,1920,51.8,6.18,591.6,587.87,0.0,0.0, , 
,589.36,1888,67.5,-1.6,11101010,589.73,1888,48.6,6.18,571.2,588.99,0.0,0.0, , 
,590.49,1856,67.5,-1.6,11101010,590.89,1856,50.2,6.18,591.6,590.11,0.0,0.0, , 
,591.60,1856,67.5,-2.3,11101010,591.97,1824,51.8,7.21,591.6,591.25,0.0,0.0, , 
,592.69,1824,67.5,-2.7,11101010,593.07,1824,56.1,7.21,652.8,592.33,0.0,0.0, , 
,593.81,1824,67.5,0.0,11101010,594.18,1792,72.2,11.33,795.6,593.45,0.0,0.0, , 
,594.95,1824,67.5,0.0,11101010,595.32,1856,84.3,13.39,907.8,594.56,0.0,0.0, , 
,596.06,1888,67.5,-2.3,11101010,596.41,1920,82.7,12.36,907.8,595.70,0.0,0.0, , 
,597.12,1920,67.5,-0.8,11101010,597.48,1920,69.4,9.27,775.2,596.75,0.0,0.0, , 
,598.22,1920,67.5,0.0,11101010,598.58,1920,48.6,6.18,571.2,597.84,0.0,0.0, , 
,599.32,1888,67.5,-1.6,11101010,599.68,1888,50.2,6.18,591.6,598.94,0.0,0.0, , 
,600.42,1856,67.5,-1.6,11101010,600.81,1824,45.9,6.18,550.8,600.05,0.0,0.0, , 
,601.53,1824,69.0,-1.2,11101010,601.91,1824,47.1,6.18,571.2,601.18,0.0,0.0, , 
,602.62,1792,69.0,0.0,11101010,603.00,1792,63.5,9.27,714.0,602.27,0.0,0.0, , 
,603.73,1792,69.0,0.0,11101010,604.10,1792,63.5,9.27,714.0,603.38,0.0,0.0, , 
,604.86,1824,67.5,2.0,11101010,605.25,1856,63.5,9.27,714.0,604.50,0.0,0.0, , 
,606.01,1856,69.0,4.3,11101010,606.38,1856,63.5,9.27,714.0,605.63,0.0,0.0, , 
,607.13,1856,69.0,5.5,11101010,607.52,1856,47.1,5.15,571.2,606.77,0.0,0.0, , 
,608.27,1856,69.0,0.0,11101010,608.64,1856,47.1,6.18,550.8,607.89,0.0,0.0, , 
,609.37,1856,69.0,-0.4,11101010,609.77,1856,47.1,6.18,571.2,609.00,0.0,0.0, , 
,610.50,1888,69.0,0.4,11101010,610.86,1888,51.8,7.21,591.6,610.13,0.0,0.0, , 
,611.60,1888,69.0,-0.4,11101010,611.98,1888,51.8,6.18,591.6,611.24,0.0,0.0, , 
,612.71,1888,69.0,0.0,11101010,613.09,1888,35.3,4.12,438.6,612.35,0.0,0.0, , 
,613.83,1888,69.0,-4.7,11101010,614.21,1856,25.1,3.09,336.6,613.45,0.0,0.0, , 
,614.93,1856,69.0,-16.0,11111110,615.29,1856,20.8,2.06,295.8,614.58,0.0,0.0, , 
,616.01,1792,69.0,0.0,11111110,616.36,1792,0.0,0.00,316.2,615.66,0.0,0.0, , 
,617.05,1728,69.0,0.0,11111110,617.41,1696,0.0,0.00,316.2,616.72,0.0,0.0, , 
,618.12,1664,69.0,0.0,11111110,618.47,1632,0.0,0.00,316.2,617.75,0.0,0.0, , 
,619.13,1600,69.0,0.0,11101010,619.45,1600,22.0,4.12,316.2,618.80,0.0,0.0, , 
,620.17,1600,69.0,0.0,11101010,620.52,1600,23.5,3.09,336.6,619.82,0.0,0.0, , 
,621.23,1568,69.0,-12.1,11111110,621.57,1536,23.5,3.09,336.6,620.87,0.0,0.0, , 
,622.18,1472,69.0,-14.5,11111110,622.55,1440,25.1,3.09,336.6,621.90,0.0,0.0, , 
,623.21,1408,69.0,-15.2,11111110,623.57,1408,25.1,3.09,336.6,622.87,0.0,0.0, , 
,624.33,1440,69.0,-16.4,11101010,624.67,1376,26.7,3.09,357.0,623.95,0.0,0.0, , 
,625.34,1408,69.0,0.0,11101010,625.71,1408,67.8,12.36,754.8,625.02,0.0,0.0, , 
,626.42,1472,69.0,0.0,11101010,626.81,1664,0.0,0.00,459.0,625.97,0.0,0.0, , 
,627.41,1216,69.0,0.0,11101010,627.76,2048,23.5,3.09,336.6,627.09,0.0,0.0, , 
,628.47,1984,69.0,0.0,11101000,628.82,1984,23.5,2.06,336.6,628.11,0.0,0.0, , 
,629.56,1952,69.0,-20.3,11101010,629.92,1952,22.0,2.06,316.2,629.18,0.0,0.0, , 
,630.63,1408,69.0,0.0,11111110,630.95,992,29.4,5.15,397.8,630.29,0.0,0.0, , 
,631.57,960,69.0,0.0,11111110,631.88,928,31.0,4.12,418.2,631.25,0.0,0.0, , 
,632.50,928,69.0,0.0,11111110,632.84,960,31.0,4.12,418.2,632.18,0.0,0.0, , 
,633.47,960,69.0,-4.3,11111110,633.87,1056,35.3,6.18,459.0,633.13,0.0,0.0, , 
,634.57,1408,69.0,0.0,11101010,634.88,1440,72.2,13.39,795.6,634.23,0.0,0.0, , 
,635.52,1536,69.0,0.0,11101010,635.86,1600,84.3,14.42,928.2,635.19,0.0,0.0, , 
,636.57,1760,69.0,0.0,11101010,636.93,1824,81.2,12.36,887.4,636.20,0.0,0.0, , 
,637.65,1952,69.0,-0.4,11101010,638.01,1984,78.4,11.33,846.6,637.30,0.0,0.0, , 
,638.72,2112,69.0,2.0,11101000,639.05,2176,75.3,11.33,795.6,638.38,0.0,0.0, , 
,639.71,2272,69.0,4.7,11101000,640.03,2304,72.2,11.33,775.2,639.38,0.0,0.0, , 
,640.78,2432,69.0,8.2,11101000,641.13,2464,71.0,11.33,754.8,640.41,0.0,0.0, , 
,641.79,2560,69.0,10.9,11101000,642.14,2592,69.4,10.30,734.4,641.46,0.0,0.0, , 
,642.83,2688,69.0,12.1,11101000,643.17,2720,65.1,10.30,693.6,642.48,0.0,0.0, , 
,643.88,2016,69.0,0.0,11111100,644.20,1376,25.1,4.12,336.6,643.51,0.0,0.0, , 
,644.91,2016,69.0,0.0,11101000,645.26,1984,25.1,3.09,336.6,644.55,0.0,0.0, , 
,645.98,1952,69.0,0.0,11101010,646.34,2016,66.3,9.27,734.4,645.62,0.0,0.0, , 
,647.06,2016,69.0,0.8,11101000,647.41,2048,65.1,9.27,714.0,646.71,0.0,0.0, , 
,648.10,2080,69.0,1.2,11101000,648.45,2112,71.0,10.30,775.2,647.75,0.0,0.0, , 
,649.17,2112,69.0,3.5,11101000,649.50,2144,72.2,10.30,775.2,648.81,0.0,0.0, , 
,650.17,2176,69.0,7.4,11101000,650.52,2176,71.0,10.30,754.8,649.83,0.0,0.0, , 
,651.19,2208,69.0,7.4,11101000,651.52,2240,71.0,10.30,754.8,650.85,0.0,0.0, , 
,652.18,2272,69.0,9.0,11101000,652.53,2272,63.5,9.27,714.0,651.85,0.0,0.0, , 
,653.20,2272,69.0,6.6,11101000,653.55,2304,62.0,9.27,673.2,652.86,0.0,0.0, , 
,654.23,2304,69.0,6.3,11101000,654.59,2336,62.0,9.27,673.2,653.90,0.0,0.0, , 
,655.27,2336,69.0,3.9,11101000,655.58,2368,62.0,9.27,673.2,654.94,0.0,0.0, , 
,656.33,2400,69.0,3.5,11101000,656.67,2400,60.4,9.27,673.2,655.95,0.0,0.0, , 
,657.39,2432,69.0,3.5,11101000,657.75,2432,59.2,8.24,652.8,657.04,0.0,0.0, , 
,658.47,2464,69.0,3.1,11101000,658.83,2496,57.6,8.24,632.4,658.11,0.0,0.0, , 
,659.53,2528,69.0,-0.4,11101000,659.88,2528,62.0,9.27,673.2,659.17,0.0,0.0, , 
,660.54,2560,69.0,0.8,11101000,660.90,2592,60.4,9.27,652.8,660.21,0.0,0.0, , 
,661.61,2624,69.0,1.2,11101000,661.94,2624,60.4,9.27,652.8,661.25,0.0,0.0, , 
,662.63,2656,69.0,2.0,11101000,662.99,2656,59.2,9.27,652.8,662.29,0.0,0.0, , 
,663.68,2688,69.0,2.0,11101000,664.03,2720,59.2,8.24,652.8,663.32,0.0,0.0, , 
,664.72,2720,69.0,2.0,11101000,665.07,2752,56.1,8.24,632.4,664.37,0.0,0.0, , 
,665.78,1920,69.0,0.0,11111110,666.09,1280,0.0,0.00,336.6,665.41,0.0,0.0, , 
,666.69,1248,69.0,0.0,11111110,667.03,1792,0.0,0.00,316.2,666.39,0.0,0.0, , 
,667.73,2016,69.0,0.0,11101000,668.08,2016,16.1,3.09,244.8,667.38,0.0,0.0, , 
,668.78,1984,69.0,0.0,11101000,669.15,1984,60.4,9.27,673.2,668.44,0.0,0.0, , 
,669.87,2016,69.0,0.0,11101000,670.22,2016,62.0,9.27,693.6,669.51,0.0,0.0, , 
,670.91,2048,69.0,0.8,11101000,671.26,2048,65.1,9.27,714.0,670.57,0.0,0.0, , 
,671.97,2048,69.0,1.6,11101000,672.32,2048,65.1,9.27,714.0,671.62,0.0,0.0, , 
,673.02,2080,69.0,1.2,11101000,673.36,2080,69.4,10.30,754.8,672.66,0.0,0.0, , 
,674.05,2112,69.0,1.6,11101000,674.40,2112,73.7,11.33,795.6,673.72,0.0,0.0, , 
,675.10,2144,69.0,1.6,11101000,675.44,2144,78.4,11.33,846.6,674.77,0.0,0.0, , 
,676.12,2176,69.0,-3.1,11101000,676.46,2208,84.3,12.36,907.8,675.78,0.0,0.0, , 
,677.13,2240,69.0,-7.4,11101000,677.46,2240,87.1,12.36,928.2,676.80,0.0,0.0, , 
,678.15,2272,69.0,-8.6,11101000,678.48,2304,87.1,12.36,928.2,677.81,0.0,0.0, , 
,679.15,2304,69.0,-8.6,11101000,679.50,2336,84.3,12.36,907.8,678.81,0.0,0.0, , 
,680.18,2368,69.0,0.0,11101000,680.51,2368,63.5,9.27,693.6,679.85,0.0,0.0, , 
,681.17,2368,69.0,0.8,11101000,681.51,2400,63.5,9.27,693.6,680.84,0.0,0.0, , 
,682.22,2400,69.0,2.0,11101000,682.56,2432,63.5,9.27,693.6,681.87,0.0,0.0, , 
,683.27,2464,70.5,2.7,11101000,683.62,2464,56.1,8.24,632.4,682.93,0.0,0.0, , 
,684.29,2464,70.5,0.0,11111100,684.65,2464,20.8,2.06,295.8,683.95,0.0,0.0, , 
,685.33,2464,69.0,0.0,11111100,685.67,2464,0.0,0.00,244.8,685.00,0.0,0.0, , 
,686.34,2432,70.5,0.0,11111100,686.69,2432,0.0,0.00,244.8,686.02,0.0,0.0, , 
,687.37,2400,70.5,0.0,11111100,687.72,2400,0.0,0.00,244.8,687.04,0.0,0.0, , 
,688.38,2336,69.0,0.0,11111100,688.71,2304,0.0,0.00,275.4,688.05,0.0,0.0, , 
,689.40,2208,70.5,0.0,11111100,689.76,2176,0.0,0.00,275.4,689.07,0.0,0.0, , 
,690.42,2176,70.5,0.0,11101000,690.76,2240,53.3,9.27,591.6,690.10,0.0,0.0, , 
,691.45,2176,70.5,0.0,11101000,691.79,2176,63.5,9.27,693.6,691.11,0.0,0.0, , 
,692.48,2208,70.5,0.0,11101000,692.83,2208,76.9,12.36,826.2,692.14,0.0,0.0, , 
,693.50,2272,69.0,0.4,11101000,693.84,2272,76.9,11.33,826.2,693.16,0.0,0.0, , 
,694.53,2304,69.0,0.0,11101000,694.86,2304,62.0,9.27,693.6,694.18,0.0,0.0, , 
,695.53,2336,69.0,1.6,11101000,695.88,2336,59.2,9.27,652.8,695.19,0.0,0.0, , 
,696.57,2368,69.0,3.5,11101000,696.93,2368,69.4,10.30,754.8,696.22,0.0,0.0, , 
,697.64,2400,69.0,0.0,11101000,697.99,2400,81.2,12.36,867.0,697.32,0.0,0.0, , 
,698.68,2432,69.0,-0.8,11101000,699.03,2432,81.2,12.36,867.0,698.31,0.0,0.0, , 
,699.78,2464,69.0,-1.2,11101000,700.14,2496,79.6,11.33,846.6,699.42,0.0,0.0, , 
,700.87,2528,69.0,0.0,11101000,701.22,2528,75.3,11.33,795.6,700.51,0.0,0.0, , 
,701.90,2560,69.0,3.1,11101000,702.24,2560,73.7,11.33,775.2,701.57,0.0,0.0, , 
,702.90,2592,69.0,0.0,11101000,703.24,2592,54.5,8.24,612.0,702.58,0.0,0.0, , 
,703.90,2592,69.0,-2.0,11101000,704.23,2592,29.4,2.06,377.4,703.55,0.0,0.0, , 
,704.92,2560,69.0,0.0,11111100,705.25,2528,0.0,0.00,275.4,704.58,0.0,0.0, , 
,705.89,2496,69.0,0.0,11101000,706.25,2528,51.8,8.24,571.2,705.57,0.0,0.0, , 
,706.96,2464,69.0,0.0,11101000,707.28,2464,66.3,10.30,714.0,706.61,0.0,0.0, , 
,707.97,2464,69.0,0.4,11101000,708.33,2496,75.3,11.33,795.6,707.61,0.0,0.0, , 
,709.03,2496,69.0,0.0,11101000,709.38,2496,79.6,12.36,846.6,708.67,0.0,0.0, , 
,710.07,2496,69.0,-1.2,11101000,710.38,2528,78.4,11.33,846.6,709.72,0.0,0.0, , 
,711.08,2528,69.0,0.0,11101000,711.43,2528,66.3,10.30,734.4,710.72,0.0,0.0, , 
,712.12,2528,69.0,0.0,11111100,712.45,2496,20.8,2.06,295.8,711.76,0.0,0.0, , 
,713.12,2432,69.0,0.0,11111100,713.45,2432,0.0,0.00,244.8,712.79,0.0,0.0, , 
,714.12,2400,69.0,0.0,11101000,714.44,2432,42.7,8.24,479.4,713.80,0.0,0.0, , 
,715.09,2368,69.0,0.0,11101000,715.48,2368,76.9,12.36,826.2,714.77,0.0,0.0, , 
,716.15,2400,69.0,0.0,11101000,716.49,2400,92.9,15.45,989.4,715.82,0.0,0.0, , 
,717.16,2432,69.0,-2.0,11101000,717.48,2432,82.7,9.27,907.8,716.81,0.0,0.0, , 
,718.17,2400,69.0,0.0,11101000,718.55,2400,94.5,20.60,948.6,717.84,0.0,0.0, , 
,719.24,2432,69.0,0.0,11101000,719.56,2432,91.4,15.45,948.6,718.90,0.0,0.0, , 
,720.24,2432,69.0,0.0,11101000,720.57,2432,20.8,2.06,295.8,719.91,0.0,0.0, , 
,721.25,2368,69.0,0.0,11111100,721.59,2304,0.0,0.00,244.8,720.92,0.0,0.0, , 
,722.27,2208,69.0,0.0,11111100,722.61,2176,0.0,0.00,244.8,721.93,0.0,0.0, , 
,723.33,2080,69.0,0.0,11111100,723.68,2048,0.0,0.00,244.8,722.97,0.0,0.0, , 
,724.38,1952,69.0,0.0,11111110,724.71,1920,0.0,0.00,275.4,724.03,0.0,0.0, , 
,725.38,1824,69.0,0.0,11111110,725.72,1760,0.0,0.00,316.2,725.06,0.0,0.0, , 
,726.41,1696,69.0,0.0,11111110,726.74,1696,0.0,0.00,316.2,726.08,0.0,0.0, , 
,727.41,1664,69.0,0.0,11111110,727.76,1600,0.0,0.00,336.6,727.06,0.0,0.0, , 
,728.52,1440,70.5,0.0,11111110,728.85,1408,0.0,0.00,336.6,728.17,0.0,0.0, , 
,729.52,1344,69.0,0.0,11111110,729.84,1280,25.1,4.12,357.0,729.19,0.0,0.0, , 
,730.49,1344,69.0,0.0,11101010,730.81,1376,50.2,10.30,571.2,730.18,0.0,0.0, , 
,731.52,1376,69.0,0.0,11101010,731.85,1376,81.2,13.39,907.8,731.16,0.0,0.0, , 
,732.55,1408,69.0,0.0,11101010,732.90,1440,85.5,14.42,948.6,732.18,0.0,0.0, , 
,733.70,1440,70.5,0.0,11101010,733.97,1504,82.7,15.45,928.2,733.28,0.0,0.0, , 
,734.79,1472,69.0,0.0,11111110,735.09,1472,23.5,3.09,336.6,734.35,0.0,0.0, , 
,735.90,1472,70.5,0.0,11101010,736.18,1472,41.2,6.18,499.8,735.52,0.0,0.0, , 
,737.07,1472,70.5,0.0,11101010,737.47,1504,65.1,10.30,734.4,736.63,0.0,0.0, , 
,738.13,1504,69.0,0.0,11101010,738.46,1536,66.3,10.30,754.8,737.82,0.0,0.0, , 
,739.12,1536,69.0,0.0,11111110,739.47,1536,25.1,3.09,336.6,738.79,0.0,0.0, , 
,740.24,1504,69.0,-7.4,11111110,740.50,1504,23.5,3.09,316.2,739.84,0.0,0.0, , 
,741.40,1504,69.0,-13.7,11111110,741.82,1472,23.5,3.09,336.6,740.96,0.0,0.0, , 
,742.48,1440,69.0,-14.5,11111110,742.82,1408,25.1,3.09,336.6,742.13,0.0,0.0, , 
,743.44,864,69.0,-12.9,11111110,743.75,896,34.1,4.12,438.6,743.15,0.0,0.0, , 
,744.41,960,69.0,0.0,11101010,744.75,1888,31.0,3.09,397.8,744.06,0.0,0.0, , 
,745.43,2400,69.0,0.0,11101000,745.77,2336,48.6,7.21,550.8,745.09,0.0,0.0, , 
,746.45,2400,70.5,0.0,11101000,746.79,2400,42.7,6.18,499.8,746.10,0.0,0.0, , 
,747.52,2432,69.0,-0.8,11101000,747.88,2432,38.4,5.15,459.0,747.16,0.0,0.0, , 
,748.56,2432,69.0,-2.7,11101000,748.92,2464,38.4,5.15,438.6,748.22,0.0,0.0, , 
,749.69,2464,70.5,-4.7,11101000,750.03,2464,34.1,4.12,418.2,749.30,0.0,0.0, , 
,750.79,2464,69.0,-5.9,11101000,751.12,2464,35.3,4.12,418.2,750.40,0.0,0.0, , 
,751.83,2464,69.0,-5.5,11101000,752.17,2496,41.2,5.15,479.4,751.47,0.0,0.0, , 
,752.89,2496,69.0,-5.1,11101000,753.22,2528,50.2,6.18,550.8,752.53,0.0,0.0, , 
,753.90,2560,69.0,-3.9,11101000,754.23,2560,44.3,5.15,520.2,753.57,0.0,0.0, , 
,754.91,2592,69.0,-4.3,11101000,755.23,2592,38.4,5.15,438.6,754.59,0.0,0.0, , 
,755.93,2592,69.0,-7.4,11101000,756.27,2592,31.0,4.12,377.4,755.59,0.0,0.0, , 
,756.95,2592,69.0,-9.8,11101000,757.31,2560,19.2,2.06,275.4,756.62,0.0,0.0, , 
,758.03,2560,69.0,-21.9,11101000,758.37,2528,20.8,2.06,275.4,757.67,0.0,0.0, , 
,759.05,2624,69.0,0.0,11101000,759.38,2624,94.5,16.48,989.4,758.72,0.0,0.0, , 
,760.02,2784,69.0,0.0,11101000,760.36,2848,94.5,15.45,989.4,759.71,0.0,0.0, , 
,760.98,3008,67.5,-3.1,11101000,761.33,3072,94.5,15.45,989.4,760.65,0.0,0.0, , 
,762.06,3200,67.5,-6.6,11101000,762.43,3296,94.5,14.42,969.0,761.69,0.0,0.0, , 
,763.16,3456,67.5,-8.2,11101000,763.52,3520,94.5,13.39,969.0,762.79,0.0,0.0, , 
,764.20,2688,67.5,0.0,11101000,764.56,2624,94.5,16.48,989.4,763.88,0.0,0.0, , 
,765.20,2688,67.5,0.0,11101000,765.54,2752,94.5,15.45,989.4,764.88,0.0,0.0, , 
,766.22,2816,67.5,-2.0,11101000,766.58,2848,94.5,16.48,989.4,765.87,0.0,0.0, , 
,767.20,2912,67.5,-2.7,11101000,767.66,2944,94.5,16.48,989.4,766.92,0.0,0.0, , 
,768.40,3040,67.5,-4.7,11101000,768.73,3072,94.5,16.48,989.4,768.09,0.0,0.0, , 
,769.46,3136,67.5,-5.5,11101000,769.80,3168,94.5,15.45,989.4,769.10,0.0,0.0, , 
,770.53,3264,67.5,-7.4,11101000,770.89,3296,94.5,15.45,989.4,770.17,0.0,0.0, , 
,771.64,3360,67.5,-8.6,11101000,771.91,3104,0.0,0.00,377.4,771.28,0.0,0.0, , 
,772.62,2016,67.5,0.0,11101000,772.95,2112,22.0,4.12,316.2,772.23,0.0,0.0, , 
,773.68,2560,69.0,0.0,11101000,774.02,2560,51.8,7.21,591.6,773.31,0.0,0.0, , 
,774.70,2560,69.0,0.0,11101000,775.05,2560,81.2,12.36,867.0,774.36,0.0,0.0, , 
,775.73,2592,69.0,-1.6,11101000,776.09,2592,79.6,12.36,846.6,775.39,0.0,0.0, , 
,776.78,2624,69.0,-1.6,11101000,777.11,2624,72.2,10.30,775.2,776.44,0.0,0.0, , 
,777.77,2656,69.0,0.0,11111100,778.09,2624,20.8,2.06,295.8,777.43,0.0,0.0, , 
,778.78,2112,70.5,0.0,11111100,779.08,1536,0.0,0.00,316.2,778.44,0.0,0.0, , 
,779.73,896,70.5,0.0,11111110,780.07,928,35.3,6.18,459.0,779.43,0.0,0.0, , 
,780.70,992,70.5,0.0,11111110,781.04,992,28.2,4.12,397.8,780.39,0.0,0.0, , 
,781.68,2176,70.5,-7.8,11101000,782.02,2080,20.8,2.06,295.8,781.33,0.0,0.0, , 
,782.69,2112,70.5,0.0,11101000,783.05,2112,76.9,12.36,846.6,782.35,0.0,0.0, , 
,783.74,2144,70.5,0.0,11101000,784.07,2144,88.6,14.42,948.6,783.39,0.0,0.0, , 
,784.77,2176,70.5,-7.0,11101000,785.11,2208,90.2,13.39,948.6,784.42,0.0,0.0, , 
,785.79,2240,70.5,-11.7,11101000,786.14,2240,88.6,12.36,948.6,785.45,0.0,0.0, , 
,786.82,2272,70.5,-11.3,11101000,787.13,2272,75.3,9.27,826.2,786.48,0.0,0.0, , 
,787.80,2304,70.5,0.0,11101000,788.13,2272,23.5,3.09,316.2,787.46,0.0,0.0, , 
,788.79,2304,70.5,0.0,11101000,789.14,2272,48.6,7.21,571.2,788.46,0.0,0.0, , 
,789.81,2304,70.5,-0.4,11101000,790.15,2304,54.5,7.21,612.0,789.48,0.0,0.0, , 
,790.81,2304,70.5,-2.3,11101000,791.14,2304,44.3,6.18,499.8,790.48,0.0,0.0, , 
,791.80,2304,70.5,-1.2,11101000,792.13,2304,28.2,3.09,357.0,791.47,0.0,0.0, , 
,792.80,2272,70.5,-13.7,11111100,793.11,2272,17.6,2.06,244.8,792.45,0.0,0.0, , 
,793.75,2304,70.5,-26.2,11101000,794.08,2304,31.0,5.15,377.4,793.43,0.0,0.0, , 
,794.73,2304,70.5,0.0,11101000,795.09,2304,57.6,8.24,632.4,794.41,0.0,0.0, , 
,795.76,2336,70.5,0.8,11101000,796.09,2336,56.1,8.24,632.4,795.43,0.0,0.0, , 
,796.78,2336,70.5,2.7,11101000,797.11,2368,63.5,9.27,693.6,796.44,0.0,0.0, , 
,797.78,2368,70.5,0.0,11101000,798.16,2368,71.0,10.30,775.2,797.45,0.0,0.0, , 
,798.85,2400,70.5,3.1,11101000,799.17,2400,73.7,11.33,795.6,798.48,0.0,0.0, , 
,799.85,2400,70.5,0.0,11101000,800.20,2400,81.2,12.36,867.0,799.50,0.0,0.0, , 
,800.93,2432,70.5,-4.7,11101000,801.29,2432,87.1,13.39,928.2,800.55,0.0,0.0, , 
,801.97,2464,70.5,-6.3,11101000,802.31,2464,88.6,13.39,948.6,801.63,0.0,0.0, , 
,803.04,2464,70.5,-9.0,11101000,803.39,2464,88.6,13.39,948.6,802.67,0.0,0.0, , 
,804.11,2464,70.5,-8.2,11101000,804.47,2496,90.2,13.39,948.6,803.77,0.0,0.0, , 
,805.17,2496,70.5,0.0,11101000,805.51,2496,67.8,9.27,734.4,804.83,0.0,0.0, , 
,806.19,2464,70.5,0.0,11101000,806.54,2464,45.9,5.15,550.8,805.85,0.0,0.0, , 
,807.24,2432,70.5,0.0,11101000,807.56,2432,72.2,11.33,775.2,806.90,0.0,0.0, , 
,808.29,2432,70.5,0.0,11101000,808.63,2432,85.5,14.42,907.8,807.92,0.0,0.0, , 
,809.35,2432,70.5,-4.3,11101000,809.68,2464,88.6,13.39,928.2,809.00,0.0,0.0, , 
,810.41,2464,70.5,-6.6,11101000,810.77,2496,88.6,13.39,928.2,810.03,0.0,0.0, , 
,811.45,2496,70.5,-7.4,11101000,811.81,2528,88.6,13.39,928.2,811.11,0.0,0.0, , 
,812.48,2528,70.5,-10.2,11101000,812.82,2560,88.6,13.39,948.6,812.16,0.0,0.0, , 
,813.47,2592,70.5,0.0,11101000,813.79,2560,45.9,5.15,520.2,813.15,0.0,0.0, , 
,814.45,2560,70.5,0.0,11101000,814.79,2560,36.9,5.15,438.6,814.12,0.0,0.0, , 
,815.49,2560,70.5,-2.7,11101000,815.80,2528,44.3,6.18,499.8,815.13,0.0,0.0, , 
,816.49,2528,70.5,-1.2,11101000,816.84,2528,53.3,7.21,591.6,816.15,0.0,0.0, , 
,817.56,2528,70.5,1.6,11101000,817.90,2528,59.2,8.24,652.8,817.20,0.0,0.0, , 
,818.57,2528,70.5,4.7,11101000,818.90,2528,60.4,9.27,673.2,818.22,0.0,0.0, , 
,819.58,2528,70.5,5.5,11101000,819.92,2528,60.4,9.27,673.2,819.24,0.0,0.0, , 
,820.60,2560,70.5,6.3,11101000,820.93,2560,62.0,9.27,673.2,820.27,0.0,0.0, , 
,821.59,2560,70.5,6.3,11101000,821.92,2560,62.0,9.27,673.2,821.26,0.0,0.0, , 
,822.62,2592,70.5,3.9,11101000,822.98,2560,63.5,9.27,693.6,822.28,0.0,0.0, , 
,823.68,2592,70.5,3.9,11101000,824.02,2592,63.5,9.27,693.6,823.33,0.0,0.0, , 
,824.70,2592,70.5,3.5,11101000,825.05,2592,63.5,9.27,693.6,824.35,0.0,0.0, , 
,825.72,2592,72.0,3.5,11101000,826.05,2624,63.5,9.27,693.6,825.40,0.0,0.0, , 
,826.70,2624,72.0,2.7,11101000,827.03,2624,63.5,9.27,693.6,826.38,0.0,0.0, , 
,827.68,2624,70.5,3.1,11101000,828.01,2624,62.0,9.27,673.2,827.37,0.0,0.0, , 
,828.68,2624,70.5,2.7,11101000,829.01,2624,56.1,8.24,632.4,828.34,0.0,0.0, , 
,829.71,2624,70.5,1.6,11101000,830.04,2624,57.6,8.24,632.4,829.37,0.0,0.0, , 
,830.72,2624,72.0,0.4,11101000,831.06,2624,54.5,8.24,612.0,830.38,0.0,0.0, , 
,831.75,2624,72.0,-1.2,11101000,832.09,2624,42.7,6.18,499.8,831.41,0.0,0.0, , 
,832.78,2624,72.0,-2.0,11101000,833.11,2624,53.3,7.21,591.6,832.43,0.0,0.0, , 
,833.78,2624,72.0,-3.9,11101000,834.14,2624,63.5,9.27,693.6,833.45,0.0,0.0, , 
,834.82,2656,72.0,-0.8,11101000,835.17,2656,66.3,10.30,714.0,834.48,0.0,0.0, , 
,835.88,2656,72.0,2.7,11101000,836.20,2656,66.3,10.30,714.0,835.54,0.0,0.0, , 
,836.92,2656,72.0,6.3,11101000,837.26,2656,62.0,9.27,693.6,836.55,0.0,0.0, , 
,837.94,2688,72.0,6.3,11101000,838.29,2656,57.6,9.27,632.4,837.59,0.0,0.0, , 
,838.98,2688,72.0,4.7,11101000,839.32,2688,45.9,6.18,520.2,838.64,0.0,0.0, , 
,839.99,2624,72.0,0.0,11111100,840.32,2080,0.0,0.00,316.2,839.66,0.0,0.0, , 
,840.93,1088,72.0,0.0,11111110,841.24,1088,28.2,4.12,377.4,840.61,0.0,0.0, , 
,841.94,992,72.0,0.0,11111110,842.28,960,29.4,4.12,397.8,841.59,0.0,0.0, , 
,842.87,992,72.0,0.0,11111110,843.22,992,26.7,3.09,377.4,842.59,0.0,0.0, , 
,843.83,928,72.0,-4.3,11111110,844.12,928,29.4,4.12,397.8,843.53,0.0,0.0, , 
,844.74,928,72.0,-5.5,11111110,845.06,960,28.2,3.09,397.8,844.43,0.0,0.0, , 
,845.67,896,72.0,-6.3,11111110,845.98,896,29.4,3.09,418.2,845.36,0.0,0.0, , 
,846.60,896,72.0,-6.6,11111110,846.91,896,29.4,3.09,418.2,846.30,0.0,0.0, , 
,847.55,896,72.0,-7.0,11111110,847.84,896,29.4,3.09,397.8,847.25,0.0,0.0, , 
,848.46,896,72.0,-7.0,11111110,848.79,896,29.4,3.09,397.8,848.14,0.0,0.0, , 
,849.41,896,72.0,-7.0,11111110,849.72,864,29.4,3.09,418.2,849.11,0.0,0.0, , 
,850.33,896,72.0,-7.0,11111110,850.65,896,29.4,3.09,418.2,850.04,0.0,0.0, , 
,851.26,864,73.5,-6.6,11111110,851.55,896,29.4,4.12,418.2,850.95,0.0,0.0, , 
,852.15,896,73.5,-6.3,11111110,852.44,896,29.4,3.09,418.2,851.85,0.0,0.0, , 
,853.07,896,73.5,-6.3,11111110,853.37,896,29.4,3.09,418.2,852.76,0.0,0.0, , 
,853.97,896,73.5,-6.3,11111110,854.28,896,29.4,3.09,418.2,853.69,0.0,0.0, , 
,854.85,896,73.5,-6.3,11111110,855.17,896,29.4,4.12,418.2,854.57,0.0,0.0, , 
,855.77,896,73.5,-5.9,11111110,856.08,864,29.4,4.12,418.2,855.48,0.0,0.0, , 
,856.71,896,73.5,-6.3,11111110,857.00,864,29.4,4.12,418.2,856.38,0.0,0.0, , 
,857.60,896,73.5,-6.3,11111110,857.90,864,29.4,4.12,418.2,857.29,0.0,0.0, , 
,858.48,864,73.5,-6.3,11111110,858.80,896,31.0,4.12,418.2,858.18,0.0,0.0, , 
,859.40,864,73.5,-5.9,11111110,859.70,896,31.0,4.12,418.2,859.11,0.0,0.0, , 
,860.29,896,73.5,-5.5,11111110,860.60,864,31.0,4.12,418.2,860.00,0.0,0.0, , 
,861.24,896,75.0,-5.5,11111110,861.57,896,31.0,4.12,418.2,860.91,0.0,0.0, , 
,862.18,864,75.0,-5.5,11111110,862.47,896,31.0,4.12,438.6,861.86,0.0,0.0, , 
,863.06,896,75.0,-5.5,11111110,863.37,896,31.0,4.12,438.6,862.77,0.0,0.0, , 
,863.98,864,75.0,-5.9,11111110,864.27,864,31.0,4.12,438.6,863.69,0.0,0.0, , 
,864.92,896,75.0,-6.6,11101010,865.25,1088,44.3,7.21,550.8,864.58,0.0,0.0, , 
,865.96,1856,75.0,0.0,11101010,866.29,1568,40.0,5.15,479.4,865.59,0.0,0.0, , 
,866.93,1024,75.0,0.0,11101010,867.27,1216,51.8,7.21,632.4,866.61,0.0,0.0, , 
,867.98,1664,75.0,0.0,11101010,868.32,1952,67.8,10.30,754.8,867.60,0.0,0.0, , 
,869.00,1984,75.0,0.0,11111100,869.34,1568,41.2,7.21,459.0,868.65,0.0,0.0, , 
,869.96,1536,75.0,0.0,11101010,870.31,1632,87.1,15.45,948.6,869.64,0.0,0.0, , 
,871.02,1952,75.0,0.0,11101010,871.36,2080,88.6,14.42,969.0,870.67,0.0,0.0, , 
,872.02,2368,75.0,0.0,11101000,872.37,2464,66.3,9.27,714.0,871.70,0.0,0.0, , 
,873.08,2624,75.0,0.0,11101000,873.42,2720,69.4,10.30,754.8,872.72,0.0,0.0, , 
,874.09,2400,73.5,0.0,11111100,874.41,1856,0.0,0.00,295.8,873.77,0.0,0.0, , 
,875.03,960,73.5,0.0,11111110,875.33,928,34.1,5.15,438.6,874.71,0.0,0.0, , 
,875.96,896,73.5,0.0,11111110,876.26,896,32.5,4.12,438.6,875.65,0.0,0.0, , 
,876.85,928,73.5,0.0,11111110,877.22,1184,36.9,5.15,459.0,876.57,0.0,0.0, , 
,877.95,1760,73.5,0.0,11101010,878.32,1824,69.4,11.33,775.2,877.61,0.0,0.0, , 
,879.02,2080,73.5,0.0,11101000,879.36,2208,75.3,11.33,826.2,878.68,0.0,0.0, , 
,880.06,2432,72.0,0.4,11101000,880.40,2528,71.0,11.33,754.8,879.70,0.0,0.0, , 
,881.07,1856,72.0,0.0,11111110,881.36,1344,26.7,4.12,357.0,880.74,0.0,0.0, , 
,882.10,1696,72.0,0.0,11101010,882.45,1696,69.4,13.39,754.8,881.73,0.0,0.0, , 
,883.15,1792,72.0,0.0,11101010,883.52,1856,71.0,11.33,775.2,882.79,0.0,0.0, , 
,884.24,1952,72.0,0.0,11101010,884.60,1984,73.7,11.33,795.6,883.89,0.0,0.0, , 
,885.32,2080,72.0,0.8,11101000,885.67,2144,71.0,10.30,775.2,884.95,0.0,0.0, , 
,886.35,2240,72.0,2.3,11101000,886.68,2272,73.7,11.33,795.6,886.01,0.0,0.0, , 
,887.40,2368,72.0,3.1,11101000,887.78,2432,71.0,11.33,754.8,887.01,0.0,0.0, , 
,888.47,2528,72.0,5.5,11101000,888.79,2560,66.3,10.30,714.0,888.13,0.0,0.0, , 
,889.48,2624,70.5,0.0,11101000,889.81,2624,42.7,6.18,479.4,889.15,0.0,0.0, , 
,890.48,2656,70.5,-2.7,11101000,890.83,2656,40.0,5.15,459.0,890.15,0.0,0.0, , 
,891.47,1792,70.5,0.0,11111110,891.80,1280,0.0,0.00,336.6,891.15,0.0,0.0, , 
,892.41,1024,70.5,0.0,11111110,892.69,1024,29.4,5.15,397.8,892.10,0.0,0.0, , 
,893.33,928,70.5,0.0,11111110,893.64,960,29.4,4.12,418.2,893.01,0.0,0.0, , 
,894.17,992,70.5,-2.0,11111110,894.48,960,28.2,3.09,397.8,893.90,0.0,0.0, , 
,895.10,928,70.5,-4.3,11111110,895.40,896,29.4,4.12,418.2,894.79,0.0,0.0, , 
,895.99,928,72.0,-4.7,11111110,896.29,896,29.4,4.12,418.2,895.70,0.0,0.0, , 
,896.89,896,72.0,-5.1,11111110,897.18,896,31.0,4.12,418.2,896.58,0.0,0.0, , 
,897.81,864,72.0,-5.1,11111110,898.09,896,31.0,4.12,438.6,897.51,0.0,0.0, , 
,898.70,864,72.0,-4.7,11111110,899.01,896,31.0,4.12,438.6,898.38,0.0,0.0, , 
,899.62,896,72.0,-3.5,11111110,899.92,896,31.0,4.12,418.2,899.32,0.0,0.0, , 
,900.51,864,72.0,-2.7,11111110,900.83,864,29.4,4.12,418.2,900.21,0.0,0.0, , 
,901.45,896,72.0,-4.3,11111110,901.77,896,29.4,4.12,418.2,901.14,0.0,0.0, , 
,902.40,864,72.0,-5.5,11111110,902.70,864,31.0,4.12,438.6,902.09,0.0,0.0, , 
,903.29,896,72.0,-5.1,11111110,903.57,896,31.0,4.12,418.2,902.99,0.0,0.0, , 
,904.19,896,73.5,-4.7,11111110,904.52,896,29.4,4.12,418.2,903.87,0.0,0.0, , 
,905.10,960,73.5,-6.3,11101010,905.37,960,35.3,4.12,459.0,904.84,0.0,0.0, , 
,906.03,1024,73.5,-2.7,11101010,906.35,1056,36.9,5.15,479.4,905.72,0.0,0.0, , 
,907.01,1088,73.5,-2.0,11101010,907.34,1120,40.0,5.15,499.8,906.68,0.0,0.0, , 
,908.00,1152,73.5,-2.0,11101010,908.31,1184,32.5,4.12,438.6,907.66,0.0,0.0, , 
,908.97,1376,73.5,0.0,11111110,909.31,1408,25.1,3.09,357.0,908.63,0.0,0.0, , 
,909.95,1120,73.5,-8.2,11111110,910.25,960,28.2,3.09,397.8,909.63,0.0,0.0, , 
,910.86,896,73.5,-7.4,11111110,911.16,896,32.5,4.12,438.6,910.55,0.0,0.0, , 
,911.78,896,73.5,-6.3,11111110,912.07,896,32.5,4.12,438.6,911.47,0.0,0.0, , 
,912.68,800,75.0,-5.1,11111110,912.99,800,34.1,4.12,459.0,912.39,0.0,0.0, , 
,913.56,832,75.0,-4.7,11111110,913.87,800,34.1,4.12,459.0,913.28,0.0,0.0, , 
,914.48,800,75.0,-3.9,11111110,914.76,800,34.1,4.12,459.0,914.18,0.0,0.0, , 
,915.35,800,75.0,-3.5,11111110,915.67,800,34.1,4.12,459.0,915.06,0.0,0.0, , 
,916.29,800,75.0,-2.7,11111110,916.59,800,32.5,4.12,459.0,915.98,0.0,0.0, , 
,917.18,800,75.0,-2.7,11111110,917.50,800,32.5,4.12,438.6,916.89,0.0,0.0, , 
,918.09,800,75.0,-3.1,11111110,918.39,800,32.5,4.12,438.6,917.81,0.0,0.0, , 
,918.99,800,75.0,-2.7,11111110,919.30,800,32.5,4.12,438.6,918.69,0.0,0.0, , 
,919.91,800,75.0,-2.7,11111110,920.24,800,31.0,4.12,438.6,919.61,0.0,0.0, , 
,920.86,800,75.0,-2.7,11111110,921.16,800,32.5,4.12,438.6,920.54,0.0,0.0, , 
,921.79,800,75.0,-3.9,11111110,922.11,800,31.0,4.12,438.6,921.49,0.0,0.0, , 
,922.73,800,75.0,-4.7,11111110,923.03,800,31.0,4.12,438.6,922.41,0.0,0.0, , 
,923.62,800,75.0,-5.1,11111110,923.93,800,31.0,4.12,438.6,923.32,0.0,0.0, , 
,924.52,800,75.0,-4.7,11111110,924.83,800,31.0,4.12,438.6,924.23,0.0,0.0, , 
,925.42,800,75.0,-4.7,11111110,925.72,800,31.0,4.12,438.6,925.12,0.0,0.0, , 
,926.30,768,75.0,-4.3,11111110,926.62,800,31.0,4.12,438.6,926.00,0.0,0.0, , 
,927.23,768,75.0,-4.7,11111110,927.52,800,31.0,4.12,438.6,926.93,0.0,0.0, , 
,928.13,800,75.0,-4.7,11111110,928.45,800,31.0,4.12,438.6,927.83,0.0,0.0, , 
,929.08,768,75.0,-5.1,11111110,929.40,800,32.5,4.12,438.6,928.76,0.0,0.0, , 
,930.01,800,75.0,-5.5,11111110,930.31,800,32.5,4.12,438.6,929.71,0.0,0.0, , 
,930.91,800,75.0,-5.5,11111110,931.24,800,32.5,4.12,438.6,930.60,0.0,0.0, , 
,931.83,768,75.0,-5.5,11111110,932.12,800,32.5,4.12,438.6,931.53,0.0,0.0, , 
,932.71,800,75.0,-5.5,11111110,933.02,800,32.5,4.12,438.6,932.42,0.0,0.0, , 
,933.62,800,75.0,-5.1,11111110,933.91,768,32.5,4.12,459.0,933.32,0.0,0.0, , 
,934.50,800,75.0,-4.7,11111110,934.80,800,31.0,4.12,438.6,934.21,0.0,0.0, , 
,935.40,800,75.0,-4.7,11111110,935.70,800,31.0,4.12,438.6,935.10,0.0,0.0, , 
,936.28,800,75.0,-4.7,11111110,936.58,800,32.5,4.12,438.6,936.00,0.0,0.0, , 
,937.15,800,75.0,-5.1,11111110,937.44,800,32.5,4.12,438.6,936.86,0.0,0.0, , 
,938.04,800,75.0,-5.1,11111110,938.34,800,32.5,4.12,438.6,937.74,0.0,0.0, , 
,938.94,800,75.0,-4.7,11111110,939.24,800,32.5,4.12,438.6,938.65,0.0,0.0, , 
,939.85,800,75.0,-4.7,11111110,940.16,800,32.5,4.12,438.6,939.56,0.0,0.0, , 
,940.76,800,75.0,-4.7,11111110,941.06,800,32.5,4.12,438.6,940.47,0.0,0.0, , 
,941.66,800,75.0,-4.3,11111110,941.96,800,32.5,4.12,438.6,941.35,0.0,0.0, , 
,942.55,800,75.0,-3.9,11111110,942.87,800,32.5,4.12,438.6,942.26,0.0,0.0, , 
,943.48,800,75.0,-3.9,11111110,943.78,800,32.5,4.12,438.6,943.16,0.0,0.0, , 
,944.36,800,75.0,-3.9,11111110,944.65,800,31.0,4.12,438.6,944.07,0.0,0.0, , 
,945.25,800,75.0,-4.3,11111110,945.55,800,32.5,4.12,438.6,944.95,0.0,0.0, , 
,946.15,800,75.0,-5.1,11111110,946.46,800,31.0,4.12,438.6,945.86,0.0,0.0, , 
,947.06,800,75.0,-5.5,11111110,947.36,800,31.0,4.12,438.6,946.76,0.0,0.0, , 
,947.96,768,75.0,-6.3,11111110,948.27,800,31.0,4.12,438.6,947.67,0.0,0.0, , 
,948.89,800,75.0,-6.6,11111110,949.19,800,32.5,4.12,438.6,948.60,0.0,0.0, , 
,949.77,800,75.0,-3.9,11111110,950.09,800,32.5,4.12,438.6,949.47,0.0,0.0, , 
,950.69,800,75.0,-3.9,11111110,951.00,800,31.0,4.12,438.6,950.39,0.0,0.0, , 
,951.60,896,75.0,-4.7,11101010,951.95,1216,32.5,3.09,438.6,951.29,0.0,0.0, , 
,952.64,1280,75.0,0.0,11101010,952.96,1248,50.2,7.21,591.6,952.29,0.0,0.0, , 
,953.58,1152,75.0,0.0,11101010,953.92,1056,57.6,8.24,673.2,953.26,0.0,0.0, , 
,954.54,1056,75.0,0.0,11101010,954.89,1152,48.6,6.18,612.0,954.23,0.0,0.0, , 
,955.54,1280,75.0,0.0,11101010,955.88,1312,26.7,3.09,377.4,955.21,0.0,0.0, , 
,956.57,1312,75.0,-4.7,11101010,956.87,1280,26.7,3.09,377.4,956.21,0.0,0.0, , 
,957.51,1216,75.0,-10.5,11111110,957.85,1184,25.1,3.09,357.0,957.19,0.0,0.0, , 
,958.54,1088,75.0,-12.9,11101010,958.86,1024,35.3,4.12,438.6,958.20,0.0,0.0, , 
,959.49,1184,75.0,0.0,11101010,959.82,1280,62.0,10.30,714.0,959.16,0.0,0.0, , 
,960.56,1536,75.0,0.0,11101010,960.93,1664,44.3,6.18,520.2,960.22,0.0,0.0, , 
,961.64,2016,75.0,0.0,11101000,961.98,2240,73.7,11.33,795.6,961.31,0.0,0.0, , 
,962.67,1312,75.0,0.0,11101010,962.96,1440,81.2,14.42,928.2,962.36,0.0,0.0, , 
,963.73,1504,75.0,0.0,11101010,964.09,1600,84.3,14.42,928.2,963.29,0.0,0.0, , 
,964.76,1824,75.0,0.0,11101010,965.12,1920,79.6,12.36,887.4,964.42,0.0,0.0, , 
,965.81,2144,75.0,0.0,11101000,966.14,2240,87.1,13.39,928.2,965.47,0.0,0.0, , 
,966.80,2464,75.0,-5.1,11101000,967.17,2592,85.5,13.39,907.8,966.47,0.0,0.0, , 
,967.87,2592,75.0,0.0,11111100,968.20,2048,0.0,0.00,316.2,967.53,0.0,0.0, , 
,968.93,1888,75.0,0.0,11101010,969.30,1856,66.3,10.30,734.4,968.58,0.0,0.0, , 
,970.05,1952,75.0,0.0,11101010,970.39,1984,87.1,14.42,948.6,969.66,0.0,0.0, , 
,971.07,2112,75.0,-4.7,11101000,971.42,2176,88.6,13.39,948.6,970.72,0.0,0.0, , 
,972.07,2272,75.0,-7.0,11101000,972.42,2304,88.6,13.39,948.6,971.75,0.0,0.0, , 
,973.11,2400,75.0,-7.4,11101000,973.46,2432,87.1,13.39,928.2,972.76,0.0,0.0, , 
,974.16,2528,75.0,-6.6,11101000,974.51,2592,88.6,13.39,928.2,973.81,0.0,0.0, , 
,975.18,2688,75.0,-7.0,11101000,975.51,2752,87.1,13.39,928.2,974.84,0.0,0.0, , 
,976.16,2816,75.0,-5.9,11101000,976.52,2880,87.1,13.39,928.2,975.84,0.0,0.0, , 
,977.18,2912,75.0,0.0,11111100,977.54,2304,0.0,0.00,295.8,976.81,0.0,0.0, , 
,978.27,2176,75.0,0.0,11101000,978.62,2112,50.2,8.24,571.2,977.93,0.0,0.0, , 
,979.30,2176,75.0,0.0,11101000,979.63,2176,73.7,11.33,795.6,978.95,0.0,0.0, , 
,980.33,2240,75.0,0.0,11101000,980.68,2240,88.6,14.42,948.6,979.98,0.0,0.0, , 
,981.33,2304,75.0,-5.9,11101000,981.67,2304,88.6,13.39,948.6,981.00,0.0,0.0, , 
,982.35,2368,76.5,-6.6,11101000,982.71,2368,84.3,12.36,907.8,982.01,0.0,0.0, , 
,983.38,2432,76.5,0.0,11101000,983.74,2432,66.3,9.27,734.4,983.05,0.0,0.0, , 
,984.48,2464,76.5,3.1,11101000,984.84,2464,66.3,10.30,734.4,984.12,0.0,0.0, , 
,985.53,2464,76.5,5.5,11101000,985.87,2496,63.5,10.30,693.6,985.17,0.0,0.0, , 
,986.59,2496,76.5,6.3,11101000,986.94,2528,63.5,9.27,693.6,986.24,0.0,0.0, , 
,987.60,2528,76.5,6.6,11101000,987.96,2528,62.0,9.27,693.6,987.27,0.0,0.0, , 
,988.62,2560,78.0,6.3,11101000,988.98,2560,65.1,10.30,714.0,988.30,0.0,0.0, , 
,989.64,2592,78.0,5.1,11101000,989.97,2592,67.8,10.30,734.4,989.33,0.0,0.0, , 
,990.64,2624,78.0,7.0,11101000,990.99,2624,72.2,11.33,775.2,990.31,0.0,0.0, , 
,991.69,2656,78.0,7.0,11101000,992.05,2688,71.0,11.33,754.8,991.35,0.0,0.0, , 
,992.71,2688,78.0,6.6,11101000,993.08,2720,69.4,11.33,754.8,992.39,0.0,0.0, , 
,993.78,2752,78.0,7.0,11101000,994.11,2752,69.4,11.33,754.8,993.43,0.0,0.0, , 
,994.80,2784,78.0,8.6,11101000,995.16,2784,79.6,12.36,846.6,994.47,0.0,0.0, , 
,995.87,2848,78.0,-2.3,11101000,996.21,2848,84.3,12.36,907.8,995.51,0.0,0.0, , 
,996.91,2112,78.0,0.0,11111100,997.23,1568,0.0,0.00,316.2,996.56,0.0,0.0, , 
,997.89,2048,78.0,0.0,11101000,998.23,2112,23.5,3.09,316.2,997.55,0.0,0.0, , 
,998.91,2144,78.0,0.0,11101000,999.27,2144,57.6,8.24,652.8,998.58,0.0,0.0, , 
,999.97,2176,78.0,0.4,11101000,1000.30,2176,71.0,10.30,775.2,999.62,0.0,0.0, , 
,1000.98,2208,78.0,1.2,11101000,1001.34,2208,75.3,11.33,826.2,1000.64,0.0,0.0, , 
,1002.03,2240,78.0,0.4,11101000,1002.36,2240,75.3,11.33,826.2,1001.68,0.0,0.0, , 
,1003.02,2272,78.0,-1.2,11101000,1003.35,2272,73.7,11.33,826.2,1002.69,0.0,0.0, , 
,1004.01,2272,78.0,1.6,11101000,1004.35,2304,73.7,11.33,795.6,1003.69,0.0,0.0, , 
,1005.01,2304,78.0,3.1,11101000,1005.36,2336,72.2,11.33,795.6,1004.69,0.0,0.0, , 
,1006.06,2336,78.0,3.5,11101000,1006.39,2368,72.2,11.33,795.6,1005.70,0.0,0.0, , 
,1007.06,2368,78.0,4.3,11101000,1007.38,2400,72.2,11.33,775.2,1006.75,0.0,0.0, , 
,1008.07,2400,78.0,5.5,11101000,1008.41,2400,72.2,11.33,775.2,1007.73,0.0,0.0, , 
,1009.13,2432,78.0,5.1,11101000,1009.51,2432,72.2,11.33,775.2,1008.77,0.0,0.0, , 
,1010.21,2464,78.0,5.9,11101000,1010.58,2464,72.2,11.33,775.2,1009.86,0.0,0.0, , 
,1011.28,2496,78.0,5.5,11101000,1011.58,2496,71.0,11.33,775.2,1010.94,0.0,0.0, , 
,1012.26,2496,78.0,5.9,11101000,1012.59,2528,66.3,10.30,734.4,1011.91,0.0,0.0, , 
,1013.29,2528,78.0,5.1,11101000,1013.63,2528,62.0,9.27,693.6,1012.94,0.0,0.0, , 
,1014.34,2528,78.0,4.3,11101000,1014.67,2528,57.6,8.24,632.4,1014.00,0.0,0.0, , 
,1015.35,2528,78.0,2.7,11101000,1015.69,2560,56.1,8.24,632.4,1015.01,0.0,0.0, , 
,1016.38,2560,78.0,0.8,11101000,1016.73,2560,56.1,8.24,632.4,1016.03,0.0,0.0, , 
,1017.39,2560,79.5,-1.2,11101000,1017.74,2560,50.2,7.21,571.2,1017.06,0.0,0.0, , 
,1018.44,2560,78.0,-3.1,11101000,1018.78,2560,54.5,7.21,612.0,1018.09,0.0,0.0, , 
,1019.46,2560,78.0,-3.1,11101000,1019.82,2560,54.5,8.24,612.0,1019.11,0.0,0.0, , 
,1020.50,2560,78.0,-2.0,11101000,1020.84,2560,54.5,7.21,612.0,1020.17,0.0,0.0, , 
,1021.53,2560,78.0,1.2,11101000,1021.88,2560,54.5,8.24,612.0,1021.18,0.0,0.0, , 
,1022.56,2560,78.0,0.8,11101000,1022.89,2560,54.5,8.24,612.0,1022.23,0.0,0.0, , 
,1023.60,2560,78.0,1.2,11101000,1023.94,2560,54.5,8.24,612.0,1023.24,0.0,0.0, , 
,1024.60,2560,78.0,2.0,11101000,1024.95,2560,54.5,7.21,612.0,1024.26,0.0,0.0, , 
,1025.65,2560,78.0,1.2,11101000,1026.00,2560,54.5,8.24,612.0,1025.30,0.0,0.0, , 
,1026.66,2560,78.0,0.8,11101000,1027.02,2560,54.5,8.24,612.0,1026.31,0.0,0.0, , 
,1027.68,2560,78.0,-0.4,11101000,1028.02,2560,48.6,7.21,571.2,1027.36,0.0,0.0, , 
,1028.73,2560,78.0,-0.4,11101000,1029.08,2560,41.2,5.15,479.4,1028.39,0.0,0.0, , 
,1029.74,2560,78.0,1.6,11101000,1030.10,2560,40.0,5.15,479.4,1029.41,0.0,0.0, , 
,1030.81,2528,78.0,0.0,11101000,1031.17,2528,36.9,5.15,438.6,1030.46,0.0,0.0, , 
,1031.83,2528,78.0,-0.4,11101000,1032.16,2496,38.4,5.15,459.0,1031.49,0.0,0.0, , 
,1032.84,2496,78.0,-0.4,11101000,1033.18,2496,38.4,5.15,459.0,1032.51,0.0,0.0, , 
,1033.93,2464,78.0,1.2,11101000,1034.28,2464,40.0,5.15,459.0,1033.57,0.0,0.0, , 
,1035.01,2432,78.0,4.3,11101000,1035.37,2464,41.2,5.15,479.4,1034.63,0.0,0.0, , 
,1036.10,2432,78.0,4.3,11101000,1036.44,2432,53.3,7.21,612.0,1035.73,0.0,0.0, , 
,1037.12,2432,78.0,5.1,11101000,1071.66,2432,78.0,5.1,11101000,1036.77,0.0,0.0, , 
