Pi¹tek,18,Wrzesieñ,2026,19:19:44:00009-VCID:1C3761778CABCE7337-5178,Wersja VCDS: AKP 23.3.1,Wersja danych: 20230601 DS346.2
047 906 033 L,,1.4l SIMOS3PA   00HS5401,

,Grupa A:,'001,,,,Grupa B:,'002,,,,Grupa C:,'032
,,Obroty silnika,Temperatura,Lambda,Bity binarnie,,Obroty silnika,Obci¹¿enie,Czas wtrysku,Ciœnienie rzecz.,,Lambda,Lambda, , 
,CZAS,,,,,CZAS,,,,,CZAS,,,,
Znacznik,ZAPISU, /min,*C, %,,ZAPISU, /min, %, ms, mbar,ZAPISU, %, %,,
,0.24,0,64.5,0.0,10110110,0.51,0,0.0,0.00,969.0,0.77,99.2,0.0, , 
,1.05,0,64.5,0.0,10110110,1.33,0,0.0,0.00,969.0,1.61,99.2,0.0, , 
,1.89,0,64.5,0.0,10110110,2.16,0,0.0,0.00,969.0,2.43,99.2,0.0, , 
,2.70,0,64.5,0.0,10110110,2.96,0,0.0,0.00,969.0,3.23,99.2,0.0, , 
,3.50,0,64.5,0.0,10110110,3.78,0,0.0,0.00,969.0,4.06,99.2,0.0, , 
,4.32,0,64.5,0.0,10110110,4.59,0,0.0,0.00,969.0,4.85,99.2,0.0, , 
,5.12,0,64.5,0.0,10110110,5.39,0,0.0,0.00,969.0,5.67,99.2,0.0, , 
,5.95,0,64.5,0.0,10110110,6.21,0,0.0,0.00,969.0,6.48,99.2,0.0, , 
,6.74,0,64.5,0.0,10110110,7.01,0,0.0,0.00,969.0,7.27,99.2,0.0, , 
,7.54,0,64.5,0.0,10110110,7.81,0,0.0,0.00,969.0,8.07,99.2,0.0, , 
,8.34,0,64.5,0.0,10110110,8.60,0,0.0,0.00,969.0,8.87,99.2,0.0, , 
,9.13,0,64.5,0.0,10110110,9.40,0,0.0,0.00,969.0,9.67,99.2,0.0, , 
,9.93,0,64.5,0.0,10110110,10.19,0,0.0,0.00,969.0,10.46,99.2,0.0, , 
,10.72,0,64.5,0.0,10110110,10.99,0,0.0,0.00,969.0,11.26,99.2,0.0, , 
,11.52,0,64.5,0.0,10110110,11.79,0,0.0,0.00,969.0,12.06,99.2,0.0, , 
,12.34,0,64.5,0.0,10110110,12.60,0,0.0,0.00,969.0,12.87,99.2,0.0, , 
,13.13,0,64.5,0.0,10110110,13.40,0,0.0,0.00,969.0,13.66,99.2,0.0, , 
,13.93,0,64.5,0.0,10110110,14.19,0,0.0,0.00,969.0,14.46,99.2,0.0, , 
,14.72,192,64.5,0.0,10110110,15.00,224,90.2,31.93,989.4,15.29,99.2,0.0, , 
,15.60,1120,64.5,0.0,10110110,15.92,1344,54.5,9.27,652.8,16.26,0.0,0.0, , 
,16.55,1056,64.5,0.0,10110110,16.83,1056,32.5,5.15,438.6,17.15,0.0,0.0, , 
,17.44,928,64.5,0.0,10110110,17.75,928,36.9,5.15,459.0,18.05,0.0,0.0, , 
,18.38,928,64.5,0.0,10110110,18.70,832,36.9,5.15,479.4,18.98,0.0,0.0, , 
,19.26,832,63.0,0.0,10110110,19.56,864,36.9,6.18,479.4,19.85,0.0,0.0, , 
,20.16,864,63.0,0.0,10110110,20.45,864,36.9,5.15,479.4,20.78,0.0,0.0, , 
,21.08,832,63.0,0.0,10110110,21.38,832,36.9,5.15,479.4,21.68,0.0,0.0, , 
,21.99,832,63.0,0.0,10110110,22.27,832,36.9,5.15,479.4,22.58,0.0,0.0, , 
,22.91,832,63.0,0.0,10110110,23.22,832,35.3,5.15,459.0,23.53,0.0,0.0, , 
,23.84,832,63.0,0.0,10110110,24.15,800,35.3,5.15,459.0,24.44,0.8,0.0, , 
,24.75,640,63.0,0.0,10100010,25.07,768,47.1,8.24,591.6,25.41,0.0,0.0, , 
,25.71,1408,63.0,0.0,10100010,26.07,1440,34.1,5.15,438.6,26.48,0.0,0.0, , 
,26.80,1504,61.5,0.0,10110110,27.25,1504,23.5,3.09,316.2,27.58,0.0,0.0, , 
,27.94,1120,61.5,0.0,10110110,28.23,800,28.2,4.12,377.4,28.54,0.8,0.0, , 
,28.86,864,61.5,0.0,10100010,29.20,1216,42.7,7.21,520.2,29.60,0.0,0.0, , 
,30.02,1536,61.5,0.0,10100010,30.38,1440,36.9,5.15,459.0,30.68,0.0,0.0, , 
,30.99,1184,60.0,0.0,10100010,31.31,1088,34.1,5.15,438.6,31.61,0.0,0.0, , 
,31.93,1088,60.0,0.0,10110110,32.25,1056,29.4,4.12,397.8,32.55,0.0,0.0, , 
,32.87,768,60.0,0.0,10100010,33.15,800,45.9,8.24,571.2,33.49,0.0,0.0, , 
,33.80,1216,60.0,0.0,10100010,34.14,1088,35.3,5.15,459.0,34.45,0.0,0.0, , 
,34.72,768,60.0,0.0,10110110,35.01,704,47.1,8.24,571.2,35.31,0.0,0.0, , 
,35.63,896,58.5,0.0,10110110,35.95,864,34.1,4.12,459.0,36.24,0.0,0.0, , 
,36.54,864,58.5,0.0,10110110,36.83,864,34.1,4.12,459.0,37.14,0.0,0.0, , 
,37.44,800,58.5,0.0,10110110,37.75,800,35.3,5.15,479.4,38.06,0.0,0.0, , 
,38.35,768,58.5,0.0,10100010,38.66,864,42.7,6.18,550.8,38.97,0.0,0.0, , 
,39.26,768,58.5,0.0,10100010,39.55,640,47.1,7.21,571.2,39.87,0.0,0.0, , 
,40.15,768,58.5,0.0,10110110,40.43,736,42.7,6.18,550.8,40.73,0.0,0.0, , 
,41.03,896,58.5,0.0,10110110,41.33,864,38.4,5.15,479.4,41.64,0.0,0.0, , 
,41.96,896,58.5,0.0,10110110,42.26,896,35.3,4.12,459.0,42.57,0.0,0.0, , 
,42.88,832,58.5,0.0,10110110,43.17,768,35.3,5.15,459.0,43.48,0.0,0.0, , 
,43.77,768,58.5,0.0,10100010,44.11,992,51.8,9.27,612.0,44.48,0.0,0.0, , 
,44.80,1440,58.5,0.0,10100010,45.14,1280,56.1,10.30,632.4,45.47,0.0,0.0, , 
,45.82,1376,58.5,0.0,10100010,46.14,1024,47.1,7.21,550.8,46.47,0.0,0.0, , 
,46.79,1216,58.5,0.0,10100010,47.11,1280,40.0,5.15,499.8,47.44,0.0,0.0, , 
,47.83,1408,58.5,0.0,10100010,48.22,1504,38.4,5.15,459.0,48.58,0.0,0.0, , 
,48.93,1696,58.5,0.0,10100010,49.29,1856,48.6,7.21,571.2,49.62,0.0,0.0, , 
,49.94,2112,58.5,2.3,10101000,50.29,1824,0.0,0.00,357.0,50.60,0.0,0.0, , 
,50.91,1024,58.5,0.0,10101010,51.22,1248,34.1,5.15,418.2,51.54,0.0,0.0, , 
,51.88,1216,58.5,0.0,10101010,52.21,1248,38.4,6.18,459.0,52.55,0.0,0.0, , 
,52.87,1312,58.5,-0.4,10101010,53.21,1344,41.2,6.18,499.8,53.53,0.0,0.0, , 
,53.88,1408,58.5,3.9,10101010,54.25,1472,40.0,5.15,479.4,54.60,0.0,0.0, , 
,54.97,1536,58.5,5.9,10101010,55.33,1568,36.9,5.15,459.0,55.68,0.0,0.0, , 
,56.03,1632,58.5,8.2,10101010,56.38,1664,36.9,5.15,459.0,56.75,0.0,0.0, , 
,57.10,1728,58.5,9.4,10101010,57.46,1792,44.3,7.21,520.2,57.83,0.0,0.0, , 
,58.20,1920,58.5,9.0,10101010,58.55,1952,44.3,6.18,499.8,58.91,0.0,0.0, , 
,59.25,2048,58.5,8.2,10101000,59.60,2112,48.6,7.21,550.8,59.93,0.0,0.0, , 
,60.26,2208,58.5,7.4,10101000,60.59,2304,50.2,7.21,571.2,60.91,0.0,0.0, , 
,61.24,2400,58.5,5.9,10101000,61.58,2368,0.0,0.00,397.8,61.95,0.0,0.0, , 
,62.24,1216,58.5,0.0,10111110,62.54,1088,29.4,4.12,397.8,62.88,0.0,0.0, , 
,63.23,1568,58.5,0.0,10101010,63.57,1600,29.4,4.12,377.4,63.93,0.0,0.0, , 
,64.30,1568,58.5,0.8,10101010,64.65,1600,38.4,5.15,459.0,64.98,0.0,0.0, , 
,65.36,1632,58.5,5.1,10101010,65.75,1664,38.4,5.15,459.0,66.10,0.0,0.0, , 
,66.50,1696,58.5,8.2,10101010,66.88,1696,42.7,6.18,499.8,67.26,0.0,0.0, , 
,67.60,1728,58.5,8.6,10101010,67.96,1760,41.2,6.18,479.4,68.34,0.0,0.0, , 
,68.73,1792,58.5,7.8,10101010,69.09,1792,40.0,6.18,479.4,69.45,0.0,0.0, , 
,69.82,1824,58.5,6.3,10101010,70.18,1856,40.0,5.15,459.0,70.55,0.0,0.0, , 
,70.93,1856,58.5,4.7,10101010,71.30,1888,41.2,6.18,479.4,71.68,0.0,0.0, , 
,72.03,1888,58.5,4.3,10101010,72.41,1920,41.2,6.18,479.4,72.78,0.0,0.0, , 
,73.13,1952,60.0,3.1,10101010,73.50,1952,40.0,5.15,459.0,73.88,0.0,0.0, , 
,74.24,1952,60.0,2.3,10101010,74.60,1984,38.4,5.15,459.0,74.98,0.0,0.0, , 
,75.33,1984,60.0,2.0,10101000,75.68,1984,36.9,5.15,459.0,76.02,0.0,0.0, , 
,76.39,2016,60.0,2.7,10101000,76.75,2016,36.9,5.15,438.6,77.12,0.0,0.0, , 
,77.47,2016,60.0,2.7,10101000,77.82,2048,36.9,5.15,438.6,78.18,0.0,0.0, , 
,78.55,2048,60.0,3.5,10101000,78.89,2080,35.3,5.15,438.6,79.25,0.0,0.0, , 
,79.58,1568,60.0,0.0,10111110,79.88,1056,28.2,4.12,377.4,80.20,0.0,0.0, , 
,80.49,1024,60.0,0.0,10111110,80.78,1024,29.4,4.12,397.8,81.08,0.8,0.0, , 
,81.39,928,60.0,0.0,10111110,81.70,928,29.4,4.12,397.8,81.99,0.0,0.0, , 
,82.31,896,60.0,-0.8,10111110,82.61,896,31.0,4.12,418.2,82.92,0.0,0.0, , 
,83.23,896,60.0,-1.2,10111110,83.51,864,31.0,4.12,418.2,83.82,0.8,0.0, , 
,84.12,864,61.5,-0.4,10111110,84.42,864,31.0,4.12,418.2,84.74,0.8,0.0, , 
,85.02,864,61.5,0.0,10111110,85.33,864,32.5,4.12,438.6,85.64,0.0,0.0, , 
,85.96,896,61.5,1.2,10111110,86.29,896,32.5,4.12,438.6,86.59,0.0,0.0, , 
,86.89,1024,61.5,2.0,10101010,87.27,1440,28.2,4.12,377.4,87.62,0.0,0.0, , 
,87.97,1344,61.5,0.0,10101010,88.31,1408,40.0,5.15,479.4,88.66,0.0,0.0, , 
,89.05,1440,61.5,0.8,10101010,89.42,1504,41.2,6.18,499.8,89.77,0.0,0.0, , 
,90.13,1568,61.5,3.9,10101010,90.46,1600,47.1,7.21,550.8,90.80,0.0,0.0, , 
,91.14,1696,61.5,7.4,10101010,91.55,1760,47.1,7.21,550.8,91.94,0.0,0.0, , 
,92.32,1856,61.5,7.8,10101010,92.69,1920,42.7,6.18,499.8,93.06,0.0,0.0, , 
,93.40,1984,61.5,6.3,10101000,93.74,2016,44.3,6.18,520.2,94.09,0.0,0.0, , 
,94.43,2080,63.0,6.6,10101000,94.78,2144,44.3,6.18,499.8,95.10,0.0,0.0, , 
,95.44,2176,61.5,3.5,10101000,95.78,2208,42.7,6.18,499.8,96.13,0.0,0.0, , 
,96.47,2272,63.0,4.7,10101000,96.82,2304,44.3,6.18,499.8,97.16,0.0,0.0, , 
,97.53,2400,63.0,6.3,10101000,97.86,2464,45.9,7.21,520.2,98.20,0.0,0.0, , 
,98.54,2528,63.0,7.0,10101000,98.87,2592,44.3,6.18,499.8,99.23,0.0,0.0, , 
,99.57,2656,63.0,4.7,10101000,99.91,2720,42.7,6.18,479.4,100.25,0.0,0.0, , 
,100.60,2784,63.0,4.3,10101000,100.92,2592,0.0,0.00,316.2,101.30,0.0,0.0, , 
,101.63,1440,63.0,0.0,10111110,101.94,1024,28.2,4.12,377.4,102.25,0.0,0.0, , 
,102.63,1376,63.0,0.0,10111110,102.98,1664,0.0,0.00,336.6,103.31,0.0,0.0, , 
,103.65,1696,63.0,0.0,10101010,104.00,1664,23.5,3.09,316.2,104.38,0.0,0.0, , 
,104.72,1664,63.0,0.0,10101010,105.10,1632,25.1,3.09,336.6,105.45,0.0,0.0, , 
,105.79,1632,63.0,3.1,10101010,106.13,1632,32.5,5.15,418.2,106.50,0.0,0.0, , 
,106.88,1632,63.0,5.9,10101010,107.24,1632,32.5,5.15,418.2,107.58,0.0,0.0, , 
,107.94,1664,63.0,6.3,10101010,108.31,1664,34.1,5.15,418.2,108.70,0.0,0.0, , 
,109.03,1696,63.0,6.6,10101010,109.38,1696,35.3,5.15,438.6,109.75,0.0,0.0, , 
,110.10,1696,63.0,6.6,10101010,110.49,1728,35.3,5.15,438.6,110.87,0.0,0.0, , 
,111.22,1728,63.0,6.3,10101010,111.61,1728,34.1,5.15,418.2,111.99,0.0,0.0, , 
,112.36,1760,63.0,4.7,10101010,112.76,1760,34.1,5.15,418.2,113.10,0.0,0.0, , 
,113.50,1792,63.0,3.9,10101010,113.90,1792,34.1,5.15,418.2,114.28,0.0,0.0, , 
,114.64,1792,63.0,3.5,10101010,115.04,1792,32.5,4.12,418.2,115.41,0.0,0.0, , 
,115.81,1792,63.0,2.7,10101010,116.17,1792,32.5,4.12,397.8,116.53,0.0,0.0, , 
,116.91,1792,64.5,2.7,10101010,117.29,1792,32.5,4.12,397.8,117.67,0.0,0.0, , 
,118.04,1792,64.5,2.3,10101010,118.40,1792,32.5,4.12,397.8,118.78,0.0,0.0, , 
,119.18,1792,64.5,2.7,10101010,119.52,1792,32.5,4.12,397.8,119.88,0.0,0.0, , 
,120.26,1792,64.5,2.7,10101010,120.62,1792,32.5,4.12,397.8,121.00,0.0,0.0, , 
,121.38,1824,64.5,3.1,10101010,121.76,1824,31.0,4.12,397.8,122.14,0.0,0.0, , 
,122.51,1792,64.5,3.1,10101010,122.88,1792,31.0,4.12,397.8,123.24,0.0,0.0, , 
,123.62,1792,64.5,2.7,10111110,124.02,1792,22.0,3.09,316.2,124.37,0.0,0.0, , 
,124.74,1760,64.5,2.7,10111110,125.09,1728,22.0,3.09,316.2,125.48,0.0,0.0, , 
,125.82,1696,64.5,5.5,10111110,126.20,1664,23.5,3.09,336.6,126.54,0.0,0.0, , 
,126.87,1600,64.5,7.4,10111110,127.21,1600,23.5,3.09,336.6,127.57,0.0,0.0, , 
,127.95,1504,64.5,7.8,10111110,128.27,1440,25.1,3.09,336.6,128.63,0.0,0.0, , 
,128.98,1344,64.5,5.9,10111110,129.30,1312,25.1,3.09,336.6,129.61,0.0,0.0, , 
,129.95,1280,64.5,3.5,10111110,130.28,1248,25.1,3.09,357.0,130.59,0.0,0.0, , 
,130.90,1216,64.5,3.5,10111110,131.20,960,28.2,4.12,377.4,131.49,0.0,0.0, , 
,131.81,896,64.5,4.3,10111110,132.12,896,31.0,4.12,418.2,132.40,0.0,0.0, , 
,132.70,896,66.0,3.9,10111110,133.01,896,31.0,4.12,418.2,133.30,0.0,0.0, , 
,133.62,896,66.0,3.1,10111110,133.94,928,31.0,4.12,418.2,134.29,0.0,0.0, , 
,134.63,1152,66.0,3.1,10101010,134.96,1120,32.5,4.12,418.2,135.28,0.0,0.0, , 
,135.60,1184,66.0,0.0,10101010,135.95,1248,41.2,6.18,499.8,136.28,0.0,0.0, , 
,136.61,1376,66.0,0.0,10101010,137.07,1472,57.6,8.24,673.2,137.41,0.0,0.0, , 
,137.74,1664,66.0,0.0,10101010,138.05,1760,66.3,10.30,754.8,138.41,0.0,0.0, , 
,138.78,1952,66.0,1.6,10101010,139.12,2048,71.0,10.30,775.2,139.45,0.0,0.0, , 
,139.77,2208,66.0,1.6,10101000,140.12,2368,72.2,11.33,775.2,140.47,0.0,0.0, , 
,140.82,2560,66.0,3.9,10101000,141.17,2656,66.3,10.30,714.0,141.51,0.0,0.0, , 
,141.81,2592,66.0,0.0,10111100,142.14,2080,0.0,0.00,316.2,142.44,0.0,0.0, , 
,142.78,1216,66.0,0.0,10111110,143.10,1472,22.0,3.09,316.2,143.46,0.0,0.0, , 
,143.79,1792,66.0,0.0,10101010,144.11,1760,28.2,4.12,377.4,144.46,0.0,0.0, , 
,144.78,1792,66.0,0.8,10101010,145.17,1792,36.9,5.15,438.6,145.53,0.0,0.0, , 
,145.92,1824,66.0,0.0,10101010,146.29,1856,60.4,9.27,693.6,146.65,0.0,0.0, , 
,147.01,1920,66.0,0.4,11101010,147.36,1952,57.6,8.24,652.8,147.73,0.0,0.0, , 
,148.09,1952,66.0,1.2,11101010,148.45,1952,56.1,8.24,632.4,148.79,0.0,0.0, , 
,149.13,2016,66.0,2.0,11101000,149.50,2048,54.5,8.24,632.4,149.85,0.0,0.0, , 
,150.20,2048,66.0,2.0,11101000,150.53,2080,54.5,8.24,632.4,150.88,0.0,0.0, , 
,151.23,2112,67.5,2.7,11101000,151.57,2144,60.4,9.27,673.2,151.91,0.0,0.0, , 
,152.25,2208,67.5,2.7,11101000,152.56,2208,62.0,9.27,693.6,152.90,0.0,0.0, , 
,153.23,2304,67.5,3.1,11101000,153.59,2304,60.4,9.27,673.2,153.93,0.0,0.0, , 
,154.26,2368,67.5,2.7,11101000,154.59,2400,57.6,8.24,632.4,154.96,0.0,0.0, , 
,155.29,2432,67.5,2.0,11101000,155.64,2464,56.1,8.24,612.0,156.00,0.0,0.0, , 
,156.35,2496,67.5,2.0,11101000,156.69,2528,53.3,8.24,591.6,157.03,0.0,0.0, , 
,157.40,2560,67.5,1.6,11101000,157.74,2560,53.3,8.24,591.6,158.10,0.0,0.0, , 
,158.43,2624,67.5,3.1,11101000,158.77,2624,62.0,9.27,673.2,159.10,0.0,0.0, , 
,159.43,2688,67.5,4.7,11101000,159.76,2528,0.0,0.00,377.4,160.10,0.0,0.0, , 
,160.46,1536,67.5,0.0,11101010,160.83,1984,23.5,3.09,316.2,161.20,0.0,0.0, , 
,161.55,1888,67.5,0.0,11101010,161.92,1952,60.4,9.27,673.2,162.29,0.0,0.0, , 
,162.66,1952,67.5,0.0,11101010,162.99,1952,62.0,9.27,693.6,163.36,0.0,0.0, , 
,163.72,1984,67.5,0.0,11101010,164.08,1984,59.2,8.24,673.2,164.44,0.0,0.0, , 
,164.81,2016,67.5,1.2,11101000,165.16,2016,59.2,8.24,673.2,165.51,0.0,0.0, , 
,165.85,2048,67.5,2.0,11101000,166.20,2048,59.2,8.24,652.8,166.55,0.0,0.0, , 
,166.89,2080,67.5,1.6,11101000,167.28,2080,57.6,8.24,652.8,167.61,0.0,0.0, , 
,167.95,2080,67.5,0.0,11101000,168.28,2080,29.4,4.12,377.4,168.64,0.0,0.0, , 
,168.99,2048,67.5,-1.2,11101000,169.35,2048,29.4,4.12,377.4,169.69,0.0,0.0, , 
,170.05,2048,67.5,-1.6,11101000,170.42,2048,32.5,4.12,397.8,170.77,0.0,0.0, , 
,171.13,2016,69.0,-0.4,11101000,171.48,2016,50.2,7.21,571.2,171.84,0.0,0.0, , 
,172.19,2048,69.0,0.0,11101000,172.54,2048,63.5,9.27,693.6,172.89,0.0,0.0, , 
,173.26,2080,69.0,2.7,11101000,173.60,2080,66.3,10.30,734.4,173.94,0.0,0.0, , 
,174.29,2112,69.0,3.5,11101000,174.63,2144,66.3,10.30,734.4,174.96,0.0,0.0, , 
,175.31,2144,69.0,2.3,11101000,175.65,2176,65.1,10.30,714.0,175.99,0.0,0.0, , 
,176.33,2176,69.0,1.2,11101000,176.68,2208,54.5,8.24,612.0,177.03,0.0,0.0, , 
,177.38,2208,69.0,1.6,11101000,177.70,2208,48.6,7.21,571.2,178.03,0.0,0.0, , 
,178.38,2240,69.0,2.3,11101000,178.73,2240,40.0,5.15,479.4,179.06,0.0,0.0, , 
,179.43,2240,69.0,0.0,11101000,179.78,2240,31.0,4.12,377.4,180.14,0.0,0.0, , 
,180.46,2208,69.0,-0.4,11101000,180.79,2208,31.0,4.12,377.4,181.13,0.0,0.0, , 
,181.47,2176,69.0,-0.4,11111100,181.80,2144,17.6,2.06,244.8,182.15,0.0,0.0, , 
,182.48,2112,69.0,0.0,11111100,182.81,2080,17.6,3.09,244.8,183.16,0.0,0.0, , 
,183.50,2048,70.5,0.0,11101000,183.86,2016,20.8,3.09,295.8,184.21,0.0,0.0, , 
,184.57,2016,70.5,-0.4,11101000,184.93,1952,23.5,3.09,336.6,185.28,0.0,0.0, , 
,185.65,1952,69.0,0.0,11101010,186.00,1952,47.1,7.21,571.2,186.36,0.0,0.0, , 
,186.73,1984,70.5,0.0,11101010,187.10,1984,62.0,9.27,693.6,187.45,0.0,0.0, , 
,187.79,1984,70.5,1.2,11101000,188.14,2016,59.2,8.24,652.8,188.50,0.0,0.0, , 
,188.85,2048,70.5,0.0,11101000,189.21,2048,29.4,4.12,377.4,189.55,0.0,0.0, , 
,189.90,2048,70.5,0.0,11101000,190.24,2048,29.4,4.12,377.4,190.59,0.0,0.0, , 
,190.95,2048,70.5,-0.8,11101000,191.29,2080,23.5,3.09,316.2,191.65,0.0,0.0, , 
,191.98,2080,70.5,-2.3,11101000,192.31,2080,23.5,3.09,316.2,192.66,0.0,0.0, , 
,193.01,2080,70.5,-2.7,11101000,193.34,2080,23.5,3.09,316.2,193.68,0.0,0.0, , 
,194.04,2112,70.5,-3.1,11101000,194.39,2112,22.0,3.09,316.2,194.80,0.0,0.0, , 
,195.09,1216,70.5,0.0,11111110,195.39,1056,28.2,4.12,397.8,195.73,0.0,0.0, , 
,196.04,1152,70.5,0.0,11111110,196.32,1056,23.5,3.09,336.6,196.59,0.8,0.0, , 
,196.90,928,70.5,0.0,11111110,197.22,896,28.2,4.12,377.4,197.53,0.8,0.0, , 
,197.84,896,70.5,-0.4,11111110,198.15,896,29.4,4.12,397.8,198.44,0.8,0.0, , 
,198.74,896,70.5,0.4,11111110,199.04,896,29.4,4.12,418.2,199.33,0.8,0.0, , 
,199.65,896,70.5,2.0,11111110,199.95,896,29.4,4.12,397.8,200.25,0.0,0.0, , 
,200.58,896,70.5,3.1,11111110,200.90,896,29.4,4.12,397.8,201.19,0.0,0.0, , 
,201.50,896,70.5,3.5,11111110,201.80,896,29.4,4.12,397.8,202.11,0.8,0.0, , 
,202.43,896,70.5,3.5,11111110,202.73,896,28.2,4.12,397.8,203.01,0.8,0.0, , 
,203.31,896,70.5,3.5,11111110,203.62,896,28.2,4.12,397.8,203.92,0.8,0.0, , 
,204.24,896,70.5,3.9,11111110,204.55,896,28.2,4.12,397.8,204.85,0.8,0.0, , 
,205.14,896,70.5,3.9,11101010,205.49,1536,26.7,4.12,377.4,205.87,0.0,0.0, , 
,206.26,1856,70.5,8.2,11101010,206.62,1824,22.0,3.09,295.8,206.99,0.0,0.0, , 
,207.37,1760,72.0,3.9,11101010,207.74,1728,35.3,5.15,438.6,208.12,0.0,0.0, , 
,208.48,1728,72.0,5.9,11101010,208.84,1760,56.1,10.30,632.4,209.19,0.0,0.0, , 
,209.55,1760,72.0,0.0,11101010,209.91,1760,57.6,8.24,673.2,210.26,0.0,0.0, , 
,210.63,1792,72.0,1.6,11101010,210.98,1824,51.8,7.21,612.0,211.36,0.0,0.0, , 
,211.75,1856,72.0,0.0,11101010,212.13,1824,41.2,6.18,499.8,212.50,0.0,0.0, , 
,212.87,1824,72.0,1.2,11101010,213.25,1824,41.2,6.18,499.8,213.62,0.0,0.0, , 
,213.99,1856,72.0,1.6,11101010,214.37,1856,41.2,6.18,499.8,214.74,0.0,0.0, , 
,215.11,1888,72.0,2.3,11101010,215.49,1856,40.0,6.18,479.4,215.85,0.0,0.0, , 
,216.21,1888,72.0,1.6,11101010,216.59,1920,36.9,5.15,459.0,216.95,0.0,0.0, , 
,217.30,1920,72.0,1.6,11101010,217.67,1952,32.5,4.12,397.8,218.04,0.0,0.0, , 
,218.39,1952,72.0,0.4,11101010,218.76,1952,29.4,4.12,377.4,219.11,0.0,0.0, , 
,219.49,1952,72.0,-0.4,11101010,219.82,1952,29.4,4.12,377.4,220.17,0.0,0.0, , 
,220.53,1952,72.0,-0.4,11101010,220.89,1984,29.4,4.12,377.4,221.25,0.0,0.0, , 
,221.61,1984,72.0,-0.4,11101000,221.97,1984,29.4,4.12,377.4,222.33,0.0,0.0, , 
,222.68,2016,72.0,0.0,11101000,223.04,2016,29.4,4.12,377.4,223.38,0.0,0.0, , 
,223.73,2016,72.0,0.8,11101000,224.07,2048,28.2,4.12,357.0,224.43,0.0,0.0, , 
,224.78,2048,72.0,2.3,11101000,225.13,2048,28.2,4.12,357.0,225.47,0.0,0.0, , 
,225.83,2080,72.0,3.1,11101000,226.18,2112,29.4,4.12,377.4,226.52,0.0,0.0, , 
,226.86,2144,72.0,3.1,11101000,227.23,2144,28.2,4.12,357.0,227.58,0.0,0.0, , 
,227.93,2176,72.0,3.1,11101000,228.27,2176,26.7,4.12,357.0,228.61,0.0,0.0, , 
,228.95,2208,72.0,2.7,11101000,229.30,2208,26.7,4.12,336.6,229.62,0.0,0.0, , 
,229.95,2240,72.0,2.3,11101000,230.30,2272,26.7,3.09,336.6,230.64,0.0,0.0, , 
,230.98,2272,72.0,2.3,11101000,231.31,2304,26.7,3.09,336.6,231.66,0.0,0.0, , 
,232.00,2304,72.0,2.3,11101000,232.34,2272,25.1,3.09,336.6,232.70,0.0,0.0, , 
,233.02,2304,70.5,2.7,11101000,233.36,2272,25.1,3.09,336.6,233.70,0.0,0.0, , 
,234.05,2304,72.0,2.0,11101000,234.38,2272,25.1,3.09,336.6,234.73,0.0,0.0, , 
,235.06,2272,72.0,1.6,11101000,235.39,2240,26.7,4.12,357.0,235.74,0.0,0.0, , 
,236.06,2240,70.5,2.3,11101000,236.38,2240,28.2,4.12,357.0,236.70,0.0,0.0, , 
,237.05,2208,72.0,2.3,11101000,237.40,2208,28.2,4.12,357.0,237.75,0.0,0.0, , 
,238.10,2208,72.0,2.7,11101000,238.44,2208,28.2,4.12,357.0,238.78,0.0,0.0, , 
,239.13,2176,72.0,2.3,11101000,239.48,2176,28.2,4.12,357.0,239.81,0.0,0.0, , 
,240.15,2208,72.0,2.7,11101000,240.50,2208,28.2,4.12,357.0,240.84,0.0,0.0, , 
,241.18,2208,72.0,2.7,11101000,241.52,2176,28.2,4.12,357.0,241.86,0.0,0.0, , 
,242.22,2208,72.0,3.1,11101000,242.55,2208,28.2,4.12,357.0,242.87,0.0,0.0, , 
,243.20,2208,72.0,3.1,11101000,243.54,2208,25.1,3.09,336.6,243.89,0.0,0.0, , 
,244.24,2208,72.0,0.8,11101000,244.59,2208,23.5,3.09,316.2,244.93,0.0,0.0, , 
,245.28,2208,72.0,-0.8,11101000,245.63,2208,23.5,3.09,316.2,245.95,0.0,0.0, , 
,246.29,2208,72.0,-2.0,11101000,246.64,2208,23.5,3.09,316.2,246.97,0.0,0.0, , 
,247.32,2240,72.0,-2.0,11101000,247.65,2240,22.0,3.09,316.2,247.98,0.0,0.0, , 
,248.33,2240,72.0,-1.2,11101000,248.66,2240,22.0,3.09,316.2,248.98,0.0,0.0, , 
,249.33,2272,72.0,-0.8,11101000,249.66,2240,22.0,3.09,295.8,249.96,0.0,0.0, , 
,250.30,2272,72.0,-0.4,11101000,250.63,2272,22.0,3.09,295.8,250.94,0.0,0.0, , 
,251.27,2272,72.0,-1.2,11101000,251.61,2304,20.8,3.09,295.8,251.95,0.0,0.0, , 
,252.30,2304,73.5,-1.6,11101000,252.62,2304,20.8,3.09,295.8,252.96,0.0,0.0, , 
,253.30,2272,72.0,-1.2,11101000,253.64,2272,22.0,3.09,295.8,254.00,0.0,0.0, , 
,254.35,2208,72.0,-1.2,11101000,254.69,2208,22.0,3.09,316.2,255.04,0.0,0.0, , 
,255.41,2176,72.0,-0.8,11101000,255.72,2176,29.4,4.12,377.4,256.07,0.0,0.0, , 
,256.42,2176,72.0,2.0,11101000,256.78,2176,29.4,4.12,377.4,257.14,0.0,0.0, , 
,257.48,2176,72.0,2.7,11101000,257.83,2144,26.7,4.12,357.0,258.15,0.0,0.0, , 
,258.50,2144,72.0,3.1,11101000,258.83,2144,26.7,4.12,357.0,259.18,0.0,0.0, , 
,259.52,2112,72.0,3.1,11101000,259.86,2112,26.7,4.12,357.0,260.21,0.0,0.0, , 
,260.57,2080,73.5,3.5,11101000,260.92,2112,26.7,4.12,357.0,261.25,0.0,0.0, , 
,261.62,2080,72.0,3.5,11101000,261.96,2080,28.2,4.12,357.0,262.29,0.0,0.0, , 
,262.62,2080,72.0,3.5,11101000,262.95,2080,26.7,4.12,357.0,263.30,0.0,0.0, , 
,263.66,2048,73.5,2.7,11101000,264.01,2048,26.7,4.12,357.0,264.36,0.0,0.0, , 
,264.70,2048,72.0,3.1,11101000,265.05,2048,25.1,3.09,336.6,265.40,0.0,0.0, , 
,265.74,2016,72.0,2.7,11101000,266.10,2016,25.1,3.09,336.6,266.44,0.0,0.0, , 
,266.80,1984,72.0,2.0,11101010,267.16,1984,22.0,3.09,316.2,267.54,0.0,0.0, , 
,267.91,1952,73.5,1.6,11101010,268.26,1952,25.1,3.09,336.6,268.62,0.0,0.0, , 
,268.98,1920,73.5,1.2,11101010,269.34,1920,26.7,3.09,357.0,269.70,0.0,0.0, , 
,270.06,1888,73.5,1.6,11101010,270.41,1888,28.2,4.12,357.0,270.79,0.0,0.0, , 
,271.15,1888,72.0,2.3,11101010,271.50,1856,28.2,4.12,357.0,271.86,0.0,0.0, , 
,272.24,1856,73.5,3.1,11101010,272.62,1824,28.2,4.12,377.4,272.96,0.0,0.0, , 
,273.32,1824,73.5,3.9,11101010,273.68,1792,29.4,4.12,377.4,274.06,0.0,0.0, , 
,274.44,1792,73.5,4.7,11101010,274.81,1792,29.4,4.12,377.4,275.19,0.0,0.0, , 
,275.58,1792,73.5,5.5,11101010,275.94,1760,29.4,4.12,397.8,276.30,0.0,0.0, , 
,276.60,1120,73.5,0.0,11111110,276.89,1024,29.4,4.12,397.8,277.20,0.0,0.0, , 
,277.56,1056,73.5,0.0,11111110,277.87,960,25.1,3.09,357.0,278.16,0.8,0.0, , 
,278.47,864,73.5,0.0,11111110,278.78,896,28.2,4.12,397.8,279.10,0.8,0.0, , 
,279.43,896,73.5,0.8,11111110,279.74,896,29.4,4.12,397.8,280.07,0.0,0.0, , 
,280.36,896,73.5,2.3,11111110,280.66,896,28.2,4.12,397.8,280.98,0.8,0.0, , 
,281.31,896,73.5,3.1,11111110,281.62,896,28.2,4.12,397.8,281.94,0.8,0.0, , 
,282.23,896,73.5,3.1,11111110,282.53,896,28.2,4.12,397.8,282.84,0.8,0.0, , 
,283.15,896,73.5,3.1,11111110,283.47,864,31.0,4.12,418.2,283.80,0.0,0.0, , 
,284.19,1504,73.5,0.0,11101010,284.54,1504,51.8,7.21,612.0,284.83,0.0,0.0, , 
,285.16,1536,73.5,0.0,11101010,285.51,1696,51.8,7.21,612.0,285.89,0.0,0.0, , 
,286.23,2048,73.5,3.1,11101000,286.58,2208,57.6,9.27,652.8,286.91,0.0,0.0, , 
,287.25,2336,73.5,0.0,11111100,287.61,1792,0.0,0.00,336.6,287.94,0.0,0.0, , 
,288.28,1312,73.5,0.0,11101010,288.61,1280,45.9,7.21,550.8,288.95,0.0,0.0, , 
,289.26,1344,73.5,0.0,11101010,289.60,1344,60.4,9.27,693.6,289.93,0.0,0.0, , 
,290.30,1472,73.5,0.0,11101010,290.64,1504,63.5,9.27,734.4,291.04,0.0,0.0, , 
,291.40,1664,73.5,3.1,11101010,291.79,1696,63.5,10.30,734.4,292.17,0.0,0.0, , 
,292.54,1824,73.5,5.1,11101010,292.90,1888,59.2,8.24,673.2,293.25,0.0,0.0, , 
,293.61,1984,75.0,5.9,11101010,293.96,2016,59.2,9.27,652.8,294.29,0.0,0.0, , 
,294.63,2144,73.5,7.0,11101000,294.96,2144,57.6,9.27,652.8,295.28,0.0,0.0, , 
,295.63,2208,75.0,7.0,11101000,295.97,2272,54.5,8.24,632.4,296.33,0.0,0.0, , 
,296.68,2336,75.0,7.0,11101000,297.01,2400,53.3,8.24,591.6,297.37,0.0,0.0, , 
,297.71,2432,75.0,4.7,11101000,298.07,2464,50.2,7.21,571.2,298.42,0.0,0.0, , 
,298.79,2432,75.0,3.5,11101000,299.14,2400,25.1,3.09,336.6,299.45,0.0,0.0, , 
,299.80,2336,75.0,0.8,11101000,300.14,2272,28.2,4.12,357.0,300.49,0.0,0.0, , 
,300.83,2208,75.0,0.4,11101000,301.17,2176,29.4,4.12,377.4,301.54,0.0,0.0, , 
,301.88,2080,75.0,0.8,11101000,302.22,2048,31.0,4.12,397.8,302.57,0.0,0.0, , 
,302.92,1984,75.0,0.0,11101000,303.29,1920,36.9,5.15,438.6,303.64,0.0,0.0, , 
,304.02,1888,75.0,0.0,11101010,304.39,1888,51.8,7.21,591.6,304.77,0.0,0.0, , 
,305.13,1888,75.0,2.3,11101010,305.50,1920,54.5,8.24,632.4,305.86,0.0,0.0, , 
,306.22,1952,75.0,3.5,11101010,306.59,1952,45.9,6.18,520.2,306.95,0.0,0.0, , 
,307.30,1952,75.0,3.1,11101010,307.66,1984,31.0,4.12,397.8,308.03,0.0,0.0, , 
,308.40,1952,75.0,0.8,11101010,308.75,1920,36.9,5.15,438.6,309.10,0.0,0.0, , 
,309.47,1920,75.0,0.0,11101010,309.84,1920,36.9,5.15,459.0,310.20,0.0,0.0, , 
,310.57,1856,75.0,1.2,11101010,310.93,1824,40.0,5.15,479.4,311.31,0.0,0.0, , 
,311.69,1824,75.0,2.3,11101010,312.07,1824,47.1,7.21,550.8,312.44,0.0,0.0, , 
,312.81,1920,75.0,5.5,11101010,313.17,1984,56.1,8.24,632.4,313.55,0.0,0.0, , 
,313.91,1984,75.0,4.3,11101000,314.27,2016,59.2,9.27,673.2,314.65,0.0,0.0, , 
,314.99,2080,75.0,4.7,11101000,315.33,2144,57.6,8.24,652.8,315.69,0.0,0.0, , 
,316.04,2208,75.0,3.9,11101000,316.39,2208,57.6,8.24,652.8,316.73,0.0,0.0, , 
,317.07,2304,75.0,3.9,11101000,317.40,2304,54.5,8.24,612.0,317.74,0.0,0.0, , 
,318.08,2336,75.0,4.3,11101000,318.47,2368,53.3,8.24,591.6,318.83,0.0,0.0, , 
,319.16,2400,75.0,4.3,11101000,319.52,2432,51.8,7.21,591.6,319.90,0.0,0.0, , 
,320.26,2432,76.5,4.3,11101000,320.62,2464,50.2,7.21,571.2,320.97,0.0,0.0, , 
,321.34,2528,76.5,3.9,11101000,321.69,2528,62.0,9.27,673.2,322.01,0.0,0.0, , 
,322.34,2656,76.5,4.7,11101000,322.69,2624,63.5,10.30,693.6,323.05,0.0,0.0, , 
,323.41,2784,76.5,6.3,11101000,323.75,2880,69.4,10.30,734.4,324.17,0.0,0.0, , 
,324.53,2656,76.5,0.0,11111100,324.87,2144,0.0,0.00,316.2,325.19,0.0,0.0, , 
,325.55,1824,76.5,0.0,11101010,325.91,1792,22.0,3.09,316.2,326.27,0.0,0.0, , 
,326.61,1760,76.5,-0.8,11101010,326.94,1728,38.4,5.15,459.0,327.27,0.0,0.0, , 
,327.64,1696,76.5,2.3,11101010,327.99,1696,38.4,5.15,479.4,328.36,0.0,0.0, , 
,328.72,1664,76.5,3.9,11101010,329.10,1664,38.4,5.15,459.0,329.46,0.0,0.0, , 
,329.82,1664,76.5,0.0,11101010,330.15,1664,59.2,9.27,693.6,330.49,0.0,0.0, , 
,330.82,1696,76.5,1.2,11101010,331.17,1728,57.6,9.27,673.2,331.55,0.0,0.0, , 
,331.94,1728,76.5,2.3,11101010,332.21,1632,0.0,0.00,479.4,332.50,0.0,0.0, , 
,332.83,1056,78.0,0.0,11111110,333.15,1184,28.2,4.12,377.4,333.46,0.8,0.0, , 
,333.80,1088,78.0,0.0,11111110,334.11,960,23.5,3.09,336.6,334.42,0.8,0.0, , 
,334.73,864,78.0,0.0,11111110,335.03,896,26.7,3.09,397.8,335.34,0.8,0.0, , 
,335.65,896,78.0,-0.4,11111110,335.96,896,28.2,4.12,397.8,336.26,0.8,0.0, , 
,336.55,896,78.0,0.0,11111110,336.85,896,28.2,4.12,397.8,337.15,0.8,0.0, , 
,337.44,896,78.0,0.4,11111110,337.72,896,28.2,4.12,397.8,338.01,0.8,0.0, , 
,338.31,896,78.0,0.4,11111110,338.61,864,28.2,4.12,397.8,338.92,0.8,0.0, , 
,339.23,864,78.0,0.8,11111110,339.52,864,28.2,4.12,397.8,339.83,0.8,0.0, , 
,340.13,864,78.0,0.8,11111110,340.44,928,26.7,4.12,397.8,340.75,0.8,0.0, , 
,341.07,992,78.0,0.8,11101010,341.41,928,31.0,4.12,418.2,341.72,0.0,0.0, , 
,342.07,992,78.0,5.9,11101010,342.39,992,42.7,6.18,550.8,342.70,0.0,0.0, , 
,343.03,1056,78.0,0.0,11101010,343.36,1120,48.6,7.21,612.0,343.69,0.0,0.0, , 
,344.03,1216,78.0,-0.4,11101010,344.38,1248,45.9,6.18,571.2,344.69,0.0,0.0, , 
,345.02,1344,79.5,3.1,11101010,345.34,1376,42.7,6.18,520.2,345.67,0.0,0.0, , 
,346.13,1472,79.5,3.1,11101010,346.46,1504,36.9,5.15,479.4,346.83,0.0,0.0, , 
,347.18,1568,79.5,3.1,11101010,347.55,1600,34.1,5.15,438.6,347.90,0.0,0.0, , 
,348.24,1632,79.5,3.1,11101011,348.58,1664,32.5,4.12,418.2,348.97,0.0,0.0, , 
,349.30,1696,79.5,2.7,11101011,349.65,1696,29.4,4.12,397.8,350.01,0.0,0.0, , 
,350.35,1760,79.5,2.3,11101011,350.70,1760,28.2,4.12,377.4,351.09,0.0,0.0, , 
,351.45,1792,79.5,1.6,11101011,351.83,1792,28.2,4.12,377.4,352.21,0.0,0.0, , 
,352.56,1856,79.5,0.0,11101011,352.93,1824,26.7,3.09,357.0,353.30,0.0,0.0, , 
,353.68,1856,79.5,-1.2,11101011,354.06,1888,25.1,3.09,336.6,354.45,0.0,0.0, , 
,354.81,1920,79.5,-2.0,11101011,355.18,1920,23.5,3.09,336.6,355.54,0.0,0.0, , 
,355.90,1920,79.5,-2.7,11101011,356.25,1920,23.5,3.09,316.2,356.63,0.0,0.0, , 
,356.96,1856,79.5,0.0,11111111,357.30,1376,0.0,0.00,336.6,357.60,0.8,0.0, , 
,357.90,1056,79.5,0.0,11111111,358.20,1088,26.7,4.12,377.4,358.52,0.8,0.0, , 
,358.83,960,79.5,0.0,11111111,359.12,896,25.1,3.09,377.4,359.42,0.8,0.0, , 
,359.74,864,79.5,0.0,11111111,360.04,864,28.2,4.12,397.8,360.33,0.8,0.0, , 
,360.64,896,79.5,1.2,11111111,360.96,864,28.2,4.12,397.8,361.27,0.8,0.0, , 
,361.60,896,79.5,3.1,11111111,361.92,896,28.2,4.12,397.8,362.24,0.8,0.0, , 
,362.56,896,79.5,3.9,11111111,362.89,896,28.2,4.12,397.8,363.22,0.8,0.0, , 
,363.53,896,79.5,3.9,11111111,363.87,896,28.2,4.12,397.8,364.16,0.8,0.0, , 
,364.49,896,79.5,3.5,11111111,364.79,864,28.2,4.12,397.8,365.09,0.8,0.0, , 
,365.40,864,79.5,3.1,11111110,365.70,864,28.2,4.12,397.8,366.03,0.8,0.0, , 
,366.34,864,79.5,2.7,11111111,366.64,896,29.4,4.12,418.2,366.95,0.8,0.0, , 
,367.24,864,79.5,2.7,11111111,367.55,896,29.4,4.12,418.2,367.87,0.8,0.0, , 
,368.18,896,79.5,2.7,11111111,368.50,864,28.2,4.12,397.8,368.83,0.8,0.0, , 
,369.16,896,79.5,2.3,11111111,369.48,896,28.2,4.12,397.8,369.80,0.8,0.0, , 
,370.12,896,79.5,2.3,11111111,370.41,896,28.2,4.12,397.8,370.72,0.8,0.0, , 
,371.04,896,79.5,2.7,11111111,371.33,864,28.2,4.12,397.8,371.62,0.8,0.0, , 
,371.91,864,79.5,2.7,11111111,372.20,832,29.4,4.12,418.2,372.52,0.8,0.0, , 
,372.82,832,79.5,1.2,11111111,373.11,864,31.0,4.12,438.6,373.41,0.8,0.0, , 
,373.72,832,79.5,-0.4,11111111,374.01,832,32.5,4.12,438.6,374.31,0.8,0.0, , 
,374.61,832,79.5,-0.8,11111111,374.94,832,34.1,4.12,459.0,375.24,0.8,0.0, , 
,375.55,832,79.5,-0.4,11111111,375.84,832,35.3,5.15,479.4,376.18,0.8,0.0, , 
,376.47,864,79.5,-0.8,11111111,376.76,832,35.3,5.15,479.4,377.05,0.8,0.0, , 
,377.37,768,79.5,-0.8,11111111,377.67,832,42.7,6.18,550.8,377.95,0.0,0.0, , 
,378.29,864,81.0,-1.2,11111111,378.58,864,36.9,5.15,499.8,378.90,0.0,0.0, , 
,379.20,928,81.0,-1.2,11111111,379.53,928,35.3,5.15,459.0,379.83,0.0,0.0, , 
,380.14,928,81.0,1.2,11111111,380.46,928,34.1,5.15,459.0,380.78,0.0,0.0, , 
,381.10,928,81.0,3.1,11111111,381.41,928,32.5,4.12,438.6,381.70,0.8,0.0, , 
,382.00,800,81.0,3.5,11111111,382.31,800,34.1,5.15,459.0,382.63,0.8,0.0, , 
,382.98,1088,81.0,5.1,11101011,383.29,1344,36.9,5.15,459.0,383.64,0.0,0.0, , 
,383.98,1408,81.0,6.3,11101011,384.35,1376,35.3,5.15,459.0,384.69,0.0,0.0, , 
,385.06,1440,81.0,0.0,11111111,385.33,1504,23.5,3.09,336.6,385.61,0.0,0.0, , 
,385.96,1408,81.0,-1.2,11111111,386.30,1248,23.5,3.09,336.6,386.61,0.8,0.0, , 
,386.91,832,81.0,-2.7,11111111,387.21,800,32.5,5.15,438.6,387.53,0.0,0.0, , 
,387.84,896,81.0,-5.5,11111111,388.17,896,31.0,4.12,418.2,388.47,0.8,0.0, , 
,388.76,864,81.0,-4.7,11111111,389.06,896,31.0,4.12,438.6,389.36,0.8,0.0, , 
,389.66,768,81.0,-2.0,11111111,389.96,768,31.0,4.12,438.6,390.24,0.8,0.0, , 
,390.55,768,81.0,0.8,11111111,390.85,800,34.1,4.12,459.0,391.15,0.8,0.0, , 
,391.44,800,81.0,5.1,10101011,391.71,896,35.3,5.15,479.4,392.00,0.0,0.0, , 
,392.32,1216,81.0,5.5,10101011,392.63,1120,31.0,4.12,397.8,392.92,0.0,0.0, , 
,393.23,832,81.0,5.5,10101011,393.51,768,38.4,5.15,499.8,393.81,0.0,0.0, , 
,394.11,896,81.0,2.7,10101011,394.41,928,29.4,4.12,418.2,394.73,0.8,0.0, , 
,395.00,800,81.0,-0.4,10111111,395.31,672,29.4,4.12,418.2,395.61,0.8,0.0, , 
,395.91,800,81.0,-0.8,10111111,396.20,768,32.5,4.12,459.0,396.52,0.8,0.0, , 
,396.83,736,81.0,-5.1,10111111,397.14,768,34.1,4.12,459.0,397.42,0.8,0.0, , 
,397.70,736,81.0,-5.5,10111111,398.02,768,35.3,4.12,499.8,398.32,0.8,0.0, , 
,398.60,768,81.0,-2.7,10111111,398.90,768,35.3,4.12,479.4,399.19,0.8,0.0, , 
,399.50,768,81.0,-0.4,10111111,399.80,800,34.1,4.12,479.4,400.10,0.8,0.0, , 
,400.39,832,81.0,0.4,10111111,400.71,800,31.0,4.12,438.6,401.01,0.8,0.0, , 
,401.30,800,81.0,0.4,10111111,401.60,800,32.5,4.12,459.0,401.90,0.8,0.0, , 
,402.21,800,81.0,1.6,10111111,402.52,832,32.5,4.12,438.6,402.81,0.8,0.0, , 
,403.13,800,81.0,2.0,10111111,403.43,800,31.0,4.12,438.6,403.73,0.8,0.0, , 
,404.03,800,81.0,1.6,10111111,404.34,800,31.0,4.12,438.6,404.64,0.8,0.0, , 
,404.94,800,81.0,0.8,10111111,405.25,800,31.0,4.12,438.6,405.55,0.8,0.0, , 
,405.85,800,81.0,0.8,10111111,406.16,768,31.0,4.12,438.6,406.46,0.8,0.0, , 
,406.74,736,81.0,2.0,10101011,407.02,704,36.9,5.15,499.8,407.30,0.8,0.0, , 
,407.60,736,81.0,4.7,10111111,407.89,800,32.5,4.12,459.0,408.20,0.8,0.0, , 
,408.53,800,81.0,2.7,10111111,408.83,768,28.2,4.12,418.2,409.13,0.8,0.0, , 
,409.43,768,81.0,1.2,10111111,409.75,800,29.4,4.12,418.2,410.05,0.8,0.0, , 
,410.34,800,81.0,-1.2,10111111,410.64,768,28.2,3.09,397.8,410.92,0.8,0.0, , 
,411.22,768,81.0,-2.0,10111111,411.52,800,28.2,3.09,418.2,411.80,0.8,0.0, , 
,412.09,768,81.0,-2.0,10111111,412.38,800,28.2,4.12,418.2,412.68,0.8,0.0, , 
,412.96,768,82.5,-1.2,10111111,413.26,768,29.4,4.12,418.2,413.55,0.8,0.0, , 
,413.85,800,82.5,-0.4,10111111,426.52,800,82.5,-0.4,10111111,437.12,800,82.5,-0.4,10111111
