Wtorek,18,Sierpień,2026,22:10:02:00009-VCID:1C3761778CABCE7337-5178,Wersja VCDS: AKP 23.3.1,Wersja danych: 20230601 DS346.2
047 906 033 L,,1.4l SIMOS3PA   00HS5401,

,Grupa A:,'001,,,,Grupa B:,'004,,,,Grupa C:,'012
,,Obroty silnika,Temperatura,Lambda,Bity binarnie,,Obroty silnika,Napięcie,Temperatura,Temperatura,,Obroty silnika,Obciążenie,(bez jednostek),(bez jednostek)
,CZAS,,,,,CZAS,,,,,CZAS,,,,
Znacznik,ZAPISU, /min,*C, %,,ZAPISU, /min, V,*C,*C,ZAPISU, /min, %,,
,0.01,0,22.5,0.0,10110110,0.27,0,12.02,22.5,19.5,0.53,0,0.0,0.0,0.0
,0.80,0,22.5,0.0,10110110,1.06,0,12.02,22.5,19.5,1.33,0,0.0,0.0,0.0
,1.60,0,22.5,0.0,10110110,1.87,0,12.12,22.5,19.5,2.15,0,0.0,0.0,0.0
,2.43,0,22.5,0.0,10110110,2.71,0,12.12,22.5,19.5,2.97,0,0.0,0.0,0.0
,3.23,0,22.5,0.0,10110110,3.50,0,12.12,22.5,19.5,3.77,0,0.0,0.0,0.0
,4.03,0,22.5,0.0,10110110,4.30,0,12.12,22.5,19.5,4.56,0,0.0,0.0,0.0
,4.83,0,22.5,0.0,10110110,5.10,0,12.12,22.5,19.5,5.36,0,0.0,0.0,0.0
,5.63,0,22.5,0.0,10110110,5.89,0,12.02,22.5,19.5,6.16,0,0.0,0.0,0.0
,6.42,0,22.5,0.0,10110110,6.69,0,12.12,22.5,19.5,6.95,0,0.0,0.0,0.0
,7.22,0,22.5,0.0,10110110,7.49,0,12.12,22.5,19.5,7.76,0,0.0,0.0,0.0
,8.03,0,22.5,0.0,10110110,8.30,0,12.12,22.5,19.5,8.57,0,0.0,0.0,0.0
,8.85,0,22.5,0.0,10110110,9.11,0,12.12,22.5,19.5,9.38,0,0.0,0.0,0.0
,9.64,0,22.5,0.0,10110110,9.91,0,9.60,22.5,19.5,10.18,192,100.0,0.0,0.0
,10.46,192,22.5,0.0,10110110,10.72,192,8.99,22.5,19.5,10.99,192,100.0,28.0,86.0
,11.30,544,22.5,0.0,10110110,11.63,1280,13.94,22.5,19.5,11.97,1248,51.8,28.0,86.0
,12.29,1216,22.5,0.0,10110110,12.66,1184,13.94,22.5,19.5,13.06,1184,41.2,28.0,86.0
,13.38,1152,22.5,0.0,10110110,13.73,1184,13.94,22.5,19.5,14.03,1152,40.0,28.0,86.0
,14.36,1184,22.5,0.0,10110110,14.71,1184,14.04,22.5,19.5,15.03,1184,40.0,28.0,86.0
,15.37,1184,22.5,0.0,10110110,15.69,1184,14.04,22.5,19.5,15.99,1184,40.0,28.0,86.0
,16.31,1184,22.5,0.0,10110110,16.65,1184,14.04,22.5,19.5,16.99,1152,38.4,28.0,86.0
,17.31,1152,22.5,0.0,10110110,17.63,1152,14.04,22.5,19.5,17.95,1152,38.4,28.0,86.0
,18.26,1152,22.5,0.0,10110110,18.59,1152,14.04,22.5,19.5,18.92,1152,38.4,28.0,86.0
,19.28,1152,22.5,0.0,10110110,19.62,1152,14.04,22.5,19.5,19.95,1152,38.4,28.0,86.0
,20.26,1152,22.5,0.0,10110110,20.59,1152,14.04,22.5,19.5,20.92,1152,36.9,28.0,86.0
,21.25,1152,22.5,0.0,10110110,21.59,1152,13.94,22.5,19.5,21.91,1152,36.9,28.0,86.0
,22.24,1152,22.5,0.0,10110110,22.57,1120,14.04,22.5,19.5,22.88,1152,35.3,28.0,86.0
,23.17,1152,22.5,0.0,10110110,23.51,1120,14.14,22.5,19.5,23.84,1120,36.9,28.0,86.0
,24.17,1120,22.5,0.0,10110110,24.49,1120,14.04,22.5,19.5,24.82,1120,38.4,28.0,86.0
,25.15,1120,22.5,0.0,10110110,25.51,1120,14.04,22.5,19.5,25.83,1120,38.4,28.0,86.0
,26.17,1120,22.5,0.0,10110110,26.52,1088,13.94,22.5,19.5,26.84,1120,40.0,28.0,86.0
,27.17,1088,22.5,0.0,10110110,27.51,1088,14.04,22.5,19.5,27.85,1120,41.2,28.0,86.0
,28.16,1120,22.5,0.0,10110110,28.50,1088,14.04,22.5,19.5,28.82,1120,42.7,28.0,86.0
,29.15,1088,22.5,0.0,10110110,29.50,1088,14.04,22.5,19.5,29.84,1088,44.3,28.0,86.0
,30.17,1120,22.5,0.0,10110110,30.49,1120,14.14,22.5,19.5,30.83,1088,45.9,28.0,86.0
,31.18,1120,22.5,0.0,10110110,31.50,1120,14.14,22.5,19.5,31.81,1120,47.1,28.0,86.0
,32.16,1120,22.5,0.0,10110110,32.46,1120,14.04,22.5,19.5,32.78,1120,48.6,28.0,86.0
,33.09,1152,22.5,0.0,10110110,33.41,1088,14.04,22.5,19.5,33.73,1088,50.2,28.0,86.0
,34.06,1120,22.5,0.0,10110110,34.40,1120,14.14,22.5,19.5,34.73,1120,51.8,28.0,86.0
,35.05,1120,22.5,0.0,10110110,35.36,1120,14.04,22.5,19.5,35.69,1120,50.2,28.0,86.0
,36.04,1120,22.5,0.0,10110110,36.38,1120,14.04,22.5,19.5,36.71,1120,50.2,28.0,86.0
,37.01,1120,22.5,0.0,10110110,37.33,1152,14.14,22.5,19.5,37.68,1152,50.2,28.0,86.0
,38.02,1152,22.5,0.0,10110110,38.36,1152,14.04,24.0,19.5,38.70,1120,50.2,28.0,86.0
,39.04,1120,24.0,0.0,10110110,39.38,1088,14.04,24.0,19.5,39.71,1120,50.2,28.0,86.0
,40.05,1152,24.0,0.0,10110110,40.36,1152,14.04,24.0,19.5,40.70,1120,50.2,28.0,86.0
,41.03,1152,24.0,0.0,10110110,41.36,1120,14.04,24.0,19.5,41.69,1120,48.6,28.0,86.0
,41.99,1120,24.0,0.8,10111110,42.30,1152,14.04,24.0,19.5,42.63,1152,48.6,28.0,86.0
,42.95,1152,24.0,5.1,10111110,43.30,1152,14.04,24.0,19.5,43.62,1120,47.1,28.0,86.0
,43.98,1152,24.0,7.4,10111110,44.30,1152,14.14,24.0,19.5,44.61,1152,47.1,28.0,86.0
,44.96,1152,24.0,8.6,10111110,45.30,1152,14.04,24.0,19.5,45.63,1152,45.9,28.0,86.0
,45.94,1152,24.0,9.4,10111110,46.29,1152,14.04,24.0,19.5,46.62,1152,45.9,28.0,86.0
,46.95,1152,24.0,8.6,10111110,47.27,1152,14.04,24.0,19.5,47.60,1152,45.9,28.0,86.0
,47.93,1152,24.0,8.2,10111110,48.28,1152,14.04,25.5,19.5,48.59,1120,44.3,28.0,86.0
,48.93,1152,25.5,7.8,10111110,49.29,1152,14.04,25.5,19.5,49.61,1120,44.3,28.0,86.0
,49.92,1120,25.5,7.8,10111110,50.25,1120,14.04,25.5,19.5,50.59,1152,42.7,28.0,86.0
,50.94,1152,25.5,7.4,10111110,51.27,1120,14.04,25.5,19.5,51.59,1120,42.7,28.0,86.0
,51.91,1120,25.5,7.4,10111110,52.25,1120,14.04,25.5,19.5,52.57,1120,42.7,28.0,86.0
,52.91,1120,25.5,7.4,10111110,53.24,1120,13.94,25.5,19.5,53.58,1120,42.7,28.0,86.0
,53.91,1120,25.5,7.0,10111110,54.23,1120,14.14,25.5,19.5,54.57,1120,42.7,28.0,86.0
,54.90,1120,25.5,6.6,10111110,55.25,1120,14.14,27.0,19.5,55.60,1120,42.7,28.0,86.0
,55.93,1120,27.0,7.0,10111110,56.25,1120,14.04,25.5,19.5,56.58,1120,41.2,28.0,86.0
,56.91,1120,25.5,6.6,10111110,57.24,1120,14.04,27.0,19.5,57.56,1120,41.2,28.0,86.0
,57.88,1120,27.0,6.3,10111110,58.21,1088,14.14,27.0,19.5,58.54,1120,41.2,28.0,86.0
,58.88,1120,27.0,6.3,10111110,59.20,1120,14.04,27.0,19.5,59.52,1088,41.2,28.0,86.0
,59.83,1120,27.0,6.3,10111110,60.16,1120,14.04,27.0,19.5,60.48,1120,40.0,28.0,86.0
,60.83,1120,27.0,6.3,10111110,61.15,1120,14.04,27.0,19.5,61.48,1120,40.0,28.0,86.0
,61.81,1120,27.0,5.9,10111110,62.15,1120,14.04,27.0,19.5,62.48,1120,40.0,28.0,86.0
,62.80,1120,27.0,5.5,10111110,63.10,1088,14.04,27.0,19.5,63.41,1088,40.0,28.0,86.0
,63.72,1088,27.0,5.5,10111110,64.06,1120,14.04,27.0,19.5,64.41,1120,40.0,28.0,86.0
,64.73,1088,27.0,5.5,10111110,65.06,1120,14.04,27.0,19.5,65.40,1088,38.4,28.0,86.0
,65.75,1088,28.5,5.1,10111110,66.08,1088,14.04,28.5,19.5,66.40,1088,38.4,28.0,86.0
,66.72,1088,28.5,5.1,10111110,67.05,1088,14.04,28.5,19.5,67.38,1120,38.4,28.0,86.0
,67.70,1088,28.5,5.1,10111110,68.04,1088,14.04,28.5,19.5,68.39,1088,38.4,28.0,86.0
,68.74,1088,28.5,5.5,10111110,69.06,1088,14.04,28.5,19.5,69.41,1088,38.4,28.0,86.0
,69.74,1088,28.5,5.5,10111110,70.07,1088,14.04,28.5,19.5,70.41,1088,38.4,28.0,86.0
,70.74,1088,28.5,5.1,10111110,71.07,1088,14.04,28.5,19.5,71.41,1088,38.4,28.0,86.0
,71.73,1088,28.5,5.1,10111110,72.07,1088,14.04,28.5,19.5,72.39,1088,36.9,28.0,86.0
,72.72,1088,28.5,4.7,10111110,73.04,1088,14.04,28.5,19.5,73.35,1088,35.3,28.0,86.0
,73.65,1088,30.0,3.9,10111110,73.97,1088,14.04,30.0,19.5,74.30,1088,35.3,28.0,86.0
,74.61,1088,30.0,2.7,10111110,74.94,1056,14.04,30.0,19.5,75.24,1088,35.3,28.0,86.0
,75.55,1056,30.0,2.3,10111110,75.86,1088,14.04,30.0,19.5,76.18,1056,34.1,28.0,86.0
,76.50,1056,30.0,2.0,10111110,76.82,1056,14.04,30.0,19.5,77.13,1056,35.3,28.0,86.0
,77.45,1024,30.0,2.0,10111110,77.77,1056,14.14,30.0,19.5,78.08,1056,35.3,28.0,86.0
,78.41,1056,30.0,2.3,10111110,78.72,1056,13.94,30.0,19.5,79.03,1056,34.1,28.0,86.0
,79.36,1024,31.5,2.3,10111110,79.69,1024,14.04,31.5,19.5,80.01,1024,35.3,28.0,86.0
,80.33,1056,31.5,2.3,10111110,80.64,1056,14.04,31.5,19.5,80.97,1024,35.3,28.0,86.0
,81.30,1056,31.5,2.7,10111110,81.63,1024,14.14,31.5,19.5,81.93,1056,35.3,28.0,86.0
,82.26,1056,31.5,2.7,10111110,82.58,1056,14.04,31.5,19.5,82.88,1056,35.3,28.0,86.0
,83.18,1024,31.5,3.5,10111110,83.49,1024,14.04,31.5,19.5,83.82,1024,36.9,28.0,86.0
,84.17,1056,31.5,4.3,10111110,84.51,1056,14.04,31.5,19.5,84.85,1024,36.9,28.0,86.0
,85.16,1024,31.5,5.1,10111110,85.46,1024,14.04,31.5,19.5,85.79,1056,36.9,28.0,86.0
,86.13,1056,33.0,5.1,10111110,86.44,1024,14.04,33.0,19.5,86.77,1024,36.9,28.0,86.0
,87.09,1024,33.0,5.1,10111110,87.42,1024,14.04,33.0,19.5,87.73,1024,36.9,28.0,86.0
,88.05,1024,33.0,5.5,10111110,88.35,1024,14.04,33.0,19.5,88.66,1024,36.9,28.0,86.0
,88.97,1024,33.0,5.5,10111110,89.30,1024,14.04,33.0,19.5,89.62,1024,36.9,28.0,86.0
,89.95,1024,33.0,5.5,10111110,90.28,1024,13.94,33.0,19.5,90.60,1024,36.9,28.0,86.0
,90.92,1024,33.0,5.9,10111110,91.24,1024,14.14,33.0,19.5,91.57,1024,36.9,28.0,86.0
,91.90,1024,33.0,5.9,10111110,92.23,992,14.04,33.0,19.5,92.55,1024,36.9,28.0,86.0
,92.86,1024,33.0,5.5,10111110,93.17,1024,14.14,34.5,19.5,93.52,992,36.9,28.0,86.0
,93.85,992,34.5,5.5,10111110,94.16,992,14.04,34.5,19.5,94.44,1024,36.9,28.0,86.0
,94.78,992,34.5,5.5,10111110,95.08,992,14.14,34.5,19.5,95.41,992,38.4,28.0,86.0
,95.76,1024,34.5,5.1,10111110,96.10,1024,14.04,34.5,19.5,96.39,992,38.4,28.0,86.0
,96.71,992,34.5,5.1,10111110,97.05,1024,14.14,34.5,19.5,97.33,1024,38.4,28.0,86.0
,97.69,992,34.5,5.1,10111110,97.99,992,14.04,34.5,19.5,98.28,992,38.4,28.0,86.0
,98.64,992,34.5,5.1,10111110,98.96,992,14.04,34.5,19.5,99.22,960,38.4,28.0,86.0
,99.53,992,34.5,5.5,10111110,99.89,992,14.04,34.5,19.5,100.16,992,38.4,28.0,86.0
,100.42,992,36.0,5.1,10111110,100.69,960,14.14,36.0,19.5,100.96,992,38.4,28.0,86.0
,101.28,992,36.0,5.1,10111110,101.64,960,14.04,36.0,19.5,102.00,992,38.4,28.0,86.0
,102.36,960,36.0,4.7,10111110,102.72,960,14.04,36.0,19.5,103.03,992,38.4,28.0,86.0
,103.30,992,36.0,4.3,10111110,103.57,992,14.04,36.0,19.5,103.83,992,38.4,28.0,86.0
,104.16,992,36.0,4.7,10111110,104.50,992,14.04,36.0,19.5,104.77,960,38.4,28.0,86.0
,105.11,960,36.0,4.3,10111110,105.41,960,13.94,36.0,19.5,105.74,992,38.4,28.0,86.0
,106.08,992,36.0,4.3,10111110,106.41,960,14.14,36.0,19.5,106.69,960,38.4,28.0,86.0
,107.03,960,36.0,4.3,10111110,107.34,960,14.04,36.0,19.5,107.66,992,38.4,28.0,86.0
,108.00,960,36.0,3.9,10111110,108.31,960,14.04,37.5,19.5,108.61,960,38.4,28.0,86.0
,108.91,960,37.5,4.3,10111110,109.22,960,14.04,37.5,19.5,109.56,960,38.4,28.0,86.0
,109.90,960,37.5,4.3,10111110,110.22,960,14.04,37.5,19.5,110.50,960,38.4,28.0,86.0
,110.84,960,37.5,3.9,10111110,111.16,960,14.04,37.5,19.5,111.45,928,38.4,28.0,86.0
,111.77,928,37.5,3.9,10111110,112.10,960,14.04,37.5,19.5,112.41,960,38.4,28.0,86.0
,112.73,928,37.5,4.3,10111110,113.04,960,13.94,37.5,19.5,113.38,928,38.4,28.0,86.0
,113.67,960,37.5,3.9,10111110,113.98,960,14.04,37.5,19.5,114.30,928,36.9,28.0,86.0
,114.61,928,37.5,3.9,10111110,114.93,928,14.04,37.5,19.5,115.26,928,36.9,28.0,86.0
,115.58,928,39.0,3.9,10111110,115.91,928,14.04,39.0,19.5,116.22,928,38.4,28.0,86.0
,116.52,928,39.0,3.9,10111110,116.83,928,13.94,39.0,19.5,117.17,928,38.4,28.0,86.0
,117.49,928,39.0,4.3,10111110,117.80,928,14.04,39.0,19.5,118.11,928,36.9,28.0,86.0
,118.41,928,39.0,4.3,10111110,118.71,928,13.94,39.0,19.5,119.02,928,38.4,28.0,86.0
,119.33,928,39.0,4.7,10111110,119.65,928,14.04,39.0,19.5,120.00,928,36.9,28.0,86.0
,120.32,928,39.0,4.7,10111110,120.63,928,14.04,39.0,19.5,120.94,896,38.4,28.0,86.0
,121.24,896,39.0,4.7,10111110,121.54,928,14.04,39.0,19.5,121.86,896,36.9,28.0,86.0
,122.18,928,39.0,4.7,10111110,122.47,928,13.94,39.0,19.5,122.78,928,36.9,28.0,86.0
,123.11,896,39.0,5.1,10111110,123.43,928,14.04,39.0,19.5,123.76,928,36.9,28.0,86.0
,124.08,928,40.5,5.1,10111110,124.39,928,14.04,40.5,19.5,124.69,928,36.9,28.0,86.0
,125.01,896,40.5,5.1,10111110,125.33,928,13.94,40.5,19.5,125.65,928,36.9,28.0,86.0
,125.95,896,40.5,5.1,10111110,126.26,896,14.04,40.5,21.0,126.58,896,36.9,28.0,86.0
,126.90,896,40.5,5.1,10111110,127.23,928,14.04,40.5,19.5,127.54,928,36.9,28.0,86.0
,128.79,928,40.5,5.1,10111110,129.09,928,14.04,40.5,21.0,129.39,928,36.9,28.0,86.0
,129.72,928,40.5,5.1,10111110,130.01,928,14.04,40.5,21.0,130.33,896,36.9,28.0,86.0
,130.63,928,40.5,5.1,10111110,130.95,896,14.04,40.5,21.0,131.27,896,36.9,28.0,86.0
,131.59,928,40.5,5.1,10111110,131.91,896,14.04,40.5,21.0,132.21,896,36.9,28.0,86.0
,132.51,896,42.0,5.1,10111110,132.84,896,14.04,42.0,21.0,133.15,896,35.3,28.0,86.0
,133.45,896,42.0,4.7,10111110,133.78,896,13.94,42.0,21.0,134.08,928,35.3,28.0,86.0
,134.39,896,42.0,3.9,10111110,134.71,896,14.14,42.0,21.0,135.02,928,35.3,28.0,86.0
,135.31,896,42.0,3.5,10111110,135.62,896,14.04,42.0,21.0,135.96,896,35.3,28.0,86.0
,136.25,928,42.0,3.9,10111110,136.56,896,14.04,42.0,21.0,136.87,896,35.3,28.0,86.0
,137.18,896,42.0,3.9,10111110,137.51,896,14.14,42.0,21.0,137.81,896,35.3,28.0,86.0
,138.13,896,42.0,3.9,10111110,138.44,896,14.04,42.0,21.0,138.76,896,34.1,28.0,86.0
,139.08,896,42.0,3.9,10111110,139.40,896,14.14,42.0,21.0,139.69,928,35.3,28.0,86.0
,139.99,896,42.0,3.9,10111110,140.29,896,14.04,42.0,21.0,140.61,896,35.3,28.0,86.0
,140.91,896,42.0,3.9,10111110,141.20,896,14.04,42.0,21.0,141.52,928,34.1,28.0,86.0
,141.84,896,42.0,3.9,10111110,142.16,896,14.04,43.5,21.0,142.47,896,34.1,28.0,86.0
,142.78,896,43.5,3.5,10111110,143.09,896,14.04,43.5,21.0,143.40,896,34.1,28.0,86.0
,143.72,896,43.5,3.5,10111110,144.03,896,14.04,43.5,21.0,144.36,896,34.1,28.0,86.0
,144.70,896,43.5,3.9,10111110,145.04,896,13.94,43.5,21.0,145.34,896,34.1,28.0,86.0
,145.64,896,43.5,3.9,10111110,145.96,896,13.94,43.5,21.0,146.26,896,35.3,28.0,86.0
,146.58,896,43.5,3.9,10111110,146.88,896,14.04,43.5,21.0,147.20,896,34.1,28.0,86.0
,147.50,896,43.5,3.5,10111110,147.81,896,14.04,43.5,21.0,148.13,896,34.1,28.0,86.0
,148.44,896,43.5,3.5,10111110,148.76,896,13.94,43.5,21.0,149.09,896,34.1,28.0,86.0
,149.40,896,43.5,3.5,10111110,149.73,896,14.04,43.5,21.0,150.05,928,34.1,28.0,86.0
,150.35,928,43.5,-7.8,10111110,150.68,928,13.94,43.5,21.0,150.97,896,32.5,28.0,86.0
,151.29,928,43.5,-15.6,10111110,151.61,896,14.04,43.5,21.0,151.94,896,34.1,28.0,86.0
,152.26,896,45.0,-16.8,10111110,152.59,864,14.04,45.0,21.0,152.89,896,32.5,28.0,86.0
,153.19,896,45.0,-15.6,10111110,153.49,896,14.04,45.0,21.0,153.79,896,32.5,28.0,86.0
,154.09,896,45.0,-14.8,10111110,154.42,896,13.94,45.0,21.0,154.74,896,34.1,28.0,86.0
,155.06,896,45.0,-13.7,10111110,155.37,896,13.94,45.0,21.0,155.67,896,32.5,28.0,86.0
,155.98,896,45.0,-12.1,10111110,156.30,896,13.94,45.0,21.0,156.62,896,32.5,28.0,86.0
,156.93,896,45.0,-10.9,10111110,157.23,864,13.94,45.0,21.0,157.54,896,32.5,28.0,86.0
,157.84,896,45.0,-10.5,10111110,158.16,896,13.94,45.0,21.0,158.49,896,32.5,28.0,86.0
,158.80,896,45.0,-9.8,10111110,159.12,896,14.04,45.0,21.0,159.43,896,32.5,28.0,86.0
,159.76,896,45.0,-9.0,10111110,160.10,896,14.04,45.0,21.0,160.41,896,32.5,28.0,86.0
,160.74,896,45.0,-8.6,10111110,161.04,896,14.04,45.0,21.0,161.34,896,32.5,28.0,86.0
,161.67,896,45.0,-8.6,10111110,162.00,896,13.94,45.0,21.0,162.32,896,32.5,28.0,86.0
,162.63,896,46.5,-8.6,10111110,162.95,896,14.04,46.5,21.0,163.26,864,31.0,28.0,86.0
,163.58,896,46.5,-9.0,10111110,163.88,896,14.04,46.5,21.0,164.17,896,31.0,28.0,86.0
,164.48,896,46.5,-9.4,10111110,164.79,896,14.04,46.5,21.0,165.09,896,31.0,28.0,86.0
,165.43,864,46.5,-10.2,10111110,165.72,896,14.04,46.5,21.0,166.04,896,31.0,28.0,86.0
,166.35,864,46.5,-10.2,10111110,166.67,864,13.94,46.5,21.0,166.98,832,32.5,28.0,86.0
,167.28,832,46.5,-10.2,10111110,167.57,864,14.04,46.5,21.0,167.89,832,32.5,28.0,86.0
,168.19,832,46.5,-10.9,10111110,168.50,832,13.94,46.5,21.0,168.80,832,32.5,28.0,86.0
,169.11,832,46.5,-11.3,10111110,169.40,832,14.04,46.5,21.0,169.73,832,32.5,28.0,86.0
,170.05,832,46.5,-11.3,10111110,170.36,832,13.94,46.5,21.0,170.66,832,32.5,28.0,86.0
,170.96,832,46.5,-11.7,10111110,171.26,832,14.04,46.5,21.0,171.56,832,31.0,28.0,86.0
,171.87,832,46.5,-11.7,10111110,172.19,832,14.04,46.5,21.0,172.49,832,32.5,28.0,86.0
,172.78,800,46.5,-11.7,10111110,173.09,832,14.14,46.5,21.0,173.37,832,31.0,28.0,86.0
,173.69,832,46.5,-11.7,10111110,173.98,832,13.94,46.5,21.0,174.27,832,32.5,28.0,86.0
,174.57,832,46.5,-11.7,10111110,174.88,832,13.94,46.5,21.0,175.17,832,32.5,28.0,86.0
,175.48,832,46.5,-10.9,10111110,175.78,832,14.04,46.5,21.0,176.08,800,31.0,28.0,86.0
,176.39,832,48.0,-10.5,10111110,176.69,832,13.94,48.0,21.0,176.99,832,31.0,28.0,86.0
,177.29,832,48.0,-10.5,10111110,177.58,832,13.94,48.0,21.0,177.90,832,32.5,28.0,86.0
,178.20,832,48.0,-10.9,10111110,178.51,800,14.04,48.0,21.0,178.82,832,32.5,28.0,86.0
,179.11,832,48.0,-11.3,10111110,179.40,832,14.04,48.0,21.0,179.70,832,32.5,28.0,86.0
,180.02,832,48.0,-11.3,10111110,180.31,832,14.04,48.0,21.0,180.62,832,32.5,28.0,86.0
,180.92,832,48.0,-11.3,10111110,181.22,832,13.94,48.0,21.0,181.54,832,32.5,28.0,86.0
,181.85,832,48.0,-10.9,10111110,182.15,832,13.94,48.0,21.0,182.47,832,31.0,28.0,86.0
,182.78,832,48.0,-10.9,10111110,183.09,832,14.04,48.0,21.0,183.40,832,31.0,28.0,86.0
,183.70,832,48.0,-12.1,10111110,184.00,832,14.04,48.0,21.0,184.30,832,31.0,28.0,86.0
,184.61,832,48.0,-13.7,10111110,184.92,832,14.04,48.0,21.0,185.24,832,31.0,28.0,86.0
,185.54,800,48.0,-14.5,10111110,185.83,832,13.94,48.0,21.0,186.13,832,31.0,28.0,86.0
,186.43,832,48.0,-14.8,10111110,186.73,832,13.94,48.0,21.0,187.04,832,31.0,28.0,86.0
,187.34,832,48.0,-14.8,10111110,187.65,832,14.04,48.0,21.0,187.97,832,31.0,28.0,86.0
,188.28,832,48.0,-14.8,10111110,188.59,832,13.94,48.0,21.0,188.89,832,31.0,28.0,86.0
,189.19,832,49.5,-14.8,10111110,189.52,832,14.04,49.5,21.0,189.83,832,31.0,28.0,86.0
,190.14,832,49.5,-14.5,10111110,190.45,832,13.94,49.5,21.0,190.77,800,31.0,28.0,86.0
,191.06,832,49.5,-14.1,10111110,191.36,832,14.04,49.5,21.0,191.66,800,31.0,28.0,86.0
,191.95,832,49.5,-13.7,10111110,192.27,832,13.94,49.5,21.0,192.56,832,31.0,28.0,86.0
,192.88,832,49.5,-12.9,10111110,193.17,800,14.04,49.5,21.0,193.48,832,31.0,28.0,86.0
,193.81,832,49.5,-12.9,10111110,194.12,832,13.94,49.5,21.0,194.44,832,31.0,28.0,86.0
,194.76,832,49.5,-12.9,10111110,195.09,832,14.04,49.5,21.0,195.40,800,31.0,28.0,86.0
,195.71,832,49.5,-13.3,10111110,196.00,800,13.94,49.5,21.0,196.30,832,31.0,28.0,86.0
,196.57,832,49.5,-13.3,10111110,196.86,832,14.04,49.5,21.0,197.17,832,31.0,28.0,86.0
,197.48,832,49.5,-13.3,10111110,197.79,800,13.94,49.5,21.0,198.07,832,31.0,28.0,86.0
,198.37,832,49.5,-12.9,10111110,198.68,832,13.94,49.5,21.0,198.98,800,31.0,28.0,86.0
,199.29,800,49.5,-12.5,10111110,199.59,832,14.04,49.5,21.0,199.89,800,31.0,28.0,86.0
,200.20,832,49.5,-12.5,10111110,200.51,832,14.04,49.5,21.0,200.83,832,31.0,28.0,86.0
,201.15,832,49.5,-12.5,10111110,201.44,832,14.04,49.5,21.0,201.74,832,31.0,28.0,86.0
,202.04,832,49.5,-12.5,10111110,202.34,832,13.94,51.0,21.0,202.64,832,32.5,28.0,86.0
,202.95,832,51.0,-12.5,10111110,203.24,800,14.04,51.0,21.0,203.54,832,32.5,28.0,86.0
,203.85,832,51.0,-12.1,10111110,204.15,800,14.04,51.0,21.0,204.45,832,31.0,28.0,86.0
,204.74,832,51.0,-12.1,10111110,205.03,832,13.94,51.0,21.0,205.34,832,31.0,28.0,86.0
,205.64,832,51.0,-11.7,10111110,205.95,832,14.04,51.0,21.0,206.26,800,31.0,28.0,86.0
,206.59,800,51.0,-11.7,10111110,206.89,832,14.04,51.0,21.0,207.20,832,31.0,28.0,86.0
,207.52,832,51.0,-12.1,10111110,207.82,832,13.94,51.0,21.0,208.11,800,31.0,28.0,86.0
,208.41,832,51.0,-12.1,10111110,208.70,832,13.94,51.0,21.0,209.00,832,32.5,28.0,86.0
,209.29,832,51.0,-12.1,10111110,209.58,800,14.04,51.0,21.0,209.89,832,31.0,28.0,86.0
,210.19,832,51.0,-12.5,10111110,210.49,832,13.94,51.0,21.0,210.80,832,31.0,28.0,86.0
,211.11,832,51.0,-13.7,10111110,211.41,800,13.94,51.0,21.0,211.69,800,31.0,28.0,86.0
,212.02,800,51.0,-14.1,10111110,212.32,800,13.94,51.0,21.0,212.61,832,31.0,28.0,86.0
,212.90,800,51.0,-14.1,10111110,213.19,800,13.94,51.0,21.0,213.50,832,31.0,28.0,86.0
,213.80,832,51.0,-14.1,10111110,214.11,832,14.04,51.0,21.0,214.41,832,31.0,28.0,86.0
,214.72,832,51.0,-13.7,10111110,215.02,832,13.94,51.0,21.0,215.33,800,31.0,28.0,86.0
,215.63,800,51.0,-13.7,10111110,215.91,832,13.94,51.0,21.0,216.22,832,31.0,28.0,86.0
,216.52,832,51.0,-13.3,10111110,216.84,832,13.84,51.0,21.0,217.16,832,31.0,28.0,86.0
,217.45,800,52.5,-13.7,10111110,217.76,800,14.04,52.5,21.0,218.07,832,31.0,28.0,86.0
,218.35,800,52.5,-13.3,10111110,218.65,832,13.94,52.5,21.0,218.95,800,31.0,28.0,86.0
,219.25,800,52.5,-12.9,10111110,219.54,800,13.94,52.5,21.0,219.84,832,31.0,28.0,86.0
,220.15,800,52.5,-12.5,10111110,220.45,832,14.04,52.5,21.0,220.76,800,31.0,28.0,86.0
,221.06,832,52.5,-11.7,10111110,221.37,832,14.04,52.5,21.0,221.67,800,31.0,28.0,86.0
,221.98,832,52.5,-11.3,10111110,222.28,832,14.04,52.5,21.0,222.59,800,31.0,28.0,86.0
,222.89,832,52.5,-11.3,10111110,223.20,832,14.14,52.5,21.0,223.52,800,31.0,28.0,86.0
,223.83,800,52.5,-11.7,10111110,224.13,832,13.94,52.5,21.0,224.42,800,31.0,28.0,86.0
,224.72,832,52.5,-11.7,10111110,225.03,832,13.94,52.5,22.5,225.35,832,31.0,28.0,86.0
,225.65,832,52.5,-11.7,10111110,225.94,832,13.94,52.5,21.0,226.24,832,31.0,28.0,86.0
,226.54,800,52.5,-11.7,10111110,226.84,800,13.94,52.5,21.0,227.15,832,31.0,28.0,86.0
,227.45,832,52.5,-11.7,10111110,227.78,832,13.94,52.5,21.0,228.08,832,31.0,28.0,86.0
,228.39,832,52.5,-11.7,10111110,228.68,800,14.04,52.5,22.5,229.00,832,31.0,28.0,86.0
,229.32,832,52.5,-11.7,10111110,229.61,800,14.04,52.5,22.5,229.92,800,31.0,28.0,86.0
,230.21,800,54.0,-11.7,10111110,230.51,832,13.94,54.0,22.5,230.81,832,31.0,28.0,86.0
,231.12,832,52.5,-11.7,10111110,231.44,832,13.94,52.5,22.5,231.74,832,31.0,28.0,86.0
,232.03,832,52.5,-12.9,10111110,232.34,832,13.94,54.0,22.5,232.65,832,31.0,28.0,86.0
,232.95,800,54.0,-13.3,10111110,233.26,832,13.94,54.0,22.5,233.56,832,31.0,28.0,86.0
,233.86,800,54.0,-13.7,10111110,234.17,832,14.04,54.0,21.0,234.49,832,31.0,28.0,86.0
,234.80,832,54.0,-13.7,10111110,235.10,800,13.94,54.0,22.5,235.40,800,31.0,28.0,86.0
,235.71,832,54.0,-13.7,10111110,236.02,800,13.94,54.0,22.5,236.32,832,31.0,28.0,86.0
,236.61,832,54.0,-13.3,10111110,236.91,832,14.04,54.0,22.5,237.20,832,31.0,28.0,86.0
,237.51,832,54.0,-12.9,10111110,237.81,800,13.94,54.0,22.5,238.12,832,31.0,28.0,86.0
,238.43,832,54.0,-12.9,10111110,238.71,800,13.94,54.0,22.5,239.00,800,31.0,28.0,86.0
,239.29,800,54.0,-12.9,10111110,239.57,832,13.84,54.0,22.5,239.87,800,31.0,28.0,86.0
,240.17,800,54.0,-12.5,10111110,240.48,832,14.04,54.0,22.5,240.80,832,31.0,28.0,86.0
,241.12,832,54.0,-12.5,10111110,241.43,800,14.04,54.0,22.5,241.72,800,31.0,28.0,86.0
,242.02,800,54.0,-12.5,10111110,242.32,832,13.94,54.0,22.5,242.62,800,31.0,28.0,86.0
,242.94,800,54.0,-12.5,10111110,243.25,800,14.04,54.0,22.5,243.56,832,31.0,28.0,86.0
,243.87,832,54.0,-12.5,10111110,244.18,800,14.04,54.0,22.5,244.49,832,31.0,28.0,86.0
,244.78,800,54.0,-12.5,10111110,245.08,832,14.04,55.5,22.5,245.39,800,31.0,28.0,86.0
,245.68,800,55.5,-12.5,10111110,245.97,800,14.04,55.5,22.5,246.26,800,31.0,28.0,86.0
,246.60,832,55.5,-12.5,10111110,246.88,832,14.04,55.5,22.5,247.16,800,31.0,28.0,86.0
,247.45,800,55.5,-12.9,10111110,247.76,832,13.94,55.5,22.5,248.07,832,31.0,28.0,86.0
,248.36,800,55.5,-12.5,10111110,248.66,800,14.04,55.5,22.5,248.95,800,31.0,28.0,86.0
,249.25,832,55.5,-12.1,10111110,249.55,832,13.94,55.5,22.5,249.85,832,31.0,28.0,86.0
,250.15,800,55.5,-12.1,10111110,250.46,800,13.94,55.5,22.5,250.76,800,31.0,28.0,86.0
,251.07,800,55.5,-11.7,10111110,251.35,800,13.94,55.5,22.5,251.66,800,31.0,28.0,86.0
,251.96,832,55.5,-11.7,10111110,252.27,800,13.84,55.5,22.5,252.58,800,31.0,28.0,86.0
,252.88,832,55.5,-11.7,10111110,253.19,832,14.04,55.5,22.5,253.49,832,31.0,28.0,86.0
,253.77,800,55.5,-12.5,10111110,254.06,800,13.94,55.5,22.5,254.36,832,31.0,28.0,86.0
,254.68,832,55.5,-11.7,10111110,254.97,800,13.94,55.5,22.5,255.26,832,31.0,28.0,86.0
,255.59,832,55.5,-11.7,10111110,255.89,832,14.04,55.5,22.5,256.20,832,31.0,28.0,86.0
,256.50,832,55.5,-12.5,10111110,256.81,800,13.94,55.5,22.5,257.12,800,31.0,28.0,86.0
,257.41,800,55.5,-12.9,10111110,257.71,800,14.04,55.5,22.5,258.00,800,31.0,28.0,86.0
,258.31,800,55.5,-12.9,10111110,258.62,832,13.94,55.5,22.5,258.92,832,31.0,28.0,86.0
,259.23,800,55.5,-12.5,10111110,259.55,832,13.94,55.5,22.5,259.86,800,31.0,28.0,86.0
,260.17,832,55.5,-11.7,10111110,260.48,800,14.14,55.5,22.5,260.77,832,31.0,28.0,86.0
,261.06,832,57.0,-11.7,10111110,261.38,800,14.04,57.0,22.5,261.68,800,31.0,28.0,86.0
,261.98,832,57.0,-11.7,10111110,262.28,800,14.04,57.0,22.5,262.58,800,31.0,28.0,86.0
,262.88,800,57.0,-11.7,10111110,263.16,800,13.94,57.0,22.5,263.46,832,31.0,28.0,86.0
,263.76,832,57.0,-11.3,10111110,264.07,832,14.04,57.0,22.5,264.37,800,31.0,28.0,86.0
,264.68,800,57.0,-11.3,10111110,264.97,800,13.94,57.0,22.5,265.26,800,31.0,28.0,86.0
,265.54,832,57.0,-11.3,10111110,265.84,800,13.94,57.0,22.5,266.15,800,31.0,28.0,86.0
,266.45,832,57.0,-11.3,10111110,266.73,800,13.94,57.0,22.5,267.04,832,31.0,28.0,86.0
,267.34,800,57.0,-11.7,10111110,267.66,832,14.04,57.0,22.5,267.95,800,31.0,28.0,86.0
,268.26,800,57.0,-11.7,10111110,268.55,800,13.94,57.0,22.5,268.86,832,31.0,28.0,86.0
,269.16,832,57.0,-11.3,10111110,269.45,800,13.94,57.0,22.5,269.76,832,31.0,28.0,86.0
,270.06,832,57.0,-11.7,10111110,270.37,800,14.04,57.0,22.5,270.69,832,29.4,28.0,86.0
,270.99,800,57.0,-12.1,10111110,271.29,800,13.94,57.0,22.5,271.58,800,29.4,28.0,86.0
,271.86,800,57.0,-12.5,10111110,272.17,800,14.04,57.0,22.5,272.47,800,31.0,28.0,86.0
,272.78,832,57.0,-12.1,10111110,273.09,832,13.94,57.0,22.5,273.39,800,31.0,28.0,86.0
,273.68,800,57.0,-12.1,10111110,273.98,832,13.94,57.0,22.5,274.29,800,31.0,28.0,86.0
,274.58,800,57.0,-11.7,10111110,274.89,800,13.94,57.0,24.0,275.21,800,31.0,28.0,86.0
,275.50,800,57.0,-11.7,10111110,275.79,800,13.94,57.0,22.5,276.08,832,31.0,28.0,86.0
,276.39,800,57.0,-11.3,10111110,276.69,800,13.94,57.0,22.5,276.98,832,31.0,28.0,86.0
,277.28,800,58.5,-10.9,10111110,277.59,800,14.04,58.5,22.5,277.90,800,31.0,28.0,86.0
,278.22,800,57.0,-10.2,10111110,278.53,800,13.94,57.0,22.5,278.84,800,32.5,28.0,86.0
,279.16,800,58.5,-8.2,10111110,279.45,800,13.94,58.5,22.5,279.75,800,32.5,28.0,86.0
,280.05,800,58.5,-4.7,10111110,280.36,768,13.84,58.5,22.5,280.67,768,34.1,28.0,86.0
,280.98,768,58.5,0.8,10111110,281.28,768,13.94,58.5,24.0,281.58,768,34.1,28.0,86.0
,281.86,768,58.5,8.2,10111110,282.16,768,13.94,58.5,24.0,282.46,800,36.9,28.0,86.0
,282.76,768,58.5,17.2,10111110,283.08,736,13.94,58.5,24.0,283.39,896,40.0,28.0,86.0
,283.69,864,58.5,24.6,10111110,283.99,864,14.04,58.5,24.0,284.32,832,34.1,28.0,86.0
,284.62,864,58.5,15.6,10111110,284.94,832,13.94,58.5,24.0,285.23,864,32.5,28.0,86.0
,285.54,864,58.5,6.6,10111110,285.85,864,13.94,58.5,24.0,286.14,832,32.5,28.0,86.0
,286.45,832,58.5,1.6,10111110,286.74,832,13.94,58.5,24.0,287.03,832,32.5,28.0,86.0
,287.34,832,58.5,-0.8,10111110,287.63,832,14.04,58.5,24.0,287.94,832,32.5,28.0,86.0
,288.24,800,58.5,-1.2,10111110,288.54,800,13.94,58.5,24.0,288.85,800,32.5,28.0,86.0
,289.14,832,58.5,-0.8,10111110,289.46,832,13.94,58.5,24.0,289.76,832,32.5,28.0,86.0
,290.04,832,58.5,-0.8,10111110,290.36,832,13.84,58.5,24.0,290.67,832,32.5,28.0,86.0
,290.98,832,58.5,-0.4,10111110,291.29,800,13.94,58.5,24.0,291.59,832,32.5,28.0,86.0
,291.92,832,58.5,-0.8,10111110,292.23,832,13.94,58.5,24.0,292.55,832,31.0,28.0,86.0
,292.86,832,58.5,-0.8,10111110,293.17,832,14.04,58.5,24.0,293.49,800,31.0,28.0,86.0
,293.78,800,58.5,-0.8,10111110,294.09,800,14.04,58.5,24.0,294.41,800,31.0,28.0,86.0
,294.67,800,58.5,-0.4,10111110,294.97,800,13.94,58.5,24.0,295.27,768,34.1,28.0,86.0
,295.56,768,58.5,3.9,10111110,295.83,736,14.04,58.5,24.0,296.15,864,35.3,28.0,86.0
,296.45,832,60.0,10.9,10111110,296.75,832,13.94,60.0,24.0,297.05,832,32.5,28.0,86.0
,297.34,832,60.0,6.6,10111110,297.67,832,14.04,60.0,24.0,297.98,832,32.5,28.0,86.0
,298.26,832,60.0,2.7,10111110,298.56,832,14.04,60.0,24.0,298.86,832,31.0,28.0,86.0
,299.17,800,60.0,0.8,10111110,299.47,832,13.94,60.0,24.0,299.76,800,32.5,28.0,86.0
,300.08,800,60.0,0.0,10111110,300.37,832,14.04,60.0,24.0,300.66,800,31.0,28.0,86.0
,300.94,832,60.0,0.0,10111110,301.24,832,13.94,60.0,24.0,301.52,800,31.0,28.0,86.0
,301.83,800,60.0,0.0,10111110,302.13,800,14.04,60.0,24.0,302.44,832,31.0,28.0,86.0
,302.73,800,60.0,0.0,10111110,303.04,800,14.04,60.0,24.0,303.33,800,31.0,28.0,86.0
,303.64,832,60.0,0.0,10111110,303.94,800,13.94,60.0,24.0,304.26,800,31.0,28.0,86.0
,304.56,800,60.0,0.0,10111110,304.85,800,14.04,60.0,24.0,305.15,800,32.5,28.0,86.0
,305.46,768,60.0,-0.4,10111110,305.74,768,13.94,60.0,24.0,306.02,608,36.9,28.0,86.0
,306.31,448,60.0,0.0,10110110,306.62,800,14.14,60.0,24.0,306.93,864,35.3,28.0,86.0
,307.24,800,60.0,0.0,10111110,307.53,832,13.94,60.0,24.0,307.84,800,34.1,28.0,86.0
,308.16,800,60.0,0.4,10111110,308.44,832,13.94,60.0,24.0,308.75,832,34.1,28.0,86.0
,309.04,832,60.0,2.0,10111110,309.35,832,13.84,60.0,24.0,309.65,832,32.5,28.0,86.0
,309.95,832,60.0,2.0,10111110,310.27,832,14.14,60.0,24.0,310.58,832,32.5,28.0,86.0
,310.89,832,60.0,1.6,10111110,311.20,832,14.14,60.0,24.0,311.52,832,32.5,28.0,86.0
,311.83,832,60.0,1.6,10111110,312.14,800,14.04,60.0,24.0,312.44,832,32.5,28.0,86.0
,312.75,832,60.0,1.6,10111110,313.04,800,13.94,60.0,24.0,313.35,800,31.0,28.0,86.0
,313.66,800,61.5,2.0,10111110,313.94,832,13.94,61.5,24.0,314.23,832,31.0,28.0,86.0
,314.53,800,60.0,2.0,10111110,314.81,800,13.94,60.0,24.0,315.12,800,32.5,28.0,86.0
,315.43,768,61.5,3.1,10111110,315.70,608,13.33,61.5,24.0,315.98,320,59.2,28.0,86.0
,316.27,736,61.5,0.0,10111110,316.56,864,13.94,61.5,24.0,316.85,768,35.3,28.0,86.0
,317.15,800,61.5,0.0,10111110,317.44,800,13.94,61.5,24.0,317.75,800,34.1,28.0,86.0
,318.07,832,61.5,2.7,10111110,318.37,800,13.94,61.5,24.0,318.66,832,34.1,28.0,86.0
,318.95,864,61.5,4.3,10111110,319.26,832,13.94,61.5,24.0,319.58,832,32.5,28.0,86.0
,319.88,800,61.5,3.1,10111110,320.17,736,13.94,61.5,24.0,320.45,544,44.3,28.0,86.0
,320.73,256,61.5,0.0,10110110,321.01,96,13.13,61.5,24.0,321.27,0,0.0,28.0,86.0
,321.54,0,61.5,0.0,10110110,321.80,0,13.23,61.5,25.5,322.07,0,0.0,28.0,86.0
,322.33,0,61.5,0.0,10110110,322.60,0,13.43,61.5,25.5,322.87,0,0.0,28.0,86.0
,323.15,0,61.5,0.0,10110110,323.41,0,13.33,61.5,25.5,323.68,0,0.0,28.0,86.0
,323.95,0,61.5,0.0,10110110,324.23,0,13.33,61.5,25.5,324.51,0,0.0,28.0,86.0
,324.77,0,61.5,0.0,10110110,326.00,0,13.33,61.5,25.5,326.27,0,0.0,0.0,0.0
,326.54,0,61.5,0.0,10110110,326.80,0,13.33,61.5,25.5,327.07,0,0.0,0.0,0.0
,327.33,0,61.5,0.0,10110110,327.60,0,13.33,61.5,25.5,327.86,0,0.0,0.0,0.0
,328.15,448,61.5,0.0,10110110,328.44,1056,13.94,61.5,25.5,328.73,1088,45.9,28.0,86.0
,329.01,1024,61.5,0.0,10110110,329.34,1056,13.84,61.5,25.5,329.64,1024,34.1,28.0,86.0
,329.91,992,61.5,0.0,10110110,330.25,960,13.94,61.5,24.0,330.54,960,35.3,28.0,86.0
,330.85,960,61.5,0.0,10110110,331.16,928,13.94,63.0,24.0,331.44,864,35.3,28.0,86.0
,331.76,864,63.0,0.0,10110110,332.06,864,13.94,63.0,24.0,332.36,864,36.9,28.0,86.0
,332.67,864,63.0,0.0,10110110,332.97,864,14.04,63.0,24.0,333.28,864,35.3,28.0,86.0
,333.57,864,63.0,0.0,10110110,333.87,864,13.94,63.0,24.0,334.19,864,34.1,28.0,86.0
,334.49,864,63.0,-1.6,10111110,334.80,864,14.04,63.0,24.0,335.09,832,34.1,28.0,86.0
,335.40,864,63.0,-6.6,10111110,335.71,832,13.94,63.0,24.0,336.01,832,34.1,28.0,86.0
,336.32,832,63.0,-8.2,10111110,336.60,832,13.94,63.0,24.0,336.89,832,34.1,28.0,86.0
,337.19,832,63.0,-8.2,10111110,337.50,800,13.84,63.0,24.0,337.78,832,34.1,28.0,86.0
,338.08,800,63.0,-7.8,10111110,338.38,832,13.94,63.0,24.0,338.69,832,34.1,28.0,86.0
,339.03,832,63.0,-7.0,10111110,339.32,832,13.94,63.0,25.5,339.62,800,34.1,28.0,86.0
,339.91,832,63.0,-6.3,10111110,340.21,800,13.94,63.0,25.5,340.52,832,34.1,28.0,86.0
,340.83,832,63.0,-5.1,10111110,341.13,832,13.94,63.0,25.5,341.42,800,32.5,28.0,86.0
,341.72,800,63.0,-4.3,10111110,342.02,736,13.74,63.0,25.5,342.29,608,41.2,28.0,86.0
,342.55,384,63.0,0.0,10110110,342.82,288,12.93,63.0,25.5,343.09,0,0.0,28.0,86.0
,343.36,0,63.0,0.0,10110110,343.63,0,13.03,63.0,25.5,343.90,0,0.0,28.0,86.0
,344.17,0,63.0,0.0,10110110,345.35,0,13.03,63.0,25.5,345.61,0,0.0,0.0,0.0
,345.88,0,63.0,0.0,10110110,346.15,0,13.13,63.0,25.5,346.41,0,0.0,0.0,0.0
,346.68,0,63.0,0.0,10110110,346.94,0,13.13,63.0,25.5,347.21,0,0.0,0.0,0.0
,347.48,0,63.0,0.0,10110110,347.75,0,13.13,63.0,25.5,348.02,0,0.0,0.0,0.0
,348.30,0,63.0,0.0,10110110,348.63,704,11.62,63.0,25.5,348.95,1056,53.3,28.0,86.0
,349.26,1056,63.0,0.0,10110110,349.59,992,13.74,63.0,25.5,349.94,1088,34.1,28.0,86.0
,350.27,960,63.0,0.0,10110110,350.56,928,13.84,63.0,25.5,350.87,928,35.3,28.0,86.0
,351.19,928,64.5,0.0,10110110,351.50,928,13.84,64.5,25.5,351.81,832,34.1,28.0,86.0
,352.12,864,64.5,0.0,10110110,352.43,864,13.94,64.5,25.5,352.72,832,35.3,28.0,86.0
,353.03,832,64.5,0.0,10110110,353.33,832,13.94,64.5,25.5,353.63,864,35.3,28.0,86.0
,353.93,864,64.5,0.0,10110110,354.22,832,13.94,64.5,25.5,354.52,832,34.1,28.0,86.0
,354.87,864,64.5,0.0,10110110,355.19,832,13.94,64.5,25.5,355.48,832,34.1,28.0,86.0
,355.76,832,64.5,0.0,10110110,356.07,832,13.94,64.5,25.5,356.37,832,32.5,28.0,86.0
,356.69,832,64.5,0.0,10110110,356.97,832,13.94,64.5,25.5,357.28,832,32.5,28.0,86.0
,357.58,832,64.5,0.0,10110110,357.88,832,13.94,64.5,25.5,358.16,832,32.5,28.0,86.0
,358.47,832,64.5,0.0,10110110,358.78,832,14.04,64.5,25.5,359.10,800,31.0,28.0,86.0
,359.40,832,64.5,0.0,10110110,359.69,832,13.94,64.5,25.5,359.99,832,31.0,28.0,86.0
,360.30,800,64.5,0.0,10110110,360.59,800,13.84,64.5,25.5,360.89,800,31.0,28.0,86.0
,361.21,800,64.5,0.0,10110110,361.51,832,14.04,64.5,25.5,361.81,800,31.0,28.0,86.0
,362.12,800,64.5,0.0,10110110,362.44,800,13.94,64.5,25.5,362.74,832,31.0,28.0,86.0
,363.04,800,64.5,0.0,10110110,363.32,800,13.94,64.5,25.5,363.62,800,31.0,28.0,86.0
,363.93,800,64.5,0.0,10110110,364.22,800,13.94,64.5,25.5,364.53,800,29.4,28.0,86.0
,364.84,800,64.5,0.0,10110110,365.15,800,13.94,64.5,25.5,365.45,800,29.4,28.0,86.0
,365.74,768,64.5,0.0,10110110,366.03,672,13.74,64.5,25.5,366.32,576,42.7,28.0,86.0
,366.60,320,64.5,0.0,10110110,366.88,0,12.83,64.5,25.5,367.15,0,0.0,28.0,86.0
,367.41,0,64.5,0.0,10110110,367.68,0,12.93,64.5,27.0,367.94,0,0.0,28.0,86.0
,368.21,0,64.5,0.0,10110110,368.47,0,13.03,64.5,27.0,368.74,0,0.0,28.0,86.0
