Pi¹tek,18,Wrzesieñ,2026,18:32:35:00009-VCID:1C3761778CABCE7337-5178,Wersja VCDS: AKP 23.3.1,Wersja danych: 20230601 DS346.2
047 906 033 L,,1.4l SIMOS3PA   00HS5401,

,Grupa A:,'001,,,,Grupa B:,'002,,,,Grupa C:,'032
,,Obroty silnika,Temperatura,Lambda,Bity binarnie,,Obroty silnika,Obci¹¿enie,Czas wtrysku,Ciœnienie rzecz.,,Lambda,Lambda, , 
,CZAS,,,,,CZAS,,,,,CZAS,,,,
Znacznik,ZAPISU, /min,*C, %,,ZAPISU, /min, %, ms, mbar,ZAPISU, %, %,,
,0.53,0,51.0,0.0,10110110,0.01,0,0.0,0.00,989.4,0.27,99.2,0.0, , 
,1.33,0,51.0,0.0,10110110,0.80,0,0.0,0.00,989.4,1.06,99.2,0.0, , 
,2.13,0,51.0,0.0,10110110,1.60,0,0.0,0.00,989.4,1.86,99.2,0.0, , 
,2.94,0,51.0,0.0,10110110,2.40,0,0.0,0.00,989.4,2.67,99.2,0.0, , 
,3.74,0,51.0,0.0,10110110,3.21,0,0.0,0.00,989.4,3.47,99.2,0.0, , 
,4.53,0,51.0,0.0,10110110,4.00,0,0.0,0.00,989.4,4.27,99.2,0.0, , 
,5.33,0,51.0,0.0,10110110,4.80,0,0.0,0.00,989.4,5.06,99.2,0.0, , 
,6.15,0,51.0,0.0,10110110,5.60,0,0.0,0.00,989.4,5.87,99.2,0.0, , 
,6.97,0,51.0,0.0,10110110,6.43,0,0.0,0.00,989.4,6.71,99.2,0.0, , 
,7.77,0,51.0,0.0,10110110,7.24,0,0.0,0.00,989.4,7.50,99.2,0.0, , 
,8.59,0,51.0,0.0,10110110,8.04,0,0.0,0.00,989.4,8.31,99.2,0.0, , 
,9.43,0,51.0,0.0,10110110,8.87,0,0.0,0.00,989.4,9.15,99.2,0.0, , 
,10.24,0,51.0,0.0,10110110,9.71,0,0.0,0.00,989.4,9.97,99.2,0.0, , 
,11.03,0,51.0,0.0,10110110,10.50,0,0.0,0.00,989.4,10.77,99.2,0.0, , 
,11.83,0,51.0,0.0,10110110,11.30,0,0.0,0.00,989.4,11.56,99.2,0.0, , 
,12.63,0,51.0,0.0,10110110,12.10,0,0.0,0.00,989.4,12.36,99.2,0.0, , 
,13.46,0,51.0,0.0,10110110,12.90,0,0.0,0.00,989.4,13.18,99.2,0.0, , 
,14.29,0,51.0,0.0,10110110,13.73,0,0.0,0.00,989.4,14.01,99.2,0.0, , 
,15.10,0,51.0,0.0,10110110,14.57,0,0.0,0.00,989.4,14.83,99.2,0.0, , 
,15.90,0,51.0,0.0,10110110,15.36,0,0.0,0.00,989.4,15.62,99.2,0.0, , 
,16.72,0,51.0,0.0,10110110,16.18,0,0.0,0.00,989.4,16.45,99.2,0.0, , 
,17.52,0,51.0,0.0,10110110,16.99,0,0.0,0.00,989.4,17.25,99.2,0.0, , 
,18.31,0,51.0,0.0,10110110,17.78,0,0.0,0.00,989.4,18.05,99.2,0.0, , 
,19.11,0,51.0,0.0,10110110,18.58,0,0.0,0.00,989.4,18.85,99.2,0.0, , 
,19.93,0,51.0,0.0,10110110,19.38,0,0.0,0.00,989.4,19.65,99.2,0.0, , 
,20.73,0,51.0,0.0,10110110,20.21,0,0.0,0.00,989.4,20.47,99.2,0.0, , 
,21.53,0,51.0,0.0,10110110,21.00,0,0.0,0.00,989.4,21.27,99.2,0.0, , 
,22.33,0,51.0,0.0,10110110,21.80,0,0.0,0.00,989.4,22.06,99.2,0.0, , 
,23.15,0,51.0,0.0,10110110,22.59,0,0.0,0.00,989.4,22.87,99.2,0.0, , 
,23.97,224,51.0,0.0,10110110,23.42,0,0.0,0.00,989.4,23.69,99.2,0.0, , 
,24.91,1088,51.0,0.0,10110110,24.28,224,94.5,37.08,969.0,24.60,0.0,0.0, , 
,25.81,992,51.0,0.0,10110110,25.22,1056,41.2,7.21,499.8,25.49,0.0,0.0, , 
,26.76,928,51.0,0.0,10110110,26.14,960,40.0,6.18,479.4,26.44,0.0,0.0, , 
,27.68,896,51.0,0.0,10110110,27.05,928,40.0,6.18,499.8,27.35,0.0,0.0, , 
,28.58,864,51.0,0.0,10110110,27.99,896,41.2,6.18,520.2,28.28,0.0,0.0, , 
,29.51,896,51.0,0.0,10110110,28.89,864,42.7,6.18,520.2,29.20,0.0,0.0, , 
,30.45,896,51.0,0.0,10110110,29.81,864,41.2,6.18,499.8,30.12,0.0,0.0, , 
,31.38,896,51.0,0.0,10110110,30.76,864,40.0,6.18,499.8,31.07,0.0,0.0, , 
,32.28,864,51.0,0.0,10110110,31.67,896,40.0,6.18,499.8,31.97,0.0,0.0, , 
,33.21,864,51.0,0.0,10110110,32.59,864,40.0,6.18,499.8,32.90,0.0,0.0, , 
,34.14,1248,51.0,0.0,10100010,33.50,832,40.0,6.18,499.8,33.82,0.0,0.0, , 
,35.18,1536,51.0,0.0,10100010,34.47,1504,42.7,6.18,499.8,34.82,0.0,0.0, , 
,36.15,1184,51.0,0.0,10100010,35.52,1440,40.0,6.18,479.4,35.84,0.0,0.0, , 
,37.09,960,49.5,0.0,10110110,36.47,1216,38.4,4.12,479.4,36.80,0.0,0.0, , 
,38.00,864,49.5,0.0,10110110,37.40,832,35.3,5.15,459.0,37.69,0.0,0.0, , 
,38.89,864,49.5,0.0,10110110,38.30,864,35.3,5.15,459.0,38.60,0.0,0.0, , 
,39.83,896,49.5,0.0,10110110,39.21,896,36.9,5.15,459.0,39.51,0.0,0.0, , 
,40.77,864,49.5,0.0,10110110,40.16,896,36.9,5.15,459.0,40.45,0.0,0.0, , 
,41.69,896,49.5,0.0,10110110,41.08,896,36.9,5.15,459.0,41.39,0.0,0.0, , 
,42.60,800,49.5,0.0,10110110,41.99,864,34.1,5.15,438.6,42.29,0.0,0.0, , 
,43.47,800,49.5,0.0,10100010,42.87,800,35.3,5.15,459.0,43.17,0.0,0.0, , 
,44.46,1056,48.0,0.0,10100010,43.81,1120,51.8,8.24,612.0,44.15,0.0,0.0, , 
,45.46,1088,48.0,0.0,10100010,44.80,992,54.5,8.24,612.0,45.13,0.0,0.0, , 
,46.39,864,48.0,0.0,10100010,45.76,1152,47.1,6.18,571.2,46.09,0.0,0.0, , 
,47.27,992,48.0,0.0,10100010,46.68,992,40.0,5.15,479.4,46.95,0.0,0.0, , 
,48.18,1056,48.0,0.0,10100010,47.57,992,38.4,5.15,479.4,47.87,0.0,0.0, , 
,49.16,1184,48.0,0.0,10100010,48.50,1088,44.3,6.18,520.2,48.84,0.0,0.0, , 
,50.18,1504,48.0,0.0,10100010,49.50,1248,48.6,8.24,571.2,49.84,0.0,0.0, , 
,51.26,1760,48.0,0.0,10110110,50.50,1632,56.1,8.24,632.4,50.87,0.0,0.0, , 
,52.22,1152,48.0,0.0,10100010,51.60,1120,34.1,5.15,418.2,51.90,0.0,0.0, , 
,53.08,1024,48.0,0.0,10101010,52.49,960,36.9,5.15,459.0,52.75,0.0,0.0, , 
,54.04,1088,48.0,0.0,10101010,53.40,1024,53.3,8.24,612.0,53.74,0.0,0.0, , 
,55.05,1184,48.0,-2.7,10101010,54.37,1120,51.8,7.21,591.6,54.70,0.0,0.0, , 
,56.03,1248,48.0,-3.1,10101010,55.38,1216,40.0,5.15,479.4,55.70,0.0,0.0, , 
,57.04,1344,48.0,1.6,10101010,56.36,1280,40.0,5.15,479.4,56.71,0.0,0.0, , 
,58.19,1440,48.0,5.9,10101010,57.37,1344,48.6,7.21,571.2,57.75,0.0,0.0, , 
,59.35,1568,48.0,0.0,10101010,58.65,1504,44.3,6.18,520.2,59.01,0.0,0.0, , 
,60.39,1568,48.0,-0.4,10101010,59.69,1568,28.2,3.09,357.0,60.03,0.0,0.0, , 
,61.51,1568,48.0,0.8,10101010,60.75,1568,28.2,3.09,357.0,61.12,0.0,0.0, , 
,62.61,1568,48.0,3.9,10101010,61.89,1568,32.5,4.12,397.8,62.23,0.0,0.0, , 
,63.71,1632,48.0,5.9,10101010,62.98,1600,35.3,5.15,418.2,63.36,0.0,0.0, , 
,64.71,1696,48.0,8.6,10101010,64.05,1632,36.9,5.15,438.6,64.37,0.0,0.0, , 
,65.82,1760,48.0,7.4,10101010,65.07,1696,41.2,6.18,479.4,65.46,0.0,0.0, , 
,66.92,1824,49.5,3.5,10101010,66.16,1792,35.3,5.15,438.6,66.53,0.0,0.0, , 
,68.02,1824,48.0,0.0,10101010,67.29,1824,31.0,4.12,377.4,67.65,0.0,0.0, , 
,69.08,1344,49.5,0.0,10111110,68.38,1856,28.2,4.12,357.0,68.73,0.0,0.0, , 
,70.01,1184,49.5,0.0,10111110,69.39,992,35.3,6.18,418.2,69.70,0.0,0.0, , 
,70.93,928,49.5,0.0,10111110,70.33,1088,28.2,4.12,357.0,70.62,0.0,0.0, , 
,71.86,896,49.5,-2.7,10111110,71.26,896,32.5,4.12,418.2,71.57,0.0,0.0, , 
,72.76,864,49.5,-3.1,10111110,72.16,896,34.1,4.12,438.6,72.46,0.0,0.0, , 
,73.70,864,49.5,-1.6,10111110,73.07,896,34.1,4.12,438.6,73.40,0.0,0.0, , 
,74.64,864,49.5,-0.4,10111110,74.00,896,34.1,4.12,438.6,74.31,0.0,0.0, , 
,75.57,896,49.5,0.8,10111110,74.95,896,34.1,4.12,438.6,75.27,0.0,0.0, , 
,76.47,896,49.5,1.2,10111110,75.87,896,34.1,4.12,438.6,76.17,0.0,0.0, , 
,77.35,864,49.5,1.2,10111110,76.76,896,34.1,4.12,438.6,77.06,0.0,0.0, , 
,78.26,800,49.5,0.8,10111110,77.65,800,32.5,4.12,438.6,77.96,0.0,0.0, , 
,79.29,1568,49.5,0.0,10101010,78.59,800,36.9,5.15,459.0,78.92,0.0,0.0, , 
,80.37,1920,49.5,0.0,10101010,79.66,1600,54.5,9.27,612.0,80.00,0.0,0.0, , 
,81.35,1440,49.5,0.0,10101010,80.69,1792,59.2,9.27,652.8,80.98,0.0,0.0, , 
,82.41,1952,51.0,1.6,10101010,81.68,1632,53.3,7.21,612.0,82.05,0.0,0.0, , 
,83.42,1312,51.0,0.0,10111110,82.74,2080,44.3,6.18,499.8,83.10,0.0,0.0, , 
,84.39,1184,51.0,0.0,10101010,83.76,1120,32.5,5.15,418.2,84.08,0.0,0.0, , 
,85.40,1280,51.0,-2.0,10101010,84.74,1216,41.2,6.18,499.8,85.05,0.0,0.0, , 
,86.45,1408,51.0,1.2,10101010,85.74,1344,44.3,6.18,520.2,86.07,0.0,0.0, , 
,87.44,1536,51.0,3.5,10101010,86.72,1472,40.0,6.18,479.4,87.10,0.0,0.0, , 
,88.49,1696,51.0,5.5,10101010,87.77,1600,36.9,5.15,438.6,88.12,0.0,0.0, , 
,89.56,1824,51.0,4.3,10101010,88.84,1728,35.3,5.15,418.2,89.19,0.0,0.0, , 
,90.67,1952,51.0,2.0,10101010,89.94,1888,29.4,4.12,377.4,90.29,0.0,0.0, , 
,91.70,2048,51.0,1.2,10101000,91.02,2016,25.1,3.09,336.6,91.36,0.0,0.0, , 
,92.74,2112,52.5,-0.8,10101000,92.04,2048,23.5,3.09,316.2,92.41,0.0,0.0, , 
,93.79,2176,52.5,-1.2,10101000,93.09,2144,23.5,3.09,316.2,93.44,0.0,0.0, , 
,94.80,2208,52.5,-1.6,10101000,94.12,2176,23.5,3.09,316.2,94.45,0.0,0.0, , 
,95.79,2272,52.5,2.7,10111100,95.13,2240,23.5,3.09,316.2,95.46,0.0,0.0, , 
,96.78,2240,52.5,9.0,10111100,96.13,2272,19.2,2.06,275.4,96.46,0.0,0.0, , 
,97.80,2176,52.5,7.8,10111100,97.11,2208,19.2,3.09,275.4,97.45,0.0,0.0, , 
,98.84,2112,52.5,9.0,10111100,98.15,2176,19.2,3.09,275.4,98.50,0.0,0.0, , 
,99.89,2080,52.5,10.9,10111100,99.18,2112,19.2,3.09,275.4,99.53,0.0,0.0, , 
,100.94,2048,52.5,10.5,10111100,100.24,2048,19.2,3.09,275.4,100.59,0.0,0.0, , 
,102.00,2016,52.5,5.5,10101000,101.29,2048,17.6,3.09,244.8,101.64,0.0,0.0, , 
,103.08,2080,52.5,2.0,10101000,102.37,2048,17.6,2.06,244.8,102.73,0.0,0.0, , 
,104.10,2048,52.5,3.5,10101000,103.41,2048,17.6,2.06,244.8,103.76,0.0,0.0, , 
,105.13,2112,52.5,3.9,10101000,104.43,2080,17.6,2.06,244.8,104.79,0.0,0.0, , 
,106.14,2144,54.0,7.0,10101000,105.47,2144,17.6,2.06,244.8,105.79,0.0,0.0, , 
,107.14,2176,52.5,0.0,10111100,106.46,2176,19.2,2.06,244.8,106.79,0.0,0.0, , 
,108.14,1088,54.0,0.0,10111110,107.47,1632,0.0,0.00,316.2,107.82,0.0,0.0, , 
,109.07,864,54.0,0.0,10111110,108.45,1088,31.0,4.12,418.2,108.77,0.0,0.0, , 
,109.98,864,54.0,0.0,10111110,109.38,864,34.1,4.12,438.6,109.69,0.0,0.0, , 
,110.91,864,54.0,2.3,10111110,110.28,896,34.1,4.12,438.6,110.59,0.0,0.0, , 
,111.83,896,54.0,5.5,10111110,111.20,864,34.1,4.12,438.6,111.50,0.0,0.0, , 
,112.76,896,54.0,-3.9,10111110,112.13,864,35.3,4.12,459.0,112.43,0.0,0.0, , 
,113.69,896,54.0,-1.2,10111110,113.06,896,35.3,4.12,438.6,113.38,0.0,0.0, , 
,114.61,896,54.0,0.8,10111110,114.00,896,35.3,5.15,459.0,114.29,0.0,0.0, , 
,115.53,896,54.0,1.2,10111110,114.94,896,35.3,5.15,459.0,115.24,0.0,0.0, , 
,116.47,896,54.0,1.2,10111110,115.84,896,35.3,5.15,438.6,116.16,0.0,0.0, , 
,117.39,896,54.0,1.6,10111110,116.79,896,34.1,5.15,438.6,117.09,0.0,0.0, , 
,118.32,896,54.0,1.6,10111110,117.70,896,34.1,4.12,438.6,118.02,0.0,0.0, , 
,119.25,896,55.5,1.6,10111110,118.62,896,34.1,4.12,438.6,118.94,0.0,0.0, , 
,120.22,896,55.5,1.2,10111110,119.57,896,32.5,4.12,438.6,119.90,0.0,0.0, , 
,121.16,896,54.0,0.8,10111110,120.53,896,32.5,4.12,438.6,120.85,0.0,0.0, , 
,122.09,896,55.5,0.8,10111110,121.45,896,32.5,4.12,438.6,121.76,0.0,0.0, , 
,123.03,896,55.5,0.8,10111110,122.41,896,32.5,4.12,418.2,122.72,0.0,0.0, , 
,123.95,896,55.5,1.2,10111110,123.34,896,32.5,4.12,418.2,123.64,0.8,0.0, , 
,124.85,896,55.5,1.2,10111110,124.25,896,32.5,4.12,418.2,124.55,0.8,0.0, , 
,125.78,896,55.5,1.2,10111110,125.15,896,32.5,4.12,418.2,125.48,0.8,0.0, , 
,126.71,864,55.5,1.2,10111110,126.08,896,32.5,4.12,418.2,126.39,0.8,0.0, , 
,127.61,896,55.5,1.2,10111110,127.00,896,32.5,4.12,418.2,127.31,0.0,0.0, , 
,128.62,1504,55.5,0.0,10101010,127.94,960,31.0,4.12,418.2,128.25,0.0,0.0, , 
,129.72,1824,55.5,2.3,10101010,128.99,1664,32.5,4.12,418.2,129.36,0.0,0.0, , 
,130.83,1984,55.5,1.6,10101010,130.09,1856,28.2,4.12,357.0,130.45,0.0,0.0, , 
,131.89,2080,55.5,0.8,10101000,131.18,2016,23.5,3.09,316.2,131.54,0.0,0.0, , 
,132.92,2176,57.0,-0.8,10101000,132.23,2144,17.6,2.06,244.8,132.58,0.0,0.0, , 
,133.93,2240,55.5,-0.4,10101000,133.26,2176,17.6,2.06,244.8,133.59,0.0,0.0, , 
,134.93,2304,57.0,-0.8,10111100,134.26,2240,19.2,2.06,275.4,134.60,0.0,0.0, , 
,135.93,2272,57.0,4.3,10111100,135.25,2304,19.2,2.06,275.4,135.59,0.0,0.0, , 
,136.94,2208,57.0,5.5,10111100,136.27,2272,19.2,3.09,275.4,136.60,0.0,0.0, , 
,137.94,2176,55.5,7.0,10111100,137.27,2208,19.2,3.09,275.4,137.61,0.0,0.0, , 
,138.95,2112,55.5,0.0,10111100,138.28,2176,19.2,3.09,275.4,138.61,0.0,0.0, , 
,139.90,1152,57.0,0.0,10111110,139.26,1536,0.0,0.00,316.2,139.59,0.0,0.0, , 
,140.80,992,57.0,0.0,10111110,140.21,1152,29.4,4.12,397.8,140.52,0.0,0.0, , 
,141.73,864,57.0,-2.3,10111110,141.11,928,29.4,4.12,397.8,141.41,0.0,0.0, , 
,142.62,864,57.0,-5.1,10111110,142.03,864,32.5,4.12,418.2,142.33,0.8,0.0, , 
,143.59,864,57.0,-4.7,10111110,142.93,864,32.5,4.12,418.2,143.25,0.0,0.0, , 
,144.51,864,57.0,-2.7,10111110,143.89,864,34.1,4.12,438.6,144.20,0.0,0.0, , 
,145.41,800,57.0,-0.8,10111110,144.82,864,34.1,4.12,438.6,145.12,0.8,0.0, , 
,146.33,896,57.0,-2.3,10111110,145.70,864,40.0,5.15,499.8,146.01,0.0,0.0, , 
,147.29,1024,57.0,-0.4,10101010,146.68,928,35.3,4.12,438.6,146.96,0.0,0.0, , 
,148.26,1024,57.0,0.0,10101010,147.62,1056,35.3,5.15,459.0,147.96,0.0,0.0, , 
,149.22,1248,57.0,0.0,10101010,148.59,1152,50.2,7.21,591.6,148.91,0.0,0.0, , 
,150.37,1568,57.0,0.0,10101010,149.57,1344,65.1,10.30,734.4,150.02,0.0,0.0, , 
,151.53,1856,57.0,2.0,10101010,150.76,1664,60.4,9.27,673.2,151.15,0.0,0.0, , 
,152.57,2080,57.0,1.6,10101000,151.89,1952,51.8,7.21,591.6,152.24,0.0,0.0, , 
,153.59,2272,57.0,2.7,10101000,152.92,2176,45.9,6.18,520.2,153.26,0.0,0.0, , 
,154.67,2464,57.0,0.0,10111100,153.95,2336,42.7,6.18,499.8,154.33,0.0,0.0, , 
,155.68,1056,57.0,0.0,10111110,155.04,1888,0.0,0.00,336.6,155.38,0.0,0.0, , 
,156.66,1216,57.0,0.0,10111110,156.01,1056,32.5,5.15,418.2,156.34,0.0,0.0, , 
,157.70,1568,57.0,-2.7,10111110,156.98,1568,23.5,4.12,316.2,157.34,0.0,0.0, , 
,158.78,1568,57.0,0.8,10101010,158.06,1536,25.1,3.09,336.6,158.40,0.0,0.0, , 
,159.80,1568,57.0,2.0,10101010,159.13,1568,26.7,3.09,336.6,159.45,0.0,0.0, , 
,160.87,1568,57.0,2.7,10101010,160.15,1568,25.1,3.09,336.6,160.51,0.0,0.0, , 
,161.95,1600,57.0,3.5,10101010,161.26,1568,25.1,3.09,336.6,161.61,0.0,0.0, , 
,163.09,1600,57.0,3.5,10101010,162.32,1568,26.7,4.12,336.6,162.70,0.0,0.0, , 
,164.17,1632,58.5,4.3,10101010,163.45,1600,28.2,4.12,357.0,163.81,0.0,0.0, , 
,165.25,1664,58.5,5.9,10101010,164.55,1632,36.9,5.15,438.6,164.89,0.0,0.0, , 
,166.39,1728,58.5,5.5,10101010,165.65,1696,38.4,5.15,459.0,166.02,0.0,0.0, , 
,167.53,1792,58.5,5.1,10101010,166.75,1760,35.3,5.15,438.6,167.15,0.0,0.0, , 
,168.66,1856,58.5,3.1,10101010,167.90,1824,34.1,5.15,418.2,168.29,0.0,0.0, , 
,169.78,1888,58.5,1.6,10101010,169.03,1856,32.5,4.12,397.8,169.41,0.0,0.0, , 
,170.87,1920,58.5,0.4,10101010,170.14,1888,31.0,4.12,377.4,170.51,0.0,0.0, , 
,171.95,1952,58.5,-0.4,10101010,171.24,1920,29.4,4.12,377.4,171.60,0.0,0.0, , 
,173.04,1952,58.5,-1.2,10101010,172.32,1920,28.2,4.12,357.0,172.69,0.0,0.0, , 
,174.13,1952,58.5,-1.2,10101010,173.41,1952,28.2,3.09,357.0,173.76,0.0,0.0, , 
,175.21,1952,58.5,-1.2,10101010,174.48,1952,28.2,3.09,357.0,174.84,0.0,0.0, , 
,176.28,1952,58.5,-1.6,10101010,175.56,1952,26.7,3.09,357.0,175.93,0.0,0.0, , 
,177.37,1952,58.5,-0.4,10101010,176.64,1952,28.2,4.12,357.0,177.01,0.0,0.0, , 
,178.45,1952,58.5,-0.8,10101010,177.74,1952,28.2,4.12,357.0,178.10,0.0,0.0, , 
,179.53,1984,58.5,0.0,10101010,178.81,1984,29.4,4.12,377.4,179.19,0.0,0.0, , 
,180.58,1984,58.5,1.2,10101010,179.89,1984,32.5,4.12,397.8,180.24,0.0,0.0, , 
,181.68,1952,58.5,1.6,10101010,180.93,1984,35.3,5.15,418.2,181.29,0.0,0.0, , 
,182.77,1984,60.0,0.0,10101000,182.04,1984,44.3,6.18,499.8,182.40,0.0,0.0, , 
,183.82,2048,60.0,1.2,10101000,183.13,2016,57.6,8.24,632.4,183.47,0.0,0.0, , 
,184.84,2080,60.0,2.3,10101000,184.16,2048,54.5,8.24,612.0,184.49,0.0,0.0, , 
,185.87,2112,60.0,1.6,10101000,185.19,2112,53.3,7.21,612.0,185.52,0.0,0.0, , 
,186.89,2176,60.0,0.0,10101000,186.20,2112,53.3,7.21,591.6,186.55,0.0,0.0, , 
,187.89,2208,60.0,0.0,10101000,187.22,2176,62.0,9.27,673.2,187.54,0.0,0.0, , 
,188.92,2240,60.0,1.2,10101000,188.23,2208,50.2,7.21,571.2,188.57,0.0,0.0, , 
,189.95,2240,60.0,-0.4,10101000,189.26,2240,38.4,5.15,459.0,189.61,0.0,0.0, , 
,190.97,2272,60.0,-0.8,10101000,190.29,2240,36.9,5.15,438.6,190.64,0.0,0.0, , 
,191.99,2272,60.0,-0.4,10101000,191.31,2272,36.9,5.15,438.6,191.65,0.0,0.0, , 
,192.98,2272,60.0,-0.4,10101000,192.32,2272,36.9,5.15,438.6,192.66,0.0,0.0, , 
,193.98,2304,60.0,-0.4,10101000,193.32,2304,35.3,5.15,418.2,193.66,0.0,0.0, , 
,195.00,2304,60.0,-0.4,10101000,194.32,2304,35.3,5.15,418.2,194.65,0.0,0.0, , 
,196.01,2336,60.0,0.0,10101000,195.35,2304,35.3,5.15,418.2,195.69,0.0,0.0, , 
,197.00,2336,60.0,-0.4,10101000,196.33,2336,23.5,3.09,316.2,196.67,0.0,0.0, , 
,198.08,2336,60.0,-0.8,10101000,197.35,2336,26.7,3.09,336.6,197.71,0.0,0.0, , 
,199.10,2336,60.0,0.4,10101000,198.42,2336,28.2,4.12,336.6,198.77,0.0,0.0, , 
,200.16,2368,61.5,0.8,10101000,199.45,2336,32.5,4.12,397.8,199.79,0.0,0.0, , 
,201.16,2368,61.5,0.4,10101000,200.47,2368,35.3,5.15,418.2,200.82,0.0,0.0, , 
,202.18,2368,61.5,1.6,10101000,201.52,2368,36.9,5.15,418.2,201.85,0.0,0.0, , 
,203.22,2368,61.5,3.5,10101000,202.54,2368,40.0,5.15,459.0,202.89,0.0,0.0, , 
,204.28,2368,61.5,3.5,10101000,203.57,2368,44.3,6.18,499.8,203.91,0.0,0.0, , 
,205.40,2400,61.5,2.3,10101000,204.64,2368,42.7,6.18,479.4,205.01,0.0,0.0, , 
,206.43,2368,61.5,0.8,10101000,205.75,2368,36.9,5.15,438.6,206.09,0.0,0.0, , 
,207.44,2336,61.5,0.8,11101000,206.76,2368,36.9,5.15,438.6,207.09,0.0,0.0, , 
,208.45,2304,61.5,0.4,11101000,207.78,2336,25.1,3.09,316.2,208.11,0.0,0.0, , 
,209.49,2240,61.5,-1.2,11101000,208.80,2272,23.5,3.09,316.2,209.15,0.0,0.0, , 
,210.50,2208,63.0,-1.2,10101000,209.80,2240,25.1,3.09,316.2,210.15,0.0,0.0, , 
,211.49,2176,63.0,-1.6,10101000,210.83,2208,25.1,3.09,336.6,211.16,0.0,0.0, , 
,212.52,2144,63.0,-1.6,10101000,211.85,2176,25.1,3.09,336.6,212.19,0.0,0.0, , 
,213.55,2144,61.5,-0.8,10101000,212.86,2144,25.1,3.09,336.6,213.22,0.0,0.0, , 
,214.56,2112,63.0,-0.4,10101000,213.89,2112,26.7,3.09,336.6,214.24,0.0,0.0, , 
,215.61,2112,63.0,0.8,10101000,214.92,2112,26.7,3.09,357.0,215.27,0.0,0.0, , 
,216.65,2144,63.0,2.0,10101000,215.96,2112,35.3,5.15,418.2,216.30,0.0,0.0, , 
,217.68,2176,63.0,1.6,10101000,216.98,2144,40.0,5.15,459.0,217.33,0.0,0.0, , 
,218.74,2208,63.0,0.0,10101000,218.04,2176,28.2,4.12,357.0,218.39,0.0,0.0, , 
,219.76,2208,63.0,-0.8,10111100,219.08,2208,22.0,3.09,295.8,219.42,0.0,0.0, , 
,220.77,2144,63.0,0.0,10111100,220.10,2176,0.0,0.00,244.8,220.43,0.0,0.0, , 
,221.81,2080,63.0,0.0,10111100,221.12,2144,0.0,0.00,275.4,221.47,0.0,0.0, , 
,222.85,2048,63.0,0.0,10101000,222.17,2048,0.0,0.00,275.4,222.52,0.0,0.0, , 
,223.94,1984,63.0,0.0,10101000,223.21,2048,16.1,3.09,244.8,223.57,0.0,0.0, , 
,224.97,2144,63.0,0.0,10101000,224.28,2080,53.3,8.24,612.0,224.62,0.0,0.0, , 
,225.97,2240,63.0,3.9,11101000,225.31,2176,56.1,8.24,632.4,225.65,0.0,0.0, , 
,226.96,2400,63.0,6.6,11101000,226.30,2304,63.5,9.27,693.6,226.61,0.0,0.0, , 
,228.00,2560,63.0,7.4,11101000,227.31,2464,73.7,12.36,775.2,227.68,0.0,0.0, , 
,229.02,2688,63.0,5.5,11101000,228.34,2624,82.7,14.42,867.0,228.69,0.0,0.0, , 
,230.03,1440,64.5,0.0,11101010,229.36,2368,0.0,0.00,336.6,229.68,0.0,0.0, , 
,231.10,1920,64.5,0.0,11101010,230.39,1984,26.7,4.12,336.6,230.74,0.0,0.0, , 
,232.18,1952,64.5,0.0,11101010,231.45,1952,71.0,11.33,775.2,231.83,0.0,0.0, , 
,233.26,2016,64.5,0.0,11101000,232.54,1984,79.6,12.36,867.0,232.91,0.0,0.0, , 
,234.31,2048,64.5,-0.4,11101000,233.62,2048,81.2,12.36,867.0,233.97,0.0,0.0, , 
,235.35,2112,64.5,0.4,11101000,234.66,2080,79.6,12.36,867.0,235.01,0.0,0.0, , 
,236.39,2144,64.5,-0.4,11101000,235.69,2112,79.6,12.36,867.0,236.03,0.0,0.0, , 
,237.40,2176,64.5,-0.4,11101000,236.72,2144,75.3,11.33,795.6,237.06,0.0,0.0, , 
,238.44,2208,64.5,0.0,11101000,237.76,2176,69.4,10.30,754.8,238.10,0.0,0.0, , 
,239.46,2240,64.5,1.2,11101000,238.76,2208,67.8,10.30,734.4,239.10,0.0,0.0, , 
,240.50,2272,64.5,1.2,11101000,239.82,2240,65.1,9.27,714.0,240.16,0.0,0.0, , 
,241.49,2304,64.5,2.0,11101000,240.83,2272,63.5,9.27,693.6,241.15,0.0,0.0, , 
,242.58,2368,64.5,2.0,11101000,241.84,2304,63.5,9.27,693.6,242.20,0.0,0.0, , 
,243.63,2400,64.5,0.0,11101000,242.95,2400,53.3,8.24,591.6,243.30,0.0,0.0, , 
,244.66,2464,66.0,-1.2,11101000,243.96,2432,38.4,5.15,438.6,244.31,0.0,0.0, , 
,245.69,2432,66.0,0.0,11101000,245.00,2464,35.3,5.15,418.2,245.35,0.0,0.0, , 
,246.73,2432,66.0,-3.9,11101000,246.03,2432,22.0,3.09,295.8,246.39,0.0,0.0, , 
,247.76,2400,66.0,-5.1,11101000,247.07,2432,22.0,3.09,295.8,247.41,0.0,0.0, , 
,248.78,2400,66.0,-5.5,11101000,248.12,2400,22.0,3.09,295.8,248.46,0.0,0.0, , 
,249.77,1120,66.0,0.0,11111110,249.14,2176,0.0,0.00,295.8,249.46,0.0,0.0, , 
,250.82,1792,66.0,0.0,11111110,250.14,1280,29.4,5.15,397.8,250.49,0.0,0.0, , 
,251.87,1760,66.0,0.0,11101010,251.17,1792,22.0,3.09,316.2,251.49,0.0,0.0, , 
,252.96,1760,66.0,0.4,11101010,252.22,1792,23.5,3.09,336.6,252.59,0.0,0.0, , 
,254.04,1760,66.0,0.0,11101010,253.32,1760,34.1,4.12,418.2,253.69,0.0,0.0, , 
,255.13,1792,67.5,2.3,11101010,254.41,1760,48.6,7.21,571.2,254.75,0.0,0.0, , 
,256.18,1792,67.5,4.3,11101010,255.48,1792,47.1,7.21,550.8,255.83,0.0,0.0, , 
,257.34,1824,67.5,4.7,11101010,256.57,1792,47.1,7.21,550.8,256.96,0.0,0.0, , 
,258.46,1856,67.5,4.7,11101010,257.70,1824,47.1,7.21,550.8,258.09,0.0,0.0, , 
,259.59,1856,67.5,2.7,11101010,258.85,1856,45.9,6.18,550.8,259.22,0.0,0.0, , 
,260.72,1888,67.5,2.0,11101010,259.97,1856,45.9,6.18,520.2,260.35,0.0,0.0, , 
,261.84,1888,67.5,2.3,11101010,261.10,1888,44.3,6.18,520.2,261.46,0.0,0.0, , 
,262.93,1920,67.5,2.0,11101010,262.21,1888,44.3,6.18,520.2,262.57,0.0,0.0, , 
,264.05,1920,67.5,1.6,11101010,263.31,1920,42.7,6.18,499.8,263.68,0.0,0.0, , 
,265.14,1472,67.5,0.0,11111110,264.40,1952,42.7,6.18,499.8,264.78,0.0,0.0, , 
,266.06,1152,67.5,0.0,11111110,265.44,992,28.2,4.12,377.4,265.75,0.0,0.0, , 
,267.01,960,67.5,0.0,11111110,266.38,1120,23.5,3.09,336.6,266.71,0.8,0.0, , 
,267.92,896,67.5,-1.6,11111110,267.31,928,26.7,3.09,377.4,267.62,0.8,0.0, , 
,268.82,896,67.5,-1.2,11111110,268.21,896,29.4,4.12,397.8,268.52,0.0,0.0, , 
,269.77,896,67.5,0.0,11111110,269.16,896,29.4,4.12,397.8,269.45,0.8,0.0, , 
,270.72,896,67.5,0.8,11111110,270.09,896,29.4,4.12,397.8,270.41,0.0,0.0, , 
,271.64,896,67.5,1.6,11111110,271.01,896,29.4,4.12,397.8,271.32,0.0,0.0, , 
,272.53,864,67.5,1.6,11111110,271.94,896,28.2,4.12,397.8,272.24,0.0,0.0, , 
,273.45,896,67.5,2.0,11111110,272.82,864,29.4,4.12,397.8,273.14,0.8,0.0, , 
,274.36,896,67.5,2.0,11111110,273.76,896,28.2,4.12,397.8,274.06,0.0,0.0, , 
,275.29,864,69.0,2.0,11111110,274.66,864,28.2,4.12,397.8,274.96,0.8,0.0, , 
,276.20,864,69.0,1.2,11111110,275.59,864,28.2,4.12,397.8,275.90,0.8,0.0, , 
,277.13,896,69.0,1.2,11111110,276.51,896,28.2,4.12,397.8,276.81,0.8,0.0, , 
,278.01,896,69.0,1.2,11111110,277.42,864,29.4,4.12,397.8,277.72,0.8,0.0, , 
,278.95,896,69.0,1.2,11111110,278.33,896,29.4,4.12,397.8,278.65,0.8,0.0, , 
,279.87,896,69.0,1.6,11111110,279.27,864,28.2,4.12,397.8,279.58,0.0,0.0, , 
,280.78,864,69.0,2.0,11111110,280.17,896,29.4,4.12,397.8,280.47,0.8,0.0, , 
,281.66,896,69.0,2.0,11111110,281.06,896,29.4,4.12,397.8,281.36,0.0,0.0, , 
,282.59,864,69.0,2.0,11111110,281.96,896,29.4,4.12,397.8,282.26,0.8,0.0, , 
,283.52,864,69.0,1.6,11111110,282.89,896,29.4,4.12,397.8,283.21,0.0,0.0, , 
,284.43,864,69.0,1.2,11111110,283.82,896,29.4,4.12,397.8,284.12,0.8,0.0, , 
,285.33,864,69.0,1.2,11111110,284.75,832,29.4,4.12,418.2,285.04,0.8,0.0, , 
,286.22,896,69.0,1.6,11111110,285.64,864,31.0,4.12,418.2,285.92,0.0,0.0, , 
,287.13,896,69.0,1.2,11111110,286.51,864,31.0,4.12,418.2,286.83,0.0,0.0, , 
,288.05,1120,69.0,3.1,11101010,287.45,928,29.4,4.12,418.2,287.75,0.0,0.0, , 
,288.99,1152,69.0,0.0,11101010,288.35,1120,35.3,5.15,438.6,288.66,0.0,0.0, , 
,289.95,1312,69.0,0.0,11101010,289.30,1248,50.2,8.24,612.0,289.63,0.0,0.0, , 
,291.05,1472,69.0,2.0,11101010,290.28,1376,45.9,6.18,550.8,290.59,0.0,0.0, , 
,292.05,1600,69.0,2.7,11101010,291.36,1504,40.0,6.18,499.8,291.70,0.0,0.0, , 
,293.08,1696,69.0,3.1,11101010,292.40,1632,38.4,5.15,459.0,292.73,0.0,0.0, , 
,294.18,1824,69.0,3.1,11101010,293.44,1728,35.3,5.15,438.6,293.79,0.0,0.0, , 
,295.25,1952,69.0,3.9,11101010,294.55,1856,42.7,6.18,499.8,294.90,0.0,0.0, , 
,296.29,2112,69.0,3.9,11101000,295.59,2016,47.1,7.21,550.8,295.94,0.0,0.0, , 
,297.32,2336,69.0,3.5,11101000,296.62,2208,50.2,7.21,571.2,296.96,0.0,0.0, , 
,298.39,2560,69.0,4.3,11101000,297.68,2400,51.8,7.21,571.2,298.04,0.0,0.0, , 
,299.39,2784,69.0,4.3,11101000,298.73,2624,59.2,9.27,652.8,299.06,0.0,0.0, , 
,300.36,1280,69.0,0.0,11111110,299.74,2304,0.0,0.00,316.2,300.03,0.0,0.0, , 
,301.40,1856,69.0,0.0,11101010,300.67,1056,28.2,4.12,377.4,301.02,0.0,0.0, , 
,302.47,1792,69.0,-3.9,11101010,301.78,1824,20.8,3.09,295.8,302.11,0.0,0.0, , 
,303.58,1824,69.0,-0.8,11101010,302.84,1824,26.7,3.09,336.6,303.20,0.0,0.0, , 
,304.67,1824,69.0,0.4,11101010,303.92,1824,31.0,4.12,397.8,304.30,0.0,0.0, , 
,305.75,1856,69.0,-0.4,11101010,305.03,1824,29.4,4.12,377.4,305.38,0.0,0.0, , 
,306.86,1856,69.0,-1.2,11101010,306.12,1856,28.2,4.12,357.0,306.49,0.0,0.0, , 
,307.97,1856,69.0,-2.0,11101010,307.23,1856,23.5,3.09,336.6,307.61,0.0,0.0, , 
,309.09,1824,69.0,-3.1,11101010,308.36,1824,20.8,3.09,295.8,308.71,0.0,0.0, , 
,310.15,1792,69.0,-3.1,11101010,309.45,1824,20.8,2.06,295.8,309.82,0.0,0.0, , 
,311.26,1792,69.0,-1.6,11101010,310.54,1792,20.8,3.09,295.8,310.89,0.0,0.0, , 
,312.34,1760,69.0,-0.8,11101010,311.64,1760,22.0,3.09,316.2,312.00,0.0,0.0, , 
,313.45,1760,69.0,0.8,11101010,312.71,1760,26.7,3.09,357.0,313.06,0.0,0.0, , 
,314.51,1760,69.0,1.6,11101010,313.82,1760,32.5,4.12,418.2,314.17,0.0,0.0, , 
,315.61,1792,69.0,2.0,11101010,314.89,1760,34.1,5.15,418.2,315.23,0.0,0.0, , 
,316.70,1856,69.0,3.5,11101010,315.99,1824,38.4,5.15,459.0,316.34,0.0,0.0, , 
,317.82,1888,69.0,3.1,11101010,317.07,1856,41.2,6.18,499.8,317.45,0.0,0.0, , 
,318.94,1952,69.0,1.6,11101010,318.19,1888,40.0,5.15,479.4,318.57,0.0,0.0, , 
,320.04,1952,69.0,0.4,11101010,319.29,1952,36.9,5.15,438.6,319.67,0.0,0.0, , 
,321.14,1984,69.0,-2.3,11101010,320.41,1952,29.4,4.12,377.4,320.76,0.0,0.0, , 
,322.21,1952,69.0,-5.5,11111110,321.50,1984,25.1,3.09,336.6,321.85,0.0,0.0, , 
,323.27,1856,69.0,0.0,11111110,322.55,1888,19.2,2.06,275.4,322.90,0.0,0.0, , 
,324.38,1760,69.0,0.0,11111110,323.62,1824,0.0,0.00,295.8,324.01,0.0,0.0, , 
,325.37,1696,69.0,0.0,11111110,324.70,1728,0.0,0.00,316.2,325.03,0.0,0.0, , 
,326.37,1632,69.0,0.0,11111110,325.69,1664,0.0,0.00,336.6,326.01,0.0,0.0, , 
,327.45,1536,69.0,0.0,11111110,326.75,1632,0.0,0.00,336.6,327.10,0.0,0.0, , 
,328.46,1024,69.0,0.0,11111110,327.80,1344,0.0,0.00,336.6,328.15,0.0,0.0, , 
,329.43,928,69.0,0.0,11111110,328.76,1024,29.4,4.12,397.8,329.12,0.0,0.0, , 
,330.35,896,69.0,-0.4,11111110,329.74,864,29.4,4.12,397.8,330.05,0.8,0.0, , 
,331.28,896,69.0,-0.8,11111110,330.65,896,29.4,4.12,418.2,330.98,0.8,0.0, , 
,332.18,896,69.0,0.4,11111110,331.57,864,29.4,4.12,418.2,331.88,0.8,0.0, , 
,333.17,1056,69.0,1.2,11111110,332.49,864,31.0,4.12,418.2,332.81,0.0,0.0, , 
,334.17,1248,69.0,6.6,11101010,333.48,1152,26.7,3.09,357.0,333.83,0.0,0.0, , 
,335.12,1280,69.0,0.0,11101010,334.48,1184,41.2,6.18,499.8,334.80,0.0,0.0, , 
,336.08,1600,69.0,0.0,11101010,335.45,1344,76.9,13.39,867.0,335.73,0.0,0.0, , 
,337.15,1984,70.5,0.0,11101010,336.42,1696,75.3,12.36,846.6,336.79,0.0,0.0, , 
,338.17,2368,70.5,0.8,11101000,337.50,2112,76.9,11.33,846.6,337.83,0.0,0.0, , 
,339.19,2656,70.5,0.0,11111100,338.52,2464,75.3,11.33,795.6,338.86,0.0,0.0, , 
,340.23,1152,70.5,0.0,11101010,339.53,2144,0.0,0.00,316.2,339.88,0.0,0.0, , 
,341.31,1760,70.5,0.0,11101010,340.58,1792,22.0,3.09,316.2,340.94,0.0,0.0, , 
,342.40,1728,70.5,1.2,11101010,341.68,1728,34.1,4.12,418.2,342.04,0.0,0.0, , 
,343.51,1760,70.5,0.0,11101010,342.77,1760,35.3,5.15,438.6,343.12,0.0,0.0, , 
,344.64,1888,70.5,0.0,11101010,343.90,1824,54.5,8.24,632.4,344.26,0.0,0.0, , 
,345.69,1952,70.5,1.6,11101010,344.99,1920,51.8,7.21,591.6,345.35,0.0,0.0, , 
,346.76,2048,70.5,0.0,11101000,346.05,1984,47.1,6.18,550.8,346.41,0.0,0.0, , 
,347.79,2048,70.5,-1.6,11101000,347.11,2048,28.2,3.09,357.0,347.46,0.0,0.0, , 
,348.83,2048,70.5,-2.7,11101000,348.14,2048,28.2,4.12,357.0,348.49,0.0,0.0, , 
,349.89,2048,70.5,-2.7,11101000,349.19,2048,28.2,4.12,357.0,349.55,0.0,0.0, , 
,350.94,2048,70.5,-3.9,11101000,350.24,2048,26.7,3.09,357.0,350.59,0.0,0.0, , 
,352.01,2016,70.5,-3.9,11101000,351.29,2048,22.0,3.09,316.2,351.65,0.0,0.0, , 
,353.09,1984,70.5,-4.3,11101000,352.37,2016,20.8,3.09,295.8,352.74,0.0,0.0, , 
,354.18,1952,70.5,-3.9,11101010,353.45,1984,20.8,2.06,295.8,353.83,0.0,0.0, , 
,355.27,1952,70.5,-4.7,11101010,354.55,1952,22.0,3.09,295.8,354.91,0.0,0.0, , 
,356.37,1856,70.5,-3.5,11101010,355.61,1888,19.2,2.06,275.4,355.98,0.0,0.0, , 
,357.49,1824,70.5,-1.2,11101010,356.75,1824,20.8,3.09,295.8,357.12,0.0,0.0, , 
,358.59,1760,70.5,0.0,11101010,357.87,1792,22.0,3.09,295.8,358.24,0.0,0.0, , 
,359.67,1728,70.5,0.4,11101010,358.95,1760,22.0,3.09,316.2,359.32,0.0,0.0, , 
,360.76,1728,70.5,1.2,11101010,360.03,1728,23.5,3.09,316.2,360.42,0.0,0.0, , 
,361.85,1504,70.5,0.0,11111110,361.12,1728,23.5,3.09,316.2,361.49,0.0,0.0, , 
,362.78,1120,70.5,0.0,11111110,362.15,1024,28.2,4.12,377.4,362.47,0.0,0.0, , 
,363.70,928,70.5,0.0,11111110,363.11,1056,25.1,3.09,357.0,363.42,0.8,0.0, , 
,364.65,896,70.5,0.0,11111110,364.01,864,29.4,4.12,397.8,364.32,0.0,0.0, , 
,365.60,896,70.5,0.0,11111110,364.97,896,29.4,4.12,418.2,365.30,0.0,0.0, , 
,366.53,896,70.5,0.0,11111110,365.92,896,29.4,4.12,418.2,366.24,0.0,0.0, , 
,367.50,864,70.5,0.0,11111110,366.85,896,29.4,4.12,418.2,367.18,0.0,0.0, , 
,368.40,896,70.5,0.0,11111110,367.80,896,29.4,4.12,397.8,368.09,0.0,0.0, , 
,369.33,896,70.5,0.0,11111110,368.72,896,29.4,4.12,397.8,369.03,0.0,0.0, , 
,370.24,896,70.5,0.0,11111110,369.63,896,29.4,4.12,397.8,369.93,0.0,0.0, , 
,371.10,864,70.5,0.4,11111110,370.53,864,29.4,4.12,418.2,370.83,0.8,0.0, , 
,372.02,800,72.0,1.2,11111110,371.41,896,31.0,4.12,418.2,371.72,0.0,0.0, , 
,372.93,768,72.0,0.8,11111110,372.32,768,28.2,4.12,397.8,372.63,0.8,0.0, , 
,373.84,768,72.0,-2.0,11111110,373.23,800,29.4,4.12,418.2,373.53,0.8,0.0, , 
,374.72,800,72.0,-2.7,11111110,374.13,800,31.0,4.12,418.2,374.44,0.8,0.0, , 
,375.62,800,72.0,-3.1,11111110,375.02,800,29.4,4.12,418.2,375.32,0.8,0.0, , 
,376.50,800,72.0,-2.0,11111110,375.91,800,29.4,4.12,418.2,376.21,0.8,0.0, , 
,377.38,800,72.0,-1.2,11111110,376.80,800,28.2,4.12,418.2,377.10,0.8,0.0, , 
,378.27,800,72.0,-1.2,11111110,377.69,800,29.4,4.12,418.2,377.98,0.8,0.0, , 
,380.06,800,72.0,-1.6,11111110,379.48,800,28.2,4.12,418.2,379.76,0.8,0.0, , 
