Niedziela,20,Wrzesieñ,2026,17:33:48:00009-VCID:1C3761778CABCE7337-515A,Wersja VCDS: AKP 23.3.1,Wersja danych: 20230601 DS346.2
047 906 033 L,,1.4l SIMOS3PA   00HS5401,

,Grupa A:,'001,,,,Grupa B:,'002,,,,Grupa C:,'032
,,Obroty silnika,Temperatura,Lambda,Bity binarnie,,Obroty silnika,Obci¹¿enie,Czas wtrysku,Ciœnienie rzecz.,,Lambda,Lambda, , 
,CZAS,,,,,CZAS,,,,,CZAS,,,,
Znacznik,ZAPISU, /min,*C, %,,ZAPISU, /min, %, ms, mbar,ZAPISU, %, %,,
,0.54,0,58.5,0.0,10110110,0.01,0,0.0,15.45,989.4,0.27,99.2,0.0, , 
,1.34,0,58.5,0.0,10110110,0.81,0,0.0,15.45,989.4,1.08,99.2,0.0, , 
,2.14,0,58.5,0.0,10110110,1.61,0,0.0,15.45,989.4,1.87,99.2,0.0, , 
,2.94,0,58.5,0.0,10110110,2.40,0,0.0,15.45,989.4,2.67,99.2,0.0, , 
,3.73,0,58.5,0.0,10110110,3.20,0,0.0,15.45,989.4,3.46,99.2,0.0, , 
,4.53,0,58.5,0.0,10110110,4.00,0,0.0,15.45,989.4,4.26,99.2,0.0, , 
,5.33,0,58.5,0.0,10110110,4.79,0,0.0,15.45,989.4,5.06,99.2,0.0, , 
,6.14,0,58.5,0.0,10110110,5.60,0,0.0,15.45,989.4,5.87,99.2,0.0, , 
,6.97,0,58.5,0.0,10110110,6.41,0,0.0,15.45,989.4,6.69,99.2,0.0, , 
,7.78,0,58.5,0.0,10110110,7.24,0,0.0,15.45,989.4,7.51,99.2,0.0, , 
,8.57,0,58.5,0.0,10110110,8.05,0,0.0,15.45,989.4,8.31,99.2,0.0, , 
,9.37,0,58.5,0.0,10110110,8.84,0,0.0,15.45,989.4,9.11,99.2,0.0, , 
,10.18,0,58.5,0.0,10110110,9.64,0,0.0,15.45,989.4,9.91,99.2,0.0, , 
,10.98,0,58.5,0.0,10110110,10.45,0,0.0,15.45,989.4,10.72,99.2,0.0, , 
,11.78,0,58.5,0.0,10110110,11.25,0,0.0,15.45,989.4,11.51,99.2,0.0, , 
,12.57,0,58.5,0.0,10110110,12.04,0,0.0,15.45,989.4,12.31,99.2,0.0, , 
,13.38,0,58.5,0.0,10110110,12.84,0,0.0,15.45,989.4,13.11,99.2,0.0, , 
,14.20,0,58.5,0.0,10110110,13.66,0,0.0,15.45,989.4,13.93,99.2,0.0, , 
,15.00,0,58.5,0.0,10110110,14.47,0,0.0,15.45,989.4,14.73,99.2,0.0, , 
,15.80,0,58.5,0.0,10110110,15.26,0,0.0,15.45,989.4,15.53,99.2,0.0, , 
,16.61,0,58.5,0.0,10110110,16.07,0,0.0,15.45,989.4,16.34,99.2,0.0, , 
,17.41,0,58.5,0.0,10110110,16.87,0,0.0,15.45,989.4,17.14,99.2,0.0, , 
,18.22,0,58.5,0.0,10110110,17.68,0,0.0,15.45,989.4,17.95,99.2,0.0, , 
,19.01,0,58.5,0.0,10110110,18.48,0,0.0,15.45,989.4,18.75,99.2,0.0, , 
,19.81,0,58.5,0.0,10110110,19.28,0,0.0,15.45,989.4,19.54,99.2,0.0, , 
,20.61,0,58.5,0.0,10110110,20.07,0,0.0,15.45,989.4,20.34,99.2,0.0, , 
,21.42,0,58.5,0.0,10110110,20.88,0,0.0,15.45,989.4,21.15,99.2,0.0, , 
,22.22,0,58.5,0.0,10110110,21.68,0,0.0,15.45,989.4,21.95,99.2,0.0, , 
,23.03,0,58.5,0.0,10110110,22.49,0,0.0,15.45,989.4,22.76,99.2,0.0, , 
,23.83,0,58.5,0.0,10110110,23.30,0,0.0,15.45,989.4,23.56,99.2,0.0, , 
,24.62,0,58.5,0.0,10110110,24.09,0,0.0,15.45,989.4,24.36,99.2,0.0, , 
,25.42,0,58.5,0.0,10110110,24.89,0,0.0,15.45,989.4,25.15,99.2,0.0, , 
,26.22,0,58.5,0.0,10110110,25.69,0,0.0,15.45,989.4,25.95,99.2,0.0, , 
,27.01,160,58.5,0.0,10110110,26.48,0,0.0,15.45,989.4,26.75,99.2,0.0, , 
,27.89,1088,58.5,0.0,10110110,27.29,480,90.2,25.75,969.0,27.57,0.0,0.0, , 
,28.89,928,58.5,0.0,10110110,28.22,1056,48.6,8.24,591.6,28.57,0.0,0.0, , 
,29.82,928,58.5,0.0,10110110,29.18,896,38.4,6.18,479.4,29.49,0.0,0.0, , 
,30.71,832,58.5,0.0,10110110,30.11,896,36.9,6.18,479.4,30.41,0.0,0.0, , 
,31.64,832,58.5,0.0,10110110,31.02,864,38.4,6.18,479.4,31.34,0.0,0.0, , 
,32.58,832,58.5,0.0,10110110,31.93,832,38.4,6.18,479.4,32.25,0.0,0.0, , 
,33.43,832,58.5,0.0,10110110,32.86,864,36.9,6.18,479.4,33.14,0.0,0.0, , 
,34.35,832,57.0,0.0,10110110,33.73,832,36.9,5.15,479.4,34.04,0.0,0.0, , 
,35.25,832,57.0,0.0,10110110,34.65,832,38.4,6.18,479.4,34.95,0.0,0.0, , 
,36.13,832,57.0,0.0,10110110,35.53,832,38.4,5.15,479.4,35.83,0.0,0.0, , 
,37.03,832,57.0,0.0,10110110,36.43,832,36.9,5.15,479.4,36.73,0.0,0.0, , 
,37.95,832,57.0,0.0,10110110,37.32,832,36.9,5.15,479.4,37.63,0.0,0.0, , 
,38.86,832,57.0,0.0,10110110,38.26,832,36.9,5.15,479.4,38.56,0.0,0.0, , 
,39.77,800,55.5,0.0,10110110,39.15,832,36.9,5.15,479.4,39.46,0.0,0.0, , 
,40.68,832,55.5,0.0,10110110,40.08,832,36.9,5.15,479.4,40.38,0.0,0.0, , 
,41.58,832,55.5,0.0,10110110,41.00,800,35.3,5.15,459.0,41.29,0.0,0.0, , 
,42.46,832,55.5,0.0,10110110,41.87,800,36.9,5.15,479.4,42.15,0.0,0.0, , 
,43.41,832,54.0,0.0,10110110,42.78,832,35.3,5.15,459.0,43.11,0.0,0.0, , 
,44.34,832,54.0,0.0,10110110,43.71,832,35.3,5.15,459.0,44.02,0.0,0.0, , 
,45.25,832,54.0,0.0,10110110,44.63,800,35.3,5.15,459.0,44.95,0.0,0.0, , 
,46.15,832,54.0,0.0,10110110,45.54,832,36.9,5.15,479.4,45.84,0.8,0.0, , 
,47.05,832,54.0,0.0,10110110,46.44,832,36.9,5.15,459.0,46.74,0.0,0.0, , 
,47.98,832,54.0,0.0,10110110,47.37,832,35.3,5.15,459.0,47.68,0.0,0.0, , 
,48.90,832,54.0,0.0,10110110,48.29,832,35.3,5.15,459.0,48.60,0.0,0.0, , 
,49.81,832,52.5,0.0,10110110,49.21,832,35.3,4.12,459.0,49.51,0.8,0.0, , 
,50.67,832,52.5,0.0,10110110,50.09,832,36.9,5.15,479.4,50.39,0.0,0.0, , 
,51.54,832,52.5,0.0,10110110,50.96,800,35.3,5.15,459.0,51.25,0.0,0.0, , 
,52.47,832,52.5,0.0,10110110,51.85,832,36.9,5.15,479.4,52.16,0.8,0.0, , 
,53.38,832,52.5,0.0,10110110,52.77,832,35.3,5.15,459.0,53.08,0.0,0.0, , 
,54.28,800,52.5,0.0,10110110,53.69,800,36.9,5.15,479.4,53.99,0.0,0.0, , 
,55.16,800,52.5,0.0,10110110,54.56,832,36.9,5.15,479.4,54.86,0.0,0.0, , 
,56.08,800,52.5,0.0,10110110,55.46,800,36.9,5.15,479.4,55.78,0.0,0.0, , 
,56.95,800,52.5,0.0,10110110,56.39,832,36.9,5.15,479.4,56.66,0.0,0.0, , 
,57.86,832,52.5,0.0,10110110,57.25,832,36.9,5.15,479.4,57.54,0.0,0.0, , 
,58.76,832,52.5,0.0,10110110,58.17,800,36.9,5.15,479.4,58.46,0.0,0.0, , 
,59.68,832,52.5,0.0,10110110,59.07,832,36.9,5.15,479.4,59.38,0.0,0.0, , 
,60.59,800,52.5,0.0,10110110,59.99,800,36.9,5.15,459.0,60.28,0.0,0.0, , 
,61.48,832,52.5,0.0,10110110,60.88,832,36.9,5.15,479.4,61.18,0.0,0.0, , 
,62.38,832,52.5,0.0,10110110,61.79,800,36.9,5.15,479.4,62.08,0.8,0.0, , 
,63.30,832,52.5,0.0,10110110,62.69,832,35.3,5.15,479.4,63.01,0.0,0.0, , 
,64.21,832,52.5,0.0,10110110,63.61,800,35.3,5.15,459.0,63.91,0.0,0.0, , 
,65.13,832,52.5,0.0,10110110,64.52,800,35.3,5.15,459.0,64.82,0.0,0.0, , 
,66.04,832,52.5,0.0,10110110,65.43,832,35.3,5.15,459.0,65.73,0.0,0.0, , 
,66.96,800,52.5,0.0,10110110,66.35,832,35.3,5.15,459.0,66.65,0.0,0.0, , 
,67.87,832,52.5,0.0,10110110,67.26,832,35.3,5.15,459.0,67.58,0.0,0.0, , 
,68.76,832,52.5,0.0,10110110,68.16,800,35.3,5.15,459.0,68.45,0.0,0.0, , 
,69.66,832,52.5,0.0,10110110,69.06,800,36.9,5.15,479.4,69.35,0.0,0.0, , 
,70.55,832,52.5,0.0,10110110,69.95,800,35.3,4.12,459.0,70.25,0.0,0.0, , 
,71.45,832,52.5,0.0,10110110,70.86,832,35.3,4.12,459.0,71.15,0.8,0.0, , 
,72.35,832,52.5,0.0,10110110,71.75,800,35.3,5.15,459.0,72.05,0.0,0.0, , 
,73.31,800,52.5,0.0,10110110,72.68,800,35.3,5.15,459.0,72.99,0.0,0.0, , 
,74.18,800,52.5,0.0,10110110,73.59,832,35.3,5.15,459.0,73.89,0.8,0.0, , 
,75.10,832,52.5,0.0,10110110,74.49,832,36.9,5.15,479.4,74.79,0.0,0.0, , 
,76.00,800,52.5,0.0,10110110,75.40,800,36.9,4.12,479.4,75.69,0.0,0.0, , 
,76.90,800,52.5,0.0,10110110,76.30,832,36.9,5.15,479.4,76.59,0.0,0.0, , 
,77.79,832,52.5,0.0,10110110,77.20,832,36.9,5.15,479.4,77.48,0.0,0.0, , 
,78.72,832,52.5,0.0,10110110,78.10,832,36.9,5.15,479.4,78.41,0.0,0.0, , 
,79.61,800,52.5,0.0,10110110,79.01,832,35.3,5.15,459.0,79.31,0.0,0.0, , 
,80.52,800,52.5,0.0,10110110,79.91,832,36.9,5.15,479.4,80.22,0.0,0.0, , 
,81.42,832,52.5,0.0,10110110,80.82,800,36.9,5.15,479.4,81.14,0.0,0.0, , 
,82.33,832,52.5,-1.2,10111110,81.72,832,35.3,5.15,459.0,82.02,0.0,0.0, , 
,83.26,832,52.5,-2.3,10111110,82.64,832,35.3,4.12,459.0,82.94,0.0,0.0, , 
,84.16,832,52.5,-2.7,10111110,83.55,832,35.3,4.12,459.0,83.86,0.0,0.0, , 
,85.05,832,52.5,-2.7,10111110,84.46,832,35.3,4.12,459.0,84.76,0.0,0.0, , 
,85.98,832,52.5,-2.7,10111110,85.38,800,35.3,4.12,459.0,85.68,0.0,0.0, , 
,86.88,832,52.5,-2.7,10111110,86.27,832,35.3,4.12,459.0,86.57,0.0,0.0, , 
,87.81,800,54.0,-2.7,10111110,87.20,832,35.3,4.12,459.0,87.51,0.0,0.0, , 
,88.74,832,54.0,-2.3,10111110,88.12,832,35.3,4.12,459.0,88.43,0.0,0.0, , 
,89.67,800,54.0,-2.7,10111110,89.05,832,35.3,4.12,459.0,89.37,0.0,0.0, , 
,90.56,864,54.0,-3.9,10101010,89.98,832,35.3,4.12,459.0,90.28,0.0,0.0, , 
,91.53,1088,54.0,-6.6,10101010,90.88,1088,35.3,4.12,459.0,91.21,0.0,0.0, , 
,92.55,1088,54.0,0.0,10101010,91.86,896,40.0,6.18,479.4,92.20,0.0,0.0, , 
,93.51,992,54.0,-2.3,10101010,92.85,1120,38.4,5.15,479.4,93.15,0.0,0.0, , 
,94.39,992,54.0,-5.9,10101010,93.82,960,41.2,6.18,499.8,94.09,0.0,0.0, , 
,95.30,896,54.0,-5.1,10101010,94.68,960,41.2,5.15,499.8,94.98,0.0,0.0, , 
,96.26,1024,54.0,-9.4,10101010,95.59,928,38.4,4.12,479.4,95.95,0.0,0.0, , 
,97.20,1056,54.0,-7.8,10111110,96.58,1024,34.1,4.12,438.6,96.89,0.0,0.0, , 
,98.15,864,54.0,-7.0,10111110,97.52,1024,31.0,4.12,397.8,97.85,0.0,0.0, , 
,99.06,896,54.0,-5.5,10111110,98.45,864,34.1,4.12,438.6,98.74,0.0,0.0, , 
,100.01,800,54.0,-3.9,10111110,99.37,896,35.3,4.12,459.0,99.70,0.0,0.0, , 
,100.89,832,54.0,-3.5,10111110,100.31,800,35.3,4.12,459.0,100.59,0.0,0.0, , 
,101.79,832,54.0,-4.3,10111110,101.21,832,34.1,4.12,459.0,101.50,0.0,0.0, , 
,102.70,800,54.0,-4.3,10111110,102.10,832,34.1,4.12,459.0,102.39,0.8,0.0, , 
,103.62,800,54.0,-3.5,10111110,103.01,832,35.3,4.12,459.0,103.31,0.0,0.0, , 
,104.52,832,54.0,-3.5,10111110,103.92,832,35.3,4.12,459.0,104.22,0.0,0.0, , 
,105.46,832,54.0,-3.1,10111110,104.84,832,34.1,4.12,459.0,105.14,0.0,0.0, , 
,106.36,800,54.0,0.0,10101010,105.76,800,35.3,5.15,459.0,106.06,0.0,0.0, , 
,107.31,1024,55.5,-6.6,10101010,106.69,896,44.3,6.18,550.8,107.00,0.0,0.0, , 
,108.25,1056,55.5,0.0,10111110,107.62,960,41.2,5.15,499.8,107.97,0.0,0.0, , 
,109.17,768,55.5,-0.4,10111110,108.55,960,28.2,3.09,377.4,108.87,0.8,0.0, , 
,110.07,800,55.5,-7.4,10111110,109.46,800,36.9,5.15,479.4,109.77,0.0,0.0, , 
,110.94,832,55.5,0.0,10101010,110.35,768,36.9,4.12,479.4,110.64,0.0,0.0, , 
,111.85,640,55.5,0.0,10101010,111.25,896,40.0,5.15,499.8,111.56,0.0,0.0, , 
,112.76,1280,55.5,0.0,10101010,112.13,736,54.5,9.27,632.4,112.44,0.0,0.0, , 
,113.66,992,55.5,0.0,10101010,113.06,1088,44.3,6.18,520.2,113.35,0.0,0.0, , 
,114.58,1056,55.5,-5.5,10101010,113.96,1120,48.6,7.21,591.6,114.27,0.0,0.0, , 
,115.49,896,55.5,0.0,10101010,114.88,864,45.9,6.18,550.8,115.17,0.0,0.0, , 
,116.50,1152,55.5,0.0,10101010,115.82,992,48.6,7.21,591.6,116.16,0.0,0.0, , 
,117.47,1536,55.5,0.0,10101010,116.83,1280,59.2,9.27,673.2,117.13,0.0,0.0, , 
,118.52,2048,55.5,0.0,10101000,117.81,1696,62.0,10.30,693.6,118.16,0.0,0.4, , 
,119.48,1152,55.5,0.0,10111110,118.86,1536,0.0,0.00,377.4,119.18,0.0,0.0, , 
,120.47,1024,55.5,0.0,10101010,119.82,1024,32.5,5.15,418.2,120.15,0.0,0.0, , 
,121.43,1056,55.5,0.0,10101010,120.78,1056,40.0,6.18,499.8,121.11,0.0,0.0, , 
,122.35,1184,55.5,0.0,10101010,121.75,1088,54.5,8.24,632.4,122.05,0.0,0.0, , 
,123.35,1344,57.0,0.0,10101010,122.68,1216,60.4,9.27,693.6,123.01,0.0,0.0, , 
,124.53,1504,57.0,-3.5,10101010,123.73,1408,51.8,7.21,612.0,124.10,0.0,0.0, , 
,125.64,1568,57.0,-2.0,10101010,124.89,1536,40.0,5.15,479.4,125.27,0.0,0.4, , 
,126.77,1632,57.0,-1.6,10101010,126.03,1600,36.9,5.15,459.0,126.41,0.0,0.4, , 
,127.83,1664,57.0,-1.2,10101010,127.13,1632,36.9,5.15,438.6,127.47,0.0,0.4, , 
,128.90,1728,57.0,0.0,10101010,128.18,1696,35.3,5.15,438.6,128.53,0.0,0.4, , 
,130.01,1760,57.0,-0.8,10101010,129.29,1728,36.9,5.15,438.6,129.64,0.0,0.4, , 
,131.14,1824,57.0,-2.7,10101010,130.40,1792,34.1,4.12,418.2,130.78,0.0,0.4, , 
,132.30,1824,57.0,-4.3,10101010,131.52,1792,34.1,4.12,418.2,131.91,0.0,0.4, , 
,133.41,1856,57.0,-5.9,10101010,132.67,1824,32.5,4.12,397.8,133.03,0.0,0.4, , 
,134.53,1856,57.0,-9.8,10101010,133.78,1856,32.5,4.12,397.8,134.15,0.0,0.4, , 
,135.63,1824,57.0,-10.9,10101010,134.90,1856,25.1,3.09,336.6,135.26,0.0,0.4, , 
,136.73,1824,57.0,-3.1,10111110,136.01,1824,26.7,3.09,336.6,136.38,0.0,0.4, , 
,137.67,1088,57.0,0.0,10111110,137.08,1376,0.0,0.00,357.0,137.35,0.0,0.0, , 
,138.59,928,57.0,0.0,10111110,137.99,1152,29.4,3.09,397.8,138.27,0.0,0.0, , 
,139.52,864,57.0,0.0,10111110,138.92,864,32.5,4.12,418.2,139.21,0.0,0.0, , 
,140.46,864,57.0,1.6,10111110,139.82,896,34.1,4.12,438.6,140.13,0.0,0.0, , 
,141.38,896,57.0,3.5,10111110,140.77,896,34.1,4.12,438.6,141.08,0.0,0.0, , 
,142.25,896,57.0,5.1,10111110,141.67,896,34.1,4.12,438.6,141.96,0.0,0.0, , 
,143.19,896,57.0,5.5,10111110,142.55,896,34.1,4.12,438.6,142.88,0.0,0.0, , 
,144.11,800,57.0,-0.4,10111110,143.51,832,32.5,4.12,438.6,143.82,0.0,0.0, , 
,145.00,800,57.0,-2.3,10111110,144.40,800,34.1,4.12,459.0,144.69,0.0,0.0, , 
,145.92,800,58.5,0.0,10101010,145.30,832,34.1,4.12,459.0,145.61,0.0,0.0, , 
,146.84,1152,58.5,0.0,10101010,146.23,896,44.3,7.21,550.8,146.55,0.0,0.0, , 
,147.69,736,58.5,0.0,10101010,147.12,1024,54.5,9.27,632.4,147.40,0.0,0.0, , 
,148.65,1280,58.5,0.0,10101010,147.99,928,67.8,10.30,795.6,148.31,0.0,0.0, , 
,149.72,1888,58.5,0.0,10101010,149.04,1504,59.2,8.24,673.2,149.36,0.0,0.4, , 
,150.65,960,58.5,0.0,10111110,150.04,1856,0.0,0.00,377.4,150.34,0.0,0.0, , 
,151.64,1088,58.5,0.0,10101010,150.98,1120,32.5,5.15,418.2,151.32,0.0,0.0, , 
,152.59,1152,58.5,0.0,10101010,151.96,1120,41.2,6.18,499.8,152.28,0.0,0.0, , 
,153.57,1344,58.5,0.0,10101010,152.90,1216,53.3,8.24,632.4,153.25,0.0,0.0, , 
,154.46,1472,58.5,-5.9,10101010,153.91,1376,50.2,7.21,591.6,154.20,0.0,0.0, , 
,155.52,1632,58.5,-3.1,10101010,154.82,1536,42.7,6.18,520.2,155.17,0.0,0.4, , 
,156.59,1792,58.5,-2.7,10101010,155.87,1696,36.9,5.15,459.0,156.23,0.0,0.4, , 
,157.68,1920,58.5,-6.6,10101010,156.96,1856,32.5,4.12,397.8,157.33,0.0,0.4, , 
,158.78,1984,58.5,-14.5,10101000,158.05,1952,26.7,3.09,357.0,158.42,0.0,0.4, , 
,159.84,1984,58.5,-29.7,10101010,159.13,2048,17.6,2.06,244.8,159.50,0.0,0.4, , 
,160.90,1984,58.5,-23.4,10101010,160.20,2016,17.6,1.03,244.8,160.54,0.0,0.4, , 
,161.99,1952,58.5,-4.7,10101010,161.27,1984,17.6,1.03,275.4,161.63,0.0,0.4, , 
,163.07,1984,58.5,-3.9,10101000,162.35,1984,19.2,1.03,275.4,162.71,0.0,0.4, , 
,164.14,2016,60.0,2.0,10101000,163.43,1952,19.2,2.06,275.4,163.79,0.0,0.4, , 
,165.20,2016,60.0,6.3,10101000,164.48,2016,20.8,2.06,295.8,164.84,0.0,0.4, , 
,166.25,2048,60.0,7.4,10101000,165.55,2016,20.8,2.06,295.8,165.90,0.0,0.4, , 
,167.29,2080,60.0,6.3,10101000,166.61,2048,20.8,2.06,275.4,166.95,0.0,0.4, , 
,168.33,2112,60.0,1.2,10101000,167.65,2080,17.6,2.06,275.4,167.99,0.0,0.4, , 
,169.39,2144,60.0,-3.5,10101000,168.69,2112,17.6,2.06,244.8,169.04,0.0,0.4, , 
,170.43,2112,60.0,-14.5,10111100,169.74,2144,19.2,2.06,275.4,170.10,0.0,0.4, , 
,171.47,2048,60.0,-19.9,10111100,170.78,2144,17.6,2.06,275.4,171.12,0.0,0.4, , 
,172.52,2016,60.0,-23.4,10111100,171.80,2080,17.6,2.06,275.4,172.15,0.0,0.4, , 
,173.57,2016,60.0,-23.4,10101000,172.87,2016,17.6,1.03,244.8,173.23,0.0,0.4, , 
,174.61,2016,60.0,-20.3,10101000,173.92,2016,17.6,1.03,244.8,174.26,0.0,0.4, , 
,175.67,2080,60.0,-12.5,10101000,174.96,2048,17.6,1.03,244.8,175.33,0.0,0.4, , 
,176.67,2080,60.0,-7.0,10111100,176.00,2080,17.6,1.03,244.8,176.33,0.0,0.4, , 
,177.68,2080,60.0,-14.1,10111100,177.00,2112,19.2,2.06,275.4,177.34,0.0,0.4, , 
,178.71,2048,60.0,-17.6,10111100,178.03,2080,19.2,2.06,275.4,178.37,0.0,0.4, , 
,179.78,1920,60.0,-19.1,10111110,179.07,2016,19.2,2.06,275.4,179.44,0.0,0.4, , 
,180.79,1760,60.0,-17.2,10111110,180.14,1856,20.8,2.06,295.8,180.45,0.0,0.4, , 
,181.88,1600,60.0,-11.7,10111110,181.15,1696,25.1,3.09,336.6,181.51,0.0,0.4, , 
,182.86,1632,60.0,-8.6,10111110,182.22,1632,25.1,3.09,336.6,182.53,0.0,0.4, , 
,183.89,1632,60.0,-7.0,10101010,183.21,1632,25.1,3.09,336.6,183.55,0.0,0.4, , 
,184.96,1632,60.0,-8.2,10101010,184.25,1600,23.5,3.09,316.2,184.60,0.0,0.4, , 
,186.01,1696,60.0,-10.5,10101010,185.31,1664,25.1,3.09,336.6,185.68,0.0,0.4, , 
,187.06,1664,60.0,-12.9,10101010,186.38,1664,29.4,4.12,377.4,186.72,0.0,0.4, , 
,188.18,1664,60.0,-1.6,10101010,187.40,1664,42.7,6.18,499.8,187.79,0.0,0.4, , 
,189.28,1696,60.0,-1.2,10101010,188.54,1696,42.7,6.18,499.8,188.92,0.0,0.4, , 
,190.38,1792,60.0,-3.1,10101010,189.65,1728,42.7,6.18,499.8,190.00,0.0,0.4, , 
,191.48,1888,60.0,-3.1,10101010,190.74,1824,48.6,6.18,571.2,191.10,0.0,0.4, , 
,192.57,1984,60.0,-5.5,10101010,191.85,1888,50.2,7.21,571.2,192.22,0.0,0.4, , 
,193.63,2080,60.0,-7.0,10101000,192.94,2016,53.3,7.21,591.6,193.29,0.0,0.4, , 
,194.69,2144,60.0,-7.8,10101000,193.98,2080,45.9,5.15,520.2,194.34,0.0,0.4, , 
,195.73,2144,60.0,-7.8,10101000,195.05,2112,40.0,5.15,459.0,195.38,0.0,0.4, , 
,196.76,2176,60.0,-7.8,10101000,196.08,2144,47.1,6.18,550.8,196.43,0.0,0.4, , 
,197.78,2272,60.0,-5.5,10101000,197.10,2240,50.2,6.18,571.2,197.44,0.0,0.4, , 
,198.76,2368,61.5,-6.6,10101000,198.11,2304,50.2,6.18,571.2,198.44,0.0,0.4, , 
,199.78,2528,61.5,-4.3,10101000,199.10,2400,59.2,8.24,632.4,199.45,0.0,0.4, , 
,200.79,2688,61.5,-2.7,10101000,200.11,2592,66.3,9.27,714.0,200.45,0.0,0.4, , 
,201.79,1216,61.5,0.0,10111110,201.12,2432,0.0,0.00,357.0,201.50,0.0,0.4, , 
,202.83,1696,61.5,0.0,10101010,202.10,1216,31.0,5.15,397.8,202.45,0.0,0.4, , 
,203.87,1632,61.5,0.0,10101010,203.17,1632,35.3,5.15,438.6,203.52,0.0,0.4, , 
,204.94,1696,61.5,0.0,11101010,204.23,1600,72.2,12.36,795.6,204.60,0.0,0.4, , 
,206.00,1792,61.5,-5.5,11101010,205.29,1728,69.4,10.30,775.2,205.66,0.0,0.4, , 
,207.05,1824,61.5,0.0,11101010,206.33,1824,62.0,9.27,693.6,206.70,0.0,0.4, , 
,208.16,1792,61.5,-3.9,11101010,207.44,1824,35.3,4.12,418.2,207.81,0.0,0.4, , 
,209.31,1792,61.5,-5.9,11101010,208.54,1792,32.5,4.12,397.8,208.92,0.0,0.4, , 
,210.41,1792,61.5,-5.1,11101010,209.70,1792,34.1,4.12,418.2,210.06,0.0,0.4, , 
,211.54,1792,61.5,-3.5,11101010,210.78,1792,40.0,5.15,479.4,211.16,0.0,0.4, , 
,212.60,1792,61.5,-2.3,11101010,211.87,1792,38.4,5.15,459.0,212.25,0.0,0.4, , 
,213.67,1792,63.0,-2.3,11101010,212.95,1792,36.9,5.15,459.0,213.30,0.0,0.4, , 
,214.82,1792,63.0,-1.6,11101010,214.06,1792,38.4,5.15,459.0,214.44,0.0,0.4, , 
,215.90,1792,63.0,-0.4,11101010,215.19,1792,36.9,5.15,459.0,215.54,0.0,0.4, , 
,217.04,1856,63.0,-1.6,11101010,216.28,1824,45.9,6.18,520.2,216.66,0.0,0.4, , 
,218.16,1888,63.0,-3.1,11101010,217.41,1856,51.8,7.21,591.6,217.79,0.0,0.4, , 
,219.25,1952,63.0,0.0,11101010,218.53,1920,62.0,9.27,673.2,218.88,0.0,0.4, , 
,220.28,2048,63.0,0.0,11101000,219.59,1984,82.7,13.39,887.4,219.94,0.0,0.4, , 
,221.27,2208,63.0,-17.6,11101000,220.61,2112,90.2,14.42,948.6,220.94,0.0,0.4, , 
,222.28,2368,63.0,-24.6,11101000,221.61,2272,91.4,11.33,948.6,221.94,0.0,0.4, , 
,223.30,2560,63.0,-26.2,11101000,222.62,2432,91.4,11.33,948.6,222.96,0.0,0.4, , 
,224.34,2720,63.0,-25.4,11101000,223.65,2592,92.9,11.33,948.6,223.99,0.0,0.4, , 
,225.34,2336,63.0,0.0,11111100,224.67,2752,90.2,11.33,928.2,225.00,0.0,0.4, , 
,226.36,1344,63.0,0.0,11111110,225.71,1696,0.0,0.00,336.6,226.04,0.0,0.0, , 
,227.42,1984,64.5,0.0,11101010,226.71,1856,23.5,3.09,316.2,227.07,0.0,0.4, , 
,228.49,1952,63.0,0.0,11101010,227.77,1952,25.1,3.09,336.6,228.14,0.0,0.4, , 
,229.57,2016,63.0,0.0,11101000,228.85,1952,66.3,10.30,734.4,229.22,0.0,0.4, , 
,230.62,2048,64.5,-1.6,11101000,229.92,2016,65.1,9.27,714.0,230.26,0.0,0.4, , 
,231.68,2080,64.5,-0.4,11101000,230.97,2048,63.5,9.27,693.6,231.33,0.0,0.4, , 
,232.74,2112,64.5,-8.6,11101000,232.04,2112,67.8,10.30,734.4,232.38,0.0,0.4, , 
,233.78,2176,64.5,-10.2,11101000,233.07,2144,76.9,11.33,826.2,233.43,0.0,0.4, , 
,234.79,2208,64.5,-9.4,11101000,234.12,2176,75.3,10.30,826.2,234.47,0.0,0.4, , 
,235.81,2240,64.5,-5.1,11101000,235.13,2208,66.3,9.27,714.0,235.47,0.0,0.4, , 
,236.83,2272,64.5,-2.3,11101000,236.14,2240,62.0,8.24,673.2,236.50,0.0,0.4, , 
,237.85,2304,64.5,0.0,11101000,237.19,2272,60.4,8.24,673.2,237.52,0.0,0.4, , 
,238.87,2240,64.5,0.0,11111100,238.19,2304,26.7,3.09,336.6,238.52,0.0,0.4, , 
,239.88,2208,64.5,0.0,11111100,239.20,2272,17.6,2.06,244.8,239.53,0.0,0.4, , 
,240.91,2144,64.5,0.0,11111100,240.23,2176,0.0,0.00,275.4,240.58,0.0,0.4, , 
,241.98,2048,64.5,0.0,11101000,241.27,2112,0.0,0.00,275.4,241.64,0.0,0.4, , 
,243.02,2016,64.5,-16.8,11101000,242.33,2048,19.2,3.09,275.4,242.67,0.0,0.4, , 
,244.13,1984,64.5,-22.3,11101010,243.38,2016,20.8,2.06,295.8,243.76,0.0,0.4, , 
,245.22,1952,64.5,-25.4,11101010,244.50,1952,22.0,2.06,316.2,244.85,0.0,0.4, , 
,246.32,1920,66.0,-26.2,11101010,245.57,1920,25.1,2.06,336.6,245.94,0.0,0.4, , 
,247.44,1888,66.0,-25.0,11101010,246.70,1888,26.7,2.06,336.6,247.08,0.0,0.4, , 
,248.55,1856,66.0,-20.7,11101010,247.81,1856,28.2,3.09,357.0,248.18,0.0,0.4, , 
,249.68,1888,66.0,0.0,11101010,248.93,1856,63.5,12.36,693.6,249.31,0.0,0.4, , 
,250.77,1984,66.0,0.0,11101010,250.04,1920,92.9,16.48,989.4,250.40,0.0,0.4, , 
,251.83,2080,66.0,-20.3,11101000,251.13,2016,92.9,15.45,989.4,251.48,0.0,0.4, , 
,252.84,2176,66.0,-30.9,11101000,252.15,2112,92.9,12.36,989.4,252.50,0.0,0.4, , 
,253.86,2272,66.0,-28.1,11101000,253.18,2208,92.9,12.36,989.4,253.53,0.0,0.4, , 
,254.87,2400,66.0,-24.2,11101000,254.20,2336,94.5,13.39,969.0,254.54,0.0,0.4, , 
,255.88,2528,66.0,-21.9,11101000,255.23,2432,94.5,13.39,969.0,255.54,0.0,0.4, , 
,256.90,2656,66.0,-20.7,11101000,256.21,2560,94.5,14.42,969.0,256.55,0.0,0.4, , 
,257.90,2752,66.0,-19.5,11101000,257.24,2688,94.5,14.42,969.0,257.58,0.0,0.4, , 
,258.93,2880,66.0,-21.1,11101000,258.22,2784,94.5,12.36,969.0,258.58,0.0,0.4, , 
,259.95,1536,66.0,0.0,11111110,259.28,2656,0.0,0.00,377.4,259.62,0.0,0.4, , 
,260.87,736,66.0,0.0,11111110,260.25,1024,28.2,4.12,377.4,260.55,0.0,0.0, , 
,261.77,928,66.0,0.0,11111110,261.17,768,44.3,8.24,550.8,261.47,0.0,0.0, , 
,262.71,928,66.0,-6.3,11111110,262.07,896,32.5,4.12,418.2,262.40,0.0,0.0, , 
,263.63,896,66.0,-12.9,11111110,263.03,928,32.5,4.12,438.6,263.32,0.0,0.0, , 
,264.56,896,66.0,-14.8,11111110,263.96,896,32.5,3.09,418.2,264.26,0.0,0.0, , 
,265.53,896,66.0,-14.8,11111110,264.88,896,32.5,3.09,418.2,265.22,0.0,0.0, , 
,266.47,896,66.0,-14.5,11111110,265.85,896,31.0,3.09,418.2,266.18,0.0,0.0, , 
,267.42,896,66.0,-14.1,11111110,266.79,896,31.0,3.09,418.2,267.11,0.0,0.0, , 
,268.35,896,66.0,-13.3,11111110,267.73,864,31.0,3.09,418.2,268.04,0.8,0.0, , 
,269.30,896,67.5,-12.9,11111110,268.67,896,32.5,4.12,418.2,268.99,0.0,0.0, , 
,270.19,896,67.5,-12.9,11111110,269.58,896,31.0,4.12,418.2,269.88,0.8,0.0, , 
,271.12,896,67.5,-13.7,11111110,270.50,896,31.0,3.09,418.2,270.81,0.8,0.0, , 
,272.04,896,67.5,-14.5,11111110,271.43,896,31.0,3.09,418.2,271.75,0.0,0.0, , 
,272.96,896,67.5,-14.1,11111110,272.34,896,32.5,3.09,418.2,272.63,0.0,0.0, , 
,273.87,864,67.5,-13.7,11111110,273.27,896,31.0,3.09,418.2,273.58,0.8,0.0, , 
,274.80,864,67.5,-13.3,11111110,274.18,864,31.0,3.09,418.2,274.50,0.8,0.0, , 
,275.71,864,67.5,-12.9,11111110,275.11,864,32.5,4.12,438.6,275.42,0.0,0.0, , 
,276.64,960,67.5,-12.1,11111110,276.02,864,34.1,4.12,459.0,276.33,0.0,0.0, , 
,277.54,896,67.5,-10.5,11111110,276.93,928,32.5,4.12,418.2,277.23,0.0,0.0, , 
,278.47,896,67.5,-8.6,11111110,277.85,896,34.1,4.12,438.6,278.16,0.0,0.0, , 
,279.37,832,67.5,-8.6,11111110,278.76,864,31.0,4.12,418.2,279.06,0.8,0.0, , 
,280.33,1312,67.5,0.0,11101010,279.67,800,38.4,5.15,479.4,280.00,0.0,0.0, , 
,281.26,1024,69.0,0.0,11101010,280.63,1184,48.6,7.21,571.2,280.95,0.0,0.0, , 
,282.15,960,69.0,-6.6,11101010,281.56,1056,59.2,9.27,673.2,281.86,0.0,0.0, , 
,283.11,1312,69.0,0.0,11111110,282.46,1056,45.9,5.15,571.2,282.79,0.0,0.0, , 
,284.06,928,69.0,-3.5,11111110,283.42,1216,26.7,3.09,357.0,283.74,0.0,0.0, , 
,284.97,800,69.0,0.0,11101010,284.38,832,28.2,3.09,397.8,284.66,0.8,0.0, , 
,285.93,1664,69.0,0.0,11101010,285.27,832,75.3,13.39,867.0,285.57,0.0,0.0, , 
,286.98,1248,69.0,0.0,11101010,286.27,1664,56.1,8.24,632.4,286.67,0.0,0.4, , 
,288.01,2176,69.0,0.0,11101000,287.31,1504,62.0,9.27,714.0,287.66,0.0,0.4, , 
,288.96,1632,69.0,0.0,11111110,288.34,2528,85.5,14.42,907.8,288.67,0.0,0.4, , 
,289.87,1056,69.0,0.0,11111110,289.25,1184,26.7,4.12,357.0,289.55,0.0,0.0, , 
,290.88,1408,69.0,0.0,11101010,290.22,1344,29.4,4.12,377.4,290.58,0.0,0.0, , 
,291.87,1536,69.0,0.0,11111110,291.25,1408,54.5,9.27,632.4,291.53,0.0,0.0, , 
,292.82,1088,69.0,0.0,11111110,292.19,1568,0.0,0.00,377.4,292.50,0.0,0.0, , 
,293.78,928,69.0,0.0,11111110,293.15,1152,29.4,4.12,397.8,293.48,0.0,0.0, , 
,294.69,832,69.0,-4.3,11111110,294.09,832,28.2,4.12,397.8,294.38,0.8,0.0, , 
,295.61,768,69.0,0.0,11101010,294.99,768,29.4,3.09,418.2,295.29,0.8,0.0, , 
,296.60,2112,69.0,0.0,11101000,295.92,736,87.1,14.42,969.0,296.26,0.0,0.4, , 
,297.69,1312,69.0,0.0,11101010,296.96,1920,34.1,4.12,438.6,297.32,0.0,0.0, , 
,298.66,1216,69.0,-5.1,11111110,298.03,1280,51.8,7.21,612.0,298.34,0.0,0.0, , 
,299.64,1024,67.5,0.0,11111110,299.03,1632,0.0,0.00,418.2,299.33,0.0,0.0, , 
,300.58,928,69.0,0.0,11111110,299.93,1056,32.5,4.12,418.2,300.27,0.0,0.0, , 
,301.48,864,67.5,0.0,11111110,300.86,864,29.4,4.12,397.8,301.15,0.8,0.0, , 
,302.38,800,67.5,-10.5,11111110,301.79,896,31.0,4.12,418.2,302.09,0.8,0.0, , 
,303.27,800,67.5,-14.8,11111110,302.69,800,32.5,4.12,438.6,303.00,0.8,0.0, , 
,304.30,1952,67.5,0.0,11101010,303.59,800,32.5,4.12,438.6,303.95,0.0,0.0, , 
,305.35,1568,67.5,0.0,11101010,304.67,1984,38.4,5.15,459.0,305.03,0.0,0.4, , 
,306.42,1472,67.5,-3.9,11101010,305.74,1504,53.3,8.24,612.0,306.12,0.0,0.4, , 
,307.48,1728,67.5,0.0,11101010,306.76,1376,56.1,8.24,652.8,307.12,0.0,0.4, , 
,308.53,2272,67.5,0.0,11111100,307.84,1984,66.3,10.30,734.4,308.18,0.0,0.4, , 
,309.61,1696,67.5,0.0,11101010,308.91,1664,25.1,3.09,336.6,309.28,0.0,0.0, , 
,310.67,1824,67.5,0.0,11101010,309.96,1600,87.1,15.45,948.6,310.32,0.0,0.4, , 
,311.67,2208,67.5,0.0,11101000,311.01,1984,92.9,15.45,989.4,311.35,0.0,0.4, , 
,312.74,2656,67.5,-15.2,11101000,312.04,2368,92.9,17.51,989.4,312.39,0.0,0.4, , 
,313.86,3168,67.5,-25.8,11101000,313.12,2816,94.5,14.42,969.0,313.50,0.0,0.4, , 
,314.95,3648,69.0,-28.5,11101000,314.22,3328,94.5,12.36,969.0,314.59,0.0,0.4, , 
,316.08,4096,67.5,-24.6,11101000,315.33,3808,94.5,12.36,948.6,315.73,0.0,0.4, , 
,317.15,2784,67.5,0.0,11101000,316.41,3520,0.0,0.00,316.2,316.83,0.0,0.4, , 
,318.14,2944,67.5,-15.2,11101000,317.50,2816,94.5,15.45,969.0,317.87,0.0,0.4, , 
,319.12,3104,67.5,-25.8,11101000,318.40,3008,94.5,14.42,969.0,318.76,0.0,0.4, , 
,320.20,3264,67.5,-29.3,11101000,319.48,3168,94.5,12.36,969.0,319.84,0.0,0.4, , 
,321.25,3456,67.5,-25.8,11101000,320.54,3328,94.5,12.36,969.0,320.88,0.0,0.4, , 
,322.30,2528,69.0,0.0,11101000,321.63,3200,0.0,0.00,357.0,321.97,0.0,0.4, , 
,323.35,2432,69.0,-19.1,11101000,322.66,2496,19.2,3.09,275.4,323.02,0.0,0.4, , 
,324.32,2400,69.0,-29.3,11111100,323.68,2432,19.2,2.06,275.4,324.00,0.0,0.4, , 
,325.30,2304,69.0,0.0,11111100,324.65,2368,17.6,2.06,244.8,324.97,0.0,0.4, , 
,326.29,2240,69.0,0.0,11101000,325.62,2272,0.0,0.00,275.4,325.95,0.0,0.4, , 
,327.33,2176,69.0,0.0,11101000,326.64,2208,17.6,3.09,244.8,326.98,0.0,0.4, , 
,328.33,2144,69.0,-20.7,11101000,327.65,2176,22.0,2.06,295.8,328.00,0.0,0.4, , 
,329.36,2112,69.0,-28.5,11101000,328.65,2144,22.0,2.06,295.8,329.01,0.0,0.4, , 
,330.39,2112,70.5,-23.4,11101000,329.70,2144,29.4,3.09,357.0,330.05,0.0,0.4, , 
,331.42,2112,70.5,-19.9,11101000,330.73,2112,36.9,4.12,438.6,331.07,0.0,0.4, , 
,332.44,2080,70.5,-22.7,11101000,331.75,2080,25.1,3.09,336.6,332.09,0.0,0.4, , 
,333.48,2048,70.5,-23.0,11101000,332.78,2080,25.1,2.06,336.6,333.13,0.0,0.4, , 
,334.54,2048,70.5,-23.0,11101000,333.82,2048,25.1,2.06,336.6,334.19,0.0,0.4, , 
,335.60,2048,70.5,-21.5,11101000,334.89,2048,25.1,2.06,336.6,335.24,0.0,0.4, , 
,336.68,2016,70.5,-20.7,11101000,335.96,2016,26.7,3.09,336.6,336.33,0.0,0.4, , 
,337.78,2016,70.5,-14.1,11101000,337.04,2016,32.5,3.09,418.2,337.41,0.0,0.4, , 
,338.84,2016,70.5,-9.8,11101000,338.13,2016,35.3,4.12,438.6,338.50,0.0,0.4, , 
,339.91,2016,70.5,-5.9,11101000,339.20,2016,34.1,4.12,418.2,339.55,0.0,0.4, , 
,340.97,2016,70.5,-3.9,11101000,340.26,2016,36.9,4.12,438.6,340.62,0.0,0.4, , 
,342.01,2016,70.5,0.0,11101000,341.33,2016,36.9,5.15,438.6,341.67,0.0,0.4, , 
,343.06,2048,70.5,0.0,11101000,342.36,2016,51.8,7.21,591.6,342.71,0.0,0.4, , 
,344.12,2016,70.5,-11.7,11101000,343.41,2016,25.1,3.09,336.6,343.78,0.0,0.4, , 
,345.21,1984,70.5,-21.5,11101000,344.48,2016,25.1,3.09,336.6,344.85,0.0,0.4, , 
,346.29,1984,70.5,-23.4,11101010,345.57,1984,26.7,2.06,336.6,345.93,0.0,0.4, , 
,347.37,1984,70.5,-21.5,11101000,346.65,1984,26.7,3.09,357.0,347.01,0.0,0.4, , 
,348.43,1984,70.5,-21.5,11101000,347.72,1984,26.7,2.06,336.6,348.08,0.0,0.4, , 
,349.48,2016,70.5,-16.8,11101000,348.78,1984,29.4,3.09,377.4,349.14,0.0,0.4, , 
,350.53,2016,70.5,-11.7,11101000,349.84,2016,34.1,3.09,418.2,350.19,0.0,0.4, , 
,351.60,2016,70.5,-8.2,11101000,350.89,2016,35.3,4.12,438.6,351.24,0.0,0.4, , 
,352.68,2016,70.5,-5.5,11101000,351.97,2016,34.1,4.12,418.2,352.32,0.0,0.4, , 
,353.76,2016,70.5,-3.9,11101000,353.05,2016,34.1,4.12,418.2,353.42,0.0,0.4, , 
,354.83,2016,70.5,-2.3,11101000,354.11,2016,34.1,4.12,418.2,354.47,0.0,0.4, , 
,355.90,1984,70.5,-2.0,11101000,355.17,2016,34.1,4.12,418.2,355.54,0.0,0.4, , 
,356.98,2016,70.5,-2.3,11101000,356.26,2016,34.1,4.12,418.2,356.63,0.0,0.4, , 
,357.99,1120,70.5,0.0,11111110,357.32,2016,31.0,3.09,397.8,357.69,0.0,0.4, , 
,358.93,1088,70.5,0.0,11111110,358.31,1088,29.4,4.12,397.8,358.62,0.0,0.0, , 
,359.85,960,70.5,0.0,11111110,359.27,1024,26.7,3.09,377.4,359.55,0.0,0.0, , 
,360.78,896,70.5,-3.1,11111110,360.17,928,28.2,3.09,377.4,360.46,0.8,0.0, , 
,361.72,896,70.5,-5.5,11111110,361.10,896,29.4,3.09,397.8,361.41,0.0,0.0, , 
,362.60,896,70.5,-6.3,11111110,362.00,896,29.4,3.09,397.8,362.30,0.0,0.0, , 
,363.54,864,70.5,-6.3,11111110,362.91,864,29.4,3.09,397.8,363.23,0.8,0.0, , 
,364.47,832,70.5,-7.0,11111110,363.85,896,29.4,3.09,418.2,364.16,0.8,0.0, , 
,365.41,992,70.5,-7.0,11101010,364.77,864,32.5,4.12,438.6,365.09,0.0,0.0, , 
,366.38,1024,70.5,-6.6,11101010,365.73,1152,28.2,3.09,377.4,366.06,0.0,0.0, , 
,367.34,1056,70.5,0.0,11101010,366.70,1024,36.9,5.15,459.0,367.02,0.0,0.0, , 
,368.29,1248,70.5,0.0,11101010,367.65,1152,84.3,15.45,928.2,367.97,0.0,0.0, , 
,369.26,1536,70.5,0.0,11101010,368.64,1344,82.7,13.39,928.2,368.90,0.0,0.0, , 
,370.31,1728,70.5,0.0,11101010,369.61,1632,67.8,10.30,775.2,369.96,0.0,0.4, , 
,371.41,1696,70.5,-0.8,11101010,370.67,1728,36.9,4.12,459.0,371.02,0.0,0.4, , 
,372.46,1632,70.5,-1.6,11101010,371.78,1664,35.3,5.15,438.6,372.13,0.0,0.4, , 
,373.55,1600,70.5,-1.2,11101010,372.80,1600,38.4,5.15,459.0,373.18,0.0,0.4, , 
,374.63,1600,70.5,-1.2,11101010,373.88,1600,41.2,5.15,499.8,374.26,0.0,0.4, , 
,375.74,1600,70.5,-1.6,11101010,375.02,1600,38.4,5.15,479.4,375.37,0.0,0.4, , 
,376.82,1600,70.5,-1.6,11101010,376.10,1600,38.4,5.15,479.4,376.47,0.0,0.4, , 
,377.91,1632,70.5,-2.3,11101010,377.18,1632,38.4,5.15,479.4,377.53,0.0,0.4, , 
,378.98,1600,70.5,-6.6,11101010,378.29,1632,31.0,4.12,397.8,378.64,0.0,0.4, , 
,380.10,1536,70.5,-10.2,11101010,379.35,1600,25.1,3.09,336.6,379.73,0.0,0.4, , 
,381.03,1472,70.5,-12.5,11111110,380.48,1536,23.5,3.09,336.6,380.75,0.0,0.4, , 
,382.10,1344,70.5,-8.2,11101010,381.39,1440,25.1,2.06,336.6,381.73,0.0,0.0, , 
,383.10,1312,70.5,0.0,11101010,382.46,1376,28.2,3.09,377.4,382.79,0.0,0.0, , 
,384.11,1344,70.5,0.0,11101010,383.44,1312,40.0,5.15,499.8,383.78,0.0,0.0, , 
,385.25,1568,70.5,0.0,11101010,384.47,1408,54.5,8.24,652.8,384.88,0.0,0.4, , 
,386.32,1792,70.5,0.0,11101010,385.61,1632,60.4,9.27,693.6,385.95,0.0,0.4, , 
,387.37,2016,70.5,-0.4,11101000,386.68,1888,57.6,8.24,652.8,387.03,0.0,0.4, , 
,388.37,2176,70.5,-2.7,11101000,387.70,2080,56.1,7.21,632.4,388.03,0.0,0.4, , 
,389.39,2368,70.5,-2.0,11101000,388.71,2240,56.1,7.21,632.4,389.05,0.0,0.4, , 
,390.42,2528,70.5,-2.0,11101000,389.75,2400,57.6,8.24,632.4,390.08,0.0,0.4, , 
,391.41,2272,70.5,0.0,11111100,390.76,2560,48.6,7.21,550.8,391.08,0.0,0.4, , 
,392.30,992,70.5,0.0,11111110,391.70,1696,0.0,0.00,316.2,391.98,0.0,0.0, , 
,393.27,928,70.5,0.0,11111110,392.60,1024,29.4,5.15,397.8,392.96,0.0,0.0, , 
,394.20,928,70.5,0.0,11111110,393.58,928,28.2,4.12,397.8,393.88,0.0,0.0, , 
,395.10,896,70.5,-7.0,11111110,394.50,960,28.2,4.12,397.8,394.80,0.8,0.0, , 
,396.04,864,70.5,-10.2,11111110,395.43,864,29.4,3.09,397.8,395.74,0.8,0.0, , 
,396.94,864,70.5,-11.7,11111110,396.34,864,29.4,3.09,418.2,396.65,0.8,0.0, , 
,397.84,864,70.5,-12.1,11111110,397.23,864,31.0,3.09,418.2,397.53,0.8,0.0, , 
,398.76,896,70.5,-11.7,11111110,398.13,832,31.0,4.12,418.2,398.45,0.0,0.0, , 
,399.66,768,70.5,-10.9,11111110,399.07,864,31.0,3.09,418.2,399.37,0.8,0.0, , 
,400.61,1024,70.5,0.0,11101010,399.96,768,31.0,4.12,438.6,400.28,0.0,0.0, , 
,401.54,1120,70.5,0.0,11101010,400.92,1120,38.4,5.15,479.4,401.25,0.0,0.0, , 
,402.49,896,70.5,0.0,11101010,401.88,1056,48.6,7.21,591.6,402.19,0.0,0.0, , 
,403.54,1472,70.5,0.0,11101010,402.82,1056,62.0,10.30,714.0,403.15,0.0,0.0, , 
,404.58,1920,70.5,0.0,11111110,403.91,1792,69.4,10.30,775.2,404.24,0.0,0.4, , 
,405.53,1184,70.5,0.0,11101010,404.90,1440,0.0,0.00,357.0,405.22,0.0,0.0, , 
,406.51,1152,70.5,0.0,11101010,405.85,1184,34.1,5.15,438.6,406.18,0.0,0.0, , 
,407.51,1312,70.5,-5.5,11101010,406.86,1248,45.9,6.18,571.2,407.18,0.0,0.0, , 
,408.53,1376,70.5,0.0,11101010,407.84,1344,38.4,5.15,479.4,408.18,0.0,0.0, , 
,409.55,1344,72.0,0.0,11101010,408.87,1344,25.1,3.09,357.0,409.21,0.0,0.0, , 
,410.72,1600,70.5,0.0,11101010,409.89,1376,54.5,9.27,632.4,410.34,0.0,0.0, , 
,411.78,1920,72.0,0.0,11101010,411.08,1696,72.2,11.33,795.6,411.42,0.0,0.4, , 
,412.79,2176,72.0,-1.6,11101000,412.13,2016,65.1,9.27,734.4,412.47,0.0,0.4, , 
,413.82,1056,72.0,0.0,11111110,413.18,1888,0.0,0.00,357.0,413.49,0.0,0.0, , 
,414.67,896,72.0,0.0,11111110,414.11,1024,28.2,4.12,397.8,414.38,0.0,0.0, , 
,415.61,896,72.0,0.0,11111110,414.96,864,29.4,4.12,397.8,415.29,0.8,0.0, , 
,416.54,896,72.0,-7.0,11111110,415.91,928,31.0,4.12,418.2,416.24,0.0,0.0, , 
,417.50,896,72.0,-9.4,11111110,416.87,896,31.0,4.12,418.2,417.19,0.0,0.0, , 
,418.43,864,72.0,-11.3,11111110,417.81,896,31.0,4.12,418.2,418.12,0.8,0.0, , 
,419.34,832,72.0,-10.9,11111110,418.74,864,31.0,4.12,438.6,419.04,0.8,0.0, , 
,420.23,736,72.0,0.0,11111110,419.67,768,34.1,5.15,459.0,419.94,0.0,0.0, , 
,421.08,736,72.0,0.0,11111110,420.49,736,47.1,7.21,591.6,420.76,0.0,0.0, , 
,421.99,768,72.0,-30.1,11101010,421.38,736,50.2,7.21,612.0,421.70,0.0,0.0, , 
,422.87,768,72.0,-25.4,11101010,422.27,768,45.9,4.12,591.6,422.58,0.0,0.0, , 
,423.78,832,72.0,0.0,11101010,423.16,800,48.6,7.21,591.6,423.47,0.0,0.0, , 
,424.76,1088,72.0,0.0,11101010,424.10,928,71.0,11.33,795.6,424.43,0.0,0.0, , 
,425.75,1312,72.0,-7.8,11101010,425.08,1152,69.4,10.30,795.6,425.40,0.0,0.0, , 
,426.73,1536,72.0,-9.8,11101010,426.09,1408,56.1,7.21,673.2,426.36,0.0,0.0, , 
,427.83,1728,72.0,-8.6,11101010,427.09,1632,48.6,6.18,591.6,427.46,0.0,0.4, , 
,428.96,1856,73.5,-10.2,11101010,428.20,1792,36.9,4.12,438.6,428.59,0.0,0.4, , 
,430.08,1888,73.5,-16.0,11101010,429.34,1856,29.4,3.09,377.4,429.71,0.0,0.4, , 
,431.14,1888,73.5,-22.3,11101010,430.45,1856,20.8,2.06,295.8,430.80,0.0,0.4, , 
,432.22,1792,73.5,-27.7,11111110,431.51,1856,19.2,2.06,275.4,431.89,0.0,0.4, , 
,433.25,1664,73.5,-21.5,11111110,432.58,1760,22.0,2.06,316.2,432.93,0.0,0.4, , 
,434.27,1568,73.5,-16.8,11101010,433.59,1632,23.5,2.06,336.6,433.92,0.0,0.4, , 
,435.36,1536,73.5,-3.1,11101010,434.64,1536,22.0,2.06,316.2,435.03,0.0,0.4, , 
,436.39,1568,73.5,3.5,11101010,435.69,1568,29.4,3.09,377.4,436.03,0.0,0.4, , 
,437.50,1600,73.5,9.4,11101010,436.74,1568,29.4,3.09,397.8,437.13,0.0,0.4, , 
,438.57,1568,73.5,4.3,11111110,437.85,1600,22.0,3.09,316.2,438.21,0.0,0.4, , 
,439.68,1504,73.5,4.7,11111110,438.91,1568,23.5,3.09,336.6,439.26,0.0,0.4, , 
,440.69,1472,73.5,5.5,11101010,439.99,1472,25.1,3.09,336.6,440.36,0.0,0.0, , 
,441.78,1440,73.5,10.2,11101010,441.06,1440,28.2,3.09,357.0,441.42,0.0,0.0, , 
,442.87,1536,73.5,11.7,11101010,442.22,1472,29.4,3.09,377.4,442.53,0.0,0.4, , 
,443.91,1568,73.5,7.4,11101010,443.23,1568,26.7,3.09,357.0,443.57,0.0,0.4, , 
,444.90,1504,73.5,1.6,11111110,444.26,1568,22.0,3.09,316.2,444.58,0.0,0.4, , 
,446.01,1440,73.5,2.0,11111110,445.29,1536,23.5,3.09,336.6,445.63,0.0,0.0, , 
,447.05,1376,73.5,3.1,11111110,446.36,1440,25.1,3.09,336.6,446.70,0.0,0.0, , 
,448.02,1280,73.5,4.7,11111110,447.37,1312,25.1,3.09,336.6,447.71,0.0,0.0, , 
,448.97,1152,73.5,7.0,11111110,448.34,1248,25.1,3.09,357.0,448.65,0.0,0.0, , 
,449.92,1056,73.5,0.0,11101010,449.29,1120,25.1,4.12,357.0,449.61,0.0,0.0, , 
,450.87,1152,73.5,0.0,11101010,450.23,1088,41.2,6.18,499.8,450.54,0.0,0.0, , 
,451.83,1248,73.5,0.0,11101010,451.19,1152,44.3,6.18,520.2,451.50,0.0,0.0, , 
,452.84,1408,73.5,0.0,11101010,452.16,1280,60.4,9.27,714.0,452.51,0.0,0.0, , 
,454.00,1536,73.5,-6.3,11101010,453.29,1472,40.0,5.15,479.4,453.64,0.0,0.4, , 
,455.08,1696,73.5,-4.3,11101010,454.37,1600,42.7,6.18,520.2,454.73,0.0,0.4, , 
,456.22,1792,73.5,-3.9,11101010,455.45,1696,38.4,5.15,459.0,455.84,0.0,0.4, , 
,457.34,1824,73.5,-9.4,11101010,456.58,1792,31.0,4.12,397.8,456.96,0.0,0.4, , 
,458.42,1888,73.5,-19.1,11101010,457.71,1856,25.1,3.09,336.6,458.06,0.0,0.4, , 
,459.49,1920,73.5,-9.8,11101010,458.78,1920,23.5,2.06,316.2,459.14,0.0,0.4, , 
,460.58,1984,73.5,-7.8,11101000,459.86,1952,26.7,2.06,357.0,460.21,0.0,0.4, , 
,461.52,1088,73.5,0.0,11111110,460.90,1984,28.2,3.09,357.0,461.21,0.0,0.4, , 
,462.48,992,73.5,0.0,11111110,461.83,1024,29.4,4.12,397.8,462.12,0.0,0.0, , 
,463.43,864,73.5,0.0,11111110,462.81,928,26.7,3.09,377.4,463.12,0.8,0.0, , 
,464.35,864,73.5,0.0,11111110,463.74,864,31.0,3.09,418.2,464.05,0.8,0.0, , 
,465.31,864,73.5,2.0,11111110,464.67,864,31.0,3.09,418.2,464.99,0.8,0.0, , 
,466.22,864,73.5,3.9,11111110,465.61,864,31.0,3.09,418.2,465.91,0.8,0.0, , 
,467.15,1120,73.5,0.0,11101010,466.52,832,29.4,3.09,418.2,466.84,0.0,0.0, , 
,468.20,1600,73.5,0.0,11101010,467.50,1536,60.4,10.30,693.6,467.81,0.0,0.4, , 
,469.31,2048,73.5,0.0,11101000,468.58,1600,59.2,8.24,673.2,468.95,0.0,0.4, , 
,470.30,1152,73.5,0.0,11101010,469.65,2080,0.0,0.00,438.6,469.99,0.0,0.0, , 
,471.26,1248,73.5,0.0,11101010,470.61,1184,34.1,5.15,418.2,470.93,0.0,0.0, , 
,472.36,1568,73.5,0.0,11101010,471.63,1344,73.7,13.39,846.6,471.99,0.0,0.0, , 
,473.38,1856,73.5,0.0,11101010,472.69,1696,63.5,9.27,714.0,473.03,0.0,0.4, , 
,474.42,2048,73.5,-4.3,11101000,473.75,1920,44.3,6.18,520.2,474.09,0.0,0.4, , 
,475.44,2336,73.5,-4.7,11101000,474.77,2144,57.6,7.21,652.8,475.10,0.0,0.4, , 
,476.48,2624,73.5,-3.5,11101000,475.79,2400,57.6,8.24,652.8,476.13,0.0,0.4, , 
,477.47,1728,73.5,0.0,11111110,476.80,2688,47.1,6.18,550.8,477.13,0.0,0.4, , 
,478.47,1504,73.5,0.0,11111110,477.79,1184,25.1,4.12,336.6,478.09,0.0,0.0, , 
,479.56,1856,73.5,0.0,11101010,478.82,1856,0.0,0.00,316.2,479.20,0.0,0.4, , 
,480.61,1888,73.5,-12.1,11101010,479.90,1856,20.8,3.09,295.8,480.24,0.0,0.4, , 
,481.68,1952,73.5,0.0,11101010,480.97,1920,26.7,3.09,357.0,481.33,0.0,0.4, , 
,482.76,2080,73.5,-6.6,11101000,482.05,1984,42.7,6.18,499.8,482.41,0.0,0.4, , 
,483.75,2176,73.5,-2.7,11101000,483.09,2112,56.1,8.24,632.4,483.42,0.0,0.4, , 
,484.77,2304,73.5,-0.8,11101000,484.08,2240,59.2,8.24,652.8,484.41,0.0,0.4, , 
,485.84,2432,73.5,-3.1,11101000,485.12,2368,65.1,9.27,714.0,485.47,0.0,0.4, , 
,486.87,2592,73.5,-5.5,11101000,486.20,2496,71.0,10.30,754.8,486.55,0.0,0.4, , 
,487.86,2144,73.5,0.0,11111100,487.20,2624,67.8,9.27,734.4,487.53,0.0,0.4, , 
,488.94,1920,73.5,0.0,11101010,488.22,1568,23.5,4.12,316.2,488.57,0.0,0.4, , 
,490.02,1952,73.5,0.0,11101010,489.31,1920,66.3,11.33,734.4,489.66,0.0,0.4, , 
,491.08,2048,73.5,0.0,11101000,490.38,1984,87.1,14.42,948.6,490.75,0.0,0.4, , 
,492.13,2144,73.5,-23.8,11101000,491.42,2080,91.4,12.36,989.4,491.77,0.0,0.4, , 
,493.15,2240,73.5,-27.0,11101000,492.46,2176,91.4,11.33,989.4,492.81,0.0,0.4, , 
,494.18,2336,75.0,-26.2,11101000,493.49,2272,91.4,11.33,989.4,493.82,0.0,0.4, , 
,495.16,2400,75.0,-24.2,11101000,494.51,2368,91.4,11.33,969.0,494.83,0.0,0.4, , 
,496.18,2464,73.5,-22.3,11101000,495.50,2432,91.4,11.33,969.0,495.84,0.0,0.4, , 
,497.22,2560,75.0,-20.3,11101000,496.52,2496,91.4,12.36,969.0,496.88,0.0,0.4, , 
,498.28,2592,75.0,-21.9,11101000,497.55,2560,91.4,12.36,969.0,497.91,0.0,0.4, , 
,499.29,2592,75.0,0.0,11111100,498.62,2592,88.6,10.30,928.2,498.97,0.0,0.4, , 
,500.28,2464,75.0,0.0,11111100,499.64,2528,19.2,2.06,275.4,499.96,0.0,0.4, , 
,501.23,2336,75.0,0.0,11111100,500.59,2432,0.0,0.00,244.8,500.90,0.0,0.4, , 
,502.23,1728,75.0,0.0,11111110,501.56,2304,0.0,0.00,244.8,501.92,0.0,0.4, , 
,503.20,960,75.0,0.0,11111110,502.56,1248,0.0,0.00,336.6,502.85,0.0,0.0, , 
,504.12,864,75.0,0.0,11111110,503.51,960,28.2,4.12,397.8,503.83,0.8,0.0, , 
,505.03,896,75.0,-2.0,11111110,504.42,896,29.4,4.12,397.8,504.72,0.8,0.0, , 
,505.94,896,75.0,-9.0,11111110,505.32,896,29.4,4.12,397.8,505.62,0.8,0.0, , 
,506.87,896,75.0,-11.3,11111110,506.26,896,28.2,3.09,397.8,506.58,0.8,0.0, , 
,507.78,896,75.0,-11.3,11111110,507.18,896,29.4,3.09,397.8,507.48,0.8,0.0, , 
,508.69,864,75.0,-11.3,11111110,508.08,896,28.2,3.09,397.8,508.38,0.8,0.0, , 
,509.63,864,75.0,-11.3,11111110,509.00,864,29.4,3.09,418.2,509.30,0.8,0.0, , 
,510.60,1248,75.0,-12.1,11101010,509.96,896,29.4,3.09,418.2,510.27,0.8,0.0, , 
,511.55,1088,75.0,0.0,11101010,510.91,1152,25.1,3.09,336.6,511.23,0.0,0.0, , 
,512.51,1248,76.5,0.0,11101010,511.87,1088,44.3,7.21,550.8,512.20,0.0,0.0, , 
,513.52,1536,76.5,0.0,11101010,512.82,1312,84.3,14.42,948.6,513.13,0.0,0.0, , 
,514.61,1952,76.5,0.0,11101010,513.88,1664,85.5,14.42,948.6,514.26,0.0,0.4, , 
,515.60,2368,76.5,-21.1,11101000,514.94,2080,88.6,12.36,948.6,515.26,0.0,0.4, , 
,516.63,2720,76.5,-23.0,11101000,515.95,2464,87.1,10.30,928.2,516.28,0.0,0.4, , 
,517.63,1760,76.5,0.0,11111110,516.99,2848,67.8,6.18,775.2,517.33,0.0,0.4, , 
,518.70,1824,76.5,0.0,11101010,517.96,1504,23.5,4.12,336.6,518.34,0.0,0.4, , 
,519.76,1792,76.5,0.0,11101010,519.04,1792,40.0,6.18,479.4,519.39,0.0,0.4, , 
,520.87,1888,76.5,-0.4,11101010,520.13,1824,62.0,9.27,714.0,520.49,0.0,0.4, , 
,521.97,1920,76.5,-3.1,11101010,521.24,1920,47.1,6.18,571.2,521.61,0.0,0.4, , 
,523.04,1920,76.5,-12.9,11101010,522.33,1920,29.4,3.09,377.4,522.68,0.0,0.4, , 
,524.14,1920,76.5,-17.6,11101010,523.42,1920,28.2,3.09,377.4,523.78,0.0,0.4, , 
,525.22,1888,76.5,-19.5,11101010,524.48,1888,29.4,3.09,377.4,524.86,0.0,0.4, , 
,526.30,1888,76.5,-21.1,11101010,525.58,1888,29.4,3.09,377.4,525.95,0.0,0.4, , 
,527.40,1920,76.5,-24.2,11101010,526.66,1888,25.1,2.06,336.6,527.02,0.0,0.4, , 
,528.51,1920,76.5,-26.6,11101010,527.78,1888,25.1,2.06,336.6,528.14,0.0,0.4, , 
,529.60,1952,76.5,-28.5,11101010,528.88,1952,23.5,2.06,316.2,529.25,0.0,0.4, , 
,530.69,1952,76.5,-28.5,11101010,529.97,1952,23.5,2.06,316.2,530.32,0.0,0.4, , 
,531.76,1984,76.5,0.0,11101000,531.04,1952,25.1,2.06,336.6,531.40,0.0,0.4, , 
,532.80,2048,76.5,-3.1,11101000,532.11,2016,41.2,5.15,479.4,532.45,0.0,0.4, , 
,533.83,2112,75.0,-4.7,11101000,533.15,2048,41.2,5.15,479.4,533.49,0.0,0.4, , 
,534.84,2144,76.5,-5.5,11101000,534.16,2112,36.9,5.15,459.0,534.49,0.0,0.4, , 
,535.87,2176,75.0,-7.4,11101000,535.19,2144,35.3,4.12,438.6,535.54,0.0,0.4, , 
,536.89,2208,75.0,-7.8,11101000,536.20,2208,35.3,4.12,438.6,536.54,0.0,0.4, , 
,537.90,2208,75.0,-15.2,11101000,537.22,2208,31.0,3.09,397.8,537.56,0.0,0.4, , 
,538.89,2208,75.0,-22.7,11101000,538.23,2208,23.5,2.06,316.2,538.56,0.0,0.4, , 
,539.91,2176,75.0,-25.0,11101000,539.23,2208,23.5,2.06,316.2,539.57,0.0,0.4, , 
,540.94,2176,75.0,-23.0,11101000,540.26,2176,25.1,2.06,336.6,540.60,0.0,0.4, , 
,541.95,2176,75.0,-23.8,11101000,541.26,2176,25.1,2.06,336.6,541.60,0.0,0.4, , 
,542.98,2144,75.0,-16.4,11101000,542.29,2144,25.1,2.06,336.6,542.64,0.0,0.4, , 
,544.01,2144,75.0,-9.0,11101000,543.32,2144,34.1,3.09,397.8,543.68,0.0,0.4, , 
,545.02,2144,75.0,-3.9,11101000,544.34,2144,35.3,4.12,418.2,544.69,0.0,0.4, , 
,546.06,2144,75.0,-4.3,11101000,545.37,2144,29.4,3.09,377.4,545.72,0.0,0.4, , 
,547.07,2112,75.0,-5.1,11101000,546.40,2144,26.7,3.09,357.0,546.73,0.0,0.4, , 
,548.09,2112,75.0,-4.3,11101000,547.40,2144,28.2,3.09,357.0,547.75,0.0,0.4, , 
,549.12,2144,75.0,-3.1,11101000,548.44,2144,29.4,3.09,377.4,548.77,0.0,0.4, , 
,550.15,2176,75.0,-2.0,11101000,549.46,2144,28.2,3.09,377.4,549.80,0.0,0.4, , 
,551.16,2208,75.0,0.4,11101000,550.49,2176,36.9,4.12,438.6,550.82,0.0,0.4, , 
,552.15,2272,75.0,3.5,11101000,551.49,2208,36.9,4.12,438.6,551.82,0.0,0.4, , 
,553.14,2272,75.0,-9.8,11111100,552.48,2272,22.0,2.06,295.8,552.81,0.0,0.4, , 
,554.13,2240,75.0,0.0,11111100,553.47,2272,16.1,2.06,244.8,553.79,0.0,0.4, , 
,555.13,2208,75.0,0.0,11111100,554.47,2240,0.0,0.00,244.8,554.80,0.0,0.4, , 
,556.16,2144,75.0,0.0,11111100,555.49,2176,0.0,0.00,244.8,555.83,0.0,0.4, , 
,557.17,2112,75.0,0.0,11111100,556.50,2144,0.0,0.00,244.8,556.83,0.0,0.4, , 
,558.22,2048,75.0,0.0,11101000,557.53,2112,0.0,0.00,244.8,557.87,0.0,0.4, , 
,559.27,2048,75.0,0.0,11101000,558.58,2048,16.1,3.09,244.8,558.93,0.0,0.4, , 
,560.34,2048,75.0,-17.6,11101000,559.64,2048,16.1,2.06,244.8,560.00,0.0,0.4, , 
,561.40,2080,75.0,-21.9,11101000,560.70,2048,20.8,2.06,295.8,561.05,0.0,0.4, , 
,562.47,2080,75.0,-24.2,11101000,561.74,2080,25.1,2.06,336.6,562.10,0.0,0.4, , 
,563.47,2112,75.0,-27.0,11101000,562.81,2080,22.0,2.06,295.8,563.14,0.0,0.4, , 
,564.51,2144,75.0,-28.9,11101000,563.81,2112,20.8,2.06,295.8,564.15,0.0,0.4, , 
,565.52,2144,75.0,-30.1,11111100,564.84,2144,20.8,2.06,295.8,565.16,0.0,0.4, , 
,566.57,2112,75.0,0.0,11111100,565.89,2144,16.1,1.03,244.8,566.24,0.0,0.4, , 
,567.62,2080,75.0,0.0,11111100,566.92,2080,0.0,0.00,244.8,567.26,0.0,0.4, , 
,568.64,2016,75.0,0.0,11111100,567.97,2048,0.0,0.00,244.8,568.30,0.0,0.4, , 
,569.68,2016,75.0,0.0,11111100,568.98,2016,0.0,0.00,244.8,569.34,0.0,0.4, , 
,570.72,1984,75.0,0.0,11111110,570.03,1984,0.0,0.00,244.8,570.37,0.0,0.4, , 
,571.63,896,75.0,0.0,11111110,571.06,1824,0.0,0.00,275.4,571.35,0.0,0.0, , 
,572.55,896,75.0,0.0,11111110,571.95,896,35.3,6.18,459.0,572.24,0.8,0.0, , 
,573.49,896,75.0,0.0,11111110,572.84,896,29.4,4.12,418.2,573.16,0.8,0.0, , 
,574.38,896,75.0,-5.1,11111110,573.79,896,29.4,4.12,418.2,574.08,0.8,0.0, , 
,575.34,896,75.0,-7.4,11111110,574.70,896,29.4,4.12,418.2,575.02,0.0,0.0, , 
,576.28,896,75.0,-7.4,11111110,575.66,896,31.0,4.12,418.2,575.98,0.0,0.0, , 
,577.19,864,75.0,-7.4,11111110,576.58,864,31.0,4.12,418.2,576.89,0.0,0.0, , 
,578.09,896,75.0,-7.8,11111110,577.50,896,31.0,4.12,418.2,577.78,0.8,0.0, , 
,579.00,896,75.0,-7.4,11111110,578.39,864,29.4,4.12,418.2,578.68,0.8,0.0, , 
,579.90,864,75.0,-7.8,11111110,579.29,864,31.0,4.12,418.2,579.60,0.8,0.0, , 
,580.78,864,75.0,-7.8,11111110,580.19,864,31.0,4.12,438.6,580.50,0.0,0.0, , 
,581.69,864,75.0,-7.4,11101010,581.08,864,31.0,4.12,418.2,581.38,0.0,0.0, , 
,582.65,1376,75.0,0.0,11101010,581.99,960,54.5,9.27,632.4,582.34,0.0,0.0, , 
,583.63,1696,75.0,0.0,11101010,582.99,1248,54.5,8.24,652.8,583.27,0.0,0.0, , 
,584.65,1792,75.0,0.0,11111110,583.98,1920,72.2,11.33,795.6,584.31,0.0,0.4, , 
,585.61,1088,75.0,0.0,11101010,584.97,1248,26.7,4.12,377.4,585.29,0.0,0.0, , 
,586.63,1344,75.0,0.0,11101010,585.92,1152,66.3,11.33,775.2,586.26,0.0,0.0, , 
,587.60,1632,75.0,0.0,11101010,586.90,1440,84.3,14.42,948.6,587.26,0.0,0.4, , 
,588.69,1984,75.0,-14.5,11101000,587.97,1760,85.5,14.42,948.6,588.33,0.0,0.4, , 
,589.70,2336,75.0,-23.8,11101000,589.01,2112,88.6,11.33,948.6,589.35,0.0,0.4, , 
,590.71,2656,75.0,-24.2,11101000,590.02,2432,87.1,10.30,948.6,590.37,0.0,0.4, , 
,591.70,2976,75.0,-21.9,11101000,591.04,2752,85.5,10.30,907.8,591.42,0.0,0.4, , 
,592.76,1632,75.0,0.0,11101010,592.04,2720,0.0,0.00,357.0,592.41,0.0,0.4, , 
,593.85,1792,75.0,0.0,11101010,593.13,1856,20.8,3.09,295.8,593.50,0.0,0.4, , 
,594.93,1856,75.0,0.0,11101010,594.21,1824,60.4,10.30,693.6,594.56,0.0,0.4, , 
,596.03,1856,75.0,0.0,11101010,595.31,1856,60.4,9.27,693.6,595.68,0.0,0.4, , 
,597.12,1856,75.0,-2.7,11101010,596.38,1856,48.6,7.21,571.2,596.75,0.0,0.4, , 
,598.23,1888,75.0,-3.5,11101010,597.48,1856,48.6,6.18,571.2,597.86,0.0,0.4, , 
,599.37,1856,75.0,-4.7,11101010,598.61,1856,48.6,6.18,571.2,598.98,0.0,0.4, , 
,600.48,1888,75.0,-6.3,11101010,599.73,1856,50.2,7.21,591.6,600.10,0.0,0.4, , 
,601.61,1824,75.0,-3.1,11101010,600.86,1856,48.6,6.18,591.6,601.23,0.0,0.4, , 
,602.71,1792,75.0,-4.3,11101010,602.00,1824,31.0,4.12,397.8,602.37,0.0,0.4, , 
,603.80,1792,75.0,-4.3,11101010,603.07,1792,41.2,5.15,499.8,603.43,0.0,0.4, , 
,604.86,1792,75.0,-1.2,11101010,604.17,1792,57.6,7.21,652.8,604.54,0.0,0.4, , 
,605.94,1824,75.0,2.3,11101010,605.23,1792,54.5,7.21,632.4,605.59,0.0,0.4, , 
,607.07,1824,75.0,3.5,11101010,606.33,1824,56.1,7.21,652.8,606.69,0.0,0.4, , 
,608.17,1824,75.0,3.9,11101010,607.42,1824,54.5,7.21,632.4,607.80,0.0,0.4, , 
,609.29,1856,75.0,2.7,11101010,608.52,1824,53.3,7.21,632.4,608.91,0.0,0.4, , 
,610.40,1856,75.0,-2.7,11101010,609.66,1888,53.3,7.21,632.4,610.04,0.0,0.4, , 
,611.50,1920,75.0,-3.1,11101010,610.77,1856,54.5,7.21,632.4,611.14,0.0,0.4, , 
,612.56,1984,75.0,-1.6,11101010,611.85,1952,62.0,8.24,714.0,612.22,0.0,0.4, , 
,613.63,2016,75.0,-0.8,11101000,612.92,1984,60.4,8.24,673.2,613.28,0.0,0.4, , 
,614.66,2048,75.0,-0.8,11101000,613.98,2048,60.4,8.24,673.2,614.33,0.0,0.4, , 
,615.70,2048,76.5,0.0,11101000,615.01,2048,45.9,5.15,571.2,615.35,0.0,0.4, , 
,616.79,1952,75.0,-21.5,11101010,616.06,2048,16.1,2.06,244.8,616.41,0.0,0.4, , 
,617.89,1888,75.0,0.0,11101010,617.18,1984,25.1,2.06,336.6,617.55,0.0,0.4, , 
,618.97,1920,76.5,-2.3,11101010,618.25,1888,41.2,5.15,499.8,618.61,0.0,0.4, , 
,620.04,1952,76.5,-1.6,11101010,619.32,1920,51.8,7.21,591.6,619.68,0.0,0.4, , 
,621.15,1984,76.5,-0.8,11101000,620.42,1952,48.6,6.18,571.2,620.77,0.0,0.4, , 
,622.22,1984,76.5,-1.6,11101000,621.50,1984,47.1,6.18,571.2,621.85,0.0,0.4, , 
,623.28,2016,76.5,-3.5,11101000,622.59,2016,45.9,6.18,550.8,622.94,0.0,0.4, , 
,624.31,2016,76.5,-4.3,11101000,623.62,2016,40.0,5.15,479.4,623.97,0.0,0.4, , 
,625.36,2016,76.5,-4.3,11101000,624.65,2016,38.4,5.15,459.0,625.01,0.0,0.4, , 
,626.43,2048,76.5,-4.3,11101000,625.70,2016,38.4,5.15,479.4,626.06,0.0,0.4, , 
,627.48,2048,76.5,-4.3,11101000,626.78,2016,40.0,5.15,479.4,627.13,0.0,0.4, , 
,628.53,2048,76.5,-4.3,11101000,627.84,2048,38.4,5.15,479.4,628.19,0.0,0.4, , 
,629.57,2080,76.5,-4.3,11101000,628.87,2048,38.4,5.15,459.0,629.22,0.0,0.4, , 
,630.63,2080,76.5,-2.3,11101000,629.91,2048,38.4,5.15,459.0,630.27,0.0,0.4, , 
,631.68,2080,76.5,-1.2,11101000,630.99,2080,38.4,5.15,459.0,631.33,0.0,0.4, , 
,632.72,2080,76.5,-1.6,11101000,632.04,2112,40.0,5.15,479.4,632.38,0.0,0.4, , 
,633.78,2112,76.5,-1.6,11101000,633.06,2112,38.4,5.15,459.0,633.41,0.0,0.4, , 
,634.80,2144,76.5,-1.6,11101000,634.12,2112,38.4,5.15,459.0,634.45,0.0,0.4, , 
,635.79,2144,76.5,-1.2,11101000,635.14,2144,38.4,5.15,459.0,635.47,0.0,0.4, , 
,636.82,2144,76.5,-2.3,11101000,636.14,2144,38.4,5.15,459.0,636.48,0.0,0.4, , 
,637.86,2176,76.5,-2.7,11101000,637.17,2176,35.3,4.12,438.6,637.52,0.0,0.4, , 
,638.87,2176,76.5,-2.0,11101000,638.20,2176,36.9,4.12,438.6,638.53,0.0,0.4, , 
,639.87,2176,76.5,-2.3,11101000,639.21,2176,38.4,5.15,459.0,639.54,0.0,0.4, , 
,640.89,2208,76.5,0.4,11101000,640.21,2176,36.9,5.15,459.0,640.55,0.0,0.4, , 
,641.87,2272,76.5,0.4,11101000,641.22,2208,44.3,6.18,520.2,641.54,0.0,0.4, , 
,642.90,2336,76.5,4.3,11101000,642.20,2272,53.3,7.21,612.0,642.54,0.0,0.4, , 
,643.94,2432,76.5,0.8,11101000,643.26,2368,56.1,8.24,632.4,643.59,0.0,0.4, , 
,644.96,2560,76.5,-7.0,11101000,644.29,2464,65.1,9.27,714.0,644.62,0.0,0.4, , 
,645.95,2720,76.5,-16.0,11101000,645.31,2592,81.2,11.33,867.0,645.64,0.0,0.4, , 
,646.96,2880,76.5,-21.1,11101000,646.30,2752,84.3,10.30,907.8,646.62,0.0,0.4, , 
,647.81,2976,76.5,0.0,11111100,647.23,2944,88.6,11.33,928.2,647.50,0.0,0.4, , 
,648.84,1920,76.5,0.0,11101010,648.15,2432,0.0,0.00,295.8,648.50,0.0,0.4, , 
,649.87,2176,76.5,0.0,11101000,649.19,2176,17.6,3.09,244.8,649.52,0.0,0.4, , 
,650.89,2144,76.5,0.0,11101000,650.21,2144,41.2,6.18,479.4,650.55,0.0,0.4, , 
,651.90,2208,76.5,0.0,11101000,651.22,2176,59.2,8.24,673.2,651.56,0.0,0.4, , 
,652.91,2304,76.5,-13.7,11101000,652.24,2240,87.1,14.42,948.6,652.58,0.0,0.4, , 
,653.93,2368,78.0,-22.3,11101000,653.24,2304,87.1,11.33,948.6,653.60,0.0,0.4, , 
,654.97,2432,78.0,-24.2,11101000,654.26,2400,87.1,10.30,928.2,654.62,0.0,0.4, , 
,656.01,2528,78.0,-23.0,11101000,655.32,2464,87.1,10.30,928.2,655.67,0.0,0.4, , 
,657.03,2592,78.0,-22.3,11101000,656.36,2560,85.5,11.33,928.2,656.70,0.0,0.4, , 
,658.04,2656,78.0,-20.7,11101000,657.36,2624,85.5,10.30,907.8,657.70,0.0,0.4, , 
,659.10,2752,78.0,-19.1,11101000,658.39,2688,84.3,10.30,907.8,658.75,0.0,0.4, , 
,660.12,2816,78.0,-20.3,11101000,659.44,2752,84.3,10.30,907.8,659.78,0.0,0.4, , 
,661.08,2880,78.0,-20.7,11101000,660.44,2848,91.4,11.33,969.0,660.76,0.0,0.4, , 
,662.06,2976,78.0,-20.7,11101000,661.46,2944,91.4,11.33,969.0,661.73,0.0,0.4, , 
,662.98,3040,78.0,-21.1,11101000,662.33,3008,91.4,12.36,969.0,662.67,0.0,0.4, , 
,664.02,3136,78.0,-21.1,11101000,663.32,3104,91.4,11.33,969.0,663.66,0.0,0.4, , 
,665.05,2400,78.0,0.0,11101000,664.35,2784,0.0,0.00,316.2,664.71,0.0,0.4, , 
,666.08,2400,78.0,0.0,11101000,665.38,2432,57.6,11.33,591.6,665.73,0.0,0.4, , 
,667.12,2464,78.0,-13.7,11101000,666.43,2432,91.4,15.45,969.0,666.77,0.0,0.4, , 
,668.19,2464,78.0,0.0,11101000,667.47,2464,91.4,12.36,969.0,667.82,0.0,0.4, , 
,669.22,2496,78.0,-2.0,11101000,668.55,2496,54.5,7.21,612.0,668.90,0.0,0.4, , 
,670.24,2496,78.0,-3.5,11101000,669.53,2496,51.8,7.21,591.6,669.88,0.0,0.4, , 
,671.28,2496,78.0,-3.9,11101000,670.60,2496,53.3,7.21,591.6,670.93,0.0,0.4, , 
,672.32,2496,78.0,-3.9,11101000,671.61,2496,53.3,7.21,612.0,671.97,0.0,0.4, , 
,673.39,2464,79.5,-4.3,11101000,672.69,2496,54.5,7.21,612.0,673.05,0.0,0.4, , 
,674.46,2464,79.5,-4.7,11101000,673.76,2496,53.3,7.21,612.0,674.11,0.0,0.4, , 
,675.49,2464,79.5,-3.9,11101001,674.81,2464,53.3,7.21,612.0,675.14,0.0,0.4, , 
,676.51,2496,79.5,-3.1,11101000,675.83,2496,57.6,8.24,652.8,676.17,0.0,0.4, , 
,677.54,2496,79.5,-2.7,11101000,676.84,2496,56.1,8.24,632.4,677.19,0.0,0.4, , 
,678.57,2496,79.5,-2.7,11101000,677.90,2496,56.1,8.24,632.4,678.22,0.0,0.4, , 
,679.60,2496,79.5,-3.5,11101000,678.90,2496,56.1,7.21,632.4,679.25,0.0,0.4, , 
,680.62,2496,79.5,0.0,11101001,679.94,2496,54.5,7.21,612.0,680.27,0.0,0.4, , 
,681.65,2464,79.5,-17.2,11101000,680.97,2464,20.8,2.06,295.8,681.30,0.0,0.4, , 
,682.65,2432,79.5,-27.7,11101000,681.99,2432,19.2,2.06,275.4,682.33,0.0,0.4, , 
,683.65,2400,79.5,-30.1,11111101,683.00,2400,19.2,2.06,275.4,683.33,0.0,0.4, , 
,684.65,2304,79.5,0.0,11111101,683.98,2368,0.0,0.00,244.8,684.31,0.0,0.4, , 
,685.67,2144,79.5,0.0,11111101,684.98,2240,0.0,0.00,244.8,685.33,0.0,0.4, , 
,686.70,1984,79.5,0.0,11111111,686.01,2080,0.0,0.00,244.8,686.35,0.0,0.4, , 
,687.81,1792,79.5,0.0,11111111,687.06,1920,0.0,0.00,275.4,687.43,0.0,0.4, , 
,688.87,1632,79.5,0.0,11111111,688.16,1728,0.0,0.00,316.2,688.53,0.0,0.4, , 
,689.81,1472,79.5,0.0,11111111,689.21,1600,0.0,0.00,316.2,689.54,0.0,0.4, , 
,690.83,1312,79.5,0.0,11111111,690.16,1408,0.0,0.00,336.6,690.51,0.0,0.0, , 
,691.78,1152,79.5,0.0,11111111,691.14,1280,23.5,4.12,336.6,691.47,0.0,0.0, , 
,692.72,928,79.5,0.0,11111110,692.09,1088,25.1,4.12,357.0,692.40,0.8,0.0, , 
,693.68,896,79.5,-2.7,11111111,693.03,896,28.2,4.12,397.8,693.35,0.8,0.0, , 
,694.59,864,79.5,-6.3,11111111,693.97,896,29.4,4.12,418.2,694.28,0.8,0.0, , 
,695.53,896,79.5,-7.4,11111111,694.92,896,29.4,4.12,418.2,695.23,0.8,0.0, , 
,696.45,896,79.5,-7.8,11111111,695.84,896,29.4,4.12,418.2,696.14,0.8,0.0, , 
,697.34,896,79.5,-8.2,11111111,696.76,896,29.4,3.09,418.2,697.06,0.8,0.0, , 
,698.25,896,79.5,-8.6,11111111,697.65,864,31.0,4.12,418.2,697.97,0.8,0.0, , 
,699.14,896,79.5,-8.2,11111111,698.53,864,31.0,4.12,438.6,698.84,0.8,0.0, , 
,700.04,864,79.5,-7.4,11111111,699.43,896,31.0,4.12,438.6,699.74,0.8,0.0, , 
,700.98,896,79.5,-7.4,11111111,700.36,864,32.5,4.12,438.6,700.66,0.8,0.0, , 
,701.92,832,79.5,-8.2,11111111,701.29,896,31.0,4.12,418.2,701.60,0.8,0.0, , 
,702.84,864,79.5,-9.4,11111111,702.21,832,32.5,4.12,438.6,702.52,0.8,0.0, , 
,703.78,928,79.5,-9.8,11111111,703.15,864,32.5,4.12,438.6,703.48,0.8,0.0, , 
,704.70,896,79.5,-9.0,11111111,704.10,896,31.0,4.12,418.2,704.40,0.8,0.0, , 
,705.58,928,79.5,-7.4,11111111,704.98,896,32.5,4.12,438.6,705.28,0.8,0.0, , 
,706.48,832,79.5,-6.3,11111111,705.89,896,31.0,4.12,418.2,706.18,0.8,0.0, , 
,707.39,800,79.5,-7.0,11111111,706.77,768,29.4,3.09,418.2,707.08,0.8,0.0, , 
,708.27,800,79.5,-8.2,11111111,707.69,800,32.5,4.12,459.0,707.98,0.8,0.0, , 
,709.18,800,81.0,-7.8,11111111,708.57,800,32.5,4.12,438.6,708.85,0.8,0.0, , 
,710.07,800,81.0,-7.0,11111111,709.47,800,32.5,4.12,438.6,709.77,0.8,0.0, , 
,710.94,800,79.5,-6.6,11111111,710.36,800,32.5,4.12,459.0,710.64,0.8,0.0, , 
,711.81,768,81.0,-6.6,11111111,711.25,800,31.0,4.12,438.6,711.53,0.8,0.0, , 
,712.74,768,81.0,-6.6,11111111,712.12,800,31.0,4.12,438.6,712.42,0.8,0.0, , 
,713.64,800,81.0,-7.0,11111111,713.04,800,31.0,4.12,438.6,713.35,0.8,0.0, , 
,714.54,800,81.0,-7.0,11111111,713.93,800,31.0,4.12,438.6,714.25,0.8,0.0, , 
,715.43,800,81.0,-7.0,11111111,714.83,800,31.0,4.12,438.6,715.14,0.8,0.0, , 
,716.33,768,81.0,-7.4,11111111,715.74,800,31.0,4.12,438.6,716.05,0.8,0.0, , 
,717.23,800,81.0,-7.8,11111111,716.63,800,31.0,4.12,438.6,716.94,0.8,0.0, , 
,718.11,800,81.0,-9.0,11111111,717.52,800,31.0,4.12,438.6,717.81,0.8,0.0, , 
,718.99,800,81.0,-9.0,11111111,718.40,800,31.0,4.12,438.6,718.69,0.8,0.0, , 
,719.90,800,81.0,-9.4,11111111,719.30,800,31.0,3.09,438.6,719.60,0.8,0.0, , 
,720.82,800,81.0,-8.6,11111111,720.20,800,31.0,3.09,438.6,720.52,0.8,0.0, , 
,721.72,800,81.0,-9.4,11111111,721.12,800,29.4,3.09,438.6,721.43,0.8,0.0, , 
,722.59,800,81.0,-9.4,11111111,722.01,768,29.4,3.09,438.6,722.31,0.8,0.0, , 
,723.48,768,81.0,-8.6,11111111,722.90,800,31.0,3.09,438.6,723.19,0.8,0.0, , 
,724.39,800,81.0,-9.0,11111111,723.79,800,31.0,3.09,438.6,724.09,0.8,0.0, , 
,725.31,800,81.0,-9.0,11111111,724.68,800,31.0,3.09,438.6,724.99,0.8,0.0, , 
,726.22,704,81.0,-10.2,11101011,725.62,800,29.4,3.09,438.6,725.91,0.8,0.0, , 
,727.20,2144,81.0,0.0,11101001,726.52,864,81.2,15.45,846.6,726.87,0.0,0.4, , 
,728.22,1952,81.0,-1.6,11101011,727.52,2240,63.5,9.27,714.0,727.86,0.0,0.4, , 
,729.25,2272,81.0,0.0,11101001,728.58,1760,73.7,11.33,826.2,728.92,0.0,0.4, , 
,730.25,1248,81.0,0.0,11101011,729.61,2112,0.0,0.00,397.8,729.91,0.0,0.4, , 
,731.30,1536,81.0,0.0,11101011,730.61,1504,73.7,12.36,846.6,730.91,0.0,0.0, , 
,732.37,1984,81.0,0.0,11101011,731.66,1696,87.1,14.42,989.4,732.03,0.0,0.4, , 
,733.40,2432,81.0,-18.8,11101001,732.72,2112,87.1,14.42,948.6,733.05,0.0,0.4, , 
,734.41,2880,79.5,-23.4,11101001,733.73,2560,90.2,11.33,969.0,734.07,0.0,0.4, , 
,735.40,2816,79.5,0.0,11111101,734.74,3008,90.2,11.33,948.6,735.10,0.0,0.4, , 
,736.41,2176,79.5,0.0,11101001,735.75,2304,22.0,3.09,295.8,736.08,0.0,0.4, , 
,737.40,2304,79.5,0.0,11101001,736.74,2208,85.5,14.42,928.2,737.07,0.0,0.4, , 
,738.41,2464,79.5,-19.5,11101000,737.74,2336,88.6,12.36,948.6,738.09,0.0,0.4, , 
,739.39,2656,79.5,-20.7,11101000,738.74,2560,91.4,11.33,969.0,739.07,0.0,0.4, , 
,740.42,2880,79.5,-21.1,11101000,739.73,2752,91.4,11.33,969.0,740.08,0.0,0.4, , 
,741.56,3104,79.5,-23.4,11101000,740.88,2976,91.4,12.36,969.0,741.20,0.0,0.4, , 
,742.63,3328,79.5,-25.0,11101000,741.92,3200,91.4,12.36,969.0,742.28,0.0,0.4, , 
,743.74,3552,79.5,-26.2,11101000,742.98,3392,91.4,12.36,969.0,743.35,0.0,0.4, , 
,744.92,3744,79.5,-23.4,11101000,744.17,3616,92.9,11.33,969.0,744.56,0.0,0.4, , 
,745.93,2816,79.5,0.0,11101001,745.23,3296,0.0,0.00,295.8,745.57,0.0,0.4, , 
,746.92,2816,79.5,0.0,11101001,746.25,2752,90.2,15.45,969.0,746.58,0.0,0.4, , 
,747.90,2912,79.5,-19.5,11101001,747.26,2848,91.4,13.39,969.0,747.58,0.0,0.4, , 
,748.96,3008,79.5,0.0,11101001,748.24,2944,91.4,13.39,969.0,748.69,0.0,0.4, , 
,749.96,3008,81.0,0.0,11101001,749.23,3008,51.8,7.21,591.6,749.69,0.0,0.4, , 
,750.76,2976,81.0,-10.5,11101001,750.23,3008,23.5,3.09,316.2,750.50,0.0,0.4, , 
,751.58,2944,81.0,-17.2,11101001,751.03,2976,25.1,3.09,336.6,751.30,0.0,0.4, , 
,752.70,2944,81.0,-20.7,11101001,752.03,2944,25.1,2.06,336.6,752.30,0.0,0.4, , 
,753.69,2912,81.0,-16.8,11101001,753.04,2912,35.3,4.12,418.2,753.33,0.0,0.4, , 
,754.80,2912,81.0,-12.9,11101001,754.06,2912,36.9,4.12,438.6,754.43,0.0,0.4, , 
,755.87,2912,81.0,0.0,11101001,755.16,2912,42.7,5.15,499.8,755.54,0.0,0.4, , 
,756.89,2944,82.5,-1.2,11101001,756.19,2912,50.2,7.21,571.2,756.60,0.0,0.4, , 
,758.00,2944,82.5,-2.3,11101001,757.28,2944,47.1,6.18,550.8,757.58,0.0,0.4, , 
,759.01,2944,82.5,-2.7,11101001,758.26,2944,45.9,6.18,550.8,758.73,0.0,0.4, , 
,760.07,2976,82.5,-2.0,11101001,759.30,2944,45.9,6.18,550.8,759.76,0.0,0.4, , 
,761.15,2976,82.5,-2.3,11101001,760.34,2976,47.1,6.18,550.8,760.68,0.0,0.4, , 
,762.15,2976,82.5,-2.7,11101001,761.62,2976,45.9,6.18,550.8,761.89,0.0,0.4, , 
,762.95,2976,82.5,-2.3,11101001,762.42,2976,45.9,6.18,520.2,762.69,0.0,0.4, , 
,763.84,2976,82.5,0.0,11111101,763.23,2976,47.1,6.18,550.8,763.53,0.0,0.4, , 
,764.85,2208,82.5,0.0,11101001,764.18,2496,0.0,0.00,295.8,764.51,0.0,0.4, , 
,765.84,2304,82.5,0.0,11101001,765.19,2272,91.4,15.45,989.4,765.51,0.0,0.4, , 
,766.86,2368,82.5,-22.7,11101001,766.18,2336,90.2,13.39,969.0,766.52,0.0,0.4, , 
,767.84,2400,82.5,-25.0,11101001,767.18,2368,90.2,13.39,969.0,767.50,0.0,0.4, , 
,768.90,2464,82.5,-23.8,11101001,768.20,2400,90.2,11.33,969.0,768.55,0.0,0.4, , 
,769.97,2496,82.5,0.0,11101001,769.26,2464,90.2,11.33,969.0,769.62,0.0,0.4, , 
,770.99,2496,82.5,0.0,11111101,770.27,2496,51.8,4.12,632.4,770.65,0.0,0.4, , 
,771.97,1728,82.5,0.0,11111111,771.34,2464,0.0,0.00,244.8,771.66,0.0,0.4, , 
,772.86,1024,82.5,0.0,11111111,772.29,1312,0.0,0.00,336.6,772.58,0.8,0.0, , 
,773.81,864,82.5,0.0,11111111,773.19,1024,28.2,4.12,397.8,773.49,0.8,0.0, , 
,774.72,928,82.5,0.0,11111111,774.11,896,28.2,4.12,397.8,774.40,0.8,0.0, , 
,775.62,896,82.5,-7.8,11111111,775.02,896,28.2,3.09,397.8,775.32,0.8,0.0, , 
,776.57,896,82.5,-10.2,11111111,775.93,896,28.2,3.09,397.8,776.26,0.8,0.0, , 
,777.48,896,82.5,-10.5,11111111,776.89,896,28.2,3.09,397.8,777.19,0.8,0.0, , 
,778.45,896,82.5,-10.5,11111111,777.79,896,28.2,3.09,397.8,778.12,0.8,0.0, , 
,779.41,896,82.5,-10.5,11111111,778.77,896,26.7,3.09,397.8,779.09,0.8,0.0, , 
,780.35,864,82.5,-10.9,11111111,779.73,896,26.7,3.09,397.8,780.05,0.8,0.0, , 
,781.29,864,84.0,-10.5,11111111,780.68,896,26.7,3.09,397.8,781.00,0.8,0.0, , 
,782.22,992,84.0,-10.5,11111111,781.59,864,26.7,3.09,397.8,781.90,0.8,0.0, , 
,783.26,1920,84.0,0.0,11111111,782.57,1440,20.8,2.06,316.2,782.92,0.0,0.4, , 
,784.34,1824,84.0,0.0,11111111,783.63,1888,0.0,0.00,295.8,783.98,0.0,0.4, , 
,785.30,960,84.0,0.0,11111111,784.67,1824,0.0,0.00,295.8,785.02,0.0,0.0, , 
,786.30,2304,84.0,0.0,11111101,785.64,1408,26.7,4.12,377.4,785.97,0.0,0.4, , 
,787.32,2208,84.0,0.0,11101001,786.65,2240,0.0,0.00,275.4,786.98,0.0,0.4, , 
,788.35,2176,84.0,0.0,11101001,787.66,2208,16.1,3.09,244.8,788.01,0.0,0.4, , 
,789.41,2208,84.0,0.0,11101001,788.71,2176,35.3,4.12,418.2,789.07,0.0,0.4, , 
,790.40,2336,82.5,1.6,11101001,789.73,2272,62.0,9.27,693.6,790.08,0.0,0.4, , 
,791.42,2464,82.5,0.0,11101001,790.74,2400,63.5,9.27,714.0,791.08,0.0,0.4, , 
,792.44,2464,82.5,-7.8,11101001,791.76,2464,29.4,3.09,377.4,792.11,0.0,0.4, , 
,793.51,2432,82.5,-15.2,11101001,792.80,2432,20.8,2.06,295.8,793.18,0.0,0.4, , 
,794.55,2464,81.0,-11.3,11101001,793.87,2432,34.1,4.12,418.2,794.21,0.0,0.4, , 
,795.60,2464,81.0,-15.6,11101001,794.90,2464,32.5,4.12,397.8,795.25,0.0,0.4, , 
,796.67,2432,81.0,-24.2,11101001,795.94,2464,20.8,2.06,295.8,796.31,0.0,0.4, , 
,797.67,2432,81.0,-27.0,11101001,796.98,2432,20.8,2.06,295.8,797.33,0.0,0.4, , 
,798.66,2400,81.0,-24.6,11101001,798.01,2432,22.0,2.06,295.8,798.34,0.0,0.4, , 
,799.72,2432,81.0,-16.8,11101001,799.02,2432,32.5,3.09,397.8,799.38,0.0,0.4, , 
,800.79,2464,79.5,-12.1,11101001,800.08,2432,31.0,3.09,377.4,800.41,0.0,0.4, , 
,801.89,2432,79.5,-20.7,11101001,801.16,2464,22.0,2.06,295.8,801.52,0.0,0.4, , 
,802.94,2432,79.5,-25.0,11101001,802.23,2464,19.2,2.06,275.4,802.58,0.0,0.4, , 
,804.02,2432,79.5,-28.1,11101001,803.30,2464,19.2,2.06,275.4,803.65,0.0,0.4, , 
,805.01,2400,79.5,-28.1,11111101,804.35,2432,17.6,1.03,244.8,804.68,0.0,0.4, , 
,805.97,2368,79.5,0.0,11111101,805.33,2400,17.6,1.03,244.8,805.64,0.0,0.4, , 
,806.95,2304,79.5,0.0,11111101,806.29,2336,0.0,0.00,275.4,806.62,0.0,0.4, , 
,807.95,2240,81.0,0.0,11111101,807.29,2272,0.0,0.00,244.8,807.62,0.0,0.4, , 
,808.93,2176,81.0,0.0,11111101,808.28,2208,0.0,0.00,244.8,808.60,0.0,0.4, , 
,809.96,2144,81.0,0.0,11111101,809.27,2176,0.0,0.00,244.8,809.60,0.0,0.4, , 
,811.01,2112,81.0,0.0,11101001,810.31,2112,0.0,0.00,244.8,810.67,0.0,0.4, , 
,812.05,2112,81.0,0.0,11101001,811.35,2080,16.1,2.06,244.8,811.70,0.0,0.4, , 
,813.12,2080,81.0,-20.3,11101001,812.40,2080,16.1,2.06,244.8,812.76,0.0,0.4, , 
,814.18,2112,81.0,-28.9,11101001,813.46,2080,16.1,1.03,244.8,813.83,0.0,0.4, , 
,815.18,2112,81.0,-30.5,11101001,814.52,2080,16.1,1.03,244.8,814.86,0.0,0.4, , 
,816.23,2112,81.0,-30.9,11101001,815.52,2112,16.1,1.03,244.8,815.88,0.0,0.4, , 
,817.24,2112,81.0,-30.9,11101001,816.56,2112,16.1,1.03,244.8,816.91,0.0,0.4, , 
,818.27,2144,81.0,-28.9,11111101,817.59,2112,16.1,1.03,244.8,817.94,0.0,0.4, , 
,819.30,2112,81.0,0.0,11111101,818.64,2112,0.0,0.00,244.8,818.97,0.0,0.4, , 
,820.33,2080,81.0,0.0,11111101,819.64,2080,0.0,0.00,244.8,819.98,0.0,0.4, , 
,821.35,2048,81.0,0.0,11111101,820.67,2080,0.0,0.00,244.8,821.02,0.0,0.4, , 
,822.39,2016,81.0,0.0,11111101,821.70,2048,0.0,0.00,244.8,822.04,0.0,0.4, , 
,823.46,2016,81.0,0.0,11111101,822.75,2016,0.0,0.00,244.8,823.09,0.0,0.4, , 
,824.54,1984,81.0,0.0,11101011,823.82,1984,0.0,0.00,244.8,824.18,0.0,0.4, , 
,825.61,2048,79.5,0.0,11101001,824.90,2016,16.1,2.06,244.8,825.26,0.0,0.4, , 
,826.67,2080,79.5,0.0,11101001,825.97,2016,25.1,3.09,336.6,826.32,0.0,0.4, , 
,827.70,1888,79.5,0.0,11111111,827.02,2112,54.5,8.24,632.4,827.36,0.0,0.4, , 
,828.61,992,79.5,0.0,11111111,828.02,1376,0.0,0.00,336.6,828.29,0.8,0.0, , 
,829.56,864,79.5,0.0,11111111,828.94,992,28.2,4.12,397.8,829.24,0.8,0.0, , 
,830.48,896,79.5,0.0,11111111,829.85,864,28.2,4.12,397.8,830.17,0.8,0.0, , 
,831.36,896,79.5,-5.9,11111111,830.78,864,28.2,3.09,397.8,831.06,0.8,0.0, , 
,832.26,864,79.5,-7.4,11111111,831.67,896,28.2,3.09,397.8,831.97,0.8,0.0, , 
,833.18,864,79.5,-7.4,11111111,832.56,896,29.4,3.09,397.8,832.87,0.8,0.0, , 
,834.07,896,79.5,-7.0,11111111,833.48,896,29.4,3.09,418.2,833.78,0.8,0.0, , 
,834.98,864,79.5,-6.6,11111111,834.38,864,28.2,3.09,397.8,834.69,0.8,0.0, , 
,835.96,1088,79.5,-5.5,11101011,835.28,864,31.0,4.12,438.6,835.62,0.8,0.0, , 
,836.98,1376,79.5,0.0,11101011,836.28,1344,32.5,4.12,418.2,836.62,0.0,0.0, , 
,838.03,1536,79.5,0.0,11101010,837.32,1408,71.0,11.33,795.6,837.71,0.0,0.0, , 
,839.09,1760,79.5,0.0,11101011,838.38,1600,84.3,13.39,948.6,838.73,0.0,0.4, , 
,840.15,1952,79.5,-15.2,11101011,839.44,1792,82.7,11.33,907.8,839.80,0.0,0.4, , 
,841.17,2144,79.5,-16.8,11101001,840.50,2016,78.4,9.27,887.4,840.84,0.0,0.4, , 
,842.17,2368,79.5,-14.5,11101001,841.50,2240,76.9,10.30,846.6,841.84,0.0,0.4, , 
,843.24,2592,79.5,-18.0,11101001,842.53,2432,81.2,10.30,887.4,842.88,0.0,0.4, , 
,844.22,2688,79.5,0.0,11111101,843.59,2720,82.7,10.30,907.8,843.92,0.0,0.4, , 
,845.30,1696,79.5,0.0,11101011,844.56,2208,0.0,0.00,295.8,844.93,0.0,0.4, , 
,846.36,1664,79.5,0.0,11101011,845.65,1696,25.1,4.12,357.0,846.01,0.0,0.4, , 
,847.48,1728,79.5,0.0,11101011,846.73,1696,67.8,10.30,775.2,847.09,0.0,0.4, , 
,848.52,1760,79.5,0.0,11101011,847.86,1760,57.6,7.21,673.2,848.19,0.0,0.4, , 
,849.57,1728,79.5,-1.2,11101011,848.87,1760,38.4,5.15,479.4,849.21,0.0,0.4, , 
,850.69,1696,79.5,-3.5,11101011,849.96,1728,34.1,4.12,438.6,850.31,0.0,0.4, , 
,851.78,1664,79.5,0.0,11101011,851.05,1664,28.2,4.12,377.4,851.42,0.0,0.4, , 
,852.84,1696,79.5,0.0,11101011,852.13,1664,67.8,11.33,775.2,852.49,0.0,0.4, , 
,853.95,1728,79.5,-0.8,11101011,853.21,1696,47.1,6.18,571.2,853.57,0.0,0.4, , 
,855.04,1760,79.5,-2.7,11101011,854.31,1728,51.8,7.21,612.0,854.69,0.0,0.4, , 
,856.12,1792,79.5,-3.5,11101011,855.40,1760,48.6,7.21,591.6,855.75,0.0,0.4, , 
,857.23,1824,79.5,-3.9,11101011,856.47,1792,54.5,8.24,652.8,856.85,0.0,0.4, , 
,858.35,1792,79.5,-3.9,11101011,857.61,1792,42.7,5.15,520.2,857.98,0.0,0.4, , 
,859.42,1792,79.5,-3.9,11101011,858.70,1792,42.7,5.15,520.2,859.04,0.0,0.4, , 
,860.52,1824,79.5,-3.5,11101011,859.79,1792,42.7,5.15,520.2,860.15,0.0,0.4, , 
,861.59,1824,79.5,-3.9,11101011,860.86,1824,42.7,5.15,520.2,861.21,0.0,0.4, , 
,862.66,1824,79.5,-3.1,11101011,861.93,1792,42.7,6.18,520.2,862.31,0.0,0.4, , 
,863.83,1792,81.0,-3.1,11101011,863.04,1792,42.7,6.18,520.2,863.43,0.0,0.4, , 
,864.89,1760,81.0,-3.5,11101011,864.21,1760,42.7,6.18,520.2,864.56,0.0,0.4, , 
,865.89,1792,81.0,-0.8,11101011,865.19,1792,42.7,6.18,520.2,865.51,0.0,0.4, , 
,867.00,1792,81.0,-0.8,11101011,866.25,1792,44.3,6.18,520.2,866.62,0.0,0.4, , 
,868.10,1792,81.0,-0.4,11101011,867.37,1792,44.3,6.18,550.8,867.71,0.0,0.4, , 
,869.20,1792,81.0,-2.0,11101011,868.44,1792,51.8,7.21,612.0,868.82,0.0,0.4, , 
,870.31,1824,81.0,-2.7,11101011,869.57,1824,51.8,7.21,612.0,869.95,0.0,0.4, , 
,871.41,1920,81.0,-3.1,11101011,870.69,1856,50.2,7.21,591.6,871.05,0.0,0.4, , 
,872.49,1952,81.0,-2.3,11101011,871.77,1920,50.2,6.18,591.6,872.12,0.0,0.4, , 
,873.57,2016,81.0,-1.6,11101001,872.85,1952,45.9,6.18,550.8,873.21,0.0,0.4, , 
,874.65,2016,81.0,-2.3,11101001,873.94,2016,42.7,5.15,520.2,874.30,0.0,0.4, , 
,875.69,2080,81.0,-2.0,11101001,875.00,2048,42.7,5.15,499.8,875.34,0.0,0.4, , 
,876.73,2144,81.0,-3.5,11101001,876.04,2080,38.4,5.15,459.0,876.40,0.0,0.4, , 
,877.81,2144,81.0,-3.1,11101001,877.10,2112,36.9,5.15,459.0,877.46,0.0,0.4, , 
,878.79,2176,81.0,-3.9,11101001,878.14,2144,36.9,4.12,438.6,878.46,0.0,0.4, , 
,879.80,2144,81.0,-11.7,11101001,879.12,2176,29.4,3.09,377.4,879.45,0.0,0.4, , 
,880.81,2144,81.0,-15.6,11101001,880.14,2144,26.7,3.09,336.6,880.48,0.0,0.4, , 
,881.85,2112,81.0,-16.8,11101001,881.15,2112,28.2,3.09,377.4,881.50,0.0,0.4, , 
,882.87,2144,82.5,-12.5,11101001,882.19,2112,34.1,3.09,418.2,882.55,0.0,0.4, , 
,883.89,2144,81.0,-4.7,11101001,883.22,2144,38.4,4.12,459.0,883.56,0.0,0.4, , 
,884.93,2144,82.5,-0.8,11101001,884.23,2144,38.4,5.15,459.0,884.59,0.0,0.4, , 
,885.95,2144,82.5,1.2,11101001,885.28,2144,38.4,5.15,459.0,885.62,0.0,0.4, , 
,886.99,2144,82.5,1.2,11101001,886.30,2144,38.4,5.15,459.0,886.64,0.0,0.4, , 
,888.02,2144,82.5,1.6,11101001,887.33,2176,38.4,5.15,459.0,887.67,0.0,0.4, , 
,889.02,2176,82.5,0.4,11101001,888.36,2144,38.4,5.15,459.0,888.69,0.0,0.4, , 
,890.11,2144,82.5,0.4,11101001,889.38,2144,36.9,5.15,459.0,889.74,0.0,0.4, , 
,891.15,2112,82.5,-1.2,11101001,890.46,2144,36.9,5.15,459.0,890.80,0.0,0.4, , 
,892.20,2080,82.5,-7.8,11101001,891.49,2112,28.2,3.09,357.0,891.84,0.0,0.4, , 
,893.28,2016,82.5,-12.5,11101001,892.56,2048,26.7,3.09,357.0,892.93,0.0,0.4, , 
,894.36,1984,82.5,-14.1,11101001,893.63,2016,28.2,3.09,377.4,893.99,0.0,0.4, , 
,895.45,1984,82.5,-15.2,11101011,894.71,1984,28.2,3.09,377.4,895.08,0.0,0.4, , 
,896.52,1952,82.5,-13.3,11101011,895.79,1952,28.2,3.09,377.4,896.17,0.0,0.4, , 
,897.60,1984,82.5,-9.0,11101011,896.87,1984,28.2,3.09,377.4,897.25,0.0,0.4, , 
,898.68,1984,82.5,-6.6,11101001,897.96,1984,31.0,3.09,397.8,898.32,0.0,0.4, , 
,899.76,2016,82.5,-2.0,11101001,899.04,1984,31.0,3.09,397.8,899.41,0.0,0.4, , 
,900.81,1984,82.5,0.0,11111101,900.12,2016,29.4,3.09,397.8,900.47,0.0,0.4, , 
,901.72,1088,82.5,0.0,11111111,901.09,1504,0.0,0.00,316.2,901.38,0.8,0.0, , 
,902.70,992,82.5,0.0,11111111,902.03,1088,28.2,4.12,397.8,902.34,0.8,0.0, , 
,903.62,928,82.5,0.0,11111111,903.01,960,25.1,3.09,357.0,903.31,0.8,0.0, , 
,904.58,896,82.5,-4.3,11111111,903.94,896,26.7,3.09,377.4,904.26,0.8,0.0, , 
,905.43,864,82.5,-5.1,11111111,904.87,896,26.7,3.09,397.8,905.16,0.8,0.0, , 
,906.35,896,82.5,-4.7,11111111,905.73,896,26.7,3.09,397.8,906.05,0.8,0.0, , 
,907.27,864,82.5,-4.3,11111111,906.66,864,28.2,3.09,397.8,906.96,0.8,0.0, , 
,908.17,864,82.5,-3.5,11111111,907.56,864,29.4,3.09,418.2,907.87,0.8,0.0, , 
,909.09,896,82.5,-2.3,11111111,908.48,864,29.4,3.09,418.2,908.80,0.8,0.0, , 
,910.00,1088,82.5,-2.0,11101011,909.38,992,26.7,3.09,397.8,909.70,0.8,0.0, , 
,910.93,1056,82.5,0.0,11101011,910.29,1088,32.5,4.12,418.2,910.60,0.0,0.0, , 
,911.92,1216,82.5,0.0,11101011,911.26,1152,44.3,6.18,571.2,911.58,0.0,0.0, , 
,912.89,1440,84.0,0.4,11101011,912.26,1280,63.5,8.24,734.4,912.62,0.0,0.0, , 
,913.99,1632,82.5,2.0,11101011,913.24,1504,45.9,5.15,571.2,913.61,0.0,0.4, , 
,915.11,1792,82.5,5.1,11101011,914.36,1696,44.3,5.15,550.8,914.75,0.0,0.4, , 
,916.22,1952,82.5,6.6,11101011,915.48,1856,38.4,5.15,479.4,915.85,0.0,0.4, , 
,917.28,2048,82.5,6.3,11101001,916.57,1952,35.3,4.12,438.6,916.93,0.0,0.4, , 
,918.33,2176,84.0,3.9,11101001,917.63,2080,32.5,4.12,418.2,917.98,0.0,0.4, , 
,919.33,2336,82.5,4.3,11101001,918.66,2240,36.9,5.15,459.0,918.99,0.0,0.4, , 
,920.34,2464,82.5,3.5,11101001,919.65,2368,35.3,4.12,418.2,919.99,0.0,0.4, , 
,921.37,2624,82.5,-0.4,11101001,920.70,2528,32.5,4.12,397.8,921.05,0.0,0.4, , 
,922.36,1376,82.5,0.0,11111111,921.70,2432,0.0,0.00,295.8,922.04,0.0,0.4, , 
,923.36,1824,82.5,0.0,11111111,922.67,992,26.7,4.12,377.4,923.02,0.0,0.0, , 
,924.40,1824,82.5,0.0,11101011,923.67,1792,0.0,0.00,316.2,924.03,0.0,0.4, , 
,925.51,1856,82.5,-10.5,11101011,924.77,1824,19.2,2.06,295.8,925.13,0.0,0.4, , 
,926.60,1888,82.5,-12.5,11101011,925.88,1824,25.1,3.09,336.6,926.24,0.0,0.4, , 
,927.69,1952,82.5,-17.2,11101011,926.96,1920,25.1,3.09,336.6,927.31,0.0,0.4, , 
,928.77,1984,82.5,-21.1,11101001,928.04,1984,23.5,2.06,336.6,928.40,0.0,0.4, , 
,929.82,2016,82.5,-23.8,11101001,929.11,2016,22.0,2.06,316.2,929.45,0.0,0.4, , 
,930.87,2048,82.5,-27.3,11101001,930.17,2048,19.2,2.06,275.4,930.52,0.0,0.4, , 
,931.91,2048,82.5,-30.1,11101001,931.21,2048,17.6,1.03,275.4,931.56,0.0,0.4, , 
,932.93,2080,82.5,-29.3,11111101,932.25,2048,17.6,1.03,275.4,932.58,0.0,0.4, , 
,934.02,1344,82.5,0.0,11111111,933.29,2048,16.1,1.03,244.8,933.67,0.0,0.4, , 
,934.95,1024,82.5,0.0,11111111,934.36,992,28.2,4.12,377.4,934.65,0.0,0.0, , 
,935.84,896,82.5,0.0,11111111,935.26,928,25.1,4.12,377.4,935.55,0.8,0.0, , 
,936.82,896,82.5,-3.5,11111111,936.15,896,28.2,4.12,397.8,936.48,0.8,0.0, , 
,937.70,896,82.5,-7.4,11111111,937.11,896,28.2,3.09,397.8,937.41,0.8,0.0, , 
,938.66,896,82.5,-8.2,11111111,938.03,896,28.2,3.09,397.8,938.35,0.8,0.0, , 
,939.59,896,82.5,-7.8,11111111,938.95,896,28.2,3.09,397.8,939.27,0.8,0.0, , 
,940.52,896,82.5,-7.8,11111111,939.91,896,28.2,3.09,397.8,940.21,0.8,0.0, , 
,941.45,992,82.5,-9.8,11101011,940.82,896,28.2,3.09,397.8,941.14,0.8,0.0, , 
,942.53,1600,82.5,-9.4,11101011,941.79,1664,28.2,3.09,397.8,942.14,0.0,0.4, , 
,943.60,1696,82.5,0.0,11101011,942.88,1600,47.1,7.21,571.2,943.24,0.0,0.4, , 
,944.64,1824,82.5,0.0,11101011,943.95,1760,67.8,10.30,775.2,944.30,0.0,0.4, , 
,945.74,1920,82.5,-1.6,11101011,944.99,1856,56.1,8.24,652.8,945.37,0.0,0.4, , 
,946.79,1984,82.5,-2.7,11101001,946.08,1952,48.6,6.18,571.2,946.43,0.0,0.4, , 
,947.86,1984,82.5,-6.3,11101011,947.15,1984,34.1,4.12,418.2,947.51,0.0,0.4, , 
,948.95,1984,82.5,-9.8,11101011,948.21,1984,28.2,3.09,377.4,948.57,0.0,0.4, , 
,950.02,1952,82.5,-7.0,11101011,949.32,1952,26.7,3.09,357.0,949.67,0.0,0.4, , 
,951.12,1952,82.5,2.3,11101011,950.39,1952,36.9,4.12,459.0,950.76,0.0,0.4, , 
,952.21,1952,82.5,6.3,11101011,951.49,1920,38.4,4.12,479.4,951.86,0.0,0.4, , 
,953.29,1920,82.5,10.5,11101011,952.58,1952,48.6,6.18,571.2,952.94,0.0,0.4, , 
,954.40,1920,82.5,12.5,11101011,953.66,1920,48.6,6.18,591.6,954.03,0.0,0.4, , 
,955.51,1920,82.5,11.7,11101011,954.76,1920,50.2,7.21,591.6,955.14,0.0,0.4, , 
,956.64,1888,82.5,11.3,11101011,955.88,1920,50.2,7.21,591.6,956.28,0.0,0.4, , 
,957.72,1888,82.5,10.9,11101011,957.00,1888,50.2,7.21,591.6,957.36,0.0,0.4, , 
,958.80,1888,82.5,11.7,11101011,958.08,1920,48.6,6.18,591.6,958.44,0.0,0.4, , 
,959.90,1888,82.5,10.2,11101011,959.16,1888,42.7,5.15,499.8,959.52,0.0,0.4, , 
,961.00,1888,82.5,4.3,11101011,960.27,1856,29.4,4.12,377.4,960.63,0.0,0.4, , 
,962.08,1856,82.5,5.5,11101011,961.37,1856,32.5,4.12,418.2,961.72,0.0,0.4, , 
,963.17,1888,82.5,8.6,11101011,962.44,1856,36.9,4.12,459.0,962.81,0.0,0.4, , 
,964.29,1856,82.5,-4.7,11101011,963.54,1888,29.4,4.12,377.4,963.92,0.0,0.4, , 
,965.40,1856,82.5,-9.4,11101011,964.67,1856,29.4,3.09,377.4,965.04,0.0,0.4, , 
,966.38,1280,82.5,0.0,11111111,965.75,1888,41.2,5.15,499.8,966.07,0.0,0.4, , 
,967.33,1088,82.5,0.0,11111111,966.71,1056,26.7,4.12,377.4,967.02,0.8,0.0, , 
,968.29,928,82.5,0.0,11111111,967.68,1024,23.5,3.09,357.0,967.98,0.8,0.0, , 
,969.21,896,82.5,-3.1,11111111,968.59,864,26.7,3.09,377.4,968.91,0.8,0.0, , 
,970.13,864,82.5,-6.3,11111111,969.54,896,26.7,3.09,397.8,969.83,0.8,0.0, , 
,971.08,864,82.5,-6.6,11111111,970.46,896,28.2,3.09,397.8,970.78,0.8,0.0, , 
,972.01,864,82.5,-6.3,11111111,971.39,896,26.7,3.09,397.8,971.70,0.8,0.0, , 
,972.96,864,82.5,-6.3,11111111,972.33,896,28.2,3.09,397.8,972.64,0.8,0.0, , 
,973.88,864,82.5,-6.3,11111111,973.26,864,28.2,3.09,397.8,973.56,0.8,0.0, , 
,974.86,1024,82.5,-5.9,11101011,974.19,864,31.0,3.09,418.2,974.53,0.8,0.0, , 
,975.79,1088,82.5,-3.9,11101011,975.15,1056,26.7,3.09,377.4,975.46,0.0,0.0, , 
,976.72,1088,82.5,0.4,11101011,976.09,1056,34.1,4.12,438.6,976.40,0.0,0.0, , 
,977.66,1152,82.5,-8.6,11101011,977.05,1088,44.3,6.18,550.8,977.34,0.0,0.0, , 
,978.67,1280,82.5,-4.3,11101011,978.00,1184,48.6,6.18,612.0,978.35,0.0,0.0, , 
,979.70,1408,84.0,-1.2,11101011,979.01,1312,45.9,6.18,571.2,979.36,0.0,0.0, , 
,980.85,1504,84.0,0.8,11101011,980.07,1440,41.2,5.15,520.2,980.45,0.0,0.0, , 
,981.87,1536,84.0,3.1,11101011,981.20,1504,35.3,5.15,459.0,981.53,0.0,0.4, , 
,982.91,1664,84.0,5.9,11101011,982.22,1568,41.2,5.15,499.8,982.56,0.0,0.4, , 
,983.97,1696,84.0,6.3,11101011,983.24,1664,36.9,5.15,459.0,983.59,0.0,0.4, , 
,985.05,1792,84.0,2.0,11101011,984.32,1760,36.9,5.15,459.0,984.69,0.0,0.4, , 
,986.11,1824,84.0,-6.3,11101011,985.41,1824,31.0,4.12,397.8,985.75,0.0,0.4, , 
,987.22,1824,82.5,-12.1,11101011,986.47,1824,25.1,3.09,336.6,986.85,0.0,0.4, , 
,988.33,1888,82.5,-12.1,11101011,987.60,1856,29.4,3.09,377.4,987.97,0.0,0.4, , 
,989.41,1952,82.5,-14.8,11101011,988.69,1888,29.4,3.09,377.4,989.05,0.0,0.4, , 
,990.49,1952,82.5,-13.3,11101011,989.78,1920,26.7,3.09,357.0,990.14,0.0,0.4, , 
,991.56,2048,82.5,-7.4,11101001,990.85,1984,36.9,4.12,459.0,991.21,0.0,0.4, , 
,992.58,1440,82.5,0.0,11111111,991.92,2080,31.0,3.09,397.8,992.26,0.0,0.4, , 
,993.51,1088,82.5,0.0,11111111,992.87,992,25.1,4.12,357.0,993.19,0.8,0.0, , 
,994.38,928,82.5,0.0,11111111,993.80,1024,23.5,3.09,357.0,994.07,0.8,0.0, , 
,995.31,896,82.5,-2.3,11111111,994.69,896,25.1,3.09,377.4,994.99,0.8,0.0, , 
,996.22,896,82.5,-4.3,11111111,995.62,896,26.7,3.09,397.8,995.92,0.8,0.0, , 
,997.13,896,82.5,-3.9,11111111,996.52,864,26.7,3.09,397.8,996.82,0.8,0.0, , 
,998.06,864,82.5,-3.5,11111111,997.45,896,26.7,3.09,397.8,997.76,0.8,0.0, , 
,998.94,896,82.5,-3.1,11111111,998.36,896,28.2,3.09,397.8,998.66,0.8,0.0, , 
,999.82,864,82.5,-2.3,11111111,999.23,896,28.2,3.09,397.8,999.53,0.8,0.0, , 
,1000.76,864,82.5,-1.6,11111111,1000.13,832,29.4,4.12,418.2,1000.45,0.8,0.0, , 
,1001.68,896,82.5,-0.4,11111111,1001.06,864,31.0,4.12,438.6,1001.38,0.8,0.0, , 
,1002.59,800,82.5,0.0,11111111,1001.99,864,29.4,3.09,418.2,1002.30,0.8,0.0, , 
,1003.51,1376,82.5,0.0,11101011,1002.87,736,34.1,4.12,459.0,1003.17,0.0,0.0, , 
,1004.46,832,82.5,0.0,11101011,1003.86,1312,44.3,5.15,550.8,1004.15,0.0,0.0, , 
,1005.46,1312,82.5,0.0,11111111,1004.78,1024,53.3,7.21,652.8,1005.12,0.0,0.0, , 
,1006.42,1056,82.5,-2.0,11111111,1005.78,1280,25.1,3.09,357.0,1006.10,0.8,0.0, , 
,1007.34,768,82.5,-10.2,11111111,1006.72,864,26.7,3.09,377.4,1007.04,0.8,0.0, , 
,1008.24,864,82.5,-18.8,11111111,1007.64,896,34.1,4.12,459.0,1007.93,0.8,0.0, , 
,1009.16,896,82.5,-16.8,11111111,1008.54,864,32.5,3.09,438.6,1008.85,0.8,0.0, , 
,1010.10,896,82.5,-11.7,10111111,1009.48,832,32.5,4.12,459.0,1009.80,0.0,0.0, , 
,1011.06,896,82.5,-7.8,10111111,1010.42,896,31.0,3.09,438.6,1010.74,0.8,0.0, , 
,1011.96,768,82.5,-5.1,10111111,1011.36,864,31.0,4.12,438.6,1011.66,0.8,0.0, , 
,1012.88,736,82.5,-3.1,10111111,1012.26,768,34.1,4.12,459.0,1012.56,0.8,0.0, , 
,1013.73,736,82.5,-2.3,10111111,1013.15,704,38.4,5.15,499.8,1013.43,0.8,0.0, , 
,1014.62,864,82.5,-6.6,10111111,1014.04,800,44.3,6.18,571.2,1014.33,0.0,0.0, , 
,1015.54,896,82.5,-7.0,10111111,1014.92,864,35.3,4.12,479.4,1015.24,0.8,0.0, , 
,1016.45,896,82.5,-4.7,10111111,1015.84,896,34.1,4.12,459.0,1016.16,0.0,0.0, , 
,1017.39,928,84.0,-2.0,10111111,1016.77,896,34.1,4.12,459.0,1017.06,0.0,0.0, , 
,1018.30,800,84.0,-0.4,10111111,1017.69,896,32.5,4.12,438.6,1018.01,0.8,0.0, , 
,1019.20,800,84.0,1.2,10101011,1018.59,768,34.1,4.12,479.4,1018.90,0.8,0.0, , 
,1020.09,800,84.0,0.8,10101011,1019.50,800,36.9,5.15,499.8,1019.80,0.8,0.0, , 
,1021.00,896,84.0,0.8,10111111,1020.37,768,40.0,5.15,520.2,1020.68,0.0,0.0, , 
,1021.91,832,84.0,-0.8,10111111,1021.29,896,29.4,4.12,418.2,1021.59,0.8,0.0, , 
,1022.89,1728,84.0,0.0,10101011,1022.22,768,34.1,4.12,438.6,1022.55,0.0,0.0, , 
,1023.80,1184,84.0,0.0,10111111,1023.17,1600,42.7,5.15,520.2,1023.49,0.0,0.0, , 
,1024.79,1280,84.0,-4.3,10111111,1024.14,1184,32.5,4.12,438.6,1024.47,0.0,0.0, , 
,1025.71,800,84.0,-5.9,10111111,1025.10,1152,23.5,3.09,336.6,1025.40,0.8,0.0, , 
,1026.59,768,82.5,-15.2,10111111,1026.02,832,34.1,5.15,459.0,1026.30,0.8,0.0, , 
,1027.49,768,84.0,-18.8,10101011,1026.88,768,31.0,3.09,438.6,1027.19,0.8,0.0, , 
,1028.54,1504,82.5,-1.6,10101011,1027.81,992,60.4,10.30,714.0,1028.21,0.0,0.4, , 
,1029.48,1024,82.5,0.0,10111111,1028.89,1536,38.4,4.12,499.8,1029.17,0.0,0.0, , 
,1030.39,832,82.5,0.0,10111111,1029.80,1056,28.2,4.12,397.8,1030.12,0.8,0.0, , 
,1031.28,832,82.5,0.0,10111111,1030.70,672,28.2,4.12,397.8,1030.98,0.8,0.0, , 
,1032.21,800,82.5,-3.9,10111111,1031.59,800,31.0,4.12,438.6,1031.90,0.8,0.0, , 
,1033.08,800,82.5,-7.0,10111111,1032.50,768,29.4,3.09,418.2,1032.79,0.8,0.0, , 
,1033.96,800,82.5,-7.4,10111111,1033.36,800,29.4,3.09,438.6,1033.66,0.8,0.0, , 
,1034.85,768,82.5,-7.4,10111111,1034.25,768,29.4,3.09,418.2,1034.54,0.8,0.0, , 
,1035.77,768,82.5,-6.3,10111111,1035.17,768,29.4,3.09,418.2,1035.48,0.8,0.0, , 
,1036.64,800,82.5,-5.1,10111111,1036.05,768,29.4,3.09,418.2,1036.33,0.8,0.0, , 
,1037.54,800,82.5,-3.9,10111111,1036.93,800,29.4,3.09,418.2,1037.24,0.8,0.0, , 
,1038.43,800,82.5,-3.5,10111111,1037.85,800,29.4,3.09,418.2,1038.14,0.8,0.0, , 
,1039.34,800,82.5,-3.5,10111111,1038.73,800,29.4,3.09,418.2,1039.04,0.8,0.0, , 
,1040.23,800,82.5,-3.9,10111111,1039.63,800,28.2,3.09,418.2,1039.93,0.8,0.0, , 
,1041.14,800,82.5,-4.3,10111111,1040.53,800,29.4,3.09,418.2,1040.83,0.8,0.0, , 
,1042.04,768,82.5,-4.7,10111111,1041.43,800,29.4,3.09,418.2,1041.73,0.8,0.0, , 
,1042.96,800,84.0,-4.7,10111111,1042.36,800,29.4,3.09,418.2,1042.65,0.8,0.0, , 
,1043.85,800,84.0,-5.1,10111111,1043.26,768,28.2,3.09,418.2,1043.55,0.8,0.0, , 
,1044.74,800,84.0,-5.1,10111111,1044.15,800,28.2,3.09,418.2,1044.44,0.8,0.0, , 
,1045.65,768,84.0,-5.1,10111111,1045.05,800,28.2,3.09,418.2,1045.33,0.8,0.0, , 
,1046.54,768,84.0,-5.1,10111111,1045.95,768,28.2,3.09,418.2,1046.25,0.8,0.0, , 
,1047.44,800,84.0,-4.7,10111111,1046.85,768,29.4,3.09,418.2,1047.14,0.8,0.0, , 
,1048.34,768,84.0,-5.1,10111111,1047.73,768,29.4,3.09,418.2,1048.04,0.8,0.0, , 
,1049.21,800,84.0,-5.1,10111111,1048.63,768,29.4,3.09,418.2,1048.92,0.8,0.0, , 
,1050.12,768,84.0,-5.1,10111111,1049.52,800,29.4,3.09,418.2,1049.82,0.8,0.0, , 
,1051.03,800,84.0,-5.5,10111111,1050.42,800,29.4,3.09,418.2,1050.71,0.8,0.0, , 
,1051.95,768,84.0,-6.3,10111111,1051.34,768,29.4,3.09,418.2,1051.64,0.8,0.0, , 
,1052.87,768,84.0,-5.1,10111111,1052.26,768,29.4,3.09,418.2,1052.56,0.8,0.0, , 
,1053.74,768,84.0,-5.1,10111111,1053.17,768,29.4,3.09,418.2,1053.45,0.8,0.0, , 
,1054.64,768,84.0,-5.1,10111111,1054.04,768,29.4,3.09,418.2,1054.34,0.8,0.0, , 
,1055.54,800,84.0,-5.1,10111111,1054.94,768,29.4,3.09,418.2,1055.23,0.8,0.0, , 
,1056.43,768,84.0,-5.5,10111111,1055.84,800,29.4,3.09,438.6,1056.14,0.8,0.0, , 
,1057.34,800,84.0,-6.6,10111111,1056.73,768,29.4,3.09,438.6,1057.04,0.8,0.0, , 
,1058.24,768,84.0,-7.4,10111111,1057.64,768,29.4,3.09,418.2,1057.93,0.8,0.0, , 
,1059.16,768,84.0,-7.8,10111111,1058.55,800,29.4,3.09,438.6,1058.86,0.8,0.0, , 
,1060.06,800,84.0,-5.5,10111111,1059.45,800,29.4,3.09,438.6,1059.75,0.8,0.0, , 
,1060.95,800,85.5,-4.7,10111111,1060.34,800,29.4,3.09,418.2,1060.66,0.8,0.0, , 
,1061.85,768,85.5,-3.9,10111111,1061.25,800,29.4,3.09,438.6,1061.55,0.8,0.0, , 
,1062.74,800,85.5,-2.7,10111111,1062.15,800,29.4,3.09,438.6,1062.45,0.8,0.0, , 
,1063.68,800,85.5,-1.6,10111111,1063.06,800,29.4,3.09,438.6,1063.37,0.8,0.0, , 
,1064.57,768,85.5,-1.2,10111111,1063.98,800,29.4,3.09,438.6,1064.28,0.8,0.0, , 
,1065.45,768,85.5,-0.8,10111111,1064.86,768,29.4,3.09,418.2,1065.15,0.8,0.0, , 
,1066.39,800,85.5,-0.4,10111111,1065.76,768,29.4,3.09,438.6,1066.07,0.8,0.0, , 
,1067.31,800,85.5,-0.8,10111111,1066.70,800,29.4,3.09,438.6,1067.02,0.8,0.0, , 
,1068.20,800,85.5,-0.8,10111111,1067.60,800,29.4,3.09,418.2,1067.90,0.8,0.0, , 
,1069.09,800,85.5,-1.2,10111111,1068.50,800,29.4,3.09,418.2,1068.79,0.8,0.0, , 
,1070.01,800,85.5,-1.2,10111111,1069.40,800,29.4,3.09,418.2,1069.70,0.8,0.0, , 
,1070.92,768,85.5,-1.2,10111111,1070.32,800,29.4,3.09,418.2,1070.62,0.8,0.0, , 
,1071.82,800,85.5,-1.2,10111111,1071.23,768,29.4,3.09,418.2,1071.52,0.8,0.0, , 
,1072.70,800,85.5,-1.2,10111111,1072.11,800,29.4,3.09,418.2,1072.40,0.8,0.0, , 
,1073.60,800,85.5,-1.2,10111111,1073.01,800,29.4,3.09,418.2,1073.31,0.8,0.0, , 
,1074.50,800,85.5,-0.8,10111111,1073.90,768,28.2,3.09,418.2,1074.20,0.8,0.0, , 
,1075.38,768,85.5,-2.7,10111111,1074.79,800,28.2,3.09,418.2,1075.09,0.8,0.0, , 
,1076.28,800,85.5,-2.7,10111111,1075.69,800,28.2,3.09,418.2,1075.98,0.8,0.0, , 
,1077.18,800,85.5,-2.7,10111111,1076.58,800,28.2,3.09,418.2,1076.88,0.8,0.0, , 
,1078.10,768,85.5,-3.1,10111111,1077.49,800,28.2,3.09,418.2,1077.79,0.8,0.0, , 
,1078.99,800,85.5,-2.7,10111111,1078.38,800,28.2,3.09,418.2,1078.68,0.8,0.0, , 
,1079.90,800,85.5,-3.1,10111111,1079.29,800,28.2,3.09,418.2,1079.61,0.8,0.0, , 
,1080.82,800,85.5,-3.5,10111111,1080.20,768,28.2,3.09,418.2,1080.52,0.8,0.0, , 
,1081.71,800,85.5,-3.9,10111111,1081.12,800,28.2,3.09,418.2,1081.42,0.8,0.0, , 
,1082.61,768,85.5,-3.9,10111111,1082.01,800,28.2,3.09,418.2,1082.31,0.8,0.0, , 
,1083.50,800,85.5,-4.3,10111111,1082.90,800,28.2,3.09,418.2,1083.20,0.8,0.0, , 
,1084.39,800,85.5,-4.7,10111111,1083.80,768,28.2,3.09,418.2,1084.09,0.8,0.0, , 
,1085.28,768,85.5,-4.7,10111111,1084.69,800,28.2,3.09,418.2,1084.99,0.8,0.0, , 
,1086.19,768,85.5,-4.7,10111111,1085.58,768,28.2,3.09,418.2,1085.88,0.8,0.0, , 
,1087.07,768,85.5,-4.7,10111111,1086.48,768,28.2,3.09,418.2,1086.78,0.8,0.0, , 
,1087.99,768,85.5,-5.1,10111111,1087.38,800,28.2,3.09,418.2,1087.68,0.8,0.0, , 
,1088.90,800,85.5,-5.1,10111111,1088.29,800,28.2,3.09,418.2,1088.60,0.8,0.0, , 
,1089.79,800,85.5,-5.1,10111111,1089.20,800,28.2,3.09,418.2,1089.50,0.8,0.0, , 
,1090.71,800,85.5,-5.1,10111111,1090.10,800,28.2,3.09,418.2,1090.41,0.8,0.0, , 
,1091.63,800,85.5,-5.1,10111111,1091.01,800,28.2,3.09,418.2,1091.32,0.8,0.0, , 
,1092.53,800,85.5,-5.1,10111111,1091.92,768,28.2,3.09,418.2,1092.24,0.8,0.0, , 
,1093.44,800,85.5,-5.1,10111111,1092.83,768,28.2,3.09,418.2,1093.13,0.8,0.0, , 
,1094.33,768,85.5,-4.7,10111111,1093.73,800,28.2,3.09,418.2,1094.03,0.8,0.0, , 
,1095.20,800,85.5,-4.7,10111111,1094.61,800,28.2,3.09,418.2,1094.90,0.8,0.0, , 
,1096.10,800,85.5,-4.7,10111111,1095.51,800,28.2,3.09,418.2,1095.80,0.8,0.0, , 
,1097.00,800,85.5,-4.7,10111111,1096.41,800,28.2,3.09,418.2,1096.70,0.8,0.0, , 
,1097.90,768,85.5,-4.7,10111111,1097.30,800,28.2,3.09,418.2,1097.60,0.8,0.0, , 
,1098.81,800,87.0,-4.3,10111111,1098.20,768,28.2,3.09,418.2,1098.51,0.8,0.0, , 
,1099.70,768,87.0,-4.3,10111111,1099.11,768,28.2,3.09,418.2,1099.40,0.8,0.0, , 
,1100.59,800,85.5,-3.9,10111111,1100.00,768,28.2,3.09,418.2,1100.29,0.8,0.0, , 
,1101.49,768,85.5,-3.9,10111111,1100.89,800,28.2,3.09,418.2,1101.19,0.8,0.0, , 
,1102.39,800,85.5,-4.3,10111111,1101.78,768,28.2,3.09,418.2,1102.09,0.8,0.0, , 
,1103.30,800,87.0,-4.3,10111111,1102.69,800,28.2,3.09,418.2,1102.97,0.8,0.0, , 
,1104.20,800,87.0,-4.7,10111111,1103.60,800,28.2,3.09,418.2,1103.90,0.8,0.0, , 
,1105.09,768,87.0,-4.3,10111111,1104.51,800,29.4,3.09,418.2,1104.80,0.8,0.0, , 
,1105.99,768,87.0,-4.3,10111111,1105.39,768,29.4,3.09,418.2,1105.69,0.8,0.0, , 
,1106.90,800,87.0,-4.3,10111111,1106.29,800,29.4,3.09,418.2,1106.59,0.8,0.0, , 
,1107.77,800,87.0,-4.3,10111111,1107.19,768,28.2,3.09,418.2,1107.48,0.8,0.0, , 
,1108.66,800,87.0,-4.3,10111111,1108.07,800,28.2,3.09,418.2,1108.37,0.8,0.0, , 
,1109.56,800,87.0,-4.3,10111111,1108.95,768,28.2,3.09,418.2,1109.26,0.8,0.0, , 
,1110.46,800,87.0,-3.9,10111111,1109.85,768,28.2,3.09,418.2,1110.15,0.8,0.0, , 
,1111.36,768,87.0,-4.3,10111111,1110.76,800,28.2,3.09,418.2,1111.06,0.8,0.0, , 
,1112.27,768,87.0,-4.3,10111111,1111.65,800,28.2,3.09,418.2,1111.96,0.8,0.0, , 
,1113.15,768,87.0,-4.3,10111111,1112.56,800,28.2,3.09,418.2,1112.86,0.8,0.0, , 
,1114.06,768,87.0,-4.3,10111111,1113.45,768,28.2,3.09,418.2,1113.75,0.8,0.0, , 
,1114.95,768,87.0,-4.3,10111111,1114.36,768,28.2,3.09,418.2,1114.66,0.8,0.0, , 
,1115.84,768,87.0,-4.3,10111111,1115.24,800,28.2,3.09,418.2,1115.55,0.8,0.0, , 
,1116.73,768,87.0,-4.3,10111111,1116.14,768,28.2,3.09,418.2,1116.44,0.8,0.0, , 
,1117.63,800,87.0,-4.3,10111111,1117.03,768,28.2,3.09,418.2,1117.32,0.8,0.0, , 
,1118.52,768,87.0,-4.7,10111111,1117.93,800,28.2,3.09,418.2,1118.22,0.8,0.0, , 
,1119.44,800,87.0,-4.7,10111111,1118.82,800,29.4,3.09,418.2,1119.12,0.8,0.0, , 
