Czwartek,20,Sierpień,2026,06:40:16:00009-VCID:1C3761778CABCE7337-5178,Wersja VCDS: AKP 23.3.1,Wersja danych: 20230601 DS346.2
047 906 033 L,,1.4l SIMOS3PA   00HS5401,

,Grupa A:,'001,,,,Grupa B:,'002,,,,Grupa C:,'033
,,Obroty silnika,Temperatura,Lambda,Bity binarnie,,Obroty silnika,Obciążenie,Czas wtrysku,Ciśnienie rzecz.,,Lambda,Napięcie, , 
,CZAS,,,,,CZAS,,,,,CZAS,,,,
Znacznik,ZAPISU, /min,*C, %,,ZAPISU, /min, %, ms, mbar,ZAPISU, %, V,,
,0.62,928,24.0,0.0,10110110,0.01,896,36.9,5.15,438.6,0.31,0.0,1.45, , 
,1.55,896,25.5,0.0,10110110,0.93,896,36.9,5.15,438.6,1.25,0.0,1.45, , 
,2.49,896,25.5,0.0,10110110,1.85,928,36.9,5.15,438.6,2.17,0.0,1.48, , 
,3.46,928,25.5,0.0,10110110,2.84,928,36.9,5.15,438.6,3.16,0.0,1.48, , 
,4.37,928,25.5,0.0,10110110,3.76,928,36.9,5.15,438.6,4.07,0.0,1.45, , 
,5.31,928,25.5,0.0,10110110,4.68,896,36.9,5.15,459.0,5.00,0.0,1.48, , 
,6.19,928,25.5,0.0,10110110,5.60,896,36.9,5.15,438.6,5.89,0.0,1.48, , 
,7.11,896,25.5,0.0,10110110,6.49,896,36.9,5.15,438.6,6.79,0.0,1.48, , 
,8.04,896,25.5,0.0,10110110,7.44,896,36.9,5.15,438.6,7.74,0.0,1.48, , 
,8.95,896,25.5,0.0,10110110,8.35,896,36.9,5.15,438.6,8.64,0.0,1.48, , 
,9.89,896,25.5,0.0,10110110,9.27,896,36.9,5.15,438.6,9.57,0.0,1.45, , 
,10.83,928,27.0,0.0,10110110,10.19,896,36.9,5.15,438.6,10.51,0.0,1.45, , 
,11.74,896,27.0,1.6,10111110,11.13,896,36.9,5.15,438.6,11.42,1.2,1.45, , 
,12.69,896,27.0,3.5,10111110,12.04,896,36.9,5.15,438.6,12.36,2.7,1.45, , 
,13.59,896,27.0,4.3,10111110,12.99,896,35.3,5.15,438.6,13.28,4.3,1.37, , 
,14.54,928,27.0,4.3,10111110,13.89,896,35.3,5.15,438.6,14.22,4.3,1.33, , 
,15.47,896,27.0,3.9,10111110,14.86,896,35.3,5.15,438.6,15.15,4.3,1.33, , 
,16.40,896,27.0,3.1,10111110,15.78,896,35.3,5.15,438.6,16.09,3.5,1.33, , 
,17.31,896,27.0,2.3,10111110,16.72,896,35.3,5.15,438.6,17.02,2.7,1.29, , 
,18.21,896,27.0,2.0,10111110,17.60,896,34.1,5.15,418.2,17.91,2.0,1.33, , 
,19.19,896,27.0,2.3,10111110,18.54,896,35.3,5.15,438.6,18.87,2.0,1.37, , 
,20.13,896,27.0,2.3,10111110,19.50,896,35.3,5.15,438.6,19.82,2.3,1.37, , 
,21.04,896,27.0,2.3,10111110,20.44,896,35.3,5.15,438.6,20.73,2.3,1.37, , 
,21.97,896,28.5,2.7,10111110,21.35,896,35.3,5.15,438.6,21.65,2.7,1.37, , 
,22.90,896,28.5,3.1,10111110,22.29,896,35.3,5.15,438.6,22.61,3.1,1.37, , 
,23.81,896,28.5,3.5,10111110,23.20,896,34.1,5.15,438.6,23.50,3.1,1.37, , 
,24.75,896,28.5,3.5,10111110,24.15,896,35.3,5.15,438.6,24.45,3.5,1.33, , 
,25.74,896,28.5,3.1,10111110,25.07,896,35.3,5.15,438.6,25.40,3.1,1.33, , 
,26.67,896,28.5,3.1,10111110,26.04,896,35.3,5.15,438.6,26.37,3.1,1.37, , 
,27.64,896,28.5,3.1,10111110,27.00,896,35.3,5.15,438.6,27.32,3.1,1.37, , 
,28.53,864,28.5,2.7,10111110,27.96,864,35.3,5.15,438.6,28.24,2.7,1.33, , 
,29.46,896,28.5,3.1,10111110,28.85,896,35.3,5.15,438.6,29.16,2.7,1.37, , 
,30.44,896,28.5,3.1,10111110,29.79,896,35.3,5.15,438.6,30.13,3.1,1.37, , 
,31.40,896,28.5,3.1,10111110,30.75,896,35.3,5.15,438.6,31.08,3.1,1.33, , 
,32.34,896,28.5,3.1,10111110,31.73,896,35.3,5.15,438.6,32.03,3.1,1.37, , 
,33.26,896,30.0,3.5,10111110,32.64,896,35.3,5.15,438.6,32.95,3.5,1.37, , 
,34.15,864,30.0,3.1,10111110,33.56,896,34.1,5.15,438.6,33.86,3.1,1.33, , 
,35.04,896,30.0,3.1,10111110,34.44,864,34.1,5.15,438.6,34.73,3.1,1.37, , 
,35.98,896,30.0,3.5,10111110,35.35,864,35.3,5.15,438.6,35.67,3.5,1.41, , 
,36.94,864,30.0,3.9,10111110,36.30,864,35.3,5.15,438.6,36.62,3.9,1.37, , 
,37.84,896,30.0,3.9,10111110,37.23,896,35.3,5.15,438.6,37.54,3.9,1.37, , 
,38.79,896,30.0,3.9,10111110,38.15,896,35.3,5.15,438.6,38.46,3.9,1.37, , 
,39.71,864,30.0,4.3,10111110,39.11,896,34.1,5.15,438.6,39.41,4.3,1.37, , 
,40.65,864,30.0,4.3,10111110,40.02,896,35.3,5.15,438.6,40.33,4.7,1.37, , 
,41.62,864,30.0,4.3,10111110,40.98,896,34.1,5.15,438.6,41.29,4.3,1.33, , 
,42.57,864,31.5,3.9,10111110,41.93,864,35.3,5.15,438.6,42.25,4.3,1.33, , 
,43.48,864,31.5,3.5,10111110,42.87,896,34.1,5.15,418.2,43.17,3.5,1.33, , 
,44.41,864,31.5,3.5,10111110,43.78,864,34.1,5.15,438.6,44.11,3.5,1.37, , 
,45.33,864,31.5,3.9,10111110,44.72,896,34.1,5.15,438.6,45.02,3.5,1.37, , 
,46.24,832,31.5,3.9,10111110,45.62,864,35.3,5.15,438.6,45.93,3.9,1.37, , 
,47.12,864,31.5,3.9,10111110,46.52,864,35.3,5.15,438.6,46.82,3.9,1.37, , 
,48.04,864,31.5,4.3,10111110,47.42,896,35.3,5.15,438.6,47.73,4.3,1.37, , 
,49.00,736,33.0,0.0,10101010,48.36,832,35.3,5.15,438.6,48.69,0.0,1.37, , 
,49.88,832,33.0,0.0,10101010,49.30,768,56.1,10.30,632.4,49.60,0.0,1.05, , 
,50.82,928,33.0,0.0,10101010,50.18,864,57.6,9.27,652.8,50.52,0.0,1.25, , 
,51.74,832,33.0,0.0,10111110,51.11,512,65.1,14.42,652.8,51.43,0.0,1.13, , 
,52.63,896,33.0,0.0,10111110,52.03,864,40.0,5.15,479.4,52.33,0.0,1.52, , 
,53.58,864,33.0,3.5,10111110,52.93,896,40.0,5.15,479.4,53.25,2.3,1.60, , 
,54.47,864,33.0,6.3,10111110,53.87,864,36.9,5.15,459.0,54.17,5.9,1.48, , 
,55.38,832,33.0,4.3,10111110,54.78,864,35.3,5.15,438.6,55.08,5.1,1.25, , 
,56.27,832,33.0,3.5,10101010,55.70,832,36.9,5.15,459.0,55.99,3.5,1.33, , 
,57.19,896,34.5,5.5,10101010,56.56,864,38.4,5.15,479.4,56.87,5.1,1.41, , 
,58.08,800,34.5,0.0,10101010,57.50,800,41.2,6.18,499.8,57.80,0.0,1.45, , 
,59.02,992,34.5,0.0,10101010,58.39,704,54.5,8.24,612.0,58.70,0.0,1.37, , 
,60.08,1568,34.5,0.0,10111110,59.33,1184,63.5,12.36,693.6,59.71,0.0,1.25, , 
,61.10,1856,34.5,0.0,10111110,60.41,1696,31.0,4.12,397.8,60.75,0.0,1.41, , 
,62.17,1152,34.5,-3.1,10111110,61.50,1664,28.2,3.09,357.0,61.85,-3.9,1.37, , 
,63.07,832,34.5,-4.3,10111110,62.46,928,31.0,4.12,397.8,62.78,-3.9,1.33, , 
,64.07,1408,34.5,0.0,10101010,63.37,800,38.4,5.15,459.0,63.71,0.0,1.41, , 
,65.05,1248,36.0,4.7,10101010,64.37,1184,38.4,5.15,459.0,64.71,2.3,1.52, , 
,65.98,1440,36.0,3.9,10101010,65.33,1440,35.3,5.15,438.6,65.60,3.9,1.45, , 
,66.99,1568,36.0,3.9,10111110,66.32,1568,28.2,4.12,357.0,66.66,3.5,1.37, , 
,67.91,1184,36.0,3.9,10111110,67.25,1504,29.4,4.12,357.0,67.61,3.5,1.37, , 
,68.80,896,36.0,3.5,10111110,68.21,960,32.5,4.12,397.8,68.52,3.5,1.37, , 
,69.72,896,36.0,4.3,10111110,69.11,896,38.4,5.15,459.0,69.42,4.3,1.45, , 
,70.66,864,36.0,3.9,10111110,70.03,864,35.3,5.15,438.6,70.34,4.3,1.33, , 
,71.59,1312,36.0,0.0,10101010,70.95,864,35.3,5.15,438.6,71.27,0.0,1.41, , 
,72.52,1376,37.5,0.0,10101010,71.92,1376,36.9,5.15,438.6,72.23,0.0,1.56, , 
,73.50,992,37.5,0.0,10101010,72.86,1600,44.3,6.18,499.8,73.20,0.0,1.48, , 
,74.49,1280,37.5,0.0,10101010,73.82,1056,59.2,10.30,652.8,74.16,0.0,1.25, , 
,75.58,1472,37.5,0.4,10101010,74.84,1344,38.4,5.15,438.6,75.17,0.0,1.41, , 
,76.57,1536,37.5,-1.2,10101010,75.87,1504,29.4,4.12,377.4,76.20,-0.8,1.37, , 
,77.72,1536,37.5,2.3,10111110,76.92,1536,28.2,4.12,357.0,77.27,-0.4,1.45, , 
,78.67,1024,37.5,1.6,10111110,78.04,1408,29.4,4.12,357.0,78.39,2.0,1.45, , 
,79.61,896,37.5,3.1,10111110,78.98,896,34.1,5.15,418.2,79.30,2.3,1.52, , 
,80.50,864,37.5,4.3,10111110,79.91,896,36.9,5.15,459.0,80.19,4.3,1.48, , 
,81.49,1344,39.0,0.0,10101010,80.81,800,38.4,6.18,459.0,81.15,0.0,1.33, , 
,82.45,992,39.0,0.0,10101010,81.80,1184,56.1,12.36,612.0,82.13,0.0,1.02, , 
,83.39,1184,39.0,0.0,10111110,82.78,1024,44.3,5.15,520.2,83.09,0.0,1.37, , 
,84.27,832,39.0,-1.2,10111110,83.69,1184,29.4,4.12,377.4,83.97,-0.8,1.29, , 
,85.09,704,39.0,0.0,10111110,84.53,608,45.9,7.21,520.2,84.83,0.0,1.41, , 
,85.99,832,39.0,0.0,10101010,85.40,736,53.3,7.21,632.4,85.70,0.0,1.09, , 
,86.88,1024,39.0,0.0,10101010,86.29,864,45.9,6.18,550.8,86.58,0.8,1.48, , 
,87.82,1376,39.0,0.0,10101010,87.19,1120,54.5,8.24,632.4,87.50,0.0,1.45, , 
,88.86,1888,39.0,0.0,10101010,88.15,1536,62.0,9.27,673.2,88.50,0.0,1.60, , 
,89.90,2240,40.5,0.0,10111100,89.21,2048,51.8,7.21,571.2,89.56,0.4,1.45, , 
,90.94,1408,40.5,0.0,10101010,90.25,2240,22.0,3.09,295.8,90.62,0.0,1.13, , 
,91.97,1280,40.5,0.0,10101010,91.29,1280,40.0,7.21,459.0,91.63,0.0,1.02, , 
,92.97,1344,40.5,2.7,10101010,92.29,1280,44.3,6.18,520.2,92.62,2.0,1.52, , 
,93.99,1440,40.5,6.6,10101010,93.33,1376,42.7,6.18,499.8,93.66,5.1,1.52, , 
,94.93,1600,40.5,0.0,10101010,94.25,1472,53.3,8.24,591.6,94.60,0.0,1.56, , 
,95.95,1856,40.5,0.0,10101010,95.27,1664,71.0,11.33,734.4,95.58,0.0,1.52, , 
,97.03,2048,42.0,0.0,10101000,96.32,1920,59.2,8.24,632.4,96.68,-0.8,1.45, , 
,98.06,2208,42.0,0.4,10101000,97.37,2112,53.3,7.21,571.2,97.71,0.4,1.45, , 
,99.08,2208,42.0,-8.6,10101000,98.40,2208,35.3,4.12,418.2,98.75,-6.6,1.05, , 
,100.12,2112,42.0,-9.0,10101000,99.41,2208,28.2,3.09,336.6,99.76,-7.4,1.48, , 
,101.15,2048,42.0,-7.8,10101000,100.47,2112,20.8,2.06,275.4,100.80,-8.6,1.48, , 
,102.22,1984,42.0,-5.5,10101010,101.50,2016,20.8,2.06,275.4,101.86,-6.6,1.52, , 
,103.32,1920,42.0,-1.2,10101010,102.59,1952,25.1,3.09,316.2,102.96,-2.0,1.56, , 
,104.44,1920,43.5,1.2,10111110,103.70,1920,28.2,4.12,357.0,104.06,0.8,1.52, , 
,105.51,1600,43.5,2.7,10111110,104.80,1888,22.0,3.09,295.8,105.16,0.4,1.37, , 
,106.44,1056,43.5,5.5,10111110,105.83,1472,28.2,4.12,357.0,106.16,4.7,1.52, , 
,107.35,896,43.5,4.7,10111110,106.74,896,32.5,4.12,418.2,107.04,4.3,1.48, , 
,108.28,896,43.5,5.9,10111110,107.67,896,35.3,5.15,438.6,107.99,5.5,1.48, , 
,109.20,896,43.5,6.6,10111110,108.60,896,35.3,5.15,438.6,108.90,6.3,1.48, , 
,110.17,896,43.5,7.0,10111110,109.51,896,35.3,5.15,459.0,109.85,7.0,1.45, , 
1,111.09,896,43.5,6.6,10111110,110.47,928,35.3,5.15,438.6,110.78,7.0,1.41, , 
,112.03,896,43.5,6.6,10111110,111.42,896,35.3,5.15,438.6,111.74,6.6,1.45, , 
,112.93,896,45.0,7.0,10111110,112.33,896,35.3,5.15,438.6,112.63,7.0,1.45, , 
,113.84,864,45.0,6.6,10111110,113.24,896,34.1,4.12,418.2,113.52,7.0,1.37, , 
,114.70,800,45.0,5.1,10111110,114.12,832,31.0,4.12,418.2,114.41,5.5,1.33, , 
,115.59,832,45.0,4.3,10111110,115.00,800,32.5,4.12,418.2,115.30,4.3,1.33, , 
,116.50,800,45.0,4.7,10111110,115.90,800,34.1,4.12,438.6,116.21,4.7,1.45, , 
,117.40,800,45.0,5.1,10111110,116.80,800,35.3,5.15,438.6,117.10,5.1,1.45, , 
,118.35,1024,45.0,0.0,10101010,117.71,800,34.1,5.15,438.6,118.01,6.6,1.45, , 
,119.41,1568,45.0,0.0,10101010,118.70,1344,35.3,5.15,438.6,119.10,0.0,1.64, , 
,120.36,1184,45.0,0.0,10101010,119.75,1312,45.9,6.18,520.2,120.06,0.0,0.98, , 
,121.34,1312,46.5,-5.1,10101010,120.68,1120,53.3,7.21,612.0,121.01,0.0,1.21, , 
,122.37,1696,45.0,0.0,10101010,121.62,1408,53.3,9.27,591.6,121.97,0.0,0.74, , 
,123.43,1920,46.5,0.0,10111110,122.72,1792,42.7,4.12,499.8,123.07,0.0,1.60, , 
,124.35,1120,46.5,-12.9,10101010,123.75,1664,25.1,3.09,316.2,124.06,-9.0,1.13, , 
,125.30,1088,46.5,-9.8,10101010,124.67,1088,36.9,4.12,438.6,125.00,-10.5,1.41, , 
,126.24,1152,46.5,-8.6,10101010,125.60,1120,35.3,4.12,438.6,125.94,-8.2,1.56, , 
,127.20,1216,46.5,-8.2,10111110,126.55,1152,38.4,5.15,459.0,126.87,-6.6,1.56, , 
,128.17,1184,46.5,-13.3,10111110,127.52,1216,28.2,3.09,357.0,127.84,-12.5,1.29, , 
,129.15,1248,46.5,-12.5,10101010,128.50,1248,28.2,3.09,357.0,128.81,-12.5,1.45, , 
,130.20,1344,46.5,-10.9,10101010,129.48,1248,32.5,4.12,397.8,129.84,-9.4,1.60, , 
,131.23,1472,48.0,-9.4,10101010,130.55,1376,32.5,4.12,397.8,130.85,-9.8,1.48, , 
,132.27,1600,48.0,0.0,10111110,131.57,1536,35.3,4.12,438.6,131.93,0.0,1.45, , 
,133.33,1696,48.0,-6.6,10111110,132.63,1632,26.7,3.09,357.0,132.98,-6.3,1.29, , 
,134.44,1632,48.0,-6.6,10111110,133.71,1696,26.7,3.09,357.0,134.07,-6.6,1.45, , 
,135.52,1568,48.0,-6.6,10111110,134.80,1600,26.7,3.09,357.0,135.15,-6.6,1.45, , 
,136.58,1600,48.0,-7.0,10101010,135.87,1568,28.2,3.09,357.0,136.23,-5.9,1.48, , 
,137.66,1696,48.0,-7.8,10101010,136.95,1568,26.7,3.09,357.0,137.31,-9.4,1.37, , 
,138.77,1920,48.0,0.0,10101010,138.03,1760,42.7,6.18,499.8,138.40,0.0,1.29, , 
,139.78,2272,48.0,0.0,10101000,139.11,2016,53.3,7.21,571.2,139.46,0.0,0.51, , 
,140.80,2752,49.5,0.0,10101000,140.12,2432,85.5,14.42,867.0,140.47,0.0,0.82, , 
,141.80,2080,49.5,0.0,10111100,141.12,2848,65.1,7.21,673.2,141.45,0.0,2.07, , 
,142.72,1088,49.5,0.0,10111110,142.13,1440,0.0,0.00,357.0,142.41,0.0,3.87, , 
,143.61,896,49.5,0.0,10111110,143.02,1088,31.0,4.12,397.8,143.31,0.0,0.66, , 
,144.52,928,49.5,-4.7,10111110,143.91,896,32.5,4.12,418.2,144.22,0.0,0.78, , 
,145.47,896,49.5,-11.7,10111110,144.84,928,32.5,4.12,418.2,145.16,-10.2,1.09, , 
,146.41,896,49.5,-12.9,10111110,145.77,896,34.1,4.12,418.2,146.09,-12.9,1.41, , 
,147.33,896,49.5,-11.3,10111110,146.70,896,32.5,4.12,418.2,147.01,-12.1,1.52, , 
,148.28,896,49.5,-9.4,10111110,147.64,896,32.5,4.12,418.2,147.95,-9.8,1.56, , 
,149.22,896,49.5,-7.4,10111110,148.60,896,32.5,4.12,418.2,148.91,-8.2,1.52, , 
,150.19,896,49.5,-6.6,10111110,149.54,896,32.5,4.12,418.2,149.87,-6.6,1.48, , 
,151.09,896,49.5,-6.3,10111110,150.49,896,32.5,4.12,418.2,150.78,-6.3,1.48, , 
,152.04,896,49.5,-5.9,10111110,151.40,896,32.5,4.12,418.2,151.72,-5.9,1.45, , 
,153.02,896,51.0,-6.3,10111110,152.37,896,32.5,4.12,418.2,152.70,-6.3,1.45, , 
,153.97,896,51.0,-5.9,10111110,153.32,896,31.0,4.12,418.2,153.65,-5.9,1.48, , 
,154.88,896,51.0,-6.3,10111110,154.27,896,31.0,4.12,418.2,154.56,-6.3,1.41, , 
,155.79,1312,51.0,0.0,10101010,155.17,896,32.5,4.12,418.2,155.49,0.0,1.45, , 
,156.81,992,51.0,0.0,10111110,156.16,1568,28.2,4.12,357.0,156.51,0.0,1.88, , 
,157.77,1248,51.0,0.0,10101010,157.14,1248,34.1,5.15,418.2,157.45,0.0,1.02, , 
,158.73,1344,51.0,0.0,10101010,158.07,1280,36.9,5.15,438.6,158.39,0.0,0.82, , 
,159.84,1440,51.0,0.0,10101010,159.08,1376,47.1,6.18,571.2,159.42,0.0,1.21, , 
,160.94,1536,52.5,-8.6,10111110,160.30,1472,29.4,4.12,377.4,160.59,-7.0,1.21, , 
,162.00,1600,52.5,-10.5,10111110,161.28,1568,26.7,3.09,336.6,161.64,-10.5,1.37, , 
,163.11,1504,52.5,-8.6,10111110,162.35,1568,26.7,3.09,357.0,162.66,-8.6,1.52, , 
,164.03,1504,52.5,-8.6,10111110,163.50,1440,26.7,3.09,357.0,163.77,-8.6,1.48, , 
,165.03,1504,52.5,-8.6,10101010,164.30,1472,26.7,3.09,357.0,164.66,-8.6,1.45, , 
,166.13,1664,52.5,-7.8,10101010,165.39,1568,31.0,4.12,377.4,165.75,-8.6,1.48, , 
,167.21,1856,52.5,0.0,10101010,166.51,1728,44.3,6.18,499.8,166.84,0.0,1.21, , 
,168.28,2016,52.5,-1.2,10101000,167.57,1920,51.8,7.21,571.2,167.94,-2.0,1.37, , 
,169.28,2144,54.0,0.0,10101000,168.63,2048,47.1,6.18,520.2,168.96,0.0,1.21, , 
,170.29,1056,54.0,0.0,10111110,169.62,1920,0.0,0.00,357.0,169.94,0.0,3.63, , 
,171.24,1056,54.0,0.0,10111110,170.59,1216,29.4,4.12,397.8,170.90,0.0,1.09, , 
,172.17,896,54.0,-4.3,10111110,171.55,928,26.7,4.12,357.0,171.86,0.0,0.70, , 
,173.13,896,54.0,-12.9,10111110,172.48,896,31.0,4.12,418.2,172.81,-10.9,1.02, , 
,174.03,864,54.0,-13.7,10111110,173.44,896,31.0,3.09,418.2,173.75,-14.1,1.41, , 
,174.94,864,54.0,-11.7,10111110,174.33,864,32.5,3.09,418.2,174.62,-12.5,1.56, , 
,175.89,896,54.0,-9.8,10111110,175.26,896,32.5,3.09,418.2,175.57,-10.2,1.56, , 
,176.83,864,54.0,-7.8,10111110,176.21,864,32.5,3.09,418.2,176.52,-8.2,1.52, , 
,177.77,992,54.0,0.0,10101010,177.13,896,32.5,4.12,418.2,177.44,0.0,1.56, , 
,178.76,1216,54.0,0.0,10101010,178.09,1056,53.3,8.24,612.0,178.43,0.0,1.17, , 
,179.78,1472,54.0,0.0,10101010,179.10,1280,65.1,10.30,714.0,179.46,0.0,0.98, , 
,180.82,1760,54.0,-1.6,10101010,180.13,1568,54.5,7.21,612.0,180.45,-2.7,1.41, , 
,181.93,1952,55.5,0.0,10111110,181.19,1856,47.1,6.18,550.8,181.56,0.0,1.56, , 
,183.00,1920,55.5,-9.4,10111110,182.28,1920,20.8,3.09,295.8,182.64,0.0,1.13, , 
,184.10,1856,55.5,-10.2,10111110,183.37,1888,20.8,2.06,275.4,183.74,-9.4,1.29, , 
,185.19,1728,55.5,-9.8,10111110,184.48,1792,23.5,3.09,316.2,184.83,-10.2,1.48, , 
,186.34,1728,55.5,0.0,10101010,185.58,1696,25.1,3.09,336.6,185.95,-9.0,1.52, , 
,187.43,2016,55.5,0.0,10101000,186.70,1760,71.0,15.45,734.4,187.08,0.0,0.63, , 
,188.55,2336,55.5,-7.4,10101000,187.80,2112,65.1,9.27,693.6,188.15,-5.5,1.05, , 
,189.57,1760,55.5,0.0,10111110,188.88,2464,67.8,9.27,714.0,189.21,0.0,1.64, , 
,190.54,1696,55.5,0.0,10101010,189.89,1120,28.2,4.12,377.4,190.20,0.0,2.97, , 
,191.58,1696,55.5,0.0,10101010,190.87,1664,32.5,4.12,397.8,191.24,-9.4,0.86, , 
,192.67,1792,57.0,0.0,10101010,191.94,1728,50.2,8.24,571.2,192.31,0.0,1.21, , 
,193.79,1856,57.0,-3.5,10101010,193.04,1824,51.8,7.21,591.6,193.42,-2.7,1.48, , 
,194.86,1952,57.0,-2.3,10101010,194.15,1888,48.6,6.18,550.8,194.51,-2.0,1.52, , 
,195.95,2016,57.0,-2.3,10101000,195.23,1984,47.1,6.18,520.2,195.60,-2.0,1.45, , 
,197.01,2080,57.0,-2.3,10101000,196.32,2016,44.3,6.18,499.8,196.66,-2.3,1.45, , 
,198.08,2144,57.0,-2.3,10101000,197.38,2080,44.3,6.18,499.8,197.73,-3.1,1.41, , 
,199.07,2208,57.0,-2.0,10101000,198.41,2176,47.1,6.18,520.2,198.75,-2.0,1.52, , 
,200.06,2272,57.0,0.0,11101000,199.39,2208,45.9,6.18,520.2,199.73,-0.4,1.52, , 
,201.11,2368,57.0,-0.4,11101000,200.40,2304,51.8,7.21,571.2,200.75,-1.2,1.41, , 
,202.17,2464,57.0,-8.6,11101000,201.45,2400,54.5,7.21,591.6,201.82,-5.9,1.13, , 
,203.19,2624,58.5,-8.2,11101000,202.52,2528,69.4,9.27,714.0,202.84,-11.7,1.33, , 
,204.16,1312,58.5,0.0,11111110,203.52,2496,0.0,0.00,418.2,203.86,0.0,3.59, , 
,205.24,1888,58.5,0.0,11101010,204.51,1088,31.0,4.12,397.8,204.88,0.0,1.09, , 
,206.34,1856,58.5,0.0,11101010,205.61,1888,32.5,5.15,377.4,205.97,0.0,0.82, , 
,207.46,1888,58.5,-0.4,11101010,206.72,1888,47.1,6.18,550.8,207.10,-1.2,1.41, , 
,208.55,1920,58.5,0.8,11101010,207.82,1920,44.3,6.18,520.2,208.18,0.8,1.48, , 
,209.62,1952,58.5,1.2,11101010,208.90,1920,41.2,5.15,479.4,209.27,0.8,1.41, , 
,210.70,1952,58.5,0.4,11101010,209.99,1952,41.2,5.15,479.4,210.34,0.8,1.41, , 
,211.79,1984,58.5,-3.5,11101010,211.07,1952,41.2,5.15,479.4,211.43,0.0,1.41, , 
,212.86,1984,60.0,-3.9,11101010,212.14,1984,40.0,5.15,459.0,212.50,-4.3,1.41, , 
,213.94,1984,60.0,-4.7,11101000,213.22,1984,40.0,5.15,459.0,213.58,-4.3,1.37, , 
,215.01,2016,60.0,-3.5,11101000,214.30,1984,40.0,5.15,459.0,214.65,-4.7,1.48, , 
,216.08,2016,60.0,-3.5,11101000,215.35,2016,41.2,5.15,479.4,215.71,-3.5,1.41, , 
,217.14,2016,60.0,-2.7,11101000,216.45,2016,41.2,5.15,479.4,216.80,-2.3,1.48, , 
,218.21,2016,60.0,-2.3,11101000,217.50,2048,40.0,5.15,459.0,217.86,-2.7,1.45, , 
,219.25,2048,60.0,-2.3,11101000,218.56,2048,40.0,5.15,459.0,218.91,-2.3,1.45, , 
,220.32,2080,61.5,-3.1,11101000,219.62,2048,40.0,5.15,459.0,219.99,-2.7,1.41, , 
,221.38,2112,61.5,0.0,11101000,220.67,2080,42.7,5.15,479.4,221.02,0.0,1.48, , 
,222.42,2144,61.5,0.4,11101000,221.74,2112,51.8,6.18,591.6,222.09,0.0,1.52, , 
,223.46,2176,61.5,-3.5,11101000,222.76,2144,41.2,5.15,479.4,223.12,-2.0,1.37, , 
,224.52,2144,63.0,-5.9,11101000,223.81,2144,35.3,4.12,418.2,224.17,-5.1,1.37, , 
,225.56,2144,61.5,-5.9,11101000,224.86,2144,36.9,4.12,438.6,225.21,-5.9,1.48, , 
,226.62,2112,63.0,-5.9,11101000,225.92,2144,36.9,4.12,438.6,226.27,-6.3,1.41, , 
,227.65,2144,63.0,-3.9,11101000,226.98,2112,40.0,5.15,459.0,227.32,-5.1,1.48, , 
,228.69,2144,63.0,-0.8,11101000,228.00,2112,44.3,6.18,499.8,228.35,-1.6,1.52, , 
,229.69,2144,63.0,2.0,11101000,229.02,2112,44.3,6.18,499.8,229.36,1.6,1.48, , 
,230.73,2176,63.0,2.7,11101000,230.04,2176,44.3,6.18,499.8,230.39,2.7,1.45, , 
,231.77,2176,63.0,3.1,11101000,231.08,2176,44.3,6.18,499.8,231.42,3.1,1.41, , 
,232.78,2176,63.0,3.5,11101000,232.11,2176,48.6,7.21,550.8,232.44,3.5,1.37, , 
,233.79,2208,64.5,1.6,11101000,233.11,2176,50.2,7.21,571.2,233.45,2.0,1.37, , 
,234.84,2208,64.5,2.7,11101000,234.14,2208,48.6,7.21,550.8,234.49,2.3,1.45, , 
,235.87,2240,64.5,3.1,11101000,235.18,2208,48.6,6.18,550.8,235.53,2.7,1.41, , 
,236.90,2240,64.5,3.5,11101000,236.22,2240,47.1,7.21,520.2,236.56,3.1,1.41, , 
,237.90,2240,64.5,3.5,11101000,237.24,2240,47.1,6.18,520.2,237.57,3.5,1.41, , 
,238.91,2272,64.5,3.5,11101000,238.24,2272,45.9,6.18,499.8,238.58,3.5,1.37, , 
,239.90,2272,66.0,-1.2,11101000,239.24,2272,38.4,5.15,438.6,239.57,0.8,1.33, , 
,240.90,2240,66.0,-8.2,11101000,240.24,2272,32.5,4.12,397.8,240.57,-4.7,1.21, , 
,241.90,2208,66.0,-13.7,11101000,241.23,2240,26.7,3.09,336.6,241.56,-12.1,1.21, , 
,242.90,2208,66.0,-15.2,11101000,242.23,2208,26.7,3.09,336.6,242.56,-15.2,1.41, , 
,243.92,2176,66.0,0.0,11101000,243.23,2208,29.4,3.09,357.0,243.58,0.0,1.05, , 
,244.93,2176,66.0,-6.6,11101000,244.26,2208,38.4,5.15,438.6,244.60,-4.7,1.25, , 
,245.94,2176,66.0,-10.2,11101000,245.27,2176,32.5,4.12,397.8,245.61,-9.8,1.33, , 
,246.97,2176,66.0,-12.5,11101000,246.28,2176,32.5,4.12,397.8,246.63,-12.5,1.37, , 
,247.97,2176,67.5,-9.0,11101000,247.31,2176,41.2,5.15,479.4,247.64,-10.2,1.56, , 
,248.99,2176,67.5,-7.0,11101000,248.30,2176,40.0,5.15,459.0,248.64,-7.8,1.48, , 
,250.06,2176,67.5,-3.9,11101000,249.34,2176,40.0,5.15,459.0,249.70,-4.3,1.45, , 
,251.07,2176,67.5,-3.5,11101000,250.41,2176,40.0,5.15,459.0,250.74,-3.1,1.45, , 
,252.07,2176,67.5,-3.9,11101000,251.41,2176,40.0,5.15,459.0,251.74,-3.1,1.41, , 
,253.10,2176,67.5,-2.0,11101000,252.41,2176,38.4,5.15,459.0,252.75,-3.5,1.45, , 
,254.14,2208,67.5,-0.8,11101000,253.45,2176,45.9,6.18,520.2,253.79,0.0,1.41, , 
,255.17,2240,67.5,1.6,11101000,254.48,2208,51.8,7.21,591.6,254.83,1.6,1.48, , 
,256.19,2240,67.5,0.8,11101000,255.51,2208,51.8,7.21,591.6,255.86,2.0,1.33, , 
,257.20,2272,69.0,0.4,11101000,256.53,2272,54.5,8.24,612.0,256.86,0.0,1.33, , 
,258.23,2304,69.0,-1.2,11101000,257.54,2272,54.5,7.21,612.0,257.88,-0.4,1.41, , 
,259.27,2336,69.0,-0.4,11101000,258.59,2304,53.3,7.21,591.6,258.94,-0.4,1.41, , 
,260.31,2368,69.0,0.4,11101000,259.60,2336,53.3,7.21,591.6,259.95,0.4,1.48, , 
,261.41,2368,69.0,0.0,11101000,260.67,2368,51.8,7.21,591.6,261.01,0.8,1.41, , 
,262.47,2400,69.0,0.8,11101000,261.80,2400,53.3,7.21,591.6,262.12,0.8,1.41, , 
,263.56,2432,69.0,1.2,11101000,262.84,2400,53.3,7.21,591.6,263.21,0.8,1.45, , 
,264.59,2432,69.0,0.4,11101000,263.89,2432,51.8,7.21,571.2,264.24,0.4,1.37, , 
,265.65,2464,70.5,-0.4,11101000,264.93,2464,45.9,6.18,520.2,265.28,0.0,1.48, , 
,266.72,2464,70.5,-0.4,11101000,266.04,2464,44.3,6.18,499.8,266.37,0.0,1.41, , 
,267.82,2464,70.5,-0.8,11101000,267.09,2464,42.7,6.18,479.4,267.46,-0.8,1.37, , 
,268.85,2496,70.5,-1.6,11101000,268.17,2496,42.7,6.18,479.4,268.52,-2.0,1.37, , 
,269.89,2496,70.5,-2.7,11101000,269.18,2496,41.2,6.18,479.4,269.53,-2.7,1.33, , 
,270.92,2496,70.5,-2.3,11101000,270.24,2496,42.7,6.18,479.4,270.58,-2.3,1.45, , 
,271.90,2496,70.5,-3.1,11101000,271.24,2496,42.7,6.18,479.4,271.56,-2.7,1.45, , 
,272.91,2496,72.0,-2.3,11101000,272.23,2496,42.7,6.18,479.4,272.59,-2.3,1.37, , 
,273.94,2496,72.0,-2.7,11101000,273.27,2496,41.2,6.18,479.4,273.58,-2.0,1.41, , 
,274.96,2496,72.0,-1.6,11101000,274.27,2496,41.2,6.18,479.4,274.61,-2.3,1.41, , 
,275.94,2496,72.0,-1.6,11101000,275.27,2496,41.2,5.15,459.0,275.61,-2.0,1.45, , 
,276.98,2496,72.0,-2.3,11101000,276.27,2496,41.2,5.15,459.0,276.62,-2.0,1.37, , 
,278.03,2496,72.0,-2.3,11101000,277.35,2496,40.0,5.15,459.0,277.68,-2.7,1.37, , 
,279.01,2496,73.5,-2.0,11101000,278.35,2496,41.2,5.15,459.0,278.67,-2.3,1.45, , 
,280.03,2496,73.5,-2.3,11101000,279.36,2496,41.2,5.15,459.0,279.69,-2.0,1.41, , 
,281.05,2496,73.5,-4.3,11101000,280.38,2496,40.0,5.15,459.0,280.73,-2.0,1.37, , 
,282.14,2464,73.5,-6.6,11111100,281.43,2496,34.1,4.12,397.8,281.78,-5.5,1.37, , 
,283.19,2432,73.5,0.0,11111100,282.50,2432,19.2,2.06,275.4,282.85,-8.6,0.94, , 
,284.13,2368,73.5,0.0,11111100,283.49,2400,0.0,0.00,275.4,283.82,0.0,3.87, , 
,285.14,2304,73.5,0.0,11111100,284.45,2336,0.0,0.00,275.4,284.79,0.0,3.95, , 
,286.16,2240,75.0,0.0,11111100,285.48,2272,0.0,0.00,275.4,285.82,0.0,3.95, , 
,287.18,2176,75.0,0.0,11111100,286.50,2240,0.0,0.00,275.4,286.84,0.0,3.91, , 
,288.19,2176,75.0,0.0,11101000,287.51,2176,0.0,0.00,275.4,287.85,0.0,3.91, , 
,289.18,2144,75.0,0.0,11101000,288.52,2144,17.6,2.06,244.8,288.84,0.0,0.66, , 
,290.24,2144,75.0,-8.2,11101000,289.51,2144,19.2,3.09,275.4,289.87,-8.2,1.02, , 
,291.22,2144,75.0,-13.3,11101000,290.57,2144,20.8,2.06,295.8,290.90,-10.5,1.33, , 
,292.25,2176,75.0,-13.7,11101000,291.57,2144,23.5,3.09,316.2,291.91,-13.7,1.37, , 
,293.29,2176,75.0,-13.3,11101000,292.60,2176,20.8,2.06,295.8,292.95,-12.9,1.56, , 
,294.31,2176,75.0,-13.3,11101000,293.62,2176,17.6,2.06,244.8,293.97,-13.7,1.48, , 
,295.32,2176,75.0,-12.1,11101000,294.65,2176,17.6,2.06,244.8,294.99,-12.1,1.52, , 
,296.35,2208,76.5,-9.4,11101000,295.66,2208,17.6,2.06,244.8,296.00,-9.8,1.56, , 
,297.34,2208,76.5,-7.4,11101000,296.67,2208,17.6,2.06,244.8,297.01,-8.6,1.41, , 
,298.36,2208,76.5,-7.0,11101000,297.69,2208,17.6,2.06,244.8,298.02,-7.0,1.48, , 
,299.39,2240,76.5,-9.0,11101000,298.70,2208,20.8,2.06,275.4,299.05,-9.8,1.25, , 
,300.39,2272,76.5,1.6,11101000,299.72,2240,41.2,5.15,479.4,300.07,-2.3,1.64, , 
,301.43,2368,76.5,2.7,11101000,300.75,2304,56.1,8.24,632.4,301.10,2.3,1.37, , 
,302.53,2464,76.5,2.7,11101000,301.81,2400,57.6,8.24,632.4,302.16,2.7,1.33, , 
,303.56,2528,76.5,2.0,11101000,302.88,2496,59.2,8.24,632.4,303.21,2.0,1.33, , 
,304.58,2624,76.5,1.2,11101000,303.92,2560,57.6,8.24,632.4,304.25,1.2,1.29, , 
,305.57,2688,76.5,-0.8,11101000,304.91,2624,57.6,8.24,632.4,305.24,0.4,1.25, , 
,306.60,2752,76.5,-3.5,11101000,305.93,2720,65.1,9.27,693.6,306.27,-2.3,1.37, , 
,307.58,2848,76.5,-3.9,11101000,306.93,2784,67.8,9.27,714.0,307.24,-4.7,1.45, , 
,308.68,2912,78.0,-5.1,11101000,307.92,2880,75.3,10.30,775.2,308.26,-5.5,1.37, , 
,309.56,2560,78.0,0.0,11111100,308.94,2944,73.7,10.30,775.2,309.23,-5.5,1.37, , 
,310.49,960,78.0,0.0,11101010,309.89,1984,0.0,0.00,316.2,310.22,0.0,3.87, , 
,311.50,2240,78.0,0.0,11101000,310.83,1344,35.3,5.15,438.6,311.16,0.0,0.90, , 
,312.53,2272,78.0,-2.7,11101000,311.84,2240,63.5,9.27,693.6,312.18,0.0,1.13, , 
,313.53,2304,78.0,0.0,11101000,312.87,2272,63.5,9.27,693.6,313.21,-3.1,1.41, , 
,314.50,2336,78.0,-3.1,11101000,313.86,2304,73.7,11.33,795.6,314.18,-2.3,1.21, , 
,315.51,2368,78.0,-4.3,11101000,314.85,2336,73.7,10.30,775.2,315.18,-4.3,1.33, , 
,316.51,2400,78.0,-5.5,11101000,315.85,2368,73.7,10.30,775.2,316.16,-4.7,1.45, , 
,317.55,2432,78.0,-5.9,11101000,316.87,2400,72.2,10.30,775.2,317.21,-5.9,1.41, , 
,318.61,2464,78.0,-6.6,11101000,317.88,2432,72.2,10.30,775.2,318.23,-5.5,1.45, , 
,319.64,2464,78.0,-6.3,11101000,318.96,2464,71.0,10.30,754.8,319.30,-6.6,1.41, , 
,320.65,2496,78.0,-5.9,11101000,319.98,2496,71.0,9.27,754.8,320.32,-5.9,1.41, , 
,321.74,2528,79.5,-7.0,11101000,321.01,2528,69.4,9.27,734.4,321.38,-5.9,1.37, , 
,322.76,2560,79.5,-5.5,11101000,322.10,2528,63.5,8.24,693.6,322.43,-5.5,1.45, , 
,323.80,2560,81.0,-5.1,11101001,323.09,2560,65.1,9.27,693.6,323.44,-5.5,1.37, , 
,324.80,2592,79.5,-4.3,11101001,324.14,2592,63.5,9.27,693.6,324.48,-4.7,1.37, , 
,325.79,2592,79.5,-4.3,11101001,325.12,2592,63.5,9.27,693.6,325.48,-4.7,1.41, , 
,326.77,2624,79.5,-3.1,11101001,326.13,2592,62.0,8.24,673.2,326.45,-3.1,1.45, , 
,327.77,2624,81.0,-2.0,11101001,327.10,2624,60.4,8.24,652.8,327.45,-2.3,1.41, , 
,328.78,2624,81.0,-0.4,11101001,328.10,2624,59.2,8.24,652.8,328.43,-2.0,1.33, , 
,329.78,2624,81.0,2.0,11101001,329.11,2624,56.1,8.24,632.4,329.44,1.2,1.45, , 
,330.78,2624,81.0,4.7,11101001,330.11,2656,53.3,7.21,591.6,330.45,3.1,1.45, , 
,331.80,2624,81.0,6.6,11101001,331.13,2656,50.2,7.21,571.2,331.47,6.3,1.41, , 
,332.83,2624,81.0,7.0,11101001,332.14,2624,50.2,7.21,571.2,332.48,6.3,1.25, , 
,333.83,2624,82.5,6.6,11101001,333.17,2624,50.2,7.21,571.2,333.50,5.9,1.33, , 
,334.82,2624,82.5,6.3,11101001,334.16,2624,50.2,7.21,571.2,334.48,6.6,1.41, , 
,335.82,2624,82.5,7.0,11101001,335.15,2624,50.2,7.21,571.2,335.49,6.3,1.29, , 
,336.82,2624,82.5,6.3,11101001,336.15,2624,50.2,7.21,571.2,336.49,5.9,1.29, , 
,337.85,2624,82.5,5.9,11101001,337.17,2624,50.2,7.21,571.2,337.52,5.5,1.41, , 
,338.85,2624,84.0,5.5,11101001,338.18,2624,50.2,7.21,571.2,338.52,5.9,1.37, , 
,339.84,2624,84.0,5.9,11101001,339.18,2624,50.2,7.21,571.2,339.51,5.9,1.33, , 
,340.85,2624,82.5,5.5,11101001,340.19,2624,50.2,7.21,571.2,340.52,5.9,1.37, , 
,341.86,2624,84.0,4.7,11101001,341.18,2624,51.8,8.24,591.6,341.52,4.7,1.33, , 
,342.88,2624,84.0,4.7,11101001,342.20,2624,53.3,7.21,591.6,342.55,4.3,1.37, , 
,343.92,2624,84.0,4.3,11101001,343.22,2624,53.3,8.24,591.6,343.56,4.7,1.37, , 
,344.94,2624,84.0,5.1,11101001,344.27,2624,53.3,8.24,591.6,344.59,5.1,1.41, , 
,345.98,2624,84.0,5.9,11101001,345.29,2624,51.8,7.21,591.6,345.64,5.5,1.41, , 
,347.03,2656,84.0,5.9,11101001,346.32,2624,51.8,7.21,591.6,346.65,5.5,1.33, , 
,348.05,2656,85.5,5.9,11101001,347.37,2656,51.8,7.21,591.6,347.72,5.5,1.33, , 
,349.03,2656,84.0,5.9,11101001,348.38,2656,51.8,7.21,591.6,348.71,5.9,1.41, , 
,350.09,2656,84.0,5.5,11101001,349.37,2656,51.8,7.21,591.6,349.74,5.9,1.41, , 
,351.11,2656,82.5,5.9,11101001,350.45,2656,51.8,7.21,591.6,350.78,5.9,1.33, , 
,352.14,2656,82.5,5.5,11101001,351.44,2656,51.8,8.24,591.6,351.78,5.1,1.37, , 
,353.20,2656,81.0,5.1,11101001,352.50,2656,51.8,7.21,571.2,352.87,5.5,1.45, , 
,354.20,2656,81.0,5.1,11101001,353.53,2656,50.2,7.21,571.2,353.86,5.5,1.37, , 
,355.27,2656,79.5,5.1,11101001,354.55,2656,50.2,7.21,571.2,354.91,4.7,1.29, , 
,356.31,2656,79.5,5.1,11101000,355.60,2656,50.2,7.21,571.2,355.95,4.3,1.41, , 
,357.39,2656,79.5,3.9,11101000,356.67,2656,50.2,7.21,571.2,357.03,4.7,1.45, , 
,358.41,2624,78.0,3.1,11101000,357.72,2656,50.2,7.21,571.2,358.06,3.5,1.33, , 
,359.46,2624,78.0,3.5,11101000,358.75,2624,50.2,7.21,571.2,359.11,3.5,1.45, , 
,360.50,2656,78.0,2.7,11101000,359.80,2656,51.8,7.21,571.2,360.16,2.7,1.41, , 
,361.51,2656,78.0,3.1,11101000,360.84,2624,50.2,7.21,550.8,361.18,2.7,1.37, , 
,362.59,2624,78.0,3.1,11101000,361.87,2624,50.2,7.21,571.2,362.23,3.1,1.45, , 
,363.59,2624,78.0,3.1,11101000,362.92,2624,50.2,7.21,571.2,363.26,3.5,1.48, , 
,364.63,2624,78.0,3.1,11101000,363.95,2624,50.2,7.21,571.2,364.28,3.1,1.41, , 
,365.65,2624,78.0,3.1,11101000,364.97,2624,50.2,7.21,571.2,365.32,3.1,1.37, , 
,366.66,2624,78.0,1.2,11101000,365.98,2624,50.2,7.21,571.2,366.32,3.1,1.41, , 
,367.71,2656,78.0,-2.0,11101000,367.00,2624,56.1,8.24,632.4,367.36,-1.2,1.33, , 
,368.77,2656,78.0,-6.3,11101000,368.04,2656,63.5,9.27,673.2,368.40,-4.3,1.29, , 
,369.83,2688,78.0,-4.3,11101000,369.13,2656,65.1,9.27,693.6,369.48,-6.6,1.48, , 
,370.84,2656,79.5,0.0,11101000,370.18,2656,47.1,6.18,550.8,370.51,0.4,1.56, , 
,371.83,2688,79.5,-3.1,11101000,371.17,2688,67.8,10.30,714.0,371.50,-2.0,1.25, , 
,372.84,2688,79.5,-1.2,11101000,372.16,2688,63.5,9.27,693.6,372.49,-2.3,1.48, , 
,373.84,2688,79.5,1.2,11101001,373.18,2688,54.5,8.24,591.6,373.50,0.0,1.45, , 
,374.86,2688,81.0,2.3,11101001,374.19,2688,51.8,7.21,571.2,374.53,2.3,1.45, , 
,375.87,2688,81.0,3.5,11101001,375.20,2688,51.8,7.21,571.2,375.53,3.1,1.41, , 
,376.92,2688,81.0,3.5,11101001,376.19,2688,51.8,7.21,571.2,376.55,3.9,1.37, , 
,377.94,2688,81.0,-0.8,11101001,377.28,2688,57.6,8.24,632.4,377.61,0.8,1.33, , 
,378.95,2688,81.0,-0.4,11101001,378.28,2688,57.6,8.24,632.4,378.61,-1.2,1.45, , 
,380.00,2688,82.5,0.4,11101001,379.31,2688,54.5,7.21,612.0,379.65,-0.4,1.37, , 
,380.99,2688,82.5,0.8,11101001,380.32,2688,54.5,8.24,612.0,380.64,0.4,1.37, , 
,382.02,2688,82.5,3.5,11101001,381.33,2688,54.5,8.24,612.0,381.68,1.6,1.45, , 
,383.01,2688,82.5,3.5,11101001,382.33,2688,54.5,7.21,612.0,382.67,3.5,1.41, , 
,384.02,2688,84.0,3.5,11101001,383.34,2688,54.5,8.24,612.0,383.68,3.1,1.37, , 
,385.02,2720,84.0,0.4,11101001,384.37,2688,59.2,8.24,652.8,384.69,1.2,1.33, , 
,385.99,2720,84.0,-1.6,11101001,385.34,2720,56.1,8.24,632.4,385.67,1.2,1.45, , 
,386.98,2720,84.0,-3.1,11101001,386.32,2720,62.0,8.24,673.2,386.65,-2.7,1.41, , 
,388.01,2720,84.0,-3.1,11101001,387.32,2720,62.0,8.24,673.2,387.66,-3.5,1.41, , 
,389.10,2752,85.5,-2.3,11101001,388.37,2752,62.0,8.24,673.2,388.73,-2.7,1.48, , 
,390.14,2752,85.5,2.0,11101001,389.45,2752,60.4,8.24,673.2,389.78,-0.8,1.45, , 
,391.17,2752,85.5,5.9,11101001,390.48,2752,53.3,7.21,591.6,390.83,4.7,1.45, , 
,392.20,2752,85.5,6.6,11101001,391.51,2752,53.3,8.24,591.6,391.84,6.6,1.41, , 
,393.24,2752,84.0,5.9,11101001,392.53,2752,53.3,8.24,591.6,392.89,6.6,1.41, , 
,394.26,2752,84.0,3.5,11101001,393.57,2752,57.6,8.24,632.4,393.92,3.9,1.33, , 
,395.28,2752,84.0,3.5,11101001,394.59,2784,56.1,8.24,632.4,394.95,2.7,1.37, , 
,396.30,2784,82.5,2.3,11101001,395.63,2784,56.1,8.24,632.4,395.96,2.7,1.41, , 
,397.33,2784,82.5,3.1,11101001,396.66,2784,56.1,8.24,612.0,396.99,3.1,1.45, , 
,398.35,2784,81.0,3.5,11101001,397.68,2784,56.1,8.24,612.0,398.02,3.1,1.37, , 
,399.38,2784,81.0,3.1,11101001,398.68,2784,56.1,8.24,612.0,399.03,3.5,1.45, , 
,400.38,2784,81.0,2.7,11101001,399.72,2784,56.1,8.24,612.0,400.04,2.7,1.41, , 
,401.39,2784,79.5,3.1,11101001,400.71,2784,56.1,8.24,612.0,401.05,3.9,1.45, , 
,402.42,2784,79.5,3.9,11101001,401.73,2784,56.1,8.24,612.0,402.08,2.7,1.33, , 
,403.45,2784,79.5,3.1,11101000,402.76,2784,56.1,8.24,612.0,403.10,3.1,1.37, , 
,404.48,2784,79.5,3.1,11101000,403.79,2784,56.1,8.24,612.0,404.15,3.1,1.45, , 
,405.52,2752,79.5,7.0,11101000,404.83,2784,50.2,7.21,550.8,405.17,5.9,1.48, , 
,406.53,2752,79.5,9.4,11101000,405.85,2752,47.1,7.21,520.2,406.21,9.0,1.45, , 
,407.58,2752,79.5,7.4,11101000,406.87,2752,50.2,7.21,571.2,407.23,9.0,1.41, , 
,408.63,2752,79.5,3.1,11101001,407.90,2752,53.3,7.21,591.6,408.27,5.9,1.29, , 
,409.63,2752,79.5,6.3,11101001,408.96,2752,51.8,7.21,591.6,409.29,5.1,1.52, , 
,410.61,2720,79.5,0.0,11111101,409.95,2752,45.9,6.18,520.2,410.28,7.4,1.45, , 
,411.61,2688,81.0,0.0,11111101,410.94,2688,19.2,2.06,275.4,411.29,0.0,0.94, , 
,412.61,2624,81.0,0.0,11111101,411.94,2656,0.0,0.00,275.4,412.27,0.0,3.91, , 
,413.62,2560,81.0,0.0,11111101,412.96,2592,0.0,0.00,275.4,413.27,0.0,3.87, , 
,414.57,2496,81.0,0.0,11111101,413.95,2528,0.0,0.00,275.4,414.27,0.0,3.91, , 
,415.57,2464,81.0,0.0,11111101,414.89,2496,0.0,0.00,275.4,415.23,0.0,3.83, , 
,416.53,2400,82.5,0.0,11111101,415.88,2432,0.0,0.00,275.4,416.20,0.0,3.87, , 
,417.50,2336,82.5,0.0,11111101,416.86,2368,0.0,0.00,275.4,417.18,0.0,3.95, , 
,418.51,2240,82.5,0.0,11111101,417.83,2272,0.0,0.00,275.4,418.17,0.0,3.87, , 
,419.51,2144,82.5,0.0,11111101,418.83,2208,0.0,0.00,275.4,419.17,0.0,3.95, , 
,420.54,2048,82.5,0.0,11111101,419.85,2112,0.0,0.00,275.4,420.19,0.0,3.95, , 
,421.62,1984,82.5,0.0,11101001,420.90,2048,16.1,3.09,244.8,421.26,0.0,1.13, , 
,422.68,1952,84.0,0.0,11101011,421.97,1952,66.3,11.33,734.4,422.33,0.0,1.25, , 
,423.78,1952,84.0,2.0,11101011,423.05,1952,67.8,10.30,754.8,423.41,0.8,1.48, , 
,424.85,1952,84.0,5.5,11101011,424.13,1952,56.1,8.24,652.8,424.49,4.7,1.52, , 
,425.94,1952,84.0,0.0,11101011,425.22,1952,51.8,7.21,612.0,425.57,7.8,1.52, , 
,427.03,1952,84.0,4.7,11101011,426.30,1952,36.9,5.15,459.0,426.66,2.7,1.56, , 
,428.11,1984,84.0,8.6,11101001,427.38,1952,48.6,7.21,571.2,427.74,9.0,1.56, , 
,429.18,2048,84.0,6.3,11101001,428.48,1984,57.6,9.27,652.8,428.83,7.0,1.25, , 
,430.24,2112,84.0,6.3,11101001,429.53,2048,57.6,8.24,652.8,429.89,6.6,1.41, , 
,431.31,2144,84.0,7.0,11101001,430.59,2112,54.5,8.24,632.4,430.94,7.4,1.41, , 
,432.34,2208,84.0,4.7,11101001,431.65,2176,62.0,9.27,693.6,431.99,4.7,1.37, , 
,433.41,2272,82.5,2.7,11101001,432.70,2240,62.0,9.27,693.6,433.04,3.1,1.37, , 
,434.43,2336,82.5,0.0,11101001,433.73,2304,73.7,11.33,795.6,434.07,1.2,1.37, , 
,435.49,2368,82.5,-2.3,11101001,434.77,2336,78.4,11.33,846.6,435.14,-2.0,1.37, , 
,436.57,2400,82.5,-6.3,11101001,435.86,2368,82.7,12.36,887.4,436.20,-4.7,1.37, , 
,437.67,2464,81.0,-8.6,11101001,436.94,2432,88.6,12.36,928.2,437.29,-7.8,1.41, , 
,438.71,2496,81.0,-10.9,11101001,438.03,2464,90.2,13.39,948.6,438.37,-10.2,1.41, , 
,439.75,2528,81.0,-9.4,11101001,439.07,2528,85.5,12.36,887.4,439.41,-9.8,1.52, , 
,440.77,2560,79.5,-7.0,11101001,440.09,2560,81.2,11.33,846.6,440.41,-7.0,1.52, , 
,441.77,2592,79.5,-3.5,11101001,441.09,2592,78.4,11.33,846.6,441.44,-3.5,1.45, , 
,442.78,2624,79.5,-1.2,11101000,442.12,2624,76.9,11.33,795.6,442.46,-2.0,1.45, , 
,443.78,2656,79.5,0.0,11101000,443.12,2656,76.9,11.33,795.6,443.44,-0.8,1.48, , 
,444.81,2688,79.5,-0.8,11101000,444.11,2688,75.3,10.30,795.6,444.45,0.0,1.41, , 
,445.76,2720,79.5,-1.2,11101000,445.12,2688,69.4,9.27,754.8,445.44,-0.4,1.37, , 
,446.75,2720,79.5,-1.2,11101000,446.08,2720,67.8,9.27,734.4,446.42,-1.2,1.41, , 
,447.80,2752,79.5,0.8,11101001,447.10,2720,66.3,9.27,714.0,447.45,-0.4,1.45, , 
,448.83,2752,79.5,1.6,11101001,448.14,2752,63.5,8.24,693.6,448.48,1.2,1.45, , 
,449.84,2752,79.5,4.3,11101001,449.16,2752,62.0,8.24,673.2,449.51,2.3,1.45, , 
,450.89,2752,79.5,7.8,11101001,450.20,2752,57.6,8.24,632.4,450.56,6.6,1.52, , 
,451.89,2752,81.0,11.3,11101001,451.22,2784,51.8,7.21,591.6,451.56,10.5,1.48, , 
,452.90,2752,81.0,14.1,11101001,452.24,2752,51.8,7.21,571.2,452.55,14.1,1.45, , 
,453.90,2752,81.0,16.4,11101001,453.21,2752,48.6,7.21,550.8,453.55,15.6,1.41, , 
,454.90,2752,81.0,17.2,11101001,454.21,2752,47.1,7.21,550.8,454.55,17.2,1.45, , 
,455.98,2720,82.5,14.1,11101001,455.26,2720,47.1,7.21,550.8,455.62,14.5,1.37, , 
,457.03,2720,82.5,12.1,11101001,456.32,2720,45.9,7.21,520.2,456.68,14.5,1.37, , 
,458.04,2720,82.5,11.3,11101001,457.37,2720,47.1,7.21,520.2,457.70,11.3,1.41, , 
,459.03,2720,82.5,9.4,11101001,458.37,2720,47.1,7.21,520.2,458.70,10.9,1.41, , 
,460.09,2688,82.5,8.6,11101001,459.38,2720,47.1,7.21,550.8,459.73,9.0,1.41, , 
,461.05,2720,84.0,8.2,11101001,460.42,2688,50.2,7.21,571.2,460.73,8.2,1.41, , 
,462.11,2688,84.0,7.0,11101001,461.42,2688,50.2,7.21,571.2,461.77,7.4,1.45, , 
,463.12,2688,84.0,4.7,11101001,462.44,2688,50.2,7.21,571.2,462.77,5.1,1.45, , 
,464.10,2688,84.0,3.9,11101001,463.47,2688,50.2,7.21,571.2,463.78,3.9,1.41, , 
,465.07,2688,84.0,4.3,11101001,464.44,2688,50.2,7.21,571.2,464.75,4.7,1.48, , 
,466.07,2688,85.5,-0.8,11101001,465.39,2688,57.6,8.24,652.8,465.72,0.4,1.33, , 
,467.07,2688,85.5,-2.0,11101001,466.40,2688,59.2,8.24,652.8,466.74,-1.6,1.48, , 
,468.17,2688,85.5,-2.7,11101001,467.45,2688,59.2,8.24,652.8,467.80,-3.1,1.45, , 
,469.23,2688,84.0,-2.3,11101001,468.53,2688,59.2,8.24,652.8,468.88,-2.7,1.52, , 
,470.30,2688,84.0,-2.3,11101001,469.59,2688,59.2,8.24,652.8,469.95,-2.3,1.48, , 
,471.31,2688,84.0,-1.2,11101001,470.67,2688,60.4,8.24,652.8,471.00,-1.2,1.45, , 
,472.29,2688,84.0,-1.2,11101001,471.65,2688,60.4,8.24,652.8,471.96,-1.6,1.48, , 
,473.30,2688,84.0,-2.7,11101001,472.64,2688,60.4,8.24,673.2,472.95,-1.6,1.52, , 
,474.29,2688,82.5,-2.7,11101001,473.65,2688,60.4,8.24,673.2,473.98,-2.3,1.45, , 
,475.31,2688,82.5,-0.4,11101001,474.62,2688,60.4,8.24,673.2,474.96,-0.8,1.41, , 
,476.33,2688,82.5,-0.8,11101001,475.62,2688,60.4,8.24,673.2,475.98,-0.8,1.48, , 
,477.37,2688,81.0,-0.8,11101001,476.67,2688,60.4,8.24,673.2,477.02,-0.4,1.52, , 
,478.42,2688,81.0,-2.3,11101001,477.69,2688,60.4,8.24,673.2,478.06,-1.6,1.41, , 
,479.42,2720,81.0,-3.9,11101001,478.75,2720,65.1,9.27,693.6,479.08,-4.3,1.33, , 
,480.43,2720,81.0,-4.3,11101001,479.74,2720,63.5,8.24,693.6,480.08,-4.3,1.52, , 
,481.44,2720,81.0,-4.7,11101001,480.76,2720,63.5,8.24,673.2,481.10,-4.3,1.48, , 
,482.48,2720,81.0,-0.8,11101001,481.80,2720,62.0,8.24,673.2,482.14,-1.2,1.52, , 
,483.53,2720,81.0,-0.4,11101001,482.83,2720,59.2,8.24,652.8,483.18,-0.8,1.45, , 
,484.59,2720,81.0,-0.8,11101001,483.88,2720,59.2,8.24,652.8,484.24,-0.8,1.48, , 
,485.65,2720,81.0,-0.4,11101001,484.95,2720,59.2,8.24,652.8,485.30,-0.4,1.41, , 
,486.73,2720,81.0,-1.2,11101001,486.01,2720,59.2,8.24,652.8,486.37,-0.4,1.41, , 
,487.74,2752,81.0,-0.4,11101001,487.08,2752,60.4,8.24,652.8,487.42,-0.8,1.48, , 
,488.79,2720,82.5,0.0,11101001,488.09,2720,60.4,8.24,652.8,488.43,0.0,1.45, , 
,489.82,2752,82.5,1.2,11101001,489.14,2720,60.4,8.24,673.2,489.49,0.8,1.41, , 
,490.86,2752,84.0,1.2,11101001,490.15,2752,60.4,8.24,652.8,490.50,0.8,1.45, , 
,491.89,2752,82.5,1.6,11101001,491.22,2752,60.4,8.24,652.8,491.57,1.6,1.45, , 
,492.93,2752,82.5,2.7,11101001,492.22,2720,60.4,8.24,652.8,492.57,2.0,1.45, , 
,493.94,2752,84.0,2.7,11101001,493.26,2752,59.2,8.24,652.8,493.59,2.0,1.48, , 
,494.95,2752,84.0,2.0,11101001,494.29,2752,59.2,8.24,652.8,494.62,2.7,1.52, , 
,495.96,2752,84.0,2.7,11101001,495.30,2752,59.2,8.24,652.8,495.65,2.3,1.45, , 
,497.01,2752,84.0,3.5,11101001,496.30,2752,59.2,8.24,652.8,496.66,2.7,1.45, , 
,498.05,2752,84.0,4.3,11101001,497.32,2752,57.6,8.24,632.4,497.69,3.9,1.48, , 
,499.09,2752,84.0,5.9,11101001,498.37,2752,57.6,8.24,632.4,498.73,4.7,1.45, , 
,500.09,2752,84.0,7.4,11101001,499.42,2752,54.5,7.21,612.0,499.75,7.0,1.45, , 
,501.13,2752,84.0,7.0,11101001,500.41,2752,54.5,7.21,612.0,500.77,6.6,1.37, , 
,502.21,2752,84.0,7.4,11101001,501.49,2752,53.3,7.21,591.6,501.85,7.4,1.48, , 
,503.30,2720,84.0,7.8,11101001,502.59,2720,53.3,7.21,591.6,502.95,7.8,1.45, , 
,504.35,2720,84.0,7.8,11101001,503.67,2720,53.3,7.21,591.6,504.01,8.6,1.45, , 
,505.38,2720,84.0,9.0,11101001,504.70,2720,53.3,7.21,591.6,505.04,8.2,1.48, , 
,506.39,2720,84.0,6.6,11101001,505.72,2720,51.8,7.21,571.2,506.05,6.6,1.45, , 
,507.37,2720,84.0,6.6,11101001,506.71,2720,51.8,7.21,571.2,507.04,6.6,1.45, , 
,508.35,2688,82.5,7.0,11101001,507.70,2720,50.2,7.21,571.2,508.02,6.6,1.41, , 
,509.30,2688,82.5,7.4,11101001,508.67,2688,50.2,7.21,571.2,508.98,7.4,1.52, , 
,510.34,2688,82.5,5.1,11101001,509.67,2688,48.6,6.18,550.8,510.02,7.4,1.48, , 
,511.34,2688,82.5,4.7,11101001,510.67,2688,40.0,5.15,459.0,511.00,4.7,1.45, , 
,512.32,2624,82.5,-9.8,11111101,511.66,2656,22.0,3.09,295.8,511.98,0.0,1.05, , 
,513.32,2560,82.5,0.0,11111101,512.66,2592,0.0,0.00,275.4,512.98,0.0,3.87, , 
,514.29,2528,82.5,0.0,11111101,513.64,2560,0.0,0.00,275.4,513.97,0.0,3.87, , 
,515.32,2464,82.5,0.0,11111101,514.63,2496,0.0,0.00,244.8,514.98,0.0,3.87, , 
,516.28,2400,82.5,0.0,11111101,515.65,2432,0.0,0.00,244.8,515.97,0.0,3.87, , 
,517.24,2336,82.5,0.0,11111101,516.60,2368,0.0,0.00,275.4,516.92,0.0,3.83, , 
,518.24,2272,81.0,0.0,11111101,517.58,2336,0.0,0.00,275.4,517.90,0.0,3.83, , 
,519.26,2176,82.5,0.0,11111101,518.58,2240,0.0,0.00,275.4,518.91,0.0,3.87, , 
,520.30,2080,82.5,0.0,11111101,519.60,2144,0.0,0.00,275.4,519.94,0.0,3.91, , 
,521.32,1952,82.5,0.0,11111111,520.65,2016,0.0,0.00,275.4,520.98,0.0,3.87, , 
,522.41,1824,82.5,0.0,11111111,521.68,1920,0.0,0.00,275.4,522.05,0.0,3.95, , 
,523.44,1760,82.5,0.0,11111111,522.77,1792,0.0,0.00,316.2,523.09,0.0,3.95, , 
,524.45,1696,82.5,0.0,11111111,523.78,1728,0.0,0.00,316.2,524.11,0.0,3.91, , 
,525.50,1632,82.5,0.0,11111111,524.79,1664,0.0,0.00,316.2,525.13,0.0,3.91, , 
,526.52,1504,82.5,0.0,11111111,525.84,1600,0.0,0.00,336.6,526.20,0.0,3.91, , 
,527.48,1984,82.5,0.0,11101011,526.84,960,25.1,4.12,357.0,527.14,0.0,3.44, , 
,528.55,1856,82.5,0.0,11101011,527.83,1888,20.8,3.09,295.8,528.20,0.0,0.70, , 
,529.62,1856,82.5,0.8,11101011,528.89,1856,59.2,9.27,673.2,529.26,0.0,1.41, , 
,530.72,1888,82.5,2.0,11101011,529.99,1856,71.0,10.30,795.6,530.37,2.0,1.48, , 
,531.81,1856,81.0,0.0,11101011,531.07,1888,56.1,7.21,652.8,531.44,0.0,1.68, , 
,532.91,1792,81.0,-1.6,11111111,532.15,1824,31.0,4.12,397.8,532.54,0.8,1.52, , 
,534.01,1664,81.0,0.0,11111111,533.27,1728,22.0,3.09,316.2,533.66,-6.3,1.29, , 
,534.99,1504,82.5,0.0,11111111,534.34,1632,0.0,0.00,336.6,534.68,0.0,3.67, , 
,535.93,1344,81.0,0.0,11111111,535.32,1472,0.0,0.00,336.6,535.62,0.0,3.91, , 
,536.92,1184,81.0,0.0,11111111,536.27,1280,23.5,4.12,336.6,536.58,0.0,3.36, , 
,537.85,1056,81.0,0.0,11111111,537.23,1152,23.5,3.09,336.6,537.54,0.0,0.86, , 
,538.79,864,81.0,0.0,11111111,538.19,1056,25.1,3.09,357.0,538.48,0.0,1.33, , 
,539.73,896,81.0,0.4,11111111,539.09,896,28.2,3.09,397.8,539.40,0.4,1.48, , 
,540.62,896,81.0,0.0,11111111,540.02,896,28.2,3.09,397.8,540.33,0.4,1.41, , 
,541.51,960,81.0,-1.6,11101011,540.92,896,28.2,3.09,397.8,541.21,0.0,1.41, , 
,542.49,960,81.0,0.0,11101011,541.81,960,32.5,4.12,438.6,542.17,3.5,1.64, , 
,543.38,1088,81.0,0.0,11101011,542.76,1024,51.8,8.24,632.4,543.08,0.0,1.68, , 
,544.43,1504,81.0,0.0,11101011,543.74,1248,84.3,13.39,948.6,544.10,0.0,1.25, , 
,545.51,1888,81.0,0.0,11101011,544.77,1664,85.5,13.39,948.6,545.13,0.0,1.25, , 
,546.55,2080,81.0,0.0,11101001,545.86,2016,59.2,8.24,673.2,546.21,0.0,1.60, , 
,547.61,2176,82.5,4.7,11101001,546.91,2144,36.9,5.15,438.6,547.27,2.3,1.56, , 
,548.63,2304,81.0,10.2,11101001,547.95,2208,48.6,7.21,571.2,548.27,7.8,1.56, , 
,549.68,2432,81.0,13.3,11101001,548.97,2336,47.1,7.21,550.8,549.34,13.7,1.45, , 
,550.72,2400,81.0,-3.5,11101001,550.01,2432,26.7,3.09,336.6,550.36,0.0,1.48, , 
,551.76,2304,81.0,-9.0,11101001,551.07,2368,20.8,2.06,275.4,551.43,-7.4,1.29, , 
,552.79,2272,81.0,-10.9,11101001,552.10,2304,20.8,2.06,295.8,552.45,-10.2,1.37, , 
,553.74,2304,81.0,-6.3,11101001,553.09,2272,23.5,3.09,316.2,553.42,-9.4,1.64, , 
,554.77,2432,81.0,5.1,11101001,554.08,2304,42.7,5.15,499.8,554.44,2.0,1.72, , 
,555.81,2656,81.0,7.4,11101001,555.13,2496,56.1,8.24,632.4,555.46,5.9,1.41, , 
,556.81,2592,81.0,0.0,11111101,556.16,2752,57.6,8.24,632.4,556.49,6.3,1.37, , 
,557.76,1088,81.0,0.0,11101011,557.14,2080,0.0,0.00,316.2,557.46,0.0,3.87, , 
,558.80,1856,81.0,0.0,11101011,558.07,1248,29.4,5.15,397.8,558.44,0.0,1.25, , 
,559.91,1856,81.0,-6.6,11101011,559.17,1856,26.7,3.09,357.0,559.54,-6.3,1.25, , 
,561.00,1952,81.0,0.0,11101011,560.26,1888,56.1,9.27,652.8,560.62,0.0,1.33, , 
,562.05,2016,81.0,2.7,11101001,561.35,1984,59.2,8.24,673.2,561.70,1.6,1.52, , 
,563.14,2112,81.0,9.8,11101001,562.43,2080,50.2,7.21,591.6,562.77,7.4,1.60, , 
,564.17,2144,81.0,10.5,11101001,563.47,2112,47.1,7.21,550.8,563.81,12.5,1.48, , 
,565.21,2144,81.0,3.5,11101001,564.50,2144,35.3,5.15,438.6,564.85,6.6,1.25, , 
,566.24,2112,81.0,-2.0,11101001,565.54,2144,28.2,4.12,357.0,565.89,0.4,1.29, , 
,567.31,2112,81.0,-5.1,11101001,566.62,2112,28.2,3.09,357.0,566.96,-4.3,1.37, , 
,568.36,2112,81.0,-4.7,11101001,567.65,2112,31.0,4.12,397.8,568.01,-5.5,1.48, , 
,569.38,2112,81.0,-2.3,11101001,568.70,2112,35.3,4.12,438.6,569.04,-3.1,1.60, , 
,570.43,2080,81.0,2.0,11101001,569.72,2112,35.3,4.12,438.6,570.05,-0.4,1.52, , 
,571.45,2080,82.5,2.3,11101001,570.77,2112,35.3,4.12,438.6,571.11,2.0,1.48, , 
,572.48,2080,82.5,2.7,11101001,571.78,2080,35.3,4.12,438.6,572.12,2.7,1.45, , 
,573.51,2080,82.5,3.5,11101001,572.82,2080,35.3,4.12,438.6,573.17,2.7,1.48, , 
,574.59,2080,82.5,2.7,11101001,573.87,2080,35.3,5.15,438.6,574.23,3.9,1.45, , 
,575.65,2048,82.5,1.6,11101001,574.94,2080,35.3,4.12,438.6,575.30,2.0,1.41, , 
,576.72,2048,82.5,2.0,11101001,576.01,2048,35.3,4.12,418.2,576.37,1.6,1.48, , 
,577.77,2016,82.5,2.7,11101001,577.06,2016,35.3,4.12,438.6,577.42,2.3,1.48, , 
,578.84,1984,82.5,2.3,11101001,578.12,2016,35.3,4.12,438.6,578.48,2.3,1.45, , 
,579.93,1984,82.5,3.5,11101001,579.20,1984,35.3,4.12,438.6,579.57,3.1,1.48, , 
,581.05,1984,82.5,9.8,11101001,580.32,1984,42.7,5.15,499.8,580.68,8.2,1.60, , 
,582.13,2016,84.0,12.9,11101001,581.41,1984,44.3,6.18,520.2,581.77,12.1,1.48, , 
,583.24,2016,84.0,13.3,11101001,582.49,2016,42.7,6.18,520.2,582.87,13.3,1.41, , 
,584.28,2016,84.0,11.3,11101001,583.58,2016,48.6,7.21,571.2,583.93,11.7,1.45, , 
,585.34,2080,84.0,9.0,11101001,584.63,2048,51.8,7.21,591.6,584.99,9.8,1.33, , 
,586.36,2112,84.0,6.6,11101001,585.69,2080,51.8,7.21,612.0,586.02,6.6,1.48, , 
,587.39,2112,84.0,5.5,11101001,586.69,2112,50.2,7.21,591.6,587.05,5.9,1.41, , 
,588.43,2144,84.0,6.6,11101001,587.73,2144,50.2,7.21,591.6,588.08,6.3,1.52, , 
,589.46,2176,84.0,4.7,11101001,588.79,2176,50.2,7.21,571.2,589.13,7.0,1.45, , 
,590.50,2176,84.0,4.7,11101001,589.81,2176,50.2,7.21,571.2,590.14,4.7,1.48, , 
,591.52,2176,84.0,3.5,11101001,590.84,2176,53.3,8.24,612.0,591.18,3.9,1.41, , 
,592.55,2208,84.0,2.0,11101001,591.86,2208,54.5,8.24,612.0,592.20,2.3,1.41, , 
,593.58,2208,84.0,2.7,11101001,592.90,2208,53.3,7.21,612.0,593.25,2.7,1.52, , 
,594.59,2208,84.0,3.1,11101001,593.91,2208,53.3,7.21,612.0,594.24,3.1,1.45, , 
,595.62,2208,84.0,3.5,11101001,594.93,2208,53.3,7.21,612.0,595.27,3.1,1.52, , 
,596.65,2208,84.0,3.1,11101001,595.97,2208,53.3,8.24,612.0,596.31,2.3,1.41, , 
,597.68,2208,84.0,-2.3,11101001,596.99,2208,59.2,8.24,673.2,597.34,-0.8,1.37, , 
,598.73,2208,84.0,-4.7,11101001,598.03,2208,63.5,9.27,714.0,598.38,-4.7,1.41, , 
,599.77,2208,84.0,-5.5,11101001,599.08,2208,63.5,9.27,693.6,599.42,-5.5,1.52, , 
,600.80,2240,84.0,-7.0,11101001,600.12,2208,66.3,9.27,734.4,600.46,-7.0,1.48, , 
,601.81,2240,84.0,-7.8,11101001,601.12,2240,66.3,9.27,734.4,601.46,-7.8,1.45, , 
,602.81,2240,84.0,-3.5,11101001,602.14,2240,63.5,8.24,714.0,602.47,-4.7,1.56, , 
,603.79,2240,84.0,0.0,11101001,603.14,2240,60.4,8.24,673.2,603.47,-2.0,1.48, , 
,604.81,2240,84.0,0.8,11101001,604.14,2240,57.6,8.24,652.8,604.47,0.0,1.48, , 
,605.86,2240,84.0,0.8,11101001,605.15,2240,57.6,8.24,652.8,605.51,0.8,1.45, , 
,606.88,2208,84.0,-0.8,11101001,606.19,2208,59.2,8.24,673.2,606.53,-0.4,1.37, , 
,607.91,2208,84.0,-1.6,11101001,607.22,2208,62.0,8.24,693.6,607.55,-1.6,1.48, , 
,608.94,2240,84.0,-2.0,11101001,608.24,2240,62.0,8.24,693.6,608.60,-2.0,1.45, , 
,609.92,2240,84.0,-2.3,11101001,609.27,2240,60.4,8.24,673.2,609.59,-2.3,1.52, , 
,610.94,2240,84.0,-2.3,11101001,610.27,2240,60.4,8.24,673.2,610.60,-2.7,1.45, , 
,611.97,2272,84.0,-0.4,11101001,611.27,2272,59.2,8.24,652.8,611.62,-1.2,1.52, , 
,612.99,2272,84.0,2.3,11101001,612.30,2272,57.6,8.24,652.8,612.65,0.8,1.52, , 
,614.03,2304,84.0,2.3,11101001,613.33,2272,57.6,8.24,652.8,613.69,2.3,1.41, , 
,615.03,2336,84.0,5.1,11101001,614.37,2304,56.1,8.24,632.4,614.70,3.1,1.52, , 
,616.03,2336,84.0,8.2,11101001,615.35,2304,51.8,7.21,591.6,615.70,7.4,1.52, , 
,617.04,2272,84.0,0.0,11101001,616.37,2336,51.8,7.21,591.6,616.70,0.0,1.45, , 
,618.06,2176,84.0,-5.5,11101001,617.38,2240,20.8,2.06,275.4,617.73,-7.8,1.05, , 
,619.10,2080,84.0,-5.5,11111101,618.40,2144,19.2,2.06,275.4,618.74,-4.7,1.56, , 
,620.15,1952,84.0,0.0,11101011,619.47,2016,17.6,2.06,275.4,619.81,-2.0,1.64, , 
,621.25,1888,84.0,0.0,11101011,620.52,1920,25.1,3.09,336.6,620.89,0.0,1.21, , 
,622.33,1920,84.0,1.2,11101011,621.61,1888,60.4,9.27,693.6,621.97,-2.0,1.37, , 
,623.41,1952,84.0,4.3,11101011,622.68,1920,50.2,7.21,591.6,623.04,4.3,1.56, , 
,624.47,1984,84.0,1.2,11101011,623.76,1952,60.4,8.24,673.2,624.11,2.7,1.33, , 
,625.53,2016,84.0,0.8,11101001,624.82,1984,62.0,8.24,693.6,625.17,0.8,1.48, , 
,626.61,2080,84.0,0.0,11101001,625.88,2048,60.4,8.24,693.6,626.25,0.4,1.45, , 
,627.61,2112,85.5,1.6,11101001,626.95,2080,59.2,8.24,673.2,627.28,2.0,1.52, , 
,628.61,2144,84.0,2.3,11101001,627.94,2112,59.2,8.24,652.8,628.26,2.3,1.45, , 
,629.64,2176,84.0,3.5,11101001,628.97,2144,57.6,8.24,652.8,629.30,2.7,1.52, , 
,630.64,2176,85.5,7.8,11101001,629.97,2176,56.1,8.24,632.4,630.30,7.0,1.56, , 
,631.67,2144,85.5,5.9,11101001,630.98,2176,38.4,5.15,459.0,631.33,6.3,1.41, , 
,632.70,2144,84.0,9.8,11101001,632.01,2144,45.9,6.18,520.2,632.36,8.6,1.52, , 
,633.72,2176,85.5,4.3,11101001,633.02,2144,57.6,8.24,652.8,633.37,5.5,1.37, , 
,634.75,2208,85.5,2.0,11101001,634.06,2176,60.4,8.24,673.2,634.41,2.0,1.41, , 
,635.77,2272,84.0,1.6,11101001,635.08,2240,59.2,8.24,652.8,635.44,2.0,1.48, , 
,636.77,2304,84.0,3.1,11101001,636.11,2272,57.6,8.24,652.8,636.43,2.7,1.56, , 
,637.85,2336,84.0,3.9,11101001,637.13,2304,56.1,8.24,632.4,637.49,3.5,1.48, , 
,638.89,2400,84.0,5.9,11101001,638.21,2368,54.5,8.24,612.0,638.58,5.9,1.48, , 
,639.91,2432,84.0,5.9,11101001,639.22,2400,54.5,8.24,612.0,639.57,5.9,1.45, , 
,640.97,2464,85.5,7.0,11101001,640.26,2464,48.6,6.18,571.2,640.61,6.6,1.52, , 
,642.00,2496,84.0,8.6,11101001,641.33,2464,42.7,6.18,499.8,641.67,7.8,1.48, , 
,643.01,2496,84.0,7.4,11101001,642.31,2496,42.7,6.18,499.8,642.66,7.8,1.45, , 
,644.06,2528,84.0,5.5,11101001,643.36,2528,38.4,5.15,459.0,643.70,6.3,1.41, , 
,645.09,2528,84.0,1.2,11101001,644.40,2528,38.4,5.15,438.6,644.74,2.3,1.45, , 
,646.17,2528,84.0,-0.8,11101001,645.46,2528,34.1,4.12,397.8,645.81,-0.4,1.48, , 
,647.23,2528,84.0,-1.6,11101001,646.53,2528,34.1,4.12,397.8,646.88,-2.0,1.48, , 
,648.27,2528,84.0,-2.0,11101001,647.58,2528,34.1,4.12,397.8,647.92,-1.6,1.48, , 
,649.30,2560,84.0,-1.6,11101001,648.62,2528,34.1,4.12,397.8,648.97,-1.6,1.48, , 
,650.29,2560,84.0,-1.2,11101001,649.64,2560,32.5,4.12,397.8,649.97,-1.6,1.48, , 
,651.32,2560,84.0,-1.2,11101001,650.62,2560,32.5,4.12,397.8,650.96,-1.2,1.48, , 
,652.34,2560,85.5,-7.4,11101001,651.66,2560,25.1,3.09,336.6,652.00,-4.7,1.29, , 
,653.36,2528,85.5,-12.5,11101001,652.66,2560,20.8,2.06,275.4,652.99,-11.7,1.33, , 
,654.39,2528,85.5,-14.1,11101001,653.70,2528,20.8,2.06,295.8,654.04,-12.9,1.52, , 
,655.42,2496,84.0,-13.3,11101001,654.73,2528,20.8,2.06,295.8,655.08,-14.5,1.48, , 
,656.41,2496,85.5,-13.3,11101001,655.75,2528,20.8,2.06,295.8,656.08,-14.1,1.52, , 
,657.48,2464,84.0,-12.9,11101001,656.76,2496,20.8,2.06,295.8,657.12,-12.5,1.56, , 
,658.54,2464,85.5,-12.5,11101001,657.84,2496,20.8,2.06,295.8,658.20,-12.9,1.45, , 
,659.56,2496,85.5,-7.8,11101001,658.90,2464,20.8,2.06,295.8,659.25,-12.5,1.45, , 
,660.61,2560,85.5,-1.6,11101001,659.91,2496,38.4,5.15,459.0,660.26,-3.1,1.60, , 
,661.61,2624,85.5,5.1,11101001,660.93,2560,40.0,6.18,459.0,661.27,3.1,1.56, , 
,662.62,2688,85.5,10.5,11101001,661.94,2656,47.1,7.21,520.2,662.27,9.4,1.52, , 
,663.66,2752,85.5,11.7,11101001,662.98,2720,44.3,7.21,499.8,663.31,11.3,1.37, , 
,664.70,2848,85.5,10.9,11101001,664.00,2784,45.9,7.21,520.2,664.36,10.9,1.29, , 
,665.71,1920,85.5,0.0,11111111,665.00,2880,38.4,4.12,459.0,665.32,0.0,3.40, , 
,666.75,2112,85.5,0.0,11101001,666.05,1344,0.0,0.00,336.6,666.39,0.0,3.48, , 
,667.81,2048,85.5,-4.7,11101001,667.11,2112,23.5,3.09,316.2,667.45,0.0,1.13, , 
,668.85,2080,85.5,0.0,11101001,668.16,2080,40.0,6.18,459.0,668.51,0.0,1.56, , 
,669.86,2144,85.5,1.2,11101001,669.19,2112,57.6,8.24,652.8,669.53,1.2,1.56, , 
,670.90,2208,85.5,0.0,11101001,670.21,2144,59.2,8.24,673.2,670.56,-0.4,1.41, , 
,671.89,2240,85.5,0.4,11101001,671.24,2208,57.6,8.24,652.8,671.58,0.4,1.48, , 
,672.88,2240,85.5,0.0,11101001,672.22,2240,56.1,8.24,632.4,672.54,0.0,1.52, , 
,673.91,2208,85.5,-1.2,11101001,673.23,2240,17.6,2.06,275.4,673.57,-3.9,1.33, , 
,674.95,2176,85.5,-3.9,11101001,674.27,2208,16.1,2.06,244.8,674.61,-3.5,1.41, , 
,675.98,2144,85.5,-9.8,11101001,675.28,2144,20.8,3.09,295.8,675.63,-8.6,1.33, , 
,676.98,2144,85.5,-2.0,11101001,676.31,2144,44.3,6.18,520.2,676.63,-4.3,1.68, , 
,677.99,2144,85.5,2.0,11101001,677.32,2144,50.2,7.21,571.2,677.65,1.6,1.56, , 
,679.02,2176,85.5,2.7,11101001,678.33,2144,56.1,8.24,632.4,678.68,2.3,1.45, , 
,680.02,2176,85.5,1.2,11101001,679.35,2176,54.5,8.24,612.0,679.68,3.9,1.45, , 
,681.03,2240,85.5,-1.6,11101001,680.34,2208,62.0,9.27,693.6,680.69,-0.4,1.37, , 
,682.03,2272,85.5,-2.7,11101001,681.36,2240,62.0,9.27,693.6,681.70,-2.7,1.48, , 
,683.03,2304,85.5,-3.1,11101001,682.36,2304,62.0,8.24,693.6,682.68,-3.1,1.45, , 
,684.06,2368,84.0,-2.3,11101001,683.36,2336,60.4,8.24,673.2,683.70,-2.7,1.52, , 
,685.10,2432,84.0,-5.1,11101001,684.40,2400,69.4,10.30,754.8,684.75,-3.1,1.48, , 
,686.11,2528,84.0,-7.0,11101001,685.44,2464,81.2,12.36,867.0,685.76,-6.3,1.37, , 
,687.09,2624,85.5,-8.6,11101001,686.44,2560,85.5,12.36,907.8,686.76,-8.2,1.45, , 
,688.12,2720,84.0,-9.0,11101001,687.43,2656,85.5,12.36,907.8,687.76,-9.0,1.48, , 
,689.10,2816,84.0,-10.2,11101001,688.45,2752,85.5,12.36,907.8,688.77,-10.2,1.45, , 
,690.16,2656,84.0,0.0,11111101,689.47,2848,85.5,12.36,907.8,689.81,-9.8,1.45, , 
,691.16,1120,84.0,0.0,11101011,690.53,2144,0.0,0.00,295.8,690.86,0.0,3.83, , 
,692.16,2176,84.0,0.0,11101001,691.45,1408,25.1,4.12,357.0,691.80,0.0,1.05, , 
,693.18,2144,84.0,0.0,11101001,692.50,2176,26.7,3.09,357.0,692.85,0.0,1.48, , 
,694.23,2176,84.0,0.0,11101001,693.53,2144,57.6,8.24,652.8,693.89,0.0,1.45, , 
,695.23,2208,84.0,-2.0,11101001,694.57,2176,71.0,10.30,775.2,694.91,-1.6,1.45, , 
,696.23,2240,85.5,-6.6,11101001,695.56,2208,78.4,11.33,846.6,695.90,-4.7,1.37, , 
,697.22,2304,85.5,-9.4,11101001,696.56,2272,84.3,12.36,907.8,696.89,-8.6,1.37, , 
,698.20,2336,84.0,-12.1,11101001,697.54,2304,87.1,12.36,928.2,697.87,-10.5,1.48, , 
,699.20,2400,85.5,-11.7,11101001,698.53,2336,88.6,12.36,948.6,698.86,-11.3,1.52, , 
,700.25,2432,85.5,-11.3,11101001,699.56,2400,88.6,12.36,948.6,699.91,-12.1,1.45, , 
,701.30,2496,85.5,0.0,11101001,700.63,2464,88.6,13.39,948.6,700.98,-11.7,1.45, , 
,702.28,2528,84.0,-2.3,11101001,701.61,2496,73.7,10.30,795.6,701.93,-1.6,1.37, , 
,703.32,2560,85.5,-4.3,11101001,702.63,2528,69.4,10.30,754.8,702.98,-4.3,1.41, , 
,704.37,2560,85.5,-4.3,11101001,703.66,2560,65.1,9.27,714.0,704.01,-4.7,1.56, , 
,705.37,2592,85.5,-2.0,11101001,704.72,2592,62.0,8.24,693.6,705.06,-3.5,1.48, , 
,706.36,2592,85.5,4.3,11101001,705.72,2592,51.8,7.21,591.6,706.04,2.3,1.56, , 
,707.33,2624,85.5,7.4,11101001,706.68,2592,50.2,7.21,571.2,707.00,6.6,1.48, , 
,708.35,2656,85.5,9.4,11101001,707.66,2624,48.6,7.21,571.2,708.01,8.6,1.48, , 
,709.38,2688,85.5,10.2,11101001,708.70,2656,48.6,7.21,550.8,709.04,9.8,1.45, , 
,710.37,2656,85.5,-6.6,11111101,709.71,2688,26.7,3.09,357.0,710.04,0.0,1.41, , 
,711.37,2688,85.5,0.0,11101001,710.70,2656,19.2,2.06,275.4,711.03,-5.9,1.41, , 
,712.38,2688,85.5,2.7,11101001,711.72,2656,54.5,8.24,612.0,712.05,1.6,1.60, , 
,713.35,2720,85.5,3.5,11101001,712.70,2688,56.1,8.24,632.4,713.02,3.1,1.45, , 
,714.39,2752,85.5,-0.4,11101001,713.68,2720,63.5,9.27,693.6,714.03,-0.4,1.37, , 
,715.39,2784,85.5,-3.9,11101001,714.72,2752,67.8,9.27,734.4,715.06,-3.1,1.45, , 
,716.40,2816,85.5,-3.9,11101001,715.73,2784,63.5,8.24,693.6,716.06,-4.3,1.45, , 
,717.45,2848,85.5,-3.5,11101001,716.74,2816,63.5,8.24,693.6,717.09,-4.7,1.45, , 
,718.49,2848,85.5,-2.0,11101001,717.80,2848,62.0,8.24,673.2,718.12,-2.7,1.56, , 
,719.53,2848,85.5,1.6,11101001,718.84,2848,56.1,8.24,632.4,719.20,1.2,1.52, , 
,720.56,2880,85.5,2.7,11101001,719.89,2880,56.1,8.24,632.4,720.23,1.6,1.45, , 
,721.61,2880,84.0,2.7,11101001,720.91,2880,56.1,8.24,612.0,721.26,2.7,1.45, , 
,722.62,2880,85.5,3.5,11101001,721.95,2880,56.1,8.24,612.0,722.29,3.5,1.52, , 
,723.58,2880,85.5,3.9,11101001,722.93,2880,54.5,7.21,612.0,723.25,4.7,1.45, , 
,724.58,2912,84.0,7.0,11101001,723.90,2912,50.2,7.21,571.2,724.24,6.6,1.48, , 
,725.65,2912,85.5,8.2,11101001,724.93,2880,50.2,7.21,571.2,725.28,7.8,1.52, , 
,726.71,2880,84.0,5.1,11101001,726.00,2912,54.5,8.24,612.0,726.37,5.9,1.41, , 
,727.71,2880,84.0,3.5,11101001,727.03,2880,54.5,8.24,612.0,727.37,3.9,1.41, , 
,728.75,2848,84.0,0.8,11101001,728.05,2880,56.1,8.24,632.4,728.41,1.6,1.41, , 
,729.75,2848,84.0,-3.9,11101001,729.08,2848,60.4,8.24,652.8,729.42,-2.3,1.45, , 
,730.78,2848,85.5,-5.9,11101001,730.10,2848,65.1,9.27,714.0,730.43,-6.3,1.45, , 
,731.84,2848,85.5,0.0,11101001,731.13,2848,57.6,8.24,632.4,731.51,-1.2,1.60, , 
,732.87,2848,84.0,-1.6,11101001,732.20,2848,57.6,8.24,632.4,732.54,-0.4,1.48, , 
,733.95,2848,84.0,-5.1,11101001,733.23,2848,65.1,9.27,693.6,733.60,-3.9,1.41, , 
,734.94,2848,84.0,-6.6,11101001,734.27,2848,67.8,9.27,734.4,734.64,-6.6,1.41, , 
,735.97,2848,84.0,-7.0,11101001,735.27,2848,67.8,9.27,734.4,735.64,-7.4,1.45, , 
,737.04,2848,85.5,-5.5,11101001,736.31,2848,67.8,9.27,734.4,736.69,-5.5,1.48, , 
,738.06,2848,85.5,-5.1,11101001,737.36,2848,67.8,9.27,734.4,737.71,-4.7,1.45, , 
,739.08,2848,85.5,-4.7,11101001,738.39,2848,67.8,9.27,734.4,738.75,-4.3,1.48, , 
,740.10,2848,85.5,0.0,11101001,739.42,2848,66.3,9.27,714.0,739.78,-3.9,1.56, , 
,741.15,2816,85.5,4.3,11101001,740.43,2816,42.7,5.15,499.8,740.79,3.9,1.60, , 
,742.19,2784,85.5,4.7,11101001,741.51,2816,35.3,5.15,438.6,741.86,4.7,1.45, , 
,743.20,2784,85.5,4.3,11101001,742.53,2784,34.1,4.12,418.2,742.86,4.3,1.45, , 
,744.22,2752,85.5,3.5,11101001,743.55,2784,34.1,4.12,397.8,743.89,3.9,1.45, , 
,745.21,2752,85.5,3.9,11101001,744.55,2752,34.1,4.12,397.8,744.87,3.5,1.48, , 
,746.26,2720,85.5,3.5,11101001,745.58,2720,32.5,4.12,397.8,745.92,3.1,1.48, , 
,747.29,2720,85.5,0.0,11101001,746.61,2720,31.0,4.12,397.8,746.95,2.7,1.48, , 
,748.34,2656,85.5,-3.9,11101001,747.62,2720,23.5,3.09,316.2,747.98,-3.5,1.37, , 
,749.35,2656,85.5,-3.5,11101001,748.68,2656,28.2,3.09,357.0,749.03,-3.9,1.48, , 
,750.38,2624,85.5,-5.9,11111101,749.71,2656,26.7,3.09,336.6,750.05,-3.1,1.52, , 
,751.37,2592,85.5,0.0,11111101,750.73,2592,17.6,2.06,275.4,751.06,0.0,3.05, , 
,752.33,2528,85.5,0.0,11111101,751.70,2592,0.0,0.00,275.4,752.03,0.0,3.95, , 
,753.28,2464,85.5,0.0,11111101,752.64,2496,0.0,0.00,275.4,752.95,0.0,3.87, , 
,754.25,2432,85.5,0.0,11111101,753.60,2464,0.0,0.00,275.4,753.93,0.0,3.95, , 
,755.20,2368,85.5,0.0,11111101,754.56,2400,0.0,0.00,275.4,754.89,0.0,3.83, , 
,756.18,2304,85.5,0.0,11111101,755.53,2336,0.0,0.00,275.4,755.84,0.0,3.95, , 
,757.19,2272,85.5,0.0,11101001,756.53,2304,17.6,3.09,275.4,756.85,0.0,0.59, , 
,758.19,2272,85.5,0.0,11101001,757.51,2272,48.6,7.21,550.8,757.85,0.0,1.52, , 
,759.17,2272,84.0,0.0,11101001,758.52,2272,60.4,9.27,673.2,758.86,2.0,1.52, , 
,760.15,2336,84.0,-3.5,11101001,759.49,2304,78.4,12.36,846.6,759.83,-1.2,1.41, , 
,761.17,2368,84.0,-5.9,11101001,760.48,2336,87.1,13.39,928.2,760.81,-5.5,1.41, , 
,762.22,2400,84.0,-8.2,11101001,761.52,2368,88.6,13.39,948.6,761.89,-7.8,1.45, , 
,763.26,2464,84.0,-9.4,11101001,762.55,2432,88.6,13.39,948.6,762.91,-8.6,1.45, , 
,764.31,2496,84.0,-9.4,11101001,763.62,2464,90.2,13.39,948.6,763.98,-9.8,1.52, , 
,765.32,2528,84.0,-9.4,11101001,764.66,2528,87.1,12.36,928.2,764.98,-9.8,1.48, , 
,766.38,2592,84.0,0.0,11101001,765.68,2528,87.1,12.36,928.2,766.03,-9.8,1.48, , 
,767.38,2592,85.5,-3.1,11101001,766.70,2592,76.9,11.33,826.2,767.02,-2.3,1.41, , 
,768.38,2624,84.0,-3.9,11101001,767.72,2624,76.9,11.33,826.2,768.05,-3.9,1.45, , 
,769.42,2656,84.0,-7.8,11101001,768.71,2624,85.5,12.36,907.8,769.05,-6.6,1.45, , 
,770.41,2656,84.0,-1.2,11101001,769.76,2656,75.3,10.30,826.2,770.08,0.0,1.37, , 
,771.43,2688,84.0,-3.1,11101001,770.75,2688,65.1,9.27,714.0,771.09,-2.7,1.45, , 
,772.46,2688,84.0,-2.0,11101001,771.77,2688,60.4,8.24,673.2,772.10,-2.3,1.48, , 
,773.49,2720,84.0,3.5,11101001,772.82,2688,57.6,8.24,632.4,773.16,0.8,1.52, , 
,774.47,2720,84.0,7.0,11101001,773.82,2720,50.2,7.21,571.2,774.14,6.6,1.52, , 
,775.44,2720,84.0,9.0,11101001,774.80,2720,48.6,7.21,571.2,775.12,9.4,1.48, , 
,776.45,2688,84.0,8.6,11101001,775.77,2688,38.4,5.15,438.6,776.10,8.2,1.37, , 
,777.46,2720,84.0,1.2,11101001,776.80,2688,56.1,8.24,612.0,777.13,5.9,1.33, , 
,778.46,2720,84.0,-0.8,11101001,777.79,2720,59.2,8.24,652.8,778.13,-0.4,1.45, , 
,779.47,2720,84.0,3.1,11101001,778.80,2720,53.3,7.21,591.6,779.13,2.0,1.52, , 
,780.52,2720,84.0,4.7,11101001,779.81,2720,51.8,7.21,591.6,780.17,4.7,1.48, , 
,781.54,2720,84.0,5.5,11101001,780.86,2720,50.2,7.21,571.2,781.20,6.3,1.52, , 
,782.57,2720,84.0,3.9,11101001,781.89,2720,38.4,5.15,459.0,782.22,3.9,1.45, , 
,783.58,2688,84.0,2.7,11101001,782.90,2720,38.4,5.15,438.6,783.24,3.1,1.45, , 
,784.59,2688,84.0,1.2,11101001,783.92,2688,38.4,5.15,438.6,784.25,2.3,1.45, , 
,785.61,2656,84.0,0.0,11101001,784.93,2688,36.9,5.15,438.6,785.27,0.8,1.48, , 
,786.66,2656,84.0,-0.8,11101001,785.94,2656,34.1,4.12,397.8,786.29,-0.8,1.45, , 
,787.71,2624,84.0,-2.0,11101001,786.99,2656,31.0,4.12,377.4,787.35,-1.2,1.48, , 
,788.71,2624,84.0,-2.0,11101001,788.04,2624,31.0,4.12,397.8,788.38,-2.0,1.48, , 
,789.70,2624,84.0,-0.8,11101001,789.04,2624,32.5,4.12,397.8,789.37,-1.2,1.52, , 
,790.71,2592,84.0,-7.4,11111101,790.04,2592,25.1,3.09,336.6,790.39,-5.1,1.33, , 
,791.73,2560,84.0,0.0,11111101,791.07,2592,19.2,2.06,275.4,791.39,0.0,1.60, , 
,792.71,2528,84.0,0.0,11111101,792.06,2560,0.0,0.00,275.4,792.39,0.0,3.95, , 
,793.67,2496,85.5,0.0,11101001,793.05,2528,0.0,0.00,275.4,793.36,0.0,3.98, , 
,794.66,2496,84.0,0.0,11101001,793.98,2496,17.6,3.09,244.8,794.32,0.0,0.70, , 
,795.67,2496,84.0,0.0,11101001,795.00,2496,40.0,6.18,459.0,795.36,0.0,1.52, , 
,796.70,2528,84.0,-1.2,11101001,796.01,2528,65.1,10.30,693.6,796.36,-0.8,1.48, , 
,797.72,2560,84.0,-5.9,11101001,797.05,2528,78.4,11.33,846.6,797.38,-5.9,1.25, , 
,798.73,2560,84.0,-8.2,11101001,798.06,2560,87.1,13.39,928.2,798.39,-7.4,1.41, , 
,799.74,2624,84.0,-9.0,11101001,799.08,2592,87.1,13.39,928.2,799.42,-9.0,1.48, , 
,800.72,2624,84.0,-9.0,11101001,800.08,2624,90.2,13.39,948.6,800.40,-9.4,1.48, , 
,801.74,2656,84.0,-9.0,11101001,801.05,2624,90.2,13.39,948.6,801.40,-9.4,1.45, , 
,802.79,2656,84.0,-9.8,11101001,802.10,2656,90.2,13.39,948.6,802.45,-9.0,1.41, , 
,803.77,2688,84.0,-9.8,11101001,803.10,2656,88.6,13.39,928.2,803.44,-10.2,1.41, , 
,804.80,2688,84.0,-7.8,11101001,804.12,2688,81.2,11.33,867.0,804.45,-9.0,1.56, , 
,805.81,2656,84.0,-7.0,11101001,805.14,2688,78.4,11.33,846.6,805.46,-7.0,1.48, , 
,806.84,2656,84.0,0.0,11101001,806.15,2656,78.4,11.33,846.6,806.49,0.0,1.29, , 
,807.85,2656,84.0,-1.2,11101001,807.19,2656,57.6,8.24,632.4,807.51,-1.2,1.48, , 
,808.89,2656,84.0,-2.3,11101001,808.20,2656,59.2,8.24,652.8,808.54,-1.6,1.52, , 
,809.90,2656,84.0,0.0,11101001,809.23,2656,57.6,8.24,632.4,809.56,0.0,1.60, , 
,810.93,2592,84.0,-5.9,11111101,810.24,2624,19.2,2.06,275.4,810.60,-8.2,1.13, , 
,811.94,2560,84.0,0.0,11101001,811.27,2592,0.0,0.00,244.8,811.61,0.0,2.30, , 
,812.96,2528,84.0,-5.5,11101001,812.27,2560,17.6,2.06,275.4,812.62,-7.0,1.02, , 
,813.98,2528,84.0,0.0,11101001,813.30,2528,20.8,2.06,275.4,813.62,0.0,1.45, , 
,815.02,2528,84.0,-2.7,11101001,814.34,2528,69.4,10.30,754.8,814.69,-1.6,1.37, , 
,816.03,2560,84.0,-4.3,11101001,815.36,2560,69.4,10.30,754.8,815.70,-3.5,1.41, , 
,817.06,2560,84.0,-5.1,11101001,816.39,2560,69.4,10.30,754.8,816.72,-5.1,1.52, , 
,818.03,2592,84.0,-5.1,11101001,817.38,2560,73.7,10.30,795.6,817.69,-5.1,1.48, , 
,819.00,2624,84.0,-5.5,11101001,818.36,2592,73.7,10.30,795.6,818.68,-5.5,1.48, , 
,819.99,2624,84.0,-5.1,11101001,819.33,2624,72.2,10.30,775.2,819.66,-5.1,1.48, , 
,820.99,2656,84.0,-5.1,11101001,820.34,2656,72.2,10.30,775.2,820.67,-6.3,1.45, , 
,822.00,2656,85.5,1.2,11101001,821.33,2656,60.4,8.24,673.2,821.66,0.0,1.64, , 
,823.04,2688,84.0,5.9,11101001,822.34,2656,53.3,7.21,591.6,822.68,3.9,1.45, , 
,824.09,2688,84.0,6.3,11101001,823.38,2688,53.3,8.24,591.6,823.75,6.3,1.45, , 
,825.10,2656,84.0,7.4,11101001,824.44,2688,51.8,7.21,571.2,824.75,7.0,1.48, , 
,826.13,2656,84.0,7.8,11101001,825.45,2656,50.2,7.21,571.2,825.80,8.6,1.45, , 
,827.21,2656,85.5,7.4,11101001,826.50,2656,50.2,7.21,571.2,826.85,8.2,1.45, , 
,828.24,2656,84.0,7.8,11101001,827.56,2656,50.2,7.21,571.2,827.89,7.8,1.48, , 
,829.30,2656,84.0,7.0,11101001,828.59,2656,50.2,7.21,571.2,828.93,8.6,1.48, , 
,830.33,2656,84.0,7.4,11101001,829.64,2656,48.6,7.21,550.8,829.98,7.0,1.45, , 
,831.34,2656,85.5,7.8,11101001,830.66,2656,47.1,7.21,520.2,831.01,7.4,1.45, , 
,832.37,2656,84.0,7.0,11101001,831.71,2656,47.1,7.21,550.8,832.05,7.4,1.52, , 
,833.43,2656,84.0,5.9,11101001,832.72,2656,45.9,7.21,520.2,833.06,5.9,1.45, , 
,834.48,2624,84.0,3.9,11101001,833.78,2624,42.7,6.18,499.8,834.13,5.1,1.41, , 
,835.46,2624,85.5,1.6,11101001,834.80,2624,38.4,5.15,438.6,835.14,2.3,1.41, , 
,836.48,2592,85.5,-1.2,11101001,835.80,2592,36.9,5.15,438.6,836.13,0.0,1.45, , 
,837.47,2560,85.5,0.0,11101001,836.82,2592,31.0,4.12,397.8,837.16,-2.0,1.48, , 
,838.51,2592,85.5,3.1,11101001,837.82,2592,51.8,7.21,571.2,838.15,2.3,1.56, , 
,839.52,2560,85.5,4.7,11101001,838.86,2592,51.8,7.21,571.2,839.19,3.9,1.48, , 
,840.53,2560,85.5,0.0,11111101,839.86,2560,50.2,7.21,571.2,840.18,6.3,1.52, , 
,841.50,2528,85.5,0.0,11111101,840.86,2528,20.8,2.06,275.4,841.18,0.0,1.17, , 
,842.45,2464,84.0,0.0,11111101,841.82,2496,0.0,0.00,244.8,842.13,0.0,3.91, , 
,843.44,2432,85.5,0.0,11111101,842.79,2464,0.0,0.00,244.8,843.10,0.0,3.95, , 
,844.42,2368,84.0,0.0,11111101,843.76,2400,0.0,0.00,275.4,844.09,0.0,3.91, , 
,845.42,2304,85.5,0.0,11111101,844.75,2336,0.0,0.00,275.4,845.08,0.0,3.87, , 
,846.41,2272,85.5,0.0,11111101,845.75,2304,0.0,0.00,275.4,846.08,0.0,3.91, , 
,847.40,2176,84.0,0.0,11111101,846.75,2240,0.0,0.00,275.4,847.07,0.0,3.91, , 
,848.45,2048,85.5,0.0,11111101,847.75,2144,0.0,0.00,275.4,848.09,0.0,3.87, , 
,849.53,1600,84.0,0.0,11111111,848.81,2016,0.0,0.00,275.4,849.17,0.0,3.91, , 
,850.48,928,84.0,0.0,11111111,849.85,1056,25.1,4.12,357.0,850.18,0.0,3.59, , 
,851.43,928,84.0,0.0,11111111,850.79,928,28.2,4.12,397.8,851.12,0.0,0.98, , 
,852.34,896,84.0,-0.4,11111111,851.74,928,26.7,4.12,377.4,852.04,0.0,1.05, , 
,853.27,896,84.0,1.6,11111111,852.65,896,26.7,3.09,377.4,852.97,0.8,1.52, , 
,854.21,896,84.0,2.7,11111111,853.58,896,26.7,3.09,377.4,853.89,2.3,1.52, , 
,855.14,896,84.0,3.1,11111111,854.53,896,26.7,3.09,377.4,854.85,3.1,1.48, , 
,856.08,896,84.0,3.5,11111111,855.45,896,26.7,3.09,377.4,855.78,3.1,1.48, , 
,856.99,864,84.0,3.9,11111111,856.38,896,25.1,3.09,377.4,856.68,3.9,1.48, , 
,857.90,896,84.0,3.1,11111111,857.30,896,25.1,3.09,377.4,857.60,3.5,1.45, , 
,858.83,864,84.0,3.1,11111111,858.21,896,26.7,3.09,377.4,858.51,3.1,1.48, , 
