Sobota,29,Sierpieñ,2026,15:52:27:00009-VCID:1C3761778CABCE7337-515A,Wersja VCDS: AKP 23.3.1,Wersja danych: 20230601 DS346.2
047 906 033 L,,1.4l SIMOS3PA   00HS5401,

,Grupa A:,'001,,,,Grupa B:,'002,,,,Grupa C:,'033
,,Obroty silnika,Temperatura,Lambda,Bity binarnie,,Obroty silnika,Obci¹¿enie,Czas wtrysku,Ciœnienie rzecz.,,Lambda,Napiêcie, , 
,CZAS,,,,,CZAS,,,,,CZAS,,,,
Znacznik,ZAPISU, /min,*C, %,,ZAPISU, /min, %, ms, mbar,ZAPISU, %, V,,
,0.30,800,88.5,8.6,10111111,0.60,800,29.4,4.12,438.6,0.02,8.6,1.48, , 
,1.20,800,88.5,8.2,10111111,1.48,800,29.4,4.12,438.6,0.90,8.2,1.45, , 
,2.07,800,88.5,7.8,10111111,2.38,768,29.4,4.12,438.6,1.77,7.8,1.48, , 
,2.97,768,88.5,7.4,10101011,3.29,800,35.3,5.15,479.4,2.67,6.6,1.48, , 
,3.90,1152,88.5,12.5,10101011,4.22,1312,29.4,5.15,418.2,3.58,10.9,1.56, , 
,4.84,1440,88.5,9.4,10111111,5.22,1472,22.0,3.09,316.2,4.55,9.4,1.37, , 
,5.90,1216,88.5,4.7,10101011,6.19,992,32.5,5.15,418.2,5.57,5.5,1.25, , 
,6.75,640,88.5,0.0,10101011,7.05,768,73.7,12.36,867.0,6.48,0.0,1.48, , 
,7.64,1152,88.5,0.0,10101011,7.99,1472,79.6,13.39,928.2,7.34,0.0,1.09, , 
,8.65,1408,88.5,0.0,10111111,8.94,960,28.2,4.12,397.8,8.34,0.0,0.98, , 
,9.56,1152,88.5,0.0,10101011,9.89,1184,34.1,5.15,438.6,9.26,0.0,2.77, , 
,10.55,1280,88.5,0.0,10101011,10.89,1344,54.5,8.24,673.2,10.22,0.0,1.60, , 
,11.51,1472,88.5,0.4,10101011,11.86,1504,34.1,5.15,459.0,11.24,0.0,1.52, , 
,12.59,1600,88.5,0.8,10101011,12.94,1600,34.1,5.15,438.6,12.24,0.0,1.48, , 
,13.68,1696,88.5,2.7,10101011,14.06,1728,34.1,5.15,438.6,13.31,2.0,1.56, , 
,14.76,1792,88.5,5.5,10101011,15.14,1792,20.8,3.09,295.8,14.39,4.3,1.52, , 
,15.88,1792,88.5,9.8,10101011,16.26,1760,25.1,4.12,336.6,15.50,9.4,1.56, , 
,17.00,1920,88.5,0.0,10101011,17.34,2080,69.4,10.30,775.2,16.63,0.0,1.52, , 
,18.02,2336,88.5,0.0,10101001,18.37,2144,0.0,0.00,357.0,17.68,0.0,1.13, , 
,19.01,1376,88.5,0.0,10101011,19.36,1568,44.3,7.21,550.8,18.71,0.0,3.63, , 
,20.11,1664,88.5,0.0,10101011,20.49,1696,51.8,7.21,652.8,19.72,0.0,1.56, , 
,21.24,1760,88.5,0.0,10101011,21.63,1760,31.0,4.12,397.8,20.86,0.0,1.56, , 
,22.38,1824,88.5,0.0,10101011,22.75,1856,67.8,10.30,775.2,22.02,6.3,1.64, , 
,23.48,1920,88.5,2.3,10101011,23.85,1984,47.1,6.18,571.2,23.12,0.0,1.48, , 
,24.55,2016,88.5,0.0,10101001,24.89,2048,51.8,8.24,612.0,24.21,0.0,1.60, , 
,25.57,2112,88.5,1.2,10101001,25.90,2144,56.1,8.24,652.8,25.24,3.1,1.56, , 
,26.58,2240,88.5,0.4,10101001,26.91,2272,51.8,7.21,591.6,26.24,-0.8,1.37, , 
,27.59,2336,88.5,4.7,10101001,27.94,2176,0.0,0.00,336.6,27.26,2.3,1.60, , 
,28.62,1088,88.5,0.0,10111111,28.91,992,29.4,4.12,397.8,28.29,0.0,3.52, , 
,29.54,1024,88.5,0.0,10111111,29.83,992,23.5,3.09,357.0,29.23,0.0,2.07, , 
,30.43,864,88.5,0.0,10111111,30.72,896,28.2,4.12,397.8,30.13,0.0,1.21, , 
,31.33,864,88.5,0.4,10111111,31.64,864,29.4,4.12,418.2,31.02,0.0,1.52, , 
,32.25,896,88.5,2.0,10111111,32.55,864,29.4,4.12,418.2,31.94,1.6,1.56, , 
,33.18,864,88.5,3.9,10111111,33.48,896,29.4,4.12,418.2,32.88,3.5,1.56, , 
,34.10,864,88.5,5.5,10111111,34.41,896,29.4,4.12,418.2,33.78,5.1,1.52, , 
,35.05,1344,88.5,9.4,10101011,35.38,1216,35.3,5.15,459.0,34.74,6.6,1.56, , 
,36.02,1312,88.5,12.5,10101011,36.34,1280,32.5,5.15,418.2,35.71,12.5,1.56, , 
,37.02,1312,88.5,7.8,10101011,37.36,1312,32.5,5.15,418.2,36.68,10.9,1.37, , 
,38.03,1344,88.5,5.9,10101011,38.36,1344,26.7,4.12,377.4,37.69,7.0,1.37, , 
,39.07,1344,88.5,5.9,10101011,39.41,1376,36.9,5.15,459.0,38.72,2.7,1.33, , 
,40.03,1440,88.5,8.6,10101011,40.50,1472,40.0,6.18,499.8,39.73,7.4,1.52, , 
,41.20,1536,88.5,7.8,10111111,41.49,1504,0.0,0.00,336.6,40.84,9.8,1.52, , 
,42.10,960,88.5,0.0,10111111,42.43,992,29.4,4.12,418.2,41.76,0.0,2.50, , 
,42.99,928,88.5,0.0,10111111,43.29,864,26.7,4.12,397.8,42.70,0.0,1.56, , 
,43.91,864,88.5,0.0,10111111,44.22,864,29.4,4.12,418.2,43.60,0.0,1.52, , 
,44.83,864,88.5,1.6,10111111,45.15,896,29.4,4.12,418.2,44.52,0.8,1.60, , 
,45.77,992,88.5,5.9,10101011,46.11,1312,28.2,4.12,397.8,45.46,3.5,1.60, , 
,46.73,1184,88.5,18.8,10101011,47.06,1216,50.2,7.21,612.0,46.42,17.6,1.60, , 
,47.75,1312,88.5,0.0,10101011,48.08,1440,48.6,6.18,612.0,47.39,0.0,1.48, , 
,48.72,1568,88.5,9.4,10101011,49.06,1632,47.1,6.18,591.6,48.35,7.8,1.72, , 
,49.69,992,88.5,0.0,10111111,50.01,1024,31.0,4.12,418.2,49.38,0.0,2.07, , 
,50.60,928,88.5,0.0,10111111,50.90,800,26.7,4.12,397.8,50.28,0.0,1.99, , 
,51.51,864,88.5,0.0,10111111,51.80,864,31.0,4.12,438.6,51.19,0.0,1.64, , 
,52.41,864,88.5,2.3,10111111,52.72,864,31.0,4.12,438.6,52.10,0.8,1.68, , 
,53.34,864,88.5,7.8,10111111,53.63,864,31.0,4.12,438.6,53.04,6.3,1.68, , 
,54.25,864,88.5,0.0,10111111,54.54,800,29.4,4.12,418.2,53.93,-1.2,1.68, , 
,55.14,800,88.5,2.7,10111111,55.46,800,31.0,4.12,459.0,54.83,2.0,1.60, , 
,56.04,800,88.5,4.3,10111111,56.32,800,31.0,4.12,438.6,55.74,3.9,1.56, , 
,56.91,800,88.5,5.1,10111111,57.21,800,31.0,4.12,438.6,56.62,5.1,1.56, , 
,57.81,1024,88.5,0.0,10101011,58.19,1728,56.1,8.24,673.2,57.50,0.0,1.56, , 
,58.83,1344,87.0,0.0,10101011,59.15,864,51.8,8.24,632.4,58.52,0.0,1.60, , 
,59.79,1120,87.0,0.0,10101011,60.11,1184,42.7,6.18,550.8,59.47,0.0,1.68, , 
,60.76,1344,87.0,4.3,10101011,61.14,1376,36.9,5.15,479.4,60.44,3.5,1.60, , 
,61.93,1568,88.5,6.6,10101011,62.27,1632,42.7,6.18,520.2,61.59,5.9,1.52, , 
,62.86,1248,87.0,0.0,10111111,63.18,992,29.4,4.12,418.2,62.55,0.0,1.52, , 
,63.79,992,87.0,0.0,10101011,64.09,832,29.4,4.12,418.2,63.49,0.0,2.19, , 
,64.67,864,87.0,0.0,10101011,64.98,896,54.5,8.24,673.2,64.38,0.0,1.52, , 
,65.54,992,87.0,0.0,10101011,65.85,1088,71.0,11.33,826.2,65.24,0.0,1.45, , 
,66.51,1280,87.0,-0.4,10101011,66.87,1344,48.6,6.18,612.0,66.17,0.0,1.48, , 
,67.51,1440,87.0,3.1,10101011,67.95,1472,36.9,5.15,479.4,67.22,0.0,1.60, , 
,68.71,1504,87.0,2.0,10101011,68.98,1472,25.1,3.09,357.0,68.39,4.3,1.56, , 
,69.67,1536,87.0,0.8,10101011,70.05,1536,29.4,4.12,397.8,69.32,0.8,1.41, , 
,70.77,1536,87.0,0.0,10101011,71.11,1536,23.5,3.09,336.6,70.38,0.8,1.45, , 
,71.85,1600,87.0,0.8,10101011,72.20,1600,28.2,4.12,377.4,71.49,0.4,1.48, , 
,72.89,1696,87.0,3.9,10101011,73.26,1728,34.1,5.15,438.6,72.54,2.3,1.56, , 
,73.99,1824,87.0,7.0,10101011,74.35,1888,45.9,7.21,550.8,73.60,5.5,1.56, , 
,75.06,2016,87.0,0.0,10101001,75.40,2144,69.4,9.27,795.6,74.71,0.0,1.64, , 
,76.08,1184,87.0,0.0,10101011,76.37,1408,36.9,5.15,459.0,75.74,0.0,2.97, , 
,77.03,1440,87.0,0.0,10101011,77.39,1440,29.4,4.12,418.2,76.67,0.0,0.82, , 
,78.06,1376,87.0,-0.8,10111111,78.39,1376,23.5,3.09,336.6,77.73,0.0,1.52, , 
,79.05,1344,87.0,1.6,10101011,79.41,1344,32.5,5.15,418.2,78.73,0.4,1.56, , 
,80.08,1344,87.0,4.7,10101011,80.41,1344,42.7,6.18,520.2,79.74,3.5,1.56, , 
,81.11,1376,87.0,7.0,10101011,81.45,1408,45.9,7.21,571.2,80.75,6.6,1.56, , 
,82.19,1440,87.0,6.6,10101011,82.58,1440,51.8,7.21,632.4,81.80,8.2,1.48, , 
,83.31,1472,87.0,6.3,10101011,83.75,1504,50.2,8.24,612.0,82.85,5.9,1.41, , 
,84.38,1536,87.0,3.9,10101011,84.72,1536,36.9,5.15,459.0,84.03,3.9,1.37, , 
,85.35,1024,87.0,0.0,10111111,85.67,1024,29.4,4.12,397.8,85.03,0.0,1.52, , 
,86.29,1056,87.0,0.0,10111111,86.58,992,23.5,3.09,357.0,86.00,0.0,1.88, , 
,87.21,832,87.0,0.0,10111111,87.52,896,29.4,4.12,418.2,86.91,0.0,1.41, , 
,88.12,864,87.0,0.8,10111111,88.42,864,29.4,4.12,418.2,87.82,0.4,1.56, , 
,89.07,896,87.0,2.7,10111111,89.38,896,29.4,4.12,418.2,88.76,2.0,1.56, , 
,89.96,864,87.0,5.1,10111111,90.26,896,29.4,4.12,418.2,89.66,4.3,1.60, , 
,90.84,896,87.0,7.0,10111111,91.13,896,29.4,4.12,418.2,90.54,6.3,1.56, , 
,91.77,896,87.0,10.2,10101011,92.05,832,63.5,11.33,714.0,91.46,7.8,1.56, , 
,92.84,1536,87.0,0.0,10101011,93.19,1312,60.4,9.27,714.0,92.47,0.0,1.37, , 
,93.92,1888,88.5,0.0,10101011,94.25,1696,0.0,0.00,397.8,93.55,0.0,1.33, , 
,94.87,1120,87.0,0.0,10101011,95.17,1280,75.3,12.36,887.4,94.55,0.0,3.40, , 
,95.81,1312,87.0,0.0,10101011,96.16,1440,79.6,13.39,928.2,95.48,0.0,1.37, , 
,96.89,1728,87.0,0.0,10101011,97.25,1888,81.2,12.36,907.8,96.52,0.0,1.09, , 
,97.96,2208,87.0,-8.6,10101001,98.30,2368,85.5,12.36,928.2,97.61,-7.4,1.41, , 
,98.99,2624,88.5,-12.1,10101001,99.32,2752,85.5,12.36,928.2,98.65,-10.9,1.41, , 
,100.00,2176,87.0,0.0,11111101,100.29,1600,0.0,0.00,316.2,99.65,0.0,1.13, , 
,101.03,1760,87.0,0.0,11101011,101.43,1824,54.5,8.24,632.4,100.65,0.0,3.63, , 
,102.15,1824,87.0,0.0,11101011,102.50,1856,67.8,10.30,775.2,101.80,0.0,1.41, , 
,103.22,1920,87.0,-2.0,11101011,103.60,1984,71.0,10.30,826.2,102.86,-0.8,1.45, , 
,104.32,2016,87.0,-2.3,11101001,104.67,2080,67.8,10.30,775.2,103.97,-2.7,1.48, , 
,105.35,2144,87.0,0.0,11101001,105.69,2144,28.2,3.09,377.4,105.01,-2.3,1.45, , 
,106.41,2112,87.0,3.9,11101001,106.75,2080,28.2,4.12,357.0,106.05,0.0,1.76, , 
,107.45,2048,87.0,7.8,11101001,107.81,2048,31.0,5.15,397.8,107.10,5.5,1.60, , 
,108.51,2048,87.0,10.9,11101001,108.85,2016,31.0,5.15,397.8,108.14,10.5,1.56, , 
,109.57,2016,87.0,12.9,11101001,109.91,2016,36.9,6.18,459.0,109.22,12.5,1.48, , 
,110.64,2048,87.0,16.0,11101001,111.00,2048,42.7,7.21,499.8,110.28,15.2,1.48, , 
,111.72,2080,87.0,16.4,11101001,112.07,2080,40.0,6.18,479.4,111.38,17.2,1.41, , 
,112.75,2112,87.0,15.2,11101001,113.09,2112,40.0,6.18,479.4,112.40,16.0,1.41, , 
,113.76,2144,87.0,12.9,11101001,114.10,2144,40.0,6.18,479.4,113.42,14.1,1.37, , 
,114.76,2176,87.0,11.3,11101001,115.09,2176,38.4,6.18,459.0,114.43,11.7,1.41, , 
,115.78,2208,87.0,10.5,11101001,116.13,2208,22.0,3.09,316.2,115.44,10.2,1.41, , 
,116.82,2176,87.0,12.5,11101001,117.15,2176,20.8,3.09,295.8,116.47,13.3,1.37, , 
,117.82,2176,87.0,11.7,11101001,118.17,2176,17.6,2.06,275.4,117.48,11.7,1.48, , 
,118.84,2144,87.0,5.9,11101001,119.18,2144,17.6,2.06,275.4,118.51,7.4,1.33, , 
,119.85,2112,87.0,9.4,11101001,120.19,2112,17.6,2.06,275.4,119.51,6.6,1.37, , 
,120.89,2080,87.0,11.3,11101001,121.23,2048,16.1,2.06,244.8,120.54,7.4,1.45, , 
,121.93,2016,87.0,13.3,11101001,122.29,1984,14.9,2.06,244.8,121.57,12.5,1.60, , 
,123.03,1920,87.0,14.8,11101011,123.40,1888,19.2,3.09,295.8,122.66,17.2,1.68, , 
,124.14,1856,87.0,23.0,11101011,124.51,1824,23.5,3.09,336.6,123.76,18.8,1.64, , 
,125.26,1792,87.0,29.7,11101011,125.62,1760,31.0,4.12,397.8,124.89,28.1,1.64, , 
,126.35,1760,87.0,34.8,11101011,126.72,1728,62.0,8.24,714.0,125.99,33.2,1.60, , 
,127.37,1760,87.0,9.0,11101011,127.73,1792,73.7,9.27,846.6,127.04,0.0,1.88, , 
,128.41,1888,87.0,0.0,11101011,128.78,1952,69.4,8.24,795.6,128.05,0.0,1.56, , 
,129.51,1920,87.0,0.0,11101011,129.86,1920,35.3,3.09,459.0,129.14,7.4,1.88, , 
,130.54,1920,87.0,14.5,11101011,130.90,1920,47.1,6.18,550.8,130.20,8.6,2.34, , 
,131.61,1952,87.0,28.5,11101011,131.97,1984,51.8,7.21,612.0,131.25,26.2,1.68, , 
,132.70,2016,87.0,35.9,11101001,133.05,2016,44.3,6.18,550.8,132.33,34.8,1.56, , 
,133.76,2048,87.0,35.5,11101001,134.10,2048,36.9,5.15,459.0,133.41,35.5,1.60, , 
,134.80,2080,87.0,27.0,11101001,135.16,2080,35.3,5.15,438.6,134.46,35.5,1.60, , 
,135.86,2080,87.0,25.0,11101001,136.22,2112,38.4,6.18,479.4,135.50,25.8,1.45, , 
,136.92,2112,87.0,21.5,11101001,137.28,2144,48.6,7.21,571.2,136.57,21.9,1.48, , 
,137.95,2176,87.0,15.2,11101001,138.28,2208,53.3,8.24,612.0,137.62,17.2,1.17, , 
,138.97,2272,87.0,12.1,11101001,139.31,2304,48.6,7.21,571.2,138.63,13.3,1.45, , 
,139.98,2368,87.0,14.1,11101001,140.29,2368,44.3,6.18,520.2,139.64,12.9,1.56, , 
,141.03,2432,87.0,17.6,11101001,141.40,2464,44.3,7.21,520.2,140.65,16.0,1.60, , 
,142.06,2528,87.0,19.1,11101001,142.42,2336,0.0,0.00,316.2,141.72,19.1,1.52, , 
,143.01,1312,87.0,0.0,11111111,143.33,1184,25.1,4.12,357.0,142.73,0.0,3.63, , 
,144.05,1824,87.0,0.0,11101011,144.43,1856,17.6,2.06,275.4,143.70,0.0,2.11, , 
,145.16,1888,87.0,7.8,11101011,145.54,1888,28.2,4.12,377.4,144.79,0.0,1.68, , 
,146.27,1888,87.0,0.0,11101011,146.64,1920,60.4,8.24,693.6,145.91,0.0,1.68, , 
,147.36,1952,87.0,2.3,11101011,147.72,1984,59.2,8.24,693.6,147.01,0.0,1.60, , 
,148.43,2016,87.0,7.0,11101001,148.79,2016,60.4,8.24,693.6,148.08,5.9,1.60, , 
,149.50,2048,87.0,9.8,11101001,149.86,2080,65.1,9.27,734.4,149.14,10.2,1.52, , 
,150.56,2080,87.0,7.0,11101001,150.92,2112,60.4,8.24,693.6,150.22,8.2,1.37, , 
,151.62,2144,87.0,7.4,11101001,151.97,2144,59.2,8.24,693.6,151.28,7.4,1.48, , 
,152.66,2144,87.0,0.0,11101001,153.00,2112,22.0,2.06,316.2,152.31,8.6,1.41, , 
,153.70,2080,87.0,7.4,11101001,154.06,2048,14.9,2.06,244.8,153.35,7.4,1.76, , 
,154.78,2016,87.0,8.2,11101001,155.15,2048,25.1,4.12,336.6,154.41,10.2,1.52, , 
,155.85,1984,87.0,0.0,11101001,156.19,1984,53.3,7.21,632.4,155.49,0.0,1.68, , 
,156.91,1984,87.0,14.1,11101011,157.27,1984,57.6,8.24,673.2,156.55,12.1,1.72, , 
,157.97,1984,87.0,16.4,11101001,158.33,1984,62.0,9.27,714.0,157.62,16.0,1.45, , 
,159.06,2016,85.5,14.5,11101001,159.40,2016,60.4,9.27,714.0,158.69,14.8,1.33, , 
,160.11,2016,85.5,12.9,11101001,160.46,2016,63.5,9.27,734.4,159.75,13.3,1.37, , 
,161.16,2048,87.0,10.5,11101001,161.51,2048,65.1,9.27,734.4,160.82,10.9,1.37, , 
,162.22,2048,85.5,7.8,11101001,162.57,2048,63.5,9.27,734.4,161.86,8.6,1.41, , 
,163.28,2048,85.5,6.3,11101001,163.62,2048,67.8,9.27,775.2,162.92,7.0,1.45, , 
,164.31,2080,85.5,5.1,11101001,164.65,2080,71.0,10.30,795.6,163.97,5.5,1.48, , 
,165.34,2112,85.5,5.9,11101001,165.68,2112,78.4,11.33,867.0,165.00,6.3,1.48, , 
,166.33,2144,85.5,2.7,11101001,166.68,2144,82.7,12.36,907.8,166.01,3.5,1.45, , 
,167.36,2176,85.5,-3.9,11101001,167.71,2208,87.1,13.39,948.6,167.02,-2.0,1.29, , 
,168.41,2240,85.5,-9.8,11101001,168.74,2240,87.1,12.36,948.6,168.06,-8.2,1.37, , 
,169.42,2304,85.5,-11.7,11101001,169.75,2336,87.1,12.36,948.6,169.08,-11.7,1.48, , 
,170.45,2368,85.5,-12.5,11101001,170.81,2368,85.5,12.36,948.6,170.08,-12.5,1.48, , 
,171.50,2400,85.5,-11.3,11101001,171.86,2432,88.6,12.36,969.0,171.14,-12.1,1.56, , 
,172.57,2464,85.5,-9.4,11101001,172.89,2496,87.1,13.39,948.6,172.22,-10.2,1.48, , 
,173.56,2560,85.5,-9.4,11101001,173.88,2592,85.5,12.36,928.2,173.23,-9.4,1.45, , 
,174.51,2624,85.5,-8.6,11101001,174.85,2624,84.3,12.36,907.8,174.20,-8.6,1.52, , 
,175.54,2272,85.5,0.0,11111101,175.89,1760,0.0,0.00,295.8,175.19,0.0,1.52, , 
,176.55,1120,85.5,0.0,11101011,176.92,2016,22.0,3.09,316.2,176.21,0.0,3.75, , 
,177.64,1920,85.5,0.0,11101011,178.02,1952,73.7,11.33,826.2,177.27,0.0,1.45, , 
,178.76,1952,85.5,0.8,11101011,179.11,1952,75.3,11.33,867.0,178.39,0.0,1.48, , 
,179.83,1952,87.0,3.1,11101011,180.19,1952,67.8,8.24,775.2,179.48,3.1,1.52, , 
,180.94,1984,87.0,2.3,11101001,181.32,1984,67.8,9.27,775.2,180.57,0.0,1.60, , 
,182.03,2016,87.0,5.5,11101001,182.38,2016,67.8,9.27,775.2,181.67,4.7,1.52, , 
,183.06,2048,87.0,8.2,11101001,183.43,2048,71.0,10.30,795.6,182.73,7.0,1.48, , 
,184.14,2080,87.0,9.4,11101001,184.50,2112,69.4,10.30,795.6,183.78,9.0,1.41, , 
,185.19,2112,87.0,9.8,11101001,185.54,2112,69.4,10.30,795.6,184.85,9.4,1.45, , 
,186.22,2144,87.0,9.8,11101001,186.57,2144,69.4,10.30,775.2,185.88,9.8,1.41, , 
,187.27,2144,87.0,7.0,11101001,187.63,2144,25.1,3.09,357.0,186.91,7.8,1.33, , 
,188.31,2144,87.0,6.3,11111101,188.66,2080,14.9,2.06,244.8,187.98,0.0,1.80, , 
,189.35,2048,85.5,0.0,11101001,189.68,2080,34.1,5.15,418.2,189.01,0.0,1.91, , 
,190.39,2048,87.0,0.0,11101001,190.75,2080,75.3,11.33,846.6,190.03,0.0,1.56, , 
,191.46,2112,85.5,0.4,11101001,191.82,2112,84.3,12.36,928.2,191.10,0.0,1.48, , 
,192.48,2112,87.0,-4.3,11101001,192.80,2144,88.6,13.39,989.4,192.15,0.0,1.21, , 
,193.50,2176,87.0,-7.8,11101001,193.85,2208,88.6,13.39,989.4,193.14,-6.3,1.37, , 
,194.53,2240,85.5,-9.0,11101001,194.88,2240,88.6,13.39,989.4,194.19,-8.6,1.45, , 
,195.54,2272,87.0,-9.8,11101001,195.89,2272,88.6,13.39,989.4,195.22,-9.4,1.48, , 
,196.60,2304,87.0,-8.6,11101001,196.93,2336,88.6,13.39,969.0,196.25,-8.2,1.52, , 
,197.59,2368,87.0,-6.6,11101001,197.95,2368,90.2,13.39,969.0,197.26,-7.0,1.52, , 
,198.65,2400,87.0,-5.1,11101001,199.00,2432,90.2,14.42,969.0,198.30,-5.9,1.45, , 
,199.67,2464,87.0,-4.3,11101001,200.02,2496,90.2,14.42,969.0,199.34,-4.3,1.45, , 
,200.67,2496,87.0,-3.1,11101001,201.03,2528,90.2,14.42,969.0,200.34,-3.5,1.48, , 
,201.73,2560,87.0,-2.0,11101001,202.06,2560,90.2,14.42,969.0,201.38,-2.3,1.45, , 
,202.74,2624,87.0,-1.2,11101001,203.08,2624,90.2,14.42,969.0,202.39,-1.2,1.41, , 
,203.79,1920,87.0,0.0,11101011,204.15,2592,62.0,10.30,673.2,203.43,0.0,2.34, , 
,204.87,3392,87.0,0.0,11101001,205.25,3424,90.2,14.42,969.0,204.51,0.0,1.02, , 
,205.99,3488,87.0,-5.9,11101001,206.38,3520,88.6,13.39,948.6,205.62,-3.5,1.33, , 
,207.13,3552,87.0,0.0,11111101,207.48,3520,19.2,2.06,275.4,206.77,-8.6,1.41, , 
,208.16,3488,87.0,0.0,11111101,208.53,3456,0.0,0.00,275.4,207.82,0.0,2.58, , 
,209.21,3360,85.5,0.0,11111101,209.55,3296,0.0,0.00,275.4,208.89,0.0,3.83, , 
,210.22,3200,87.0,0.0,11111101,210.58,3168,0.0,0.00,275.4,209.88,0.0,3.83, , 
,211.23,3072,85.5,0.0,11111101,211.66,3040,0.0,0.00,275.4,210.92,0.0,3.83, , 
,212.40,2976,85.5,0.0,11101001,212.66,2976,34.1,5.15,397.8,212.13,0.0,3.87, , 
,213.41,2976,87.0,0.0,11101001,213.88,2976,53.3,7.21,612.0,212.95,0.0,1.05, , 
,214.46,3008,87.0,11.7,11101001,214.91,3040,53.3,7.21,612.0,214.19,9.8,1.72, , 
,215.55,3040,85.5,18.8,11101001,215.89,3072,51.8,7.21,591.6,215.25,16.4,1.56, , 
,216.59,3072,85.5,21.9,11101001,216.91,3104,50.2,7.21,571.2,216.23,21.5,1.41, , 
,217.61,3104,85.5,23.0,11101001,217.98,3136,50.2,7.21,571.2,217.26,22.7,1.37, , 
,218.72,3136,85.5,22.3,11101001,219.09,3136,36.9,6.18,438.6,218.35,22.7,1.41, , 
,219.77,3200,85.5,0.0,11101001,220.10,3232,90.2,15.45,969.0,219.43,0.0,1.02, , 
,220.86,3296,85.5,-4.7,11101001,221.22,3360,88.6,13.39,948.6,220.47,-3.9,1.17, , 
,221.92,3424,87.0,-8.6,11101001,222.30,3456,82.7,11.33,887.4,221.57,-7.0,1.45, , 
,223.05,3488,85.5,0.0,11101001,223.42,3456,48.6,6.18,571.2,222.67,0.0,1.41, , 
,224.17,3488,85.5,10.5,11101001,224.53,3488,56.1,8.24,632.4,223.80,7.4,1.72, , 
,225.31,3520,85.5,17.2,11101001,225.68,3520,45.9,7.21,520.2,224.92,12.5,1.48, , 
,226.32,2720,85.5,0.0,11111101,226.67,2176,0.0,0.00,295.8,225.98,0.0,3.01, , 
,227.32,1184,85.5,0.0,11111111,227.65,928,28.2,5.15,397.8,226.98,0.0,3.79, , 
,228.18,992,85.5,0.0,11111111,228.45,992,25.1,4.12,377.4,227.91,0.0,2.54, , 
,229.07,928,85.5,0.0,11111111,229.37,896,26.7,4.12,377.4,228.76,0.0,1.13, , 
,229.99,864,85.5,2.0,11111111,230.30,896,28.2,4.12,397.8,229.67,0.8,1.29, , 
,230.92,864,85.5,7.4,11111111,231.25,928,29.4,4.12,418.2,230.61,5.9,1.48, , 
,231.92,2528,85.5,0.0,11101001,232.27,2560,42.7,5.15,499.8,231.60,0.0,0.39, , 
,232.95,2624,87.0,0.0,11101001,233.30,2688,56.1,7.21,632.4,232.62,11.3,1.80, , 
,233.98,2784,87.0,6.6,11101001,234.31,2816,56.1,7.21,632.4,233.64,5.9,1.64, , 
,234.97,2912,87.0,12.1,11101001,235.44,2944,53.3,7.21,612.0,234.66,10.2,1.52, , 
,236.25,3040,87.0,10.9,11101001,236.61,3104,57.6,8.24,652.8,235.90,15.2,1.52, , 
,237.34,3168,87.0,9.0,11101001,237.73,3232,57.6,8.24,652.8,236.97,9.0,1.29, , 
,238.45,3296,87.0,10.9,11101001,238.82,3328,56.1,8.24,632.4,238.08,9.8,1.48, , 
,239.51,3392,87.0,13.3,11101001,239.87,3392,54.5,8.24,612.0,239.16,11.7,1.52, , 
,240.62,3488,87.0,12.1,11101001,241.00,3520,59.2,8.24,652.8,240.24,12.9,1.37, , 
,241.75,3584,87.0,10.9,11101001,242.15,3616,59.2,8.24,652.8,241.37,10.5,1.45, , 
,242.98,3712,85.5,4.7,11101001,243.38,3776,76.9,11.33,826.2,242.55,7.4,1.25, , 
,244.15,3872,85.5,0.0,11101001,244.50,3872,59.2,8.24,652.8,243.78,-0.4,1.37, , 
,245.26,3936,85.5,7.4,11101001,245.65,3936,59.2,8.24,632.4,244.88,6.6,1.68, , 
,246.43,4000,85.5,10.2,11101001,246.82,4032,51.8,7.21,571.2,246.04,10.5,1.45, , 
,247.58,4064,87.0,0.0,11101001,247.96,4000,22.0,3.09,295.8,247.19,18.4,1.60, , 
,248.72,3968,87.0,2.7,11101001,249.13,3968,20.8,3.09,275.4,248.33,2.3,1.56, , 
,249.87,3904,87.0,3.1,11101001,250.25,3872,20.8,3.09,275.4,249.49,2.7,1.45, , 
,251.05,3808,85.5,7.8,11101001,251.42,3808,35.3,5.15,418.2,250.66,5.1,1.56, , 
,252.06,2912,87.0,0.0,11101001,252.41,2752,19.2,3.09,275.4,251.75,0.0,3.16, , 
,253.10,2752,87.0,0.0,11101001,253.46,2752,48.6,7.21,550.8,252.75,0.0,1.25, , 
,254.18,2752,87.0,0.0,11101001,254.52,2720,26.7,3.09,357.0,253.81,0.0,1.29, , 
,255.20,2720,87.0,1.2,11101001,255.54,2688,19.2,2.06,275.4,254.86,0.0,1.68, , 
,256.22,2688,87.0,-2.0,11101001,256.54,2688,25.1,3.09,336.6,255.89,-1.2,1.41, , 
,257.19,2688,87.0,7.4,11101001,257.55,2688,56.1,8.24,652.8,256.85,3.5,1.76, , 
,258.26,2720,87.0,10.5,11101001,258.60,2720,45.9,6.18,550.8,257.91,8.2,1.52, , 
,259.28,2720,87.0,21.1,11101001,259.62,2720,22.0,2.06,316.2,258.94,18.0,1.64, , 
,260.29,1856,87.0,0.0,11111111,260.60,1376,0.0,0.00,336.6,259.96,0.0,2.85, , 
,261.23,960,87.0,0.0,11111111,261.54,960,29.4,5.15,418.2,260.92,0.0,3.71, , 
,262.14,896,87.0,0.0,11111111,262.46,864,28.2,4.12,397.8,261.84,0.0,1.56, , 
,263.07,864,87.0,0.0,11111111,263.38,864,29.4,4.12,418.2,262.77,0.0,1.09, , 
,263.99,896,87.0,2.7,11111111,264.30,864,29.4,4.12,418.2,263.68,2.0,1.52, , 
,264.92,896,87.0,5.5,11111111,265.22,864,29.4,4.12,418.2,264.61,4.7,1.60, , 
,265.85,896,87.0,8.2,11111111,266.23,1440,31.0,4.12,418.2,265.53,7.4,1.56, , 
,266.97,1760,87.0,0.0,11101011,267.32,1792,69.4,10.30,795.6,266.59,14.1,1.56, , 
,268.05,1824,87.0,0.4,11101011,268.42,1824,79.6,11.33,887.4,267.71,0.0,1.48, , 
,269.17,1888,87.0,-2.7,11101011,269.54,1920,82.7,12.36,928.2,268.79,-2.0,1.33, , 
,270.26,1952,87.0,-6.6,11101011,270.61,2016,84.3,12.36,948.6,269.89,-5.9,1.37, , 
,271.30,2048,87.0,0.0,11101001,271.66,2080,71.0,9.27,795.6,270.96,-8.2,1.45, , 
,272.34,2112,87.0,0.4,11101001,272.67,2112,60.4,8.24,693.6,272.00,-0.4,1.48, , 
,273.40,2144,88.5,8.2,11101001,273.76,1952,0.0,0.00,357.0,273.03,5.1,1.64, , 
,274.43,960,87.0,0.0,11111111,274.73,1024,28.2,5.15,397.8,274.09,0.0,3.59, , 
,275.34,1024,87.0,0.0,11111111,275.62,960,23.5,4.12,357.0,275.05,0.0,1.84, , 
,276.22,864,87.0,0.0,11111111,276.52,864,28.2,4.12,397.8,275.92,0.0,1.05, , 
,277.13,864,87.0,3.1,11111111,277.42,864,31.0,4.12,438.6,276.83,1.6,1.45, , 
,278.03,864,87.0,6.3,11111111,278.32,864,29.4,4.12,418.2,277.73,5.5,1.56, , 
,278.91,864,87.0,8.2,11111111,279.22,864,31.0,4.12,438.6,278.61,7.4,1.60, , 
,279.86,896,87.0,12.1,11111111,280.18,896,29.4,4.12,418.2,279.55,10.9,1.68, , 
,280.80,864,87.0,14.5,11111111,281.11,864,29.4,4.12,418.2,280.50,13.7,1.56, , 
,281.73,896,87.0,15.6,11111111,282.02,896,29.4,4.12,418.2,281.43,15.2,1.52, , 
,282.63,864,87.0,17.2,11111111,282.93,800,28.2,4.12,397.8,282.33,16.8,1.56, , 
,283.54,672,87.0,0.0,11101011,283.89,1600,78.4,12.36,907.8,283.23,18.4,1.56, , 
,284.60,1600,87.0,0.0,11101011,284.95,1568,54.5,7.21,673.2,284.26,0.0,1.37, , 
,285.62,1664,87.0,0.0,11101011,285.97,2016,59.2,7.21,693.6,285.29,0.0,1.68, , 
,286.66,1632,87.0,1.2,11101011,287.03,1312,40.0,5.15,520.2,286.33,0.0,1.64, , 
,287.64,960,88.5,0.0,11111111,287.96,1024,29.4,4.12,397.8,287.36,0.0,1.72, , 
,288.62,1088,87.0,0.0,11101011,288.96,2016,73.7,11.33,846.6,288.27,0.0,1.91, , 
,289.63,1664,87.0,0.0,11101011,289.97,1376,84.3,13.39,969.0,289.32,0.0,1.25, , 
,290.65,2240,87.0,0.0,11101001,290.98,2368,0.0,0.00,520.2,290.31,0.0,0.86, , 
,291.59,1408,87.0,0.0,11101011,291.92,1536,79.6,14.42,907.8,291.30,0.0,3.48, , 
,292.59,1696,87.0,0.0,11101011,292.94,1856,87.1,14.42,989.4,292.24,0.0,1.02, , 
,293.61,2144,87.0,-5.5,11101001,293.95,2304,87.1,13.39,948.6,293.29,0.0,0.94, , 
,294.62,2592,87.0,-10.2,11101001,294.95,2688,0.0,0.00,652.8,294.29,-8.6,1.37, , 
,295.69,1856,87.0,0.0,11101011,296.05,1856,71.0,11.33,795.6,295.32,0.0,3.48, , 
,296.78,1984,87.0,0.0,11101011,297.13,2016,88.6,14.42,989.4,296.42,0.0,1.25, , 
,297.84,2176,87.0,-6.6,11101001,298.17,2240,88.6,13.39,989.4,297.49,-6.3,1.05, , 
,298.83,2368,87.0,-9.0,11101001,299.16,2432,90.2,13.39,969.0,298.51,-9.0,1.41, , 
,299.83,2592,88.5,-7.4,11101001,300.16,2656,87.1,14.42,948.6,299.50,-7.8,1.56, , 
,300.84,2784,87.0,-5.5,11101001,301.18,2848,81.2,11.33,887.4,300.51,-2.7,1.21, , 
,301.86,2016,87.0,0.0,11101001,302.22,2080,22.0,3.09,316.2,301.51,0.0,2.85, , 
,302.90,2080,87.0,0.0,11101001,303.24,2112,71.0,10.30,795.6,302.57,0.0,1.33, , 
,303.88,2144,87.0,-2.0,11101001,304.21,2144,44.3,5.15,550.8,303.56,0.0,1.41, , 
,304.89,2144,87.0,9.4,11101001,305.25,2144,25.1,3.09,357.0,304.55,0.0,1.91, , 
,305.94,2112,87.0,12.5,11101001,306.28,2112,23.5,3.09,336.6,305.59,12.5,1.64, , 
,306.99,2080,88.5,14.5,11101001,307.33,2080,23.5,3.09,336.6,306.65,14.1,1.48, , 
,308.03,2048,88.5,15.6,11101001,308.39,2048,23.5,3.09,336.6,307.68,14.8,1.41, , 
,309.10,2016,88.5,17.2,11101001,309.45,2016,32.5,4.12,418.2,308.76,16.0,1.41, , 
,310.13,2016,88.5,25.4,11101001,310.48,2048,56.1,9.27,652.8,309.79,21.5,1.56, , 
,311.17,2080,88.5,17.6,11101001,311.54,2080,60.4,9.27,693.6,310.83,19.1,1.13, , 
,312.25,2112,88.5,11.7,11101001,312.61,2144,73.7,11.33,826.2,311.90,13.3,1.25, , 
,313.29,2176,88.5,-2.7,11101001,313.63,2240,82.7,12.36,928.2,312.95,0.0,1.37, , 
,314.31,2272,88.5,-6.3,11101001,314.67,1920,0.0,0.00,357.0,313.97,-5.5,1.37, , 
,315.31,1024,88.5,0.0,11111111,315.63,1056,26.7,4.12,377.4,315.01,0.0,3.59, , 
,316.26,1056,88.5,0.0,11111111,316.52,1024,23.5,4.12,336.6,315.95,0.0,1.76, , 
,317.13,864,88.5,0.0,11111111,317.42,864,26.7,4.12,397.8,316.82,0.0,1.05, , 
,318.05,864,88.5,1.2,11111111,318.35,896,28.2,4.12,418.2,317.73,0.4,1.33, , 
,318.90,864,88.5,5.1,11111111,319.19,864,28.2,4.12,418.2,318.62,3.9,1.64, , 
,319.81,864,88.5,8.2,11111111,320.10,864,28.2,4.12,418.2,319.51,7.4,1.60, , 
,320.72,864,88.5,11.7,11111111,321.02,896,28.2,4.12,418.2,320.42,10.5,1.60, , 
,321.62,864,88.5,14.5,11111111,321.91,896,29.4,4.12,418.2,321.31,13.7,1.60, , 
,322.52,896,88.5,17.2,11111111,322.83,832,26.7,4.12,397.8,322.23,16.4,1.60, , 
,323.42,768,88.5,19.5,11111111,323.72,800,29.4,4.12,418.2,323.13,18.8,1.56, , 
,324.32,800,88.5,21.1,11111111,324.61,800,29.4,4.12,438.6,324.02,20.7,1.52, , 
,325.23,800,88.5,21.9,11111111,325.54,800,29.4,4.12,438.6,324.93,21.9,1.52, , 
,326.13,800,88.5,23.0,11111111,326.42,768,29.4,4.12,418.2,325.83,22.7,1.52, , 
,327.01,800,88.5,23.4,11111111,327.31,800,29.4,4.12,418.2,326.71,23.4,1.48, , 
,327.93,800,88.5,23.8,11111111,328.24,800,29.4,4.12,418.2,327.61,23.8,1.48, , 
,328.86,800,88.5,22.3,11111111,329.16,800,29.4,4.12,418.2,328.55,21.9,1.48, , 
,329.76,768,88.5,22.3,11111111,330.06,800,29.4,4.12,418.2,329.46,22.3,1.48, , 
,330.64,800,88.5,20.7,11111111,330.94,800,28.2,4.12,418.2,330.34,20.7,1.48, , 
,331.56,800,88.5,20.7,11111111,331.86,800,29.4,4.12,418.2,331.25,20.7,1.48, , 
,332.49,800,88.5,19.5,11111111,332.78,800,28.2,4.12,418.2,332.17,19.1,1.48, , 
,333.40,800,88.5,19.5,11111111,333.69,768,28.2,4.12,418.2,333.10,19.5,1.48, , 
,334.29,800,88.5,19.5,11111111,334.59,800,28.2,4.12,418.2,333.99,19.5,1.48, , 
,335.19,800,88.5,0.0,11101011,335.51,960,54.5,8.24,652.8,334.87,18.0,1.45, , 
,336.13,1344,88.5,0.0,11101011,336.45,1344,71.0,10.30,846.6,335.81,0.0,1.68, , 
,337.15,1408,88.5,0.0,11101011,337.51,1824,79.6,12.36,907.8,336.77,0.0,1.37, , 
,338.18,2176,88.5,0.0,11111101,338.47,1696,0.0,0.00,357.0,337.83,-4.3,1.41, , 
,339.15,1408,88.5,0.0,11101011,339.55,1408,57.6,9.27,673.2,338.81,0.0,3.63, , 
,340.29,1664,88.5,0.0,11101011,340.66,1824,75.3,11.33,867.0,339.92,0.0,1.21, , 
,341.37,2080,88.5,-3.1,11101001,341.69,2208,75.3,11.33,846.6,341.02,-2.0,1.45, , 
,342.38,1440,88.5,0.0,11111111,342.70,1056,31.0,5.15,397.8,342.03,0.0,2.30, , 
,343.39,1568,88.5,0.0,11101011,343.75,1600,78.4,13.39,907.8,343.05,0.0,1.41, , 
,344.48,1728,88.5,0.0,11101011,344.82,1792,78.4,11.33,887.4,344.11,0.0,1.21, , 
,345.54,1920,88.5,-2.7,11101011,345.90,1984,75.3,11.33,867.0,345.18,-2.7,1.48, , 
,346.62,2080,88.5,-2.7,11101001,346.96,2144,73.7,10.30,846.6,346.27,-2.7,1.52, , 
,347.65,2240,88.5,-1.2,11101001,347.98,2272,71.0,10.30,795.6,347.31,-2.3,1.48, , 
,348.67,2368,88.5,-3.9,11101001,349.01,2432,69.4,9.27,775.2,348.32,-3.5,1.37, , 
,349.70,2528,88.5,-8.6,11101001,350.01,2560,67.8,8.24,754.8,349.37,-7.4,1.45, , 
,350.63,2624,88.5,-5.5,11101001,350.95,2656,54.5,7.21,632.4,350.32,-7.4,1.52, , 
,351.61,2688,88.5,0.0,11101001,351.97,2720,48.6,6.18,571.2,351.27,0.0,1.84, , 
,352.70,2752,88.5,13.7,11101001,353.07,2752,53.3,8.24,612.0,352.33,11.3,1.64, , 
,353.80,2816,88.5,10.9,11101001,354.12,2848,65.1,9.27,714.0,353.42,13.7,1.33, , 
,354.79,2912,88.5,1.2,11101001,355.06,2944,62.0,8.24,693.6,354.43,2.7,1.17, , 
,355.63,3008,88.5,1.2,11101001,355.94,3008,48.6,5.15,571.2,355.37,1.6,1.45, , 
,356.62,3008,88.5,9.8,11101001,356.88,2976,19.2,2.06,275.4,356.35,0.0,1.99, , 
,357.56,2976,88.5,8.6,11101001,357.87,2944,17.6,2.06,275.4,357.15,10.5,1.60, , 
,358.57,2880,88.5,3.5,11101001,358.94,2912,26.7,3.09,336.6,358.22,5.5,1.29, , 
,359.65,2880,88.5,16.8,11101001,359.99,2880,35.3,5.15,438.6,359.30,12.1,1.84, , 
,360.68,2880,88.5,26.2,11101001,361.00,2880,36.9,6.18,438.6,360.34,24.6,1.64, , 
,361.71,2848,88.5,29.7,11101001,362.06,2848,38.4,6.18,459.0,361.38,29.7,1.48, , 
,362.75,2880,88.5,27.0,11101001,363.09,2912,57.6,9.27,632.4,362.41,28.1,1.37, , 
,363.79,2944,88.5,10.2,11101001,364.25,2976,57.6,8.24,652.8,363.45,12.5,0.90, , 
,365.06,3008,88.5,5.9,11101001,365.47,3040,56.1,8.24,632.4,364.72,5.5,1.45, , 
,366.17,2752,88.5,0.0,11111101,366.53,2208,0.0,0.00,295.8,365.84,6.6,1.60, , 
,367.32,1664,88.5,0.0,11101011,367.62,2464,14.9,2.06,224.4,366.94,0.0,3.79, , 
,368.29,2784,88.5,0.0,11101001,368.63,2720,17.6,2.06,244.8,367.96,0.0,1.05, , 
,369.27,2656,88.5,-0.4,11111101,369.59,2624,0.0,0.00,275.4,368.94,-1.2,1.48, , 
,370.25,2560,88.5,0.0,11101001,370.59,2496,17.6,3.09,244.8,369.92,0.0,3.67, , 
,371.24,2432,88.5,0.0,11101001,371.58,2400,19.2,3.09,275.4,370.90,0.0,1.37, , 
,372.28,2304,88.5,7.0,11101001,372.65,2368,53.3,7.21,612.0,371.93,0.0,1.48, , 
,373.33,2432,88.5,3.5,11101001,373.68,2464,53.3,7.21,612.0,373.00,0.0,1.72, , 
,374.35,2464,87.0,0.0,11101001,374.70,2464,28.2,4.12,357.0,374.01,0.0,1.76, , 
,375.39,2464,88.5,17.2,11101001,375.73,2464,35.3,5.15,438.6,375.05,11.3,1.80, , 
,376.45,2464,88.5,25.4,11101001,376.80,2464,35.3,6.18,438.6,376.11,22.7,1.64, , 
,377.54,2464,88.5,29.7,11101001,377.90,2464,35.3,6.18,438.6,377.16,28.9,1.48, , 
,378.61,2496,87.0,27.3,11101001,378.96,2496,44.3,7.21,520.2,378.27,28.9,1.41, , 
,379.65,2528,87.0,21.9,11101001,380.00,2560,42.7,6.18,499.8,379.32,21.9,1.45, , 
,380.70,2560,87.0,21.5,11101001,381.02,2592,44.3,7.21,499.8,380.35,21.1,1.48, , 
,381.65,2592,87.0,7.8,11101001,381.99,2624,59.2,8.24,673.2,381.34,10.2,0.82, , 
,382.70,2688,87.0,-2.3,11101001,383.03,2752,79.6,12.36,867.0,382.34,1.2,1.37, , 
,383.71,2880,87.0,-3.9,11101001,384.03,2944,62.0,7.21,734.4,383.36,-2.7,1.29, , 
,384.72,2048,88.5,0.0,11111101,385.06,1504,23.5,4.12,336.6,384.36,0.0,3.16, , 
,385.75,2080,87.0,0.0,11101001,386.10,2112,63.5,11.33,714.0,385.40,0.0,1.80, , 
,386.78,2112,87.0,-2.3,11101001,387.15,2112,25.1,3.09,336.6,386.43,0.0,1.25, , 
,387.82,2080,87.0,8.2,11101001,388.17,2048,22.0,3.09,316.2,387.48,0.0,1.84, , 
,388.87,2048,87.0,12.1,11101001,389.21,2016,38.4,5.15,479.4,388.52,9.4,1.64, , 
,389.90,2016,87.0,18.0,11101001,390.25,2016,51.8,9.27,612.0,389.56,16.0,1.56, , 
,390.94,2048,87.0,15.6,11101001,391.30,2048,53.3,8.24,612.0,390.60,15.2,1.17, , 
,392.00,2048,87.0,13.3,11101001,392.38,2048,62.0,9.27,693.6,391.65,14.8,1.33, , 
,393.07,2080,87.0,6.6,11101001,393.42,2080,60.4,8.24,693.6,392.72,9.0,1.25, , 
,394.13,2112,87.0,3.5,11101001,394.46,2144,85.5,14.42,948.6,393.79,4.3,1.41, , 
,395.12,2208,87.0,0.0,11101001,395.44,2208,88.6,14.42,989.4,394.79,0.0,0.90, , 
,396.10,2272,87.0,-9.0,11101001,396.43,2272,90.2,13.39,969.0,395.77,-7.4,1.33, , 
,397.09,2336,87.0,-10.5,11101001,397.43,2368,90.2,13.39,969.0,396.76,-10.5,1.48, , 
,398.13,2432,87.0,-9.0,11101001,398.47,2464,90.2,13.39,969.0,397.78,-9.4,1.48, , 
,399.18,2496,87.0,-7.0,11101001,399.52,2528,90.2,13.39,969.0,398.85,-7.8,1.52, , 
,400.20,2560,87.0,-4.3,11101001,400.54,2592,90.2,14.42,969.0,399.86,-5.5,1.52, , 
,401.22,2656,87.0,-3.9,11101001,401.57,2688,90.2,14.42,969.0,400.89,-4.7,1.45, , 
,402.25,2720,87.0,-7.0,11101001,402.60,2752,87.1,13.39,948.6,401.91,-4.7,1.41, , 
,403.29,2816,87.0,-11.3,11101001,403.60,2816,60.4,8.24,673.2,402.94,-9.8,1.37, , 
,404.32,2848,87.0,0.8,11101001,404.64,2848,56.1,7.21,632.4,403.94,0.0,1.52, , 
,405.36,2848,87.0,5.5,11101001,405.70,2848,63.5,8.24,714.0,404.99,3.9,1.56, , 
,406.33,2880,87.0,-2.3,11101001,406.67,2912,69.4,9.27,775.2,406.02,-1.6,1.41, , 
,407.45,2912,87.0,-1.6,11101001,407.84,2944,57.6,7.21,652.8,407.05,-7.8,1.45, , 
,408.53,2944,87.0,0.8,11101001,408.83,2944,57.6,7.21,652.8,408.12,0.8,1.56, , 
,409.52,2912,87.0,0.0,11101001,409.87,2880,17.6,2.06,275.4,409.18,0.0,1.88, , 
,410.54,2848,87.0,-2.3,11111101,410.88,2816,17.6,2.06,275.4,410.21,-0.8,1.45, , 
,411.54,2752,87.0,0.0,11111101,411.87,2752,0.0,0.00,275.4,411.21,0.0,3.16, , 
,412.53,2688,87.0,0.0,11111101,412.87,2656,0.0,0.00,275.4,412.19,0.0,3.83, , 
,413.51,2624,87.0,0.0,11111101,413.82,2592,17.6,3.09,244.8,413.20,0.0,3.83, , 
,414.48,2592,87.0,0.0,11101001,414.82,2560,17.6,2.06,244.8,414.14,0.0,2.03, , 
,415.51,2528,87.0,-1.2,11101001,415.85,2528,17.6,2.06,244.8,415.17,2.3,1.25, , 
,416.50,2496,87.0,-0.4,11101001,416.85,2464,19.2,3.09,275.4,416.16,-1.2,1.45, , 
,417.52,2464,87.0,4.3,11101001,417.87,2432,19.2,3.09,275.4,417.19,2.7,1.60, , 
,418.54,2400,87.0,7.8,11101001,418.85,2400,20.8,3.09,295.8,418.21,6.6,1.56, , 
,419.50,2400,87.0,11.3,11101001,419.85,2368,25.1,4.12,336.6,419.18,10.2,1.56, , 
,420.56,2368,87.0,20.3,11101001,420.92,2368,28.2,4.12,357.0,420.20,18.4,1.64, , 
,421.63,2368,85.5,26.6,11101001,421.96,2368,26.7,4.12,357.0,421.28,25.0,1.56, , 
,422.62,2336,87.0,25.8,11101001,422.96,2336,20.8,3.09,295.8,422.29,27.0,1.41, , 
,423.63,2304,85.5,25.4,11101001,423.95,2304,26.7,4.12,357.0,423.30,23.8,1.29, , 
,424.61,2336,85.5,25.4,11101001,424.99,2336,38.4,6.18,459.0,424.27,27.0,1.48, , 
,425.65,2304,85.5,0.0,11111101,425.99,2272,17.6,2.06,244.8,425.32,0.0,1.29, , 
,426.68,2240,85.5,0.0,11101001,427.01,2240,16.1,2.06,244.8,426.33,0.4,1.48, , 
,427.67,2208,85.5,0.0,11101001,428.02,2208,20.8,3.09,295.8,427.34,0.0,1.52, , 
,428.71,2240,85.5,0.0,11101001,429.05,2208,44.3,6.18,520.2,428.37,3.5,1.64, , 
,429.74,2208,85.5,7.4,11101001,430.07,2208,40.0,5.15,479.4,429.40,5.1,1.80, , 
,430.76,2240,85.5,13.7,11101001,431.08,2240,32.5,5.15,397.8,430.41,12.1,1.64, , 
,431.76,2208,85.5,17.6,11101001,432.09,2208,28.2,4.12,377.4,431.43,15.6,1.56, , 
,432.79,2208,85.5,20.7,11101001,433.11,2208,28.2,4.12,357.0,432.45,19.5,1.45, , 
,433.80,2176,85.5,23.0,11101001,434.14,2176,26.7,4.12,357.0,433.46,22.7,1.48, , 
,434.86,2176,85.5,21.1,11101001,435.21,2144,20.8,3.09,295.8,434.50,22.7,1.41, , 
,435.92,2112,85.5,18.0,11101001,436.29,2112,19.2,3.09,295.8,435.57,18.8,1.33, , 
,436.99,2080,85.5,16.0,11101001,437.35,2080,19.2,3.09,295.8,436.63,16.0,1.37, , 
,438.04,2048,85.5,9.4,11111101,438.38,2048,16.1,2.06,244.8,437.69,14.1,1.37, , 
,439.07,2016,85.5,0.0,11111101,439.42,1984,0.0,0.00,244.8,438.73,0.0,2.15, , 
,440.14,1984,85.5,0.0,11101011,440.50,1952,14.9,2.06,224.4,439.77,0.0,3.44, , 
,441.22,1984,85.5,0.0,11101011,441.58,1984,17.6,2.06,275.4,440.86,0.0,1.29, , 
,442.29,1984,85.5,1.2,11101011,442.66,1952,16.1,2.06,244.8,441.95,1.2,1.56, , 
,443.37,1952,85.5,9.0,11101011,443.72,1952,16.1,2.06,244.8,443.02,4.7,1.64, , 
,444.48,1984,85.5,8.2,11101011,444.83,1984,16.1,2.06,244.8,444.10,8.2,1.52, , 
,445.55,1920,85.5,0.0,11111111,445.90,1920,0.0,0.00,275.4,445.21,6.3,1.41, , 
,446.61,1888,85.5,0.0,11111111,446.95,1888,0.0,0.00,275.4,446.26,0.0,3.71, , 
,447.64,1824,85.5,0.0,11111111,448.00,1824,0.0,0.00,295.8,447.28,0.0,3.87, , 
,448.67,1792,85.5,0.0,11111111,449.00,1824,19.2,3.09,295.8,448.34,0.0,3.91, , 
,449.71,1792,85.5,0.0,11101011,450.09,1792,19.2,3.09,275.4,449.35,0.0,1.99, , 
,450.84,1792,84.0,10.2,11101011,451.18,1792,19.2,3.09,295.8,450.46,6.6,1.56, , 
,451.90,1792,85.5,17.6,11101011,452.28,1792,19.2,3.09,295.8,451.55,16.4,1.41, , 
,453.03,1792,84.0,20.3,11111111,453.39,1792,20.8,3.09,295.8,452.68,19.9,1.17, , 
,454.09,1760,85.5,0.0,11111111,454.41,1792,0.0,0.00,316.2,453.77,0.0,1.37, , 
,455.10,1760,84.0,0.0,11111111,455.45,1760,0.0,0.00,316.2,454.75,0.0,3.87, , 
,456.13,1760,84.0,0.0,11111111,456.49,1728,0.0,0.00,316.2,455.79,0.0,3.87, , 
,457.18,1728,84.0,0.0,11111111,457.50,1728,0.0,0.00,316.2,456.82,0.0,3.83, , 
,458.18,1696,84.0,0.0,11111111,458.51,1696,0.0,0.00,316.2,457.84,0.0,3.87, , 
,459.18,1696,84.0,0.0,11111111,459.51,1696,0.0,0.00,316.2,458.84,0.0,3.87, , 
,460.17,1696,84.0,0.0,11111111,460.53,1696,0.0,0.00,316.2,459.84,0.0,3.87, , 
,461.25,1696,84.0,0.0,11111111,461.59,1696,0.0,0.00,316.2,460.89,0.0,3.87, , 
,462.24,1664,84.0,0.0,11111111,462.61,1696,20.8,3.09,316.2,461.92,0.0,3.87, , 
,463.29,1696,84.0,0.0,11101011,463.64,1696,26.7,4.12,357.0,462.95,0.0,1.64, , 
,464.36,1664,84.0,0.0,11111111,464.69,1184,25.1,4.12,357.0,464.02,7.8,1.45, , 
,465.33,1056,84.0,0.0,11111111,465.67,1312,23.5,3.09,357.0,465.01,0.0,3.16, , 
,466.35,2240,84.0,0.0,11111101,466.68,2272,17.6,3.09,244.8,466.02,0.0,1.84, , 
,467.35,2240,84.0,0.0,11101001,467.68,2240,16.1,2.06,244.8,467.01,0.0,1.88, , 
,468.34,2240,84.0,6.3,11101001,468.66,2240,17.6,3.09,244.8,468.01,0.0,1.41, , 
,469.34,2240,84.0,14.5,11101001,469.67,2240,17.6,3.09,244.8,469.00,12.1,1.41, , 
,470.34,2240,82.5,10.9,11101001,470.66,2240,16.1,2.06,244.8,470.01,12.5,1.37, , 
,471.33,2240,84.0,10.2,11101001,471.65,2240,16.1,2.06,244.8,471.00,10.2,1.33, , 
,472.34,2240,84.0,9.0,11111101,472.68,2208,17.6,3.09,244.8,471.99,8.6,1.37, , 
,473.35,2176,82.5,0.0,11111101,473.69,2144,0.0,0.00,244.8,473.02,0.0,2.73, , 
,474.36,2080,82.5,0.0,11111101,474.71,2048,0.0,0.00,244.8,474.03,0.0,3.87, , 
,475.41,1984,84.0,0.0,11111111,475.76,1952,0.0,0.00,244.8,475.06,0.0,3.91, , 
,476.45,1888,82.5,0.0,11111111,476.80,1856,0.0,0.00,295.8,476.09,0.0,3.87, , 
,477.38,1024,82.5,0.0,11111111,477.70,928,34.1,6.18,438.6,477.10,0.0,3.87, , 
,478.32,928,82.5,0.0,11111111,478.63,896,28.2,4.12,397.8,478.01,0.0,2.11, , 
,479.27,896,82.5,0.0,11111111,479.59,896,28.2,4.12,397.8,478.95,0.0,1.21, , 
,480.20,864,82.5,4.7,11111111,480.49,896,28.2,4.12,397.8,479.89,2.3,1.48, , 
,481.08,896,82.5,11.7,11111111,481.40,896,28.2,4.12,397.8,480.79,9.4,1.48, , 
,482.05,896,82.5,17.6,11111111,482.37,896,28.2,4.12,397.8,481.72,15.6,1.41, , 
,482.98,864,82.5,20.3,11111111,483.28,800,25.1,4.12,377.4,482.68,19.9,1.29, , 
,483.89,768,82.5,18.8,11111111,484.20,800,29.4,4.12,418.2,483.58,19.5,1.33, , 
,484.82,736,82.5,21.9,11101011,485.12,768,51.8,7.21,632.4,484.49,18.8,1.45, , 
,485.75,1568,82.5,0.0,11101011,486.08,1408,47.1,6.18,571.2,485.41,0.0,1.76, , 
,486.74,832,82.5,0.0,11101011,487.05,1024,65.1,9.27,775.2,486.41,0.0,1.68, , 
,487.68,1472,82.5,0.0,11101011,488.03,1728,67.8,10.30,775.2,487.40,0.0,1.60, , 
,488.66,1216,82.5,0.0,11111111,488.99,1088,28.2,4.12,397.8,488.33,0.0,1.45, , 
,489.62,1088,82.5,0.0,11101011,489.94,1088,31.0,5.15,418.2,489.31,0.0,2.07, , 
,490.57,1120,82.5,6.6,11101011,490.87,1152,48.6,8.24,591.6,490.26,0.0,1.45, , 
,491.55,1248,82.5,0.0,11101011,491.90,1280,47.1,6.18,591.6,491.21,0.0,1.45, , 
,492.54,1344,84.0,5.9,11101011,492.88,1376,44.3,6.18,550.8,492.23,4.3,1.64, , 
,493.54,1408,82.5,10.9,11101011,493.87,1440,41.2,6.18,520.2,493.23,9.4,1.60, , 
,494.52,1440,84.0,0.0,11111111,494.87,1408,23.5,3.09,336.6,494.18,13.3,1.56, , 
,495.53,1312,84.0,2.7,11111111,495.86,1280,22.0,3.09,336.6,495.19,2.3,1.60, , 
,496.51,1216,84.0,3.9,11111111,496.83,1152,23.5,3.09,336.6,496.19,3.1,1.56, , 
,497.48,1056,84.0,7.0,11101011,497.79,1056,28.2,4.12,377.4,497.18,5.5,1.56, , 
,498.41,1056,84.0,13.3,11101011,498.72,1024,38.4,6.18,479.4,498.09,11.3,1.60, , 
,499.39,1088,84.0,0.0,11101011,499.72,1152,60.4,9.27,714.0,499.05,0.0,1.45, , 
,500.38,1248,84.0,2.0,11101011,500.73,1312,57.6,8.24,693.6,500.05,0.0,1.56, , 
,501.41,1408,84.0,0.0,11101011,501.76,1440,36.9,4.12,479.4,501.06,3.5,1.56, , 
,502.50,1440,84.0,6.3,11101011,502.85,1440,26.7,3.09,357.0,502.14,0.0,1.68, , 
,503.54,1408,84.0,3.9,11111111,503.89,1376,23.5,3.09,336.6,503.19,5.9,1.52, , 
,504.56,1344,84.0,3.9,11101011,504.89,1344,25.1,4.12,357.0,504.22,3.9,1.45, , 
,505.55,1312,84.0,7.0,11101011,505.90,1280,22.0,3.09,336.6,505.21,6.6,1.56, , 
,506.56,1248,84.0,7.4,11111111,506.92,1216,23.5,3.09,336.6,506.22,7.0,1.48, , 
,507.57,1152,84.0,9.4,11111111,507.89,1152,25.1,4.12,357.0,507.23,9.0,1.52, , 
,508.51,1088,84.0,12.5,11101011,508.83,1088,31.0,5.15,418.2,508.18,10.9,1.52, , 
,509.47,1088,84.0,0.0,11101011,509.79,1120,50.2,7.21,612.0,509.16,0.0,1.60, , 
,510.41,1216,84.0,0.0,11101011,510.75,1248,26.7,3.09,377.4,510.10,4.3,1.64, , 
,511.39,1248,84.0,2.3,11111111,511.70,1216,23.5,3.09,336.6,511.09,0.0,1.60, , 
,512.34,1184,84.0,4.3,11111111,512.65,1184,23.5,3.09,336.6,512.02,3.5,1.56, , 
,513.29,1152,84.0,7.4,11111111,513.61,1120,25.1,4.12,357.0,512.98,5.5,1.56, , 
,514.26,1056,84.0,12.1,11111111,514.58,1056,25.1,4.12,357.0,513.95,10.9,1.60, , 
,515.25,1056,84.0,11.3,11101011,515.56,1056,25.1,4.12,357.0,514.91,11.3,1.52, , 
,516.18,1024,84.0,16.4,11101011,516.49,1056,26.7,4.12,377.4,515.88,14.8,1.52, , 
,517.12,1056,84.0,18.8,11101011,517.44,1088,29.4,5.15,397.8,516.81,18.4,1.48, , 
,518.08,1120,84.0,23.4,11101011,518.40,1152,44.3,6.18,550.8,517.77,21.5,1.52, , 
,519.02,1376,84.0,0.0,11101011,519.29,1472,82.7,13.39,948.6,518.69,0.0,0.51, , 
,519.98,1760,84.0,0.0,11101011,520.33,1888,84.3,13.39,948.6,519.64,0.0,0.94, , 
,521.02,2208,84.0,-8.6,11101001,521.36,2336,73.7,8.24,867.0,520.68,-5.5,1.21, , 
,522.14,1312,84.0,0.0,11101011,522.52,1696,71.0,12.36,826.2,521.72,0.0,3.05, , 
,523.24,1696,84.0,0.0,11101011,523.58,1760,76.9,11.33,867.0,522.89,0.0,1.29, , 
,524.32,1888,84.0,-1.6,11101011,524.67,1920,71.0,10.30,826.2,523.94,-2.0,1.37, , 
,525.36,2048,84.0,-2.0,11101001,525.71,2112,67.8,9.27,754.8,525.01,-1.6,1.48, , 
,526.37,2208,84.0,-1.6,11101001,526.71,2272,57.6,7.21,673.2,526.03,-1.6,1.41, , 
,527.36,2304,84.0,0.0,11101001,527.69,2304,26.7,4.12,357.0,527.03,0.0,1.91, , 
,528.36,2336,84.0,11.7,11101001,528.70,2336,22.0,3.09,316.2,528.02,10.5,1.68, , 
,529.36,2336,84.0,15.6,11101001,529.69,2336,20.8,3.09,295.8,529.02,14.5,1.52, , 
,530.35,2336,84.0,17.6,11101001,530.67,2336,20.8,3.09,295.8,530.02,17.2,1.45, , 
,531.32,2368,84.0,19.5,11101001,531.66,2336,20.8,3.09,295.8,530.99,18.8,1.45, , 
,532.36,2368,84.0,19.9,11101001,532.72,2368,20.8,3.09,295.8,532.00,19.9,1.41, , 
,533.40,2368,84.0,20.3,11101001,533.74,2336,20.8,3.09,295.8,533.06,20.3,1.41, , 
,534.39,2336,84.0,19.5,11101001,534.73,2336,22.0,3.09,316.2,534.07,19.1,1.41, , 
,535.39,2304,84.0,21.5,11101001,535.74,2304,23.5,4.12,316.2,535.06,20.7,1.52, , 
,536.42,2272,84.0,17.2,11101001,536.75,2240,23.5,3.09,316.2,536.08,18.8,1.41, , 
,537.45,2240,84.0,18.8,11101001,537.79,2240,26.7,4.12,357.0,537.09,16.4,1.45, , 
,538.48,2240,84.0,21.9,11101001,538.81,2240,26.7,4.12,357.0,538.13,21.5,1.52, , 
,539.50,2208,84.0,22.3,11101001,539.85,2208,26.7,4.12,357.0,539.15,21.9,1.48, , 
,540.50,2208,84.0,22.3,11101001,540.83,2208,26.7,4.12,357.0,540.17,22.7,1.45, , 
,541.50,2208,84.0,20.7,11101001,541.85,2208,26.7,4.12,357.0,541.17,20.7,1.37, , 
,542.54,2208,84.0,17.6,11101001,542.88,2208,26.7,4.12,336.6,542.19,18.4,1.45, , 
,543.53,2208,84.0,16.8,11101001,543.90,2176,25.1,4.12,336.6,543.20,17.2,1.41, , 
,544.60,2208,84.0,16.0,11101001,544.94,2208,25.1,4.12,336.6,544.25,16.0,1.52, , 
,545.63,2208,84.0,13.7,11101001,545.98,2208,25.1,4.12,336.6,545.29,14.5,1.45, , 
,546.67,2208,84.0,12.5,11101001,547.02,2240,25.1,4.12,336.6,546.33,13.3,1.48, , 
,547.70,2240,84.0,13.3,11101001,548.04,2272,25.1,4.12,336.6,547.35,12.9,1.52, , 
,548.71,2272,85.5,14.5,11101001,549.04,2272,23.5,4.12,336.6,548.38,14.5,1.48, , 
,549.71,2304,84.0,12.5,11101001,550.05,2272,23.5,4.12,336.6,549.38,12.5,1.45, , 
,550.75,2304,84.0,14.1,11101001,551.09,2304,23.5,4.12,316.2,550.39,12.5,1.52, , 
,551.74,2336,84.0,15.6,11101001,552.08,2336,25.1,4.12,336.6,551.41,15.6,1.52, , 
,552.75,2368,84.0,19.1,11101001,553.08,2368,34.1,5.15,418.2,552.41,16.4,1.48, , 
,553.81,2400,84.0,19.9,11101001,554.14,2400,48.6,7.21,571.2,553.46,21.5,1.48, , 
,554.86,2464,84.0,5.1,11101001,555.20,2368,0.0,0.00,438.6,554.49,12.9,1.17, , 
,555.82,1408,84.0,0.0,11111111,556.14,1056,25.1,4.12,357.0,555.51,0.0,3.59, , 
,556.83,1728,84.0,0.0,11101011,557.22,1728,20.8,3.09,295.8,556.50,0.0,2.30, , 
,557.94,1728,84.0,4.7,11101011,558.30,1728,20.8,3.09,295.8,557.58,0.0,1.56, , 
,559.03,1696,84.0,9.8,11101011,559.40,1696,20.8,3.09,295.8,558.67,9.4,1.68, , 
,560.11,1664,84.0,13.7,11101011,560.48,1632,22.0,3.09,316.2,559.75,12.5,1.56, , 
,561.14,1632,84.0,14.5,11101011,561.48,1600,26.7,4.12,357.0,560.82,12.9,1.41, , 
,562.18,1600,84.0,18.0,11101011,562.54,1600,28.2,4.12,377.4,561.82,17.2,1.52, , 
,563.25,1600,84.0,18.8,11101011,563.62,1568,29.4,4.12,377.4,562.92,18.8,1.45, , 
,564.31,1568,85.5,16.4,11101011,564.67,1568,29.4,4.12,397.8,563.96,18.0,1.37, , 
,565.33,1568,85.5,15.6,11101011,565.69,1568,29.4,4.12,397.8,565.01,16.4,1.41, , 
,566.39,1568,85.5,13.3,11101011,566.75,1536,34.1,5.15,438.6,566.06,14.8,1.41, , 
,567.50,1536,85.5,13.3,11101011,567.84,1536,44.3,7.21,520.2,567.13,14.1,1.45, , 
,568.55,1568,85.5,0.0,11101011,568.91,1568,32.5,4.12,438.6,568.18,0.0,1.37, , 
,569.63,1568,85.5,5.5,11101011,569.97,1536,29.4,4.12,397.8,569.27,0.0,1.72, , 
,570.67,1536,85.5,8.2,11101011,571.00,1568,40.0,6.18,499.8,570.32,7.4,1.60, , 
,571.67,1216,85.5,0.0,11111111,571.96,896,29.4,4.12,397.8,571.34,0.0,1.48, , 
,572.60,928,85.5,0.0,11111111,572.91,896,28.2,4.12,397.8,572.28,0.0,2.42, , 
,573.53,864,85.5,0.0,11111111,573.84,864,28.2,4.12,397.8,573.23,0.0,1.48, , 
,574.45,864,85.5,1.6,11111111,574.75,864,28.2,4.12,418.2,574.14,0.4,1.60, , 
,575.35,896,85.5,5.9,11111111,575.63,896,28.2,4.12,418.2,575.06,4.7,1.64, , 
,576.26,928,85.5,9.4,11111111,576.56,928,28.2,4.12,397.8,575.94,8.2,1.64, , 
,577.15,896,85.5,12.5,11111111,577.47,896,28.2,4.12,397.8,576.85,11.7,1.60, , 
,578.15,1216,85.5,21.1,11101011,578.51,1792,22.0,3.09,316.2,577.75,18.0,1.60, , 
,579.23,1664,85.5,22.3,11101011,579.59,1664,22.0,4.12,316.2,578.85,25.0,1.52, , 
,580.29,1600,85.5,16.4,11111111,580.62,1600,22.0,4.12,316.2,579.93,18.4,1.13, , 
,581.30,1344,85.5,12.9,11111111,581.62,1120,23.5,4.12,336.6,580.95,15.2,1.29, , 
,582.24,864,85.5,12.9,11111111,582.55,928,29.4,4.12,397.8,581.93,13.7,1.37, , 
,583.18,1184,85.5,0.0,11101011,583.49,1152,57.6,9.27,693.6,582.85,0.0,1.41, , 
,584.11,1312,85.5,0.0,11101011,584.50,1408,81.2,13.39,928.2,583.80,0.0,1.17, , 
,585.18,1632,85.5,0.0,11101011,585.53,1728,82.7,13.39,948.6,584.84,0.0,1.17, , 
,586.24,1952,85.5,-7.8,11101011,586.59,2080,85.5,12.36,948.6,585.88,-5.5,1.29, , 
,587.27,2304,85.5,-14.5,11101001,587.63,2400,87.1,12.36,948.6,586.93,-12.1,1.41, , 
,588.31,2624,85.5,-15.6,11101001,588.65,2336,0.0,0.00,377.4,587.98,-15.6,1.48, , 
,589.32,1728,85.5,0.0,11101011,589.65,1696,65.1,11.33,734.4,588.97,0.0,3.71, , 
,590.36,1728,85.5,0.0,11101011,590.73,1760,75.3,11.33,867.0,590.00,0.0,1.21, , 
,591.43,1824,85.5,-2.3,11101011,591.80,1856,73.7,10.30,846.6,591.08,-2.3,1.45, , 
,592.52,1920,85.5,-3.5,11101011,592.88,1952,67.8,9.27,775.2,592.17,-2.7,1.45, , 
,593.62,1920,85.5,0.0,11101011,594.00,1888,42.7,6.18,520.2,593.25,0.0,1.56, , 
,594.76,1856,85.5,9.0,11101011,595.12,1856,45.9,6.18,550.8,594.38,7.4,1.64, , 
,595.85,1792,85.5,0.0,11111111,596.23,1728,22.0,3.09,316.2,595.48,0.0,1.52, , 
,596.94,1664,85.5,5.5,11101011,597.31,1632,29.4,4.12,377.4,596.58,6.6,1.68, , 
,597.96,1568,85.5,0.0,11101011,598.30,1600,81.2,13.39,928.2,597.62,0.0,1.17, , 
,599.03,1600,85.5,0.0,11101011,599.36,1600,73.7,11.33,867.0,598.67,0.0,1.05, , 
,600.06,1632,85.5,-2.7,11101011,600.42,1664,66.3,9.27,775.2,599.71,0.0,1.29, , 
,601.13,1664,85.5,0.0,11101011,601.50,1664,62.0,9.27,714.0,600.77,0.0,1.56, , 
,602.22,1696,85.5,0.0,11101011,602.60,1696,40.0,5.15,499.8,601.87,0.4,1.45, , 
,603.28,1664,85.5,5.1,11101011,603.62,1632,47.1,7.21,571.2,602.95,0.0,1.72, , 
,604.34,1632,85.5,0.0,11101011,604.66,1696,73.7,11.33,846.6,603.97,0.0,1.41, , 
,605.38,1760,85.5,-2.3,11101011,605.77,1760,79.6,12.36,907.8,605.04,-2.0,1.37, , 
,606.48,1792,85.5,-4.7,11101011,606.83,1824,79.6,11.33,907.8,606.13,-4.7,1.45, , 
,607.54,1888,85.5,-6.3,11101011,607.90,1920,75.3,10.30,867.0,607.20,-6.3,1.52, , 
,608.61,1952,85.5,0.0,11101011,608.99,1952,63.5,8.24,734.4,608.25,0.0,1.48, , 
,609.74,1952,85.5,3.9,11101011,610.11,1952,57.6,8.24,673.2,609.36,1.2,1.60, , 
,610.85,1920,87.0,6.6,11101011,611.21,1952,67.8,10.30,775.2,610.49,6.6,1.48, , 
,611.94,1984,85.5,3.9,11101001,612.30,1984,79.6,12.36,887.4,611.58,4.3,1.33, , 
,613.00,2048,85.5,-2.7,11101001,613.34,2080,81.2,12.36,907.8,612.65,-1.2,1.33, , 
,614.07,2144,85.5,-6.6,11101001,614.40,2176,82.7,11.33,907.8,613.70,-4.7,1.41, , 
,615.12,2240,85.5,-9.4,11101001,615.45,2272,81.2,11.33,907.8,614.75,-9.4,1.48, , 
,616.12,2304,85.5,-7.8,11101001,616.46,2336,76.9,10.30,867.0,615.77,-9.0,1.52, , 
,617.12,2400,87.0,-5.5,11101001,617.46,2432,73.7,9.27,826.2,616.77,-8.2,1.52, , 
,618.14,2464,87.0,0.0,11111101,618.51,2016,0.0,0.00,316.2,617.80,-7.0,1.45, , 
,619.11,1024,87.0,0.0,11111111,619.44,1088,26.7,4.12,377.4,618.82,0.0,3.71, , 
,620.10,992,85.5,0.0,11111111,620.40,896,23.5,4.12,357.0,619.77,0.0,1.84, , 
,621.03,864,87.0,0.0,11111111,621.32,864,28.2,4.12,397.8,620.71,0.0,0.86, , 
,621.93,864,87.0,1.2,11111111,622.23,896,28.2,4.12,397.8,621.63,0.0,1.48, , 
,622.81,896,87.0,3.9,11111111,623.13,896,28.2,4.12,397.8,622.51,3.1,1.60, , 
,623.74,896,87.0,7.4,11111111,624.05,864,28.2,4.12,397.8,623.43,6.3,1.60, , 
,624.68,896,87.0,10.5,11111111,624.97,896,28.2,4.12,418.2,624.37,9.4,1.60, , 
,625.54,896,87.0,13.3,11111111,625.85,896,28.2,4.12,418.2,625.26,12.1,1.60, , 
,626.52,1152,87.0,22.3,11101011,626.83,1216,36.9,5.15,459.0,626.19,15.2,1.64, , 
,627.50,1376,87.0,0.0,11101011,627.80,1440,72.2,10.30,846.6,627.18,25.4,1.45, , 
,628.43,1568,87.0,0.0,11101011,628.77,1696,73.7,10.30,867.0,628.09,0.0,1.56, , 
,629.50,1952,87.0,0.0,11101011,629.86,2048,78.4,11.33,887.4,629.15,0.8,1.52, , 
,630.53,2304,87.0,-2.7,11101001,630.89,2336,0.0,0.00,520.2,630.19,-1.6,1.41, , 
,631.53,1344,87.0,0.0,11111111,631.86,1120,25.1,4.12,377.4,631.19,0.0,3.48, , 
,632.54,1568,87.0,0.0,11101011,632.87,1568,31.0,4.12,397.8,632.19,0.0,1.88, , 
,633.56,1568,87.0,3.5,11101011,633.93,1568,34.1,5.15,438.6,633.20,0.8,1.48, , 
,634.66,1600,87.0,8.2,11101011,635.03,1600,32.5,5.15,418.2,634.27,6.6,1.60, , 
,635.77,1632,87.0,14.5,11101011,636.14,1664,32.5,5.15,418.2,635.39,12.1,1.60, , 
,636.89,1696,87.0,19.1,11101011,637.22,1696,31.0,5.15,418.2,636.50,17.6,1.56, , 
,637.80,1120,87.0,0.0,11111111,638.12,1024,26.7,4.12,377.4,637.51,0.0,1.64, , 
,638.75,1088,87.0,0.0,11111111,639.07,1024,22.0,3.09,336.6,638.44,0.0,2.03, , 
,639.66,864,87.0,0.0,11111111,639.96,864,26.7,4.12,377.4,639.37,0.0,1.25, , 
,640.58,864,87.0,2.0,11111111,640.90,896,26.7,4.12,397.8,640.26,0.0,1.45, , 
,641.51,896,87.0,10.5,11111111,641.82,896,26.7,4.12,397.8,641.20,7.8,1.52, , 
,642.42,896,87.0,17.6,11111111,642.72,896,26.7,4.12,397.8,642.11,15.6,1.48, , 
,643.36,896,87.0,22.3,11111111,643.67,896,26.7,4.12,397.8,643.05,21.5,1.33, , 
,644.29,864,87.0,23.0,11111111,644.60,896,26.7,4.12,397.8,643.96,23.0,1.45, , 
,645.20,896,87.0,23.0,11111111,645.48,896,28.2,4.12,397.8,644.90,23.0,1.48, , 
,646.09,896,87.0,23.4,11111111,646.39,896,26.7,4.12,397.8,645.78,23.4,1.52, , 
,647.00,896,87.0,23.8,11111111,647.32,864,28.2,4.12,397.8,646.69,23.8,1.52, , 
,647.92,896,87.0,25.0,11111111,648.23,896,28.2,4.12,397.8,647.63,24.6,1.56, , 
,648.82,832,87.0,23.8,11111111,649.10,800,29.4,5.15,418.2,648.51,23.8,1.48, , 
,649.68,672,87.0,25.4,11101011,649.99,672,42.7,7.21,550.8,649.38,24.2,1.45, , 
,650.57,736,87.0,29.3,11101011,650.85,704,38.4,6.18,520.2,650.30,30.5,1.60, , 
,651.46,896,87.0,-6.6,11111111,651.75,864,29.4,3.09,418.2,651.15,-4.3,1.25, , 
,652.36,832,87.0,-4.7,11111111,652.67,832,31.0,4.12,438.6,652.05,-6.3,1.60, , 
,653.28,864,87.0,2.7,11111111,653.58,864,31.0,4.12,438.6,652.97,0.0,1.76, , 
,654.23,896,87.0,9.8,11111111,654.54,832,26.7,4.12,397.8,653.91,7.4,1.76, , 
,655.13,768,87.0,14.1,11111111,655.43,800,31.0,4.12,438.6,654.84,13.3,1.64, , 
,656.03,800,87.0,16.8,11111111,656.34,800,31.0,4.12,438.6,655.73,16.0,1.60, , 
,656.96,800,87.0,18.8,11111111,657.26,800,29.4,4.12,438.6,656.64,18.0,1.56, , 
,657.86,800,87.0,19.9,11111111,658.18,800,29.4,4.12,418.2,657.56,19.5,1.52, , 
,658.79,800,87.0,20.7,11111111,659.09,800,28.2,4.12,418.2,658.50,20.3,1.48, , 
,659.69,800,87.0,18.8,11111111,659.99,800,28.2,4.12,418.2,659.40,19.1,1.48, , 
,660.58,800,87.0,17.2,11111111,660.88,800,28.2,4.12,418.2,660.28,18.8,1.48, , 
,661.46,768,88.5,17.2,11111111,661.77,800,28.2,4.12,418.2,661.18,17.2,1.48, , 
,662.36,800,88.5,16.8,11111111,662.66,800,29.4,4.12,418.2,662.06,16.8,1.45, , 
,663.25,800,88.5,16.0,11111111,663.55,800,28.2,4.12,418.2,662.95,16.4,1.45, , 
,664.15,800,88.5,13.7,11111111,664.44,768,28.2,4.12,418.2,663.85,15.2,1.45, , 
,665.05,800,88.5,13.7,11111111,665.36,768,28.2,4.12,418.2,664.74,13.7,1.48, , 
,665.97,800,88.5,13.7,11111111,666.26,800,28.2,4.12,418.2,665.67,13.7,1.48, , 
,666.88,800,88.5,13.3,11111111,667.18,768,28.2,4.12,418.2,666.58,13.7,1.45, , 
,667.79,800,88.5,13.3,11111111,668.09,800,28.2,4.12,418.2,667.47,13.3,1.48, , 
,668.70,800,88.5,13.3,11111111,669.01,800,28.2,4.12,418.2,668.40,13.3,1.48, , 
,669.60,768,88.5,13.3,11111111,669.90,800,28.2,4.12,418.2,669.31,13.3,1.48, , 
,670.49,800,88.5,12.9,11111111,670.78,800,28.2,4.12,418.2,670.20,13.3,1.48, , 
,671.39,768,87.0,12.9,11111111,671.69,768,28.2,4.12,418.2,671.08,12.9,1.45, , 
,672.29,768,87.0,12.5,11111111,672.59,800,28.2,4.12,418.2,671.99,12.9,1.45, , 
,673.20,768,87.0,11.7,11111111,673.51,800,28.2,4.12,418.2,672.90,12.1,1.45, , 
,674.11,800,87.0,11.3,11111111,674.43,800,28.2,4.12,418.2,673.80,11.3,1.45, , 
,675.04,800,87.0,10.9,11111111,675.34,800,28.2,4.12,418.2,674.74,10.9,1.45, , 
,675.94,800,87.0,10.9,11111111,676.25,800,28.2,4.12,418.2,675.64,10.9,1.48, , 
,676.86,800,87.0,10.9,11111111,677.17,768,28.2,4.12,418.2,676.56,10.9,1.48, , 
,677.78,768,87.0,10.9,11111111,678.08,800,28.2,4.12,418.2,677.48,10.9,1.48, , 
,678.69,800,87.0,10.9,11111111,678.98,768,29.4,4.12,418.2,678.39,10.9,1.48, , 
,679.57,800,87.0,10.9,11111111,679.85,800,29.4,4.12,418.2,679.27,10.9,1.48, , 
,680.44,768,87.0,10.9,11111111,680.74,800,29.4,4.12,418.2,680.15,10.9,1.48, , 
,681.32,800,87.0,10.9,11111111,681.63,768,28.2,4.12,418.2,681.03,10.9,1.45, , 
,682.23,800,88.5,10.9,11111111,682.52,800,28.2,4.12,418.2,681.94,10.9,1.48, , 
,683.11,800,88.5,10.5,11111111,683.41,768,29.4,4.12,418.2,682.82,10.9,1.48, , 
,684.01,768,88.5,10.5,11111111,684.30,800,29.4,4.12,418.2,683.71,10.5,1.48, , 
,684.89,768,88.5,10.9,11111111,685.18,768,29.4,4.12,418.2,684.59,10.9,1.48, , 
,685.77,800,88.5,10.9,11111111,686.08,800,29.4,4.12,418.2,685.47,10.9,1.48, , 
,686.70,800,88.5,10.9,11111111,686.99,768,29.4,4.12,418.2,686.40,10.9,1.48, , 
