Poniedzia³ek,21,Wrzesieñ,2026,16:14:49:00009-VCID:1C3761778CABCE7337-515A,Wersja VCDS: AKP 23.3.1,Wersja danych: 20230601 DS346.2
047 906 033 L,,1.4l SIMOS3PA   00HS5401,

,Grupa A:,'001,,,,Grupa B:,'002,,,,Grupa C:,'032
,,Obroty silnika,Temperatura,Lambda,Bity binarnie,,Obroty silnika,Obci¹¿enie,Czas wtrysku,Ciœnienie rzecz.,,Lambda,Lambda, , 
,CZAS,,,,,CZAS,,,,,CZAS,,,,
Znacznik,ZAPISU, /min,*C, %,,ZAPISU, /min, %, ms, mbar,ZAPISU, %, %,,
,0.01,800,84.0,0.8,10111111,0.30,768,29.4,4.12,438.6,0.60,0.8,0.0, , 
,0.90,800,84.0,-0.4,10111111,1.20,768,29.4,3.09,418.2,1.50,0.8,0.0, , 
,1.81,800,84.0,-0.8,10111111,2.11,800,29.4,4.12,418.2,2.42,0.8,0.0, , 
,2.73,800,84.0,-0.8,10111111,3.02,800,28.2,3.09,418.2,3.32,0.8,0.0, , 
,3.61,800,84.0,-0.4,10111111,3.93,768,28.2,3.09,418.2,4.22,0.8,0.0, , 
,4.53,768,84.0,-0.8,10111111,4.84,768,32.5,4.12,438.6,5.14,0.8,0.0, , 
,5.47,960,84.0,0.0,10101011,5.81,1120,44.3,6.18,550.8,6.14,0.0,0.0, , 
,6.42,1024,85.5,0.0,10101011,6.74,992,44.3,6.18,571.2,7.06,0.0,0.0, , 
,7.39,928,85.5,0.0,10111111,7.70,1056,28.2,3.09,397.8,8.01,0.8,0.0, , 
,8.31,1120,85.5,-1.6,10111111,8.59,1024,26.7,3.09,377.4,8.88,0.8,0.0, , 
,9.19,864,85.5,-1.2,10111111,9.50,864,28.2,3.09,397.8,9.80,0.8,0.0, , 
,10.12,864,85.5,-2.3,10111111,10.41,864,28.2,3.09,397.8,10.71,0.8,0.0, , 
,11.01,768,85.5,-2.3,10111111,11.32,800,36.9,4.12,499.8,11.62,0.8,0.0, , 
,11.92,832,85.5,-5.9,10101011,12.24,800,32.5,4.12,459.0,12.56,0.8,0.0, , 
,12.86,896,85.5,-4.3,10111111,13.18,864,31.0,4.12,438.6,13.48,0.8,0.0, , 
,13.79,896,85.5,-0.8,10101011,14.11,896,34.1,4.12,459.0,14.42,0.8,0.0, , 
,14.75,1024,85.5,2.7,10101011,15.08,1120,38.4,5.15,499.8,15.43,0.0,0.0, , 
,15.73,1408,85.5,0.0,10111111,16.07,1408,23.5,3.09,336.6,16.36,0.8,0.0, , 
,16.65,768,85.5,-1.6,10111111,16.93,672,40.0,6.18,499.8,17.23,0.8,0.0, , 
,17.52,864,85.5,-9.0,10111111,17.84,896,32.5,4.12,459.0,18.15,0.8,0.0, , 
,18.44,832,85.5,-1.2,10111111,18.77,928,34.1,4.12,459.0,19.09,0.8,0.0, , 
,19.38,896,85.5,-1.6,10111111,19.70,896,32.5,4.12,438.6,19.98,0.8,0.0, , 
,20.24,768,85.5,0.0,10111111,20.56,704,42.7,5.15,550.8,20.82,0.8,0.0, , 
,21.12,768,85.5,-1.6,10101011,21.42,768,47.1,6.18,612.0,21.70,0.0,0.0, , 
,22.01,832,85.5,0.0,10101011,22.32,896,59.2,8.24,714.0,22.63,0.0,0.0, , 
,22.99,960,85.5,-3.5,10101011,23.29,1024,50.2,6.18,632.4,23.59,0.0,0.0, , 
,23.88,1024,85.5,0.0,10111111,24.18,992,28.2,3.09,397.8,24.45,0.8,0.0, , 
,24.76,960,85.5,0.8,10111111,25.05,928,28.2,3.09,397.8,25.37,0.8,0.0, , 
,25.66,864,85.5,1.2,10101011,25.96,832,32.5,4.12,438.6,26.26,0.8,0.0, , 
,26.55,832,85.5,0.0,10101011,26.86,864,53.3,7.21,673.2,27.15,0.0,0.0, , 
,27.46,928,85.5,0.0,10101011,27.76,928,48.6,6.18,612.0,28.08,0.0,0.0, , 
,28.39,928,85.5,-0.8,10101011,28.71,896,40.0,5.15,520.2,29.01,0.0,0.0, , 
,29.31,928,85.5,2.7,10101011,29.63,928,32.5,4.12,459.0,29.95,0.8,0.0, , 
,30.24,800,85.5,0.8,10101011,30.52,768,36.9,5.15,499.8,30.82,0.0,0.0, , 
,31.11,736,85.5,0.0,10101011,31.39,800,79.6,11.33,948.6,31.69,0.0,0.0, , 
,31.97,800,85.5,0.0,10101011,32.28,864,81.2,12.36,969.0,32.58,0.0,0.0, , 
,32.87,896,87.0,0.0,10101011,33.17,1024,82.7,12.36,969.0,33.49,0.0,0.0, , 
,33.79,1216,87.0,-6.3,10101011,34.14,1280,84.3,11.33,969.0,34.59,0.0,0.0, , 
,34.95,1600,87.0,-12.9,10101011,35.33,1760,87.1,12.36,969.0,35.68,0.0,0.0, , 
,36.01,2048,87.0,-13.7,10101001,36.32,2176,87.1,11.33,948.6,36.64,0.0,0.0, , 
,36.98,2432,87.0,-13.3,10101001,37.29,2592,87.1,12.36,948.6,37.63,0.0,0.0, , 
,37.96,2432,87.0,0.0,11111101,38.30,1952,0.0,0.00,316.2,38.60,0.0,0.0, , 
,38.91,1024,87.0,0.0,11101011,39.25,1536,23.5,4.12,336.6,39.64,0.0,0.0, , 
,40.01,1728,87.0,0.0,11101011,40.35,1792,41.2,6.18,479.4,40.72,0.0,0.0, , 
,41.10,1824,87.0,0.0,11101011,41.47,1856,56.1,8.24,652.8,41.84,0.0,0.0, , 
,42.21,1952,87.0,5.1,11101011,42.57,1984,48.6,6.18,591.6,42.93,0.0,0.0, , 
,43.27,2016,87.0,7.0,11101001,43.62,2016,36.9,5.15,459.0,43.97,0.0,0.0, , 
,44.33,2048,87.0,10.2,11101001,44.69,2080,36.9,5.15,459.0,45.03,0.0,0.0, , 
,45.39,2112,87.0,8.6,11101001,45.75,2112,28.2,4.12,377.4,46.11,0.0,0.0, , 
,46.45,2112,87.0,4.7,11101001,46.81,2144,26.7,3.09,357.0,47.18,0.0,0.0, , 
,47.53,2144,87.0,2.3,11101001,47.88,2144,26.7,3.09,357.0,48.21,0.0,0.0, , 
,48.54,2176,87.0,0.4,11101001,48.88,2208,26.7,3.09,357.0,49.22,0.0,0.0, , 
,49.54,2208,87.0,-2.0,11101001,49.89,2208,25.1,3.09,336.6,50.25,0.0,0.0, , 
,50.58,2240,87.0,-7.0,11101001,50.93,2208,22.0,2.06,316.2,51.25,0.0,0.0, , 
,51.60,2208,87.0,-10.9,11101001,51.95,2240,23.5,2.06,316.2,52.32,0.0,0.0, , 
,52.67,2208,87.0,-13.7,11101001,53.01,2208,23.5,2.06,316.2,53.33,0.0,0.0, , 
,53.68,2208,87.0,-15.2,11101001,54.02,2208,23.5,2.06,316.2,54.38,0.0,0.0, , 
,54.71,2208,87.0,-13.3,11101001,55.05,2208,19.2,2.06,295.8,55.39,0.0,0.0, , 
,55.73,2176,87.0,-17.2,11101001,56.08,2176,16.1,1.03,244.8,56.42,0.0,0.0, , 
,56.75,2144,87.0,-22.7,11101001,57.10,2144,16.1,1.03,244.8,57.44,0.0,0.0, , 
,57.79,2112,87.0,-24.6,11101001,58.12,2080,16.1,1.03,244.8,58.46,0.0,0.0, , 
,58.79,2080,87.0,-27.0,11101001,59.14,2048,20.8,2.06,295.8,59.49,0.0,0.0, , 
,59.84,2048,87.0,-21.5,11101001,60.18,2016,25.1,2.06,336.6,60.54,0.0,0.0, , 
,60.89,2016,87.0,-10.5,11101001,61.24,2048,45.9,5.15,550.8,61.59,0.0,0.0, , 
,61.93,2048,87.0,-3.5,11101001,62.29,2080,42.7,5.15,520.2,62.63,0.0,0.0, , 
,62.96,2112,85.5,2.0,11101001,63.29,2112,41.2,6.18,499.8,63.65,0.0,0.0, , 
,63.98,2144,85.5,4.7,11101001,64.33,2144,26.7,3.09,357.0,64.69,0.0,0.0, , 
,65.05,2144,85.5,2.3,11101001,65.41,2144,28.2,4.12,377.4,65.74,0.0,0.0, , 
,66.09,2144,85.5,3.1,11101001,66.43,2144,34.1,4.12,418.2,66.78,0.0,0.0, , 
,67.11,2144,85.5,3.9,11101001,67.47,2144,38.4,5.15,479.4,67.80,0.0,0.0, , 
,68.13,2176,85.5,3.1,11101001,68.47,2176,40.0,5.15,479.4,68.81,0.0,0.0, , 
,69.13,2176,85.5,0.0,11101001,69.46,2176,23.5,3.09,316.2,69.80,0.0,0.0, , 
,70.14,2144,85.5,-1.2,11101001,70.49,2144,34.1,4.12,418.2,70.81,0.0,0.0, , 
,71.15,2144,85.5,4.7,11101001,71.50,2112,26.7,3.09,357.0,71.87,0.0,0.0, , 
,72.21,2080,85.5,3.9,11101001,72.57,2080,29.4,4.12,377.4,72.93,0.0,0.0, , 
,73.29,2080,85.5,5.9,11101001,73.63,2048,34.1,4.12,438.6,73.98,0.0,0.0, , 
,74.32,2080,85.5,8.6,11101001,74.68,2080,36.9,5.15,459.0,75.05,0.0,0.0, , 
,75.41,2080,85.5,9.4,11101001,75.78,2080,35.3,5.15,438.6,76.13,0.0,0.0, , 
,76.47,2080,85.5,9.4,11101001,76.83,2080,35.3,5.15,438.6,77.17,0.0,0.0, , 
,77.51,2080,85.5,9.0,11101001,77.85,2080,35.3,5.15,438.6,78.20,0.0,0.0, , 
,78.55,2112,85.5,7.8,11101001,78.91,2080,35.3,4.12,438.6,79.26,0.0,0.0, , 
,79.60,2112,85.5,7.4,11101001,79.97,2112,34.1,4.12,418.2,80.32,0.0,0.0, , 
,80.66,2112,85.5,8.2,11101001,81.01,2112,34.1,4.12,418.2,81.36,0.0,0.0, , 
,81.72,2144,85.5,7.4,11101001,82.07,2144,34.1,4.12,418.2,82.42,0.0,0.0, , 
,82.77,2144,85.5,7.8,11101001,83.10,2144,34.1,4.12,418.2,83.45,0.0,0.0, , 
,83.81,2144,85.5,5.1,11101001,84.15,2176,32.5,4.12,418.2,84.50,0.0,0.0, , 
,84.85,2176,85.5,5.5,11101001,85.19,2176,23.5,3.09,336.6,85.54,0.0,0.0, , 
,85.89,2176,85.5,-3.5,11101001,86.23,2176,22.0,3.09,316.2,86.56,0.0,0.0, , 
,86.88,2176,85.5,-9.0,11101001,87.21,2176,23.5,2.06,316.2,87.54,0.0,0.0, , 
,87.89,2144,85.5,-12.1,11101001,88.24,2176,23.5,2.06,316.2,88.57,0.0,0.0, , 
,88.92,2176,85.5,-13.7,11101001,89.26,2176,23.5,2.06,316.2,89.59,0.0,0.0, , 
,89.92,2176,85.5,-12.5,11101001,90.25,2176,22.0,2.06,316.2,90.61,0.0,0.0, , 
,90.95,2176,85.5,-10.5,11101001,91.30,2176,23.5,2.06,316.2,91.65,0.0,0.0, , 
,91.98,2176,85.5,-8.6,11101001,92.32,2176,22.0,2.06,316.2,92.65,0.0,0.0, , 
,92.98,2176,85.5,-7.4,11101001,93.31,2176,22.0,2.06,316.2,93.65,0.0,0.0, , 
,93.99,2176,85.5,-9.8,11101001,94.33,2176,22.0,2.06,295.8,94.66,0.0,0.0, , 
,95.00,2176,85.5,-12.5,11101001,95.36,2176,19.2,2.06,275.4,95.70,0.0,0.0, , 
,96.04,2208,85.5,-16.4,11101001,96.39,2208,19.2,2.06,275.4,96.73,0.0,0.0, , 
,97.07,2208,85.5,-18.0,11101001,97.42,2208,19.2,2.06,275.4,97.76,0.0,0.0, , 
,98.09,2208,85.5,-19.1,11101001,98.42,2208,19.2,2.06,275.4,98.75,0.0,0.0, , 
,99.09,2208,85.5,-20.7,10101001,99.42,2240,16.1,1.03,244.8,99.76,0.0,0.0, , 
,100.09,2240,85.5,-23.0,10101001,100.42,2240,16.1,1.03,244.8,100.75,0.0,0.0, , 
,101.10,2240,85.5,-23.4,10111101,101.45,2240,0.0,0.00,244.8,101.81,0.0,0.0, , 
,102.13,2208,85.5,0.0,10111101,102.47,2208,0.0,0.00,244.8,102.82,0.0,0.0, , 
,103.16,2208,85.5,0.0,10111101,103.50,2176,0.0,0.00,244.8,103.84,0.0,0.0, , 
,104.17,2176,84.0,0.0,10111101,104.51,2176,0.0,0.00,244.8,104.84,0.0,0.0, , 
,105.16,2144,84.0,0.0,10111101,105.49,2144,0.0,0.00,244.8,105.82,0.0,0.0, , 
,106.15,2144,84.0,0.0,10111101,106.51,2144,0.0,0.00,244.8,106.84,0.0,0.0, , 
,107.18,2112,84.0,0.0,10101001,107.53,2144,16.1,2.06,244.8,107.88,0.0,0.0, , 
,108.21,2144,84.0,0.0,10101001,108.55,2144,14.9,2.06,244.8,108.89,0.0,0.0, , 
,109.25,2144,84.0,-11.3,10111101,109.58,2144,0.0,0.00,244.8,109.92,0.0,0.0, , 
,110.25,2144,84.0,0.0,10111101,110.62,2144,0.0,0.00,244.8,110.97,0.0,0.0, , 
,111.30,2112,84.0,0.0,10111101,111.64,2112,0.0,0.00,244.8,112.00,0.0,0.0, , 
,112.35,2112,84.0,0.0,10111101,112.69,2112,0.0,0.00,244.8,113.05,0.0,0.0, , 
,113.39,2080,84.0,0.0,10111101,113.75,2080,0.0,0.00,244.8,114.11,0.0,0.0, , 
,114.47,2048,84.0,0.0,10111101,114.82,2048,0.0,0.00,244.8,115.17,0.0,0.0, , 
,115.52,2048,84.0,0.0,10111101,115.87,2048,0.0,0.00,244.8,116.22,0.0,0.0, , 
,116.58,2048,84.0,0.0,10111101,116.94,2016,16.1,3.09,244.8,117.30,0.0,0.0, , 
,117.65,2048,84.0,0.0,10101001,117.98,2080,20.8,3.09,295.8,118.34,0.0,0.0, , 
,118.68,2112,84.0,-4.3,10101001,119.03,2112,20.8,2.06,295.8,119.38,0.0,0.0, , 
,119.72,2144,84.0,-9.4,10101001,120.05,2176,20.8,2.06,295.8,120.38,0.0,0.0, , 
,120.71,2176,84.0,-17.2,10101001,121.06,2208,16.1,2.06,244.8,121.39,0.0,0.0, , 
,121.74,2240,84.0,-21.5,10111101,122.07,2240,17.6,2.06,244.8,122.39,0.0,0.0, , 
,122.73,2240,84.0,0.0,10111101,123.06,2208,0.0,0.00,244.8,123.39,0.0,0.0, , 
,123.71,2208,84.0,0.0,10111101,124.03,2208,0.0,0.00,244.8,124.36,0.0,0.0, , 
,124.71,2208,82.5,0.0,10111101,125.03,2208,0.0,0.00,244.8,125.38,0.0,0.0, , 
,125.73,2208,82.5,0.0,10111101,126.05,2208,0.0,0.00,244.8,126.40,0.0,0.0, , 
,126.72,2240,82.5,0.0,10111101,127.07,2240,0.0,0.00,244.8,127.41,0.0,0.0, , 
,127.74,2240,82.5,0.0,10111101,128.06,2240,0.0,0.00,244.8,128.38,0.0,0.0, , 
,128.71,2272,82.5,0.0,10111101,129.02,2272,0.0,0.00,244.8,129.36,0.0,0.0, , 
,129.70,2304,82.5,0.0,10111101,130.02,2304,0.0,0.00,244.8,130.36,0.0,0.0, , 
,130.71,2304,82.5,0.0,10111101,131.04,2304,0.0,0.00,244.8,131.36,0.0,0.0, , 
,131.71,2272,82.5,0.0,10111101,132.05,2272,0.0,0.00,244.8,132.39,0.0,0.0, , 
,132.74,2240,82.5,0.0,10111101,133.09,2208,0.0,0.00,244.8,133.41,0.0,0.0, , 
,133.74,2176,82.5,0.0,10111101,134.08,2176,0.0,0.00,244.8,134.41,0.0,0.0, , 
,134.74,2176,82.5,0.0,10111101,135.07,2176,0.0,0.00,244.8,135.41,0.0,0.0, , 
,135.76,2144,82.5,0.0,10111101,136.09,2176,0.0,0.00,244.8,136.41,0.0,0.0, , 
,136.74,2176,82.5,0.0,10111101,137.07,2176,0.0,0.00,244.8,137.40,0.0,0.0, , 
,137.74,2176,82.5,0.0,10111101,138.07,2176,0.0,0.00,244.8,138.40,0.0,0.0, , 
,138.74,2176,81.0,0.0,10111101,139.07,2176,0.0,0.00,244.8,139.40,0.0,0.0, , 
,139.74,2176,81.0,0.0,10111101,140.07,2176,0.0,0.00,244.8,140.40,0.0,0.0, , 
,140.74,2176,81.0,0.0,10111101,141.07,2176,0.0,0.00,244.8,141.41,0.0,0.0, , 
,141.74,2176,81.0,0.0,10111101,142.08,2176,0.0,0.00,244.8,142.43,0.0,0.0, , 
,142.77,2176,81.0,0.0,10111101,143.10,2176,0.0,0.00,244.8,143.43,0.0,0.0, , 
,143.76,2144,81.0,0.0,10111101,144.10,2144,0.0,0.00,244.8,144.44,0.0,0.0, , 
,144.79,2144,81.0,0.0,10111101,145.11,2144,0.0,0.00,244.8,145.46,0.0,0.0, , 
,145.79,2112,81.0,0.0,10111101,146.12,2112,16.1,3.09,244.8,146.45,0.0,0.0, , 
,146.80,2112,81.0,0.0,10101001,147.14,2112,14.9,2.06,244.8,147.49,0.0,0.0, , 
,147.83,2112,81.0,-8.2,10101001,148.16,2112,17.6,2.06,275.4,148.51,0.0,0.0, , 
,148.85,2112,81.0,-13.3,10101001,149.18,2144,17.6,2.06,244.8,149.50,0.0,0.0, , 
,149.86,2144,81.0,-16.8,10101001,150.20,2144,17.6,2.06,275.4,150.54,0.0,0.0, , 
,150.89,2176,81.0,-18.4,10101001,151.25,2144,17.6,2.06,275.4,151.59,0.0,0.0, , 
,151.94,2176,81.0,-19.5,10101001,152.28,2176,17.6,2.06,275.4,152.61,0.0,0.0, , 
,152.94,2176,81.0,-20.3,10101001,153.28,2176,16.1,1.03,244.8,153.62,0.0,0.0, , 
,153.94,2176,81.0,-21.1,10101001,154.30,2176,16.1,1.03,244.8,154.65,0.0,0.0, , 
,154.98,2176,81.0,-21.1,10101001,155.31,2176,16.1,2.06,244.8,155.65,0.0,0.0, , 
,155.98,2176,79.5,-19.9,10101001,156.32,2176,16.1,2.06,244.8,156.65,0.0,0.0, , 
,156.98,2176,81.0,-19.5,10101001,157.33,2176,16.1,2.06,244.8,157.66,0.0,0.0, , 
,158.00,2176,81.0,-18.4,10101001,158.35,2176,16.1,2.06,244.8,158.68,0.0,0.0, , 
,159.01,2176,81.0,-18.4,10101001,159.35,2176,16.1,2.06,244.8,159.69,0.0,0.0, , 
,160.03,2176,81.0,-18.4,10101001,160.36,2176,16.1,2.06,244.8,160.70,0.0,0.0, , 
,161.04,2176,81.0,-18.0,10101001,161.38,2176,16.1,2.06,244.8,161.71,0.0,0.0, , 
,162.03,2176,81.0,-18.4,10101001,162.37,2176,16.1,2.06,244.8,162.70,0.0,0.0, , 
,163.03,2144,79.5,-18.4,10101001,163.39,2144,16.1,2.06,244.8,163.72,0.0,0.0, , 
,164.07,2144,81.0,-18.4,10101001,164.42,2144,16.1,2.06,244.8,164.76,0.0,0.0, , 
,165.11,2144,81.0,-18.4,10101001,165.45,2144,16.1,2.06,244.8,165.78,0.0,0.0, , 
,166.12,2112,79.5,-19.1,10101001,166.45,2112,16.1,2.06,244.8,166.78,0.0,0.0, , 
,167.11,2112,81.0,-19.5,10101001,167.45,2112,16.1,1.03,244.8,167.78,0.0,0.0, , 
,168.14,2080,81.0,-19.5,10101001,168.50,2080,16.1,1.03,244.8,168.87,0.0,0.0, , 
,169.22,2080,79.5,-21.1,10101001,169.57,2048,16.1,1.03,244.8,169.92,0.0,0.0, , 
,170.28,2048,81.0,-21.9,10101001,170.62,2016,16.1,1.03,244.8,170.96,0.0,0.0, , 
,171.29,2048,81.0,-18.8,10101001,171.66,1984,23.5,2.06,316.2,172.01,0.0,0.0, , 
,172.37,2016,81.0,-9.0,10101001,172.72,2048,29.4,3.09,377.4,173.08,0.0,0.0, , 
,173.43,2048,81.0,-3.9,10101001,173.78,2048,28.2,4.12,377.4,174.11,0.0,0.0, , 
,174.46,2048,81.0,-0.8,10101001,174.80,2080,26.7,4.12,357.0,175.15,0.0,0.0, , 
,175.49,2080,81.0,0.8,10101001,175.82,2080,26.7,3.09,357.0,176.15,0.0,0.0, , 
,176.50,2080,81.0,0.4,10101001,176.85,2048,17.6,2.06,275.4,177.19,0.0,0.0, , 
,177.54,2048,81.0,-13.7,10101001,177.90,2016,14.9,1.03,244.8,178.26,0.0,0.0, , 
,178.62,1952,81.0,-21.5,10101011,178.97,1952,17.6,2.06,275.4,179.34,0.0,0.0, , 
,179.70,1952,81.0,-18.0,10101011,180.04,1920,22.0,2.06,316.2,180.42,0.0,0.0, , 
,180.78,1920,81.0,-14.8,10101011,181.14,1888,22.0,2.06,316.2,181.52,0.0,0.0, , 
,181.89,1856,81.0,-15.2,10101011,182.25,1888,22.0,2.06,316.2,182.62,0.0,0.0, , 
,182.98,1888,81.0,-15.6,10111111,183.35,1856,19.2,2.06,275.4,183.70,0.0,0.0, , 
,184.06,1856,81.0,0.0,10111111,184.40,1824,0.0,0.00,295.8,184.75,0.0,0.0, , 
,185.10,1792,81.0,0.0,10111111,185.44,1760,0.0,0.00,316.2,185.78,0.0,0.0, , 
,186.13,1728,81.0,0.0,10111111,186.50,1696,0.0,0.00,316.2,186.83,0.0,0.0, , 
,187.16,1664,81.0,0.0,10111111,187.44,1568,0.0,0.00,316.2,187.72,0.8,0.0, , 
,188.01,864,81.0,0.0,10111111,188.32,960,34.1,5.15,438.6,188.63,0.8,0.0, , 
,188.93,896,81.0,0.0,10111111,189.26,896,28.2,4.12,397.8,189.55,0.8,0.0, , 
,189.85,896,81.0,0.0,10111111,190.15,896,28.2,4.12,397.8,190.44,0.8,0.0, , 
,190.75,896,81.0,-0.4,10111111,191.07,896,29.4,4.12,397.8,191.38,0.8,0.0, , 
,191.71,928,81.0,0.0,10111111,192.02,928,26.7,4.12,377.4,192.32,0.8,0.0, , 
,192.64,896,81.0,0.8,10111111,192.95,864,28.2,4.12,397.8,193.25,0.8,0.0, , 
,193.55,896,81.0,3.1,10101011,193.86,864,35.3,5.15,479.4,194.17,0.0,0.0, , 
,194.45,928,81.0,1.6,10101011,194.81,992,47.1,7.21,591.6,195.11,0.0,0.0, , 
,195.43,1120,81.0,-2.7,10101011,195.74,1152,51.8,8.24,632.4,196.06,0.0,0.0, , 
,196.41,1344,81.0,0.0,10101011,196.69,1472,66.3,10.30,775.2,197.04,0.0,0.0, , 
,197.40,1696,81.0,-0.8,10101011,197.76,1856,65.1,9.27,734.4,198.10,0.0,0.0, , 
,198.45,2080,81.0,-0.4,10101001,198.80,2176,60.4,8.24,693.6,199.15,0.0,0.0, , 
,199.50,2400,81.0,2.3,10101001,199.85,2528,51.8,7.21,612.0,200.18,0.0,0.0, , 
,200.51,2080,81.0,0.0,10111101,200.82,1568,0.0,0.00,316.2,201.11,0.8,0.0, , 
,201.45,1344,81.0,0.0,10101011,201.83,1888,23.5,4.12,336.6,202.21,0.0,0.0, , 
,202.57,1888,81.0,0.0,10101011,202.94,1920,35.3,4.12,438.6,203.32,0.0,0.0, , 
,203.68,2016,81.0,0.8,10101001,204.02,2048,32.5,4.12,397.8,204.37,0.0,0.0, , 
,204.72,2112,81.0,2.3,10101001,205.06,2144,40.0,5.15,479.4,205.40,0.0,0.0, , 
,205.75,2240,81.0,3.1,10101001,206.10,2304,45.9,6.18,520.2,206.45,0.0,0.0, , 
,206.81,2400,81.0,5.1,10101001,207.14,2432,42.7,6.18,499.8,207.50,0.0,0.0, , 
,207.86,2496,81.0,4.7,10101001,208.19,2560,40.0,6.18,479.4,208.54,0.0,0.0, , 
,208.87,2624,81.0,4.3,10101001,209.19,2464,0.0,0.00,316.2,209.56,0.0,0.0, , 
,209.87,1440,81.0,0.0,10111111,210.19,1440,23.5,4.12,336.6,210.54,0.0,0.0, , 
,210.89,2016,81.0,0.0,10101001,211.25,1984,25.1,3.09,336.6,211.62,0.0,0.0, , 
,211.97,2016,81.0,0.4,10101001,212.33,2016,38.4,5.15,459.0,212.71,0.0,0.0, , 
,213.05,2048,81.0,2.7,10101001,213.41,2048,51.8,7.21,612.0,213.75,0.0,0.0, , 
,214.09,2080,81.0,2.3,10101001,214.41,2112,50.2,7.21,591.6,214.77,0.0,0.0, , 
,215.13,2144,81.0,1.6,10101001,215.47,2144,50.2,7.21,591.6,215.82,0.0,0.0, , 
,216.16,2176,81.0,0.8,10101001,216.51,2176,56.1,8.24,652.8,216.85,0.0,0.0, , 
,217.19,2208,81.0,3.5,10101001,217.55,2240,57.6,8.24,652.8,217.90,0.0,0.0, , 
,218.23,2272,81.0,6.6,11101001,218.57,2272,56.1,8.24,652.8,218.90,0.0,0.0, , 
,219.23,2336,81.0,-0.4,11101001,219.54,2336,65.1,9.27,734.4,219.86,0.0,0.0, , 
,220.19,2368,82.5,2.3,11101001,220.51,2400,65.1,9.27,734.4,220.87,0.0,0.0, , 
,221.22,2432,82.5,1.2,11101001,221.60,2464,71.0,10.30,775.2,221.95,0.0,0.0, , 
,222.27,2496,82.5,-1.6,11101001,222.62,2528,71.0,10.30,795.6,222.98,0.0,0.0, , 
,223.32,2560,82.5,-1.6,11101001,223.67,2592,72.2,10.30,795.6,224.01,0.0,0.0, , 
,224.35,2624,82.5,-2.7,11101001,224.69,2656,72.2,10.30,795.6,225.05,0.0,0.0, , 
,225.40,2720,82.5,-2.3,11101001,225.77,2720,72.2,10.30,795.6,226.11,0.0,0.0, , 
,226.45,2784,82.5,-2.0,11101001,226.76,2784,0.0,0.00,591.6,227.11,0.0,0.0, , 
,227.49,1760,82.5,0.0,11111111,227.82,1376,28.2,4.12,357.0,228.15,0.0,0.0, , 
,228.49,2112,82.5,0.0,11101001,228.84,2112,66.3,10.30,734.4,229.19,0.0,0.0, , 
,229.54,2144,82.5,0.0,11101001,229.87,2144,75.3,11.33,846.6,230.21,0.0,0.0, , 
,230.54,2176,82.5,-5.5,11101001,230.88,2176,71.0,10.30,795.6,231.22,0.0,0.0, , 
,231.56,2208,82.5,-3.1,11101001,231.91,2208,67.8,9.27,775.2,232.26,0.0,0.0, , 
,232.60,2240,82.5,0.4,11101001,232.95,2240,62.0,9.27,714.0,233.32,0.0,0.0, , 
,233.66,2272,82.5,4.3,11101001,233.99,2272,60.4,9.27,693.6,234.32,0.0,0.0, , 
,234.67,2272,82.5,6.3,11101001,235.00,2272,60.4,9.27,693.6,235.35,0.0,0.0, , 
,235.70,2272,82.5,6.6,11101001,236.03,2304,60.4,9.27,693.6,236.38,0.0,0.0, , 
,236.71,2304,84.0,6.6,11101001,237.05,2304,60.4,9.27,693.6,237.39,0.0,0.0, , 
,237.75,2336,84.0,6.6,11101001,238.10,2336,60.4,9.27,693.6,238.45,0.0,0.0, , 
,238.77,2336,84.0,6.6,11101001,239.12,2368,54.5,8.24,632.4,239.45,0.0,0.0, , 
,239.77,2368,84.0,6.3,11101001,240.13,2368,54.5,8.24,632.4,240.50,0.0,0.8, , 
,240.86,2368,84.0,5.1,11101001,241.20,2368,56.1,8.24,652.8,241.55,0.0,0.8, , 
,241.90,2400,84.0,6.6,11101001,242.23,2400,60.4,9.27,673.2,242.59,0.0,0.8, , 
,242.95,2400,84.0,5.9,11101001,243.29,2400,62.0,9.27,693.6,243.66,0.0,0.8, , 
,244.03,2432,84.0,2.7,11101001,244.38,2432,59.2,9.27,673.2,244.73,0.0,0.8, , 
,245.09,2432,84.0,5.9,11101001,245.43,2432,57.6,9.27,652.8,245.79,0.0,0.8, , 
,246.12,2432,84.0,5.5,11101001,246.47,2464,57.6,9.27,652.8,246.83,0.0,1.6, , 
,247.20,2464,84.0,4.7,11101001,247.55,2464,51.8,7.21,591.6,247.91,0.0,1.6, , 
,248.28,2464,84.0,2.3,11101001,248.64,2464,51.8,7.21,591.6,249.01,0.0,1.6, , 
,249.33,2464,84.0,0.0,11101001,249.68,2464,51.8,7.21,591.6,250.03,0.0,1.6, , 
,250.41,2464,84.0,-0.4,11101001,250.74,2496,51.8,7.21,612.0,251.06,0.0,1.6, , 
,251.40,2496,84.0,-0.8,11101001,251.75,2496,51.8,7.21,591.6,252.06,0.0,1.6, , 
,252.42,2496,84.0,-0.4,11101001,252.77,2496,51.8,7.21,591.6,253.11,0.0,1.6, , 
,253.44,2496,84.0,1.6,11101001,253.78,2496,51.8,7.21,591.6,254.12,0.0,1.6, , 
,254.44,2496,84.0,0.8,11101001,254.80,2496,51.8,7.21,591.6,255.15,0.0,1.6, , 
,255.48,2496,84.0,0.0,11101001,255.81,2496,50.2,7.21,591.6,256.13,0.0,1.6, , 
,256.48,2496,84.0,2.0,11101001,256.81,2496,45.9,6.18,520.2,257.14,0.0,1.6, , 
,257.49,2496,84.0,3.1,11101001,257.84,2496,44.3,6.18,520.2,258.16,0.0,1.6, , 
,258.50,2496,84.0,3.9,11101001,258.84,2496,44.3,6.18,520.2,259.18,0.0,1.6, , 
,259.54,2496,84.0,3.5,11101001,259.88,2496,45.9,6.18,520.2,260.22,0.0,1.6, , 
,260.58,2496,84.0,2.7,11101001,260.94,2496,45.9,6.18,520.2,261.26,0.0,1.6, , 
,261.61,2496,84.0,2.3,11101001,261.97,2496,45.9,6.18,520.2,262.33,0.0,1.6, , 
,262.69,2464,84.0,2.0,11101001,263.05,2496,45.9,6.18,550.8,263.41,0.0,1.6, , 
,263.75,2496,84.0,1.2,11101001,264.11,2464,45.9,6.18,550.8,264.47,0.0,1.6, , 
,264.86,2464,84.0,1.2,11101001,265.22,2464,45.9,6.18,550.8,265.58,0.0,1.6, , 
,265.93,2464,84.0,1.2,11101001,266.29,2464,53.3,7.21,612.0,266.65,0.0,1.6, , 
,266.99,2496,84.0,0.8,11101001,267.35,2496,53.3,7.21,612.0,267.68,0.0,1.6, , 
,268.03,2496,84.0,1.6,11101001,268.34,2496,53.3,8.24,612.0,268.68,0.0,1.6, , 
,269.01,2496,84.0,2.0,11101001,269.36,2496,51.8,7.21,591.6,269.70,0.0,1.6, , 
,270.03,2496,84.0,2.0,11101001,270.36,2496,51.8,7.21,591.6,270.71,0.0,1.6, , 
,271.05,2496,84.0,3.1,11101001,271.40,2496,51.8,7.21,591.6,271.77,0.0,1.6, , 
,272.11,2528,84.0,2.3,11101001,272.48,2528,51.8,7.21,591.6,272.82,0.0,1.6, , 
,273.17,2528,84.0,2.0,11101001,273.50,2528,50.2,7.21,591.6,273.85,0.0,1.6, , 
,274.19,2528,84.0,3.1,11101001,274.56,2528,50.2,7.21,591.6,274.90,0.0,1.6, , 
,275.23,2528,84.0,2.3,11101001,275.60,2528,42.7,6.18,499.8,275.94,0.0,1.6, , 
,276.29,2528,84.0,4.3,11101001,276.63,2496,42.7,6.18,499.8,276.96,0.0,1.6, , 
,277.28,2496,84.0,4.3,11101001,277.63,2496,44.3,6.18,520.2,277.97,0.0,1.6, , 
,278.32,2496,84.0,5.1,11101001,278.64,2496,44.3,6.18,520.2,279.00,0.0,1.6, , 
,279.32,2496,84.0,4.7,11101001,279.67,2496,44.3,6.18,520.2,280.02,0.0,1.6, , 
,280.35,2496,84.0,4.3,11101001,280.68,2496,53.3,8.24,612.0,281.01,0.0,1.6, , 
,281.34,2496,84.0,3.5,11101001,281.68,2528,67.8,10.30,754.8,282.04,0.0,1.6, , 
,282.37,2528,84.0,0.8,11101001,282.73,2528,66.3,10.30,754.8,283.06,0.0,1.6, , 
,283.40,2560,84.0,1.2,11101001,283.74,2560,81.2,12.36,887.4,284.07,0.0,1.6, , 
,284.41,2592,84.0,-7.8,11101001,284.76,2592,85.5,12.36,928.2,285.09,0.0,1.6, , 
,285.43,2624,84.0,-12.9,11101001,285.75,2656,84.3,11.33,907.8,286.09,0.0,1.6, , 
,286.40,2656,84.0,-13.3,11101001,286.72,2688,82.7,11.33,907.8,287.06,0.0,1.6, , 
,287.40,2688,84.0,0.0,11101001,287.73,2688,63.5,9.27,714.0,288.05,0.0,1.6, , 
,288.38,2688,84.0,0.8,11101001,288.70,2720,54.5,8.24,632.4,289.03,0.0,1.6, , 
,289.36,2720,84.0,2.0,11101001,289.68,2720,42.7,6.18,520.2,290.01,0.0,1.6, , 
,290.35,2688,84.0,1.2,11101001,290.70,2688,38.4,5.15,459.0,291.04,0.0,1.6, , 
,291.37,2688,84.0,1.2,11101001,291.71,2688,35.3,5.15,438.6,292.05,0.0,1.6, , 
,292.43,2656,84.0,0.8,11101001,292.79,2656,36.9,5.15,438.6,293.13,0.0,1.6, , 
,293.47,2656,84.0,1.2,11101001,293.81,2656,36.9,5.15,459.0,294.15,0.0,1.6, , 
,294.49,2624,84.0,2.3,11101001,294.83,2624,38.4,5.15,459.0,295.18,0.0,1.6, , 
,295.51,2624,84.0,2.7,11101001,295.83,2624,44.3,6.18,520.2,296.16,0.0,1.6, , 
,296.51,2624,84.0,6.3,11101001,296.84,2624,44.3,6.18,520.2,297.16,0.0,1.6, , 
,297.49,2624,84.0,7.0,11101001,297.81,2624,44.3,6.18,520.2,298.13,0.0,1.6, , 
,298.45,2624,84.0,7.0,11101001,298.79,2592,44.3,6.18,520.2,299.13,0.0,1.6, , 
,299.47,2592,84.0,6.3,11101001,299.83,2592,42.7,6.18,499.8,300.18,0.0,1.6, , 
,300.52,2592,84.0,5.5,11101001,300.84,2592,42.7,6.18,499.8,301.16,0.0,1.6, , 
,301.51,2592,84.0,5.5,11101001,301.86,2592,44.3,6.18,520.2,302.22,0.0,1.6, , 
,302.56,2592,84.0,3.5,11101001,302.89,2592,48.6,6.18,591.6,303.23,0.0,1.6, , 
,303.57,2528,85.5,0.0,11111101,303.91,2528,0.0,0.00,244.8,304.24,0.0,1.6, , 
,304.56,2496,84.0,0.0,11111101,304.87,2496,0.0,0.00,244.8,305.20,0.0,1.6, , 
,305.53,2464,84.0,0.0,11111101,305.88,2432,0.0,0.00,244.8,306.21,0.0,1.6, , 
,306.53,2400,84.0,0.0,11111101,306.84,2368,0.0,0.00,244.8,307.16,0.0,1.6, , 
,307.49,2336,84.0,0.0,11111101,307.82,2336,0.0,0.00,244.8,308.13,0.0,1.6, , 
,308.46,2304,84.0,0.0,11111101,308.79,2272,0.0,0.00,244.8,309.13,0.0,1.6, , 
,309.47,2240,84.0,0.0,11111101,309.81,2240,0.0,0.00,244.8,310.12,0.0,1.6, , 
,310.45,2208,84.0,0.0,11111101,310.79,2176,0.0,0.00,244.8,311.12,0.0,1.6, , 
,311.44,2144,84.0,0.0,11111101,311.80,2112,0.0,0.00,244.8,312.15,0.0,1.6, , 
,312.50,2080,84.0,0.0,11101001,312.85,2048,16.1,2.06,244.8,313.21,0.0,1.6, , 
,313.55,2016,84.0,-8.6,11101001,313.91,1984,25.1,3.09,336.6,314.28,0.0,1.6, , 
,314.65,1952,84.0,-4.3,11101011,315.01,1920,26.7,3.09,357.0,315.37,0.0,1.6, , 
,315.72,1888,84.0,-3.1,11101011,316.06,1856,19.2,2.06,275.4,316.39,0.0,1.6, , 
,316.76,1824,84.0,0.0,11111111,317.14,1792,0.0,0.00,295.8,317.49,0.0,1.6, , 
,317.83,1440,84.0,0.0,11111111,318.13,992,26.7,5.15,377.4,318.46,0.8,0.0, , 
,318.83,1344,84.0,0.0,11101011,319.17,2144,17.6,3.09,275.4,319.50,0.0,1.6, , 
,319.87,2048,84.0,-8.6,11101001,320.22,2080,16.1,2.06,244.8,320.58,0.0,1.6, , 
,320.94,2048,84.0,-14.5,11101001,321.29,2048,23.5,3.09,336.6,321.65,0.0,1.6, , 
,322.00,2048,84.0,-9.4,11101001,322.36,2048,36.9,4.12,459.0,322.71,0.0,1.6, , 
,323.04,2048,84.0,-4.7,11101001,323.39,2048,41.2,5.15,499.8,323.75,0.0,1.6, , 
,324.10,2080,84.0,-0.4,11101001,324.45,2112,50.2,7.21,591.6,324.79,0.0,1.6, , 
,325.12,2176,82.5,1.2,11101001,325.46,2176,48.6,7.21,571.2,325.80,0.0,1.6, , 
,326.14,2240,84.0,4.3,11101001,326.49,2240,47.1,6.18,550.8,326.84,0.0,1.6, , 
,327.17,2304,84.0,5.5,11101001,327.49,2336,45.9,6.18,550.8,327.88,0.0,1.6, , 
,328.22,2400,82.5,7.0,11101001,328.57,2432,47.1,7.21,571.2,328.91,0.0,1.6, , 
,329.25,2496,82.5,1.6,11101001,329.59,2560,76.9,11.33,846.6,329.90,0.0,1.6, , 
,330.21,2624,82.5,-7.4,11101001,330.53,2656,84.3,12.36,907.8,330.89,0.0,1.6, , 
,331.23,2720,82.5,-10.9,11101001,331.56,2784,82.7,11.33,907.8,331.88,0.0,1.6, , 
,332.23,2816,82.5,-10.5,11101001,332.55,2848,81.2,11.33,887.4,332.86,0.0,1.6, , 
,333.19,2912,82.5,-9.0,11101001,333.61,2944,82.7,11.33,907.8,334.05,0.0,1.6, , 
,334.39,2656,82.5,0.0,11111101,334.74,2176,0.0,0.00,295.8,335.08,0.0,1.6, , 
,335.45,1600,82.5,0.0,11101011,335.78,2304,23.5,4.12,316.2,336.11,0.0,1.6, , 
,336.44,2272,82.5,0.0,11101001,336.79,2272,63.5,9.27,714.0,337.13,0.0,1.6, , 
,337.48,2272,82.5,2.3,11101001,337.82,2272,73.7,11.33,826.2,338.16,0.0,1.6, , 
,338.51,2304,82.5,-4.3,11101001,338.83,2304,81.2,11.33,887.4,339.16,0.0,1.6, , 
,339.49,2336,82.5,-7.8,11101001,339.83,2368,81.2,11.33,907.8,340.17,0.0,1.6, , 
,340.49,2368,82.5,-10.2,11101001,340.84,2400,85.5,12.36,928.2,341.17,0.0,1.6, , 
,341.50,2432,82.5,-13.3,11101001,341.87,2432,87.1,12.36,948.6,342.22,0.0,1.6, , 
,342.57,2464,82.5,-14.8,11101001,342.93,2464,88.6,12.36,948.6,343.27,0.0,1.6, , 
,343.61,2496,82.5,-16.4,11101001,343.97,2528,88.6,12.36,969.0,344.34,0.0,1.6, , 
,344.67,2528,82.5,-15.2,11101001,345.01,2560,90.2,12.36,969.0,345.33,0.0,1.6, , 
,345.68,2592,84.0,-13.7,11101001,346.00,2592,90.2,12.36,969.0,346.34,0.0,1.6, , 
,346.66,2624,82.5,-12.5,11101001,346.99,2656,90.2,13.39,969.0,347.34,0.0,1.6, , 
,347.67,2688,84.0,-12.1,11101001,348.02,2688,90.2,13.39,969.0,348.35,0.0,1.6, , 
,348.68,2720,84.0,-12.5,11101001,349.02,2752,90.2,13.39,969.0,349.35,0.0,1.6, , 
,349.69,2784,82.5,-11.7,11101001,350.03,2784,91.4,13.39,969.0,350.38,0.0,1.6, , 
,350.73,2816,84.0,-13.7,11101001,351.08,2816,90.2,12.36,969.0,351.42,0.0,1.6, , 
,351.75,2848,82.5,-17.2,11101001,352.09,2880,90.2,12.36,969.0,352.41,0.0,1.6, , 
,352.72,2880,84.0,-16.0,11101001,353.05,2880,82.7,10.30,907.8,353.41,0.0,1.6, , 
,353.81,2912,84.0,-12.1,11101001,354.19,2912,79.6,11.33,867.0,354.46,0.0,1.6, , 
,354.87,2944,84.0,-5.5,11101001,355.15,2944,65.1,9.27,714.0,355.53,0.0,1.6, , 
,355.87,2944,84.0,0.0,11101001,356.18,2944,54.5,7.21,632.4,356.59,0.0,1.6, , 
,356.92,2912,84.0,0.0,11101001,357.23,2912,56.1,7.21,632.4,357.61,0.0,1.6, , 
,358.01,2912,84.0,0.8,11101001,358.35,2912,56.1,8.24,632.4,358.63,0.0,1.6, , 
,359.00,2912,84.0,1.2,11101001,359.39,2912,57.6,8.24,652.8,359.79,0.0,1.6, , 
,360.13,2912,84.0,2.7,11101001,360.42,2912,56.1,8.24,632.4,360.79,0.0,1.6, , 
,361.16,2912,84.0,3.9,11101001,361.55,2912,59.2,8.24,673.2,361.89,0.0,1.6, , 
,362.19,2912,84.0,5.9,11101001,362.55,2912,60.4,9.27,693.6,362.94,0.0,1.6, , 
,363.34,2912,84.0,7.0,11101001,363.65,2912,60.4,9.27,673.2,363.98,0.0,1.6, , 
,364.38,2912,84.0,7.4,11101001,364.72,2912,60.4,9.27,673.2,365.02,0.0,1.6, , 
,365.44,2912,84.0,6.6,11101001,365.80,2944,60.4,9.27,673.2,366.11,0.0,1.6, , 
,366.55,2944,85.5,5.1,11101001,366.85,2944,59.2,9.27,673.2,367.25,0.0,1.6, , 
,367.62,2944,84.0,5.1,11101001,367.92,2944,59.2,9.27,673.2,368.28,0.0,1.6, , 
,368.59,2944,84.0,5.1,11101001,368.99,2944,60.4,9.27,673.2,369.26,0.0,1.6, , 
,369.71,2944,84.0,5.5,11101001,369.98,2944,59.2,9.27,673.2,370.43,0.0,1.6, , 
,370.70,2944,84.0,5.9,11101001,371.15,2944,59.2,9.27,673.2,371.42,0.0,1.6, , 
,371.87,2944,84.0,5.9,11101001,372.13,2944,59.2,9.27,673.2,372.54,0.0,1.6, , 
,372.81,2944,84.0,3.9,11101001,373.10,2944,59.2,9.27,673.2,373.51,0.0,1.6, , 
,373.77,2944,84.0,3.5,11101001,374.24,2944,59.2,8.24,673.2,374.51,0.0,1.6, , 
,374.90,2944,84.0,3.1,11101001,375.25,2944,59.2,9.27,673.2,375.55,0.0,1.6, , 
,376.01,2944,84.0,2.3,11101001,376.28,2944,59.2,9.27,673.2,376.67,0.0,1.6, , 
,377.02,2944,84.0,2.3,11101001,377.29,2944,59.2,8.24,673.2,377.76,0.0,1.6, , 
,378.04,2944,84.0,2.3,11101001,378.38,2944,59.2,8.24,673.2,378.82,0.0,1.6, , 
,379.08,2944,84.0,2.7,11101001,379.49,2944,59.2,9.27,673.2,379.89,0.0,1.6, , 
,380.15,2944,85.5,4.3,11101001,380.48,2976,67.8,10.30,734.4,380.94,0.0,1.6, , 
,381.40,2976,84.0,-5.5,11101001,381.68,2976,79.6,11.33,867.0,381.95,0.0,1.6, , 
,382.25,2976,85.5,-10.9,11101001,382.71,3008,79.6,10.30,867.0,383.15,0.0,1.6, , 
,383.41,3008,84.0,-13.7,11101001,383.75,3008,79.6,10.30,867.0,384.13,0.0,1.6, , 
,384.49,3040,84.0,-13.3,11101001,384.79,3040,76.9,10.30,846.6,385.19,0.0,1.6, , 
,385.58,3072,84.0,-11.3,11101001,385.92,3072,75.3,10.30,826.2,386.24,0.0,1.6, , 
,386.55,3072,84.0,-9.8,11101001,386.89,3072,75.3,10.30,826.2,387.25,0.0,1.6, , 
,387.59,3072,84.0,-4.7,11101001,387.93,3072,56.1,7.21,632.4,388.29,0.0,1.6, , 
,388.67,3072,84.0,-2.7,11101001,389.06,3072,48.6,6.18,571.2,389.43,0.0,1.6, , 
,389.71,3040,84.0,-2.3,11101001,390.15,3040,42.7,5.15,499.8,390.41,0.0,1.6, , 
,390.83,3008,84.0,-2.3,11101001,391.25,3008,48.6,6.18,571.2,391.53,0.0,1.6, , 
,391.79,3008,84.0,-0.4,11101001,392.22,3008,62.0,9.27,693.6,392.69,0.0,1.6, , 
,393.05,3008,84.0,2.7,11101001,393.32,3008,60.4,9.27,693.6,393.59,0.0,1.6, , 
,393.88,2976,84.0,0.0,11111101,394.33,2944,17.6,2.06,275.4,394.60,0.0,1.6, , 
,394.94,2912,85.5,0.0,11111101,395.28,2880,0.0,0.00,275.4,395.61,0.0,1.6, , 
,395.94,2848,84.0,0.0,11111101,396.29,2816,17.6,3.09,275.4,396.64,0.0,1.6, , 
,396.98,2784,85.5,0.0,11101001,397.30,2784,17.6,2.06,275.4,397.64,0.0,1.6, , 
,397.98,2752,84.0,-12.5,11101001,398.30,2752,36.9,5.15,459.0,398.65,0.0,1.6, , 
,399.00,2720,85.5,-5.1,11101001,399.36,2720,36.9,4.12,438.6,399.69,0.0,1.6, , 
,400.00,2688,84.0,0.0,11111101,400.34,2720,17.6,2.06,275.4,400.66,0.0,1.6, , 
,401.01,2432,84.0,0.0,11111101,401.35,1920,0.0,0.00,275.4,401.69,0.0,0.0, , 
,401.98,992,84.0,0.0,11111111,402.35,1472,28.2,4.12,377.4,402.70,0.0,1.6, , 
,403.02,3328,84.0,0.0,11101001,403.36,3232,19.2,2.06,275.4,403.70,0.0,1.6, , 
,404.06,3232,84.0,-16.0,11101001,404.42,3200,17.6,2.06,275.4,404.78,0.0,1.6, , 
,405.12,3168,84.0,-24.6,11101001,405.47,3200,26.7,2.06,336.6,405.82,0.0,1.6, , 
,406.15,3168,84.0,-19.1,11101001,406.50,3168,50.2,6.18,591.6,406.85,0.0,1.6, , 
,407.21,3168,84.0,-8.6,11101001,407.55,3168,50.2,6.18,571.2,407.90,0.0,1.6, , 
,408.23,3168,84.0,-2.7,11101001,408.57,3168,41.2,5.15,479.4,408.93,0.0,1.6, , 
,409.28,3136,84.0,0.8,11101001,409.63,3136,38.4,5.15,459.0,409.99,0.0,1.6, , 
,410.31,3136,84.0,3.1,11101001,410.67,3136,40.0,5.15,459.0,411.05,0.0,1.6, , 
,411.40,3104,84.0,0.8,11101001,411.77,3104,22.0,3.09,295.8,412.12,0.0,1.6, , 
,412.46,3072,84.0,-6.3,11101001,412.81,3072,34.1,4.12,418.2,413.14,0.0,1.6, , 
,413.48,3072,84.0,-2.3,11101001,413.82,3072,35.3,4.12,418.2,414.19,0.0,1.6, , 
,414.56,3072,84.0,0.8,11101001,414.93,3040,40.0,5.15,479.4,415.31,0.0,1.6, , 
,415.67,3040,84.0,2.0,11101001,416.03,3040,42.7,6.18,499.8,416.33,0.0,1.6, , 
,416.67,3072,82.5,2.3,11101001,417.05,3072,42.7,6.18,499.8,417.44,0.0,1.6, , 
,417.83,3072,82.5,3.1,11101001,418.21,3072,44.3,6.18,499.8,418.60,0.0,1.6, , 
,418.98,3072,82.5,4.3,11101001,419.37,3072,42.7,6.18,499.8,419.73,0.0,1.6, , 
,420.10,3072,82.5,4.7,11101001,420.46,3072,44.3,6.18,499.8,420.84,0.0,1.6, , 
,421.21,3072,82.5,3.5,11101001,421.57,3072,41.2,6.18,479.4,421.95,0.0,1.6, , 
,422.31,3040,82.5,1.2,11101001,422.59,3040,32.5,4.12,397.8,422.95,0.0,1.6, , 
,423.35,3040,84.0,0.4,11101001,423.66,3040,35.3,5.15,438.6,424.10,0.0,1.6, , 
,424.37,3040,84.0,0.0,11101001,424.78,3040,54.5,8.24,612.0,425.17,0.0,1.6, , 
,425.46,3040,82.5,2.7,11101001,425.80,3040,50.2,7.21,591.6,426.18,0.0,1.6, , 
,426.55,3072,82.5,2.3,11101001,426.92,3072,47.1,6.18,550.8,427.28,0.0,1.6, , 
,427.63,3072,82.5,0.4,11101001,427.98,3072,44.3,6.18,520.2,428.31,0.0,1.6, , 
,428.63,3072,82.5,1.2,11101001,428.98,3072,44.3,6.18,499.8,429.30,0.0,1.6, , 
,429.62,3072,82.5,1.2,11101001,429.93,3072,41.2,5.15,479.4,430.26,0.0,1.6, , 
,430.65,3040,82.5,0.0,11111101,430.91,3040,0.0,0.00,275.4,431.33,0.0,1.6, , 
,431.79,2976,84.0,0.0,11111101,432.05,2944,0.0,0.00,275.4,432.41,0.0,1.6, , 
,432.74,2880,82.5,0.0,11111101,433.07,2880,0.0,0.00,275.4,433.39,0.0,1.6, , 
,433.73,2816,82.5,0.0,11111101,434.05,2784,0.0,0.00,275.4,434.39,0.0,1.6, , 
,434.69,2720,82.5,0.0,11111101,435.00,2720,0.0,0.00,275.4,435.33,0.0,1.6, , 
,435.66,2656,82.5,0.0,11111101,435.99,2624,0.0,0.00,244.8,436.31,0.0,1.6, , 
,436.63,2592,82.5,0.0,11111101,436.97,2560,0.0,0.00,244.8,437.30,0.0,1.6, , 
,437.64,2496,82.5,0.0,11111101,438.02,2464,0.0,0.00,244.8,438.38,0.0,1.6, , 
,438.70,2432,82.5,0.0,11111101,439.02,2400,17.6,3.09,244.8,439.35,0.0,1.6, , 
,439.69,2336,82.5,0.0,11101001,440.03,2400,31.0,4.12,377.4,440.35,0.0,1.6, , 
,440.71,2304,82.5,-3.1,11101001,441.04,2304,42.7,6.18,499.8,441.37,0.0,1.6, , 
,441.70,2304,82.5,1.6,11101001,442.02,2304,41.2,6.18,499.8,442.35,0.0,1.6, , 
,442.70,2304,82.5,2.0,11101001,443.03,2304,38.4,5.15,459.0,443.36,0.0,1.6, , 
,443.70,2272,82.5,2.7,11101001,444.02,2272,40.0,5.15,479.4,444.34,0.0,1.6, , 
,444.67,2240,82.5,0.0,11101001,445.01,2240,22.0,3.09,316.2,445.36,0.0,1.6, , 
,445.72,2208,82.5,-7.0,11101001,446.08,2176,47.1,6.18,550.8,446.43,0.0,1.6, , 
,446.77,2176,82.5,0.8,11101001,447.11,2176,50.2,7.21,591.6,447.47,0.0,1.6, , 
,447.83,2176,82.5,2.3,11101001,448.18,2144,50.2,7.21,591.6,448.51,0.0,1.6, , 
,448.85,2144,82.5,5.1,11101001,449.21,2144,48.6,7.21,591.6,449.55,0.0,1.6, , 
,449.89,2144,82.5,5.9,11101001,450.22,2144,50.2,7.21,591.6,450.57,0.0,1.6, , 
,450.91,2112,82.5,5.9,11101001,451.26,2112,51.8,7.21,591.6,451.60,0.0,1.6, , 
,451.94,2112,82.5,4.7,11101001,452.28,2112,50.2,7.21,591.6,452.63,0.0,1.6, , 
,452.97,2080,82.5,0.0,11101001,453.35,2080,35.3,4.12,438.6,453.71,0.0,1.6, , 
,454.06,2048,82.5,2.7,11101001,454.41,2048,53.3,7.21,632.4,454.76,0.0,1.6, , 
,455.11,2016,82.5,0.8,11101001,455.46,2016,54.5,7.21,632.4,455.81,0.0,1.6, , 
,456.15,2016,82.5,3.1,11101001,456.50,2016,53.3,7.21,632.4,456.85,0.0,1.6, , 
,457.21,2016,82.5,5.5,11101001,457.56,2016,53.3,8.24,632.4,457.91,0.0,1.6, , 
,458.27,2016,82.5,5.9,11101001,458.62,2016,41.2,5.15,499.8,458.98,0.0,1.6, , 
,459.33,1984,82.5,2.0,11101001,459.69,1984,38.4,5.15,459.0,460.05,0.0,1.6, , 
,460.42,1952,82.5,3.1,11101011,460.77,1952,40.0,5.15,479.4,461.14,0.0,1.6, , 
,461.50,1920,82.5,3.1,11101011,461.85,1920,41.2,6.18,499.8,462.22,0.0,1.6, , 
,462.60,1920,82.5,4.7,11101011,462.98,1920,42.7,6.18,499.8,463.34,0.0,1.6, , 
,463.70,1920,82.5,5.5,11101011,464.06,1888,44.3,6.18,520.2,464.42,0.0,1.6, , 
,464.77,1920,82.5,6.3,11101011,465.13,1920,44.3,6.18,550.8,465.50,0.0,1.6, , 
,465.86,1920,82.5,6.3,11101011,466.23,1952,44.3,6.18,520.2,466.58,0.0,1.6, , 
,466.95,1952,82.5,2.7,11101011,467.30,1952,42.7,6.18,520.2,467.67,0.0,1.6, , 
,468.02,1952,82.5,2.3,11101011,468.38,1952,29.4,4.12,397.8,468.75,0.0,1.6, , 
,469.11,1952,82.5,-2.3,11101011,469.48,1952,20.8,3.09,316.2,469.85,0.0,1.6, , 
,470.22,1920,82.5,-9.0,11101011,470.59,1920,25.1,3.09,336.6,470.94,0.0,1.6, , 
,471.31,1920,82.5,-7.0,11101011,471.68,1920,29.4,4.12,397.8,472.03,0.0,1.6, , 
,472.38,1920,82.5,-4.7,11101011,472.76,1920,29.4,4.12,397.8,473.11,0.0,1.6, , 
,473.48,1920,82.5,0.0,11101011,473.84,1920,29.4,4.12,397.8,474.19,0.0,1.6, , 
,474.55,1920,82.5,2.0,11101011,474.92,1920,29.4,4.12,397.8,475.27,0.0,1.6, , 
,475.63,1920,82.5,2.7,11101011,476.00,1920,29.4,4.12,397.8,476.37,0.0,1.6, , 
,476.73,1920,82.5,2.7,11101011,477.10,1920,29.4,4.12,397.8,477.47,0.0,1.6, , 
,477.84,1920,82.5,3.1,11101011,478.15,1728,0.0,0.00,357.0,478.46,0.8,0.0, , 
,478.76,960,82.5,0.0,11111111,479.05,1184,31.0,5.15,418.2,479.40,0.0,1.6, , 
,479.75,2496,84.0,0.0,11101001,480.10,2464,17.6,2.06,244.8,480.44,0.0,1.6, , 
,480.78,2464,82.5,-11.3,11101001,481.14,2464,19.2,2.06,275.4,481.48,0.0,1.6, , 
,481.81,2432,82.5,-9.8,11101001,482.13,2432,34.1,4.12,418.2,482.48,0.0,1.6, , 
,482.85,2432,82.5,-3.5,11101001,483.20,2432,32.5,4.12,397.8,483.54,0.0,1.6, , 
,483.88,2464,82.5,0.4,11101001,484.21,2464,32.5,4.12,397.8,484.57,0.0,1.6, , 
,484.92,2464,82.5,3.1,11101001,485.27,2464,32.5,4.12,397.8,485.63,0.0,1.6, , 
,485.98,2464,82.5,4.7,11101001,486.32,2496,31.0,4.12,397.8,486.64,0.0,1.6, , 
,486.96,2496,82.5,4.7,11101001,487.33,2496,22.0,3.09,295.8,487.69,0.0,1.6, , 
,488.05,2464,82.5,-5.1,11101001,488.42,2464,19.2,2.06,275.4,488.76,0.0,1.6, , 
,489.11,2432,82.5,-11.7,11101001,489.46,2432,20.8,2.06,295.8,489.80,0.0,1.6, , 
,490.15,2432,82.5,-13.3,11101001,490.51,2432,20.8,2.06,295.8,490.88,0.0,1.6, , 
,491.23,2400,82.5,-14.8,11101001,491.58,2368,20.8,2.06,295.8,491.91,0.0,1.6, , 
,492.26,2368,82.5,-15.2,11101001,492.59,2368,22.0,2.06,295.8,492.94,0.0,1.6, , 
,493.30,2368,82.5,-15.6,11101001,493.63,2336,22.0,2.06,295.8,493.97,0.0,1.6, , 
,494.31,2336,82.5,-12.5,11101001,494.63,2336,22.0,2.06,295.8,494.96,0.0,1.6, , 
,495.29,2304,82.5,-10.2,11101001,495.61,2304,22.0,3.09,316.2,495.95,0.0,1.6, , 
,496.27,2272,82.5,-7.4,11101001,496.61,2304,22.0,2.06,316.2,496.95,0.0,1.6, , 
,497.26,2272,82.5,-5.5,11101001,497.59,2272,22.0,3.09,316.2,497.93,0.0,1.6, , 
,498.26,2272,82.5,-5.9,11101001,498.59,2272,22.0,3.09,316.2,498.92,0.0,1.6, , 
,499.25,2272,82.5,-5.9,11101001,499.59,2240,22.0,3.09,316.2,499.93,0.0,1.6, , 
,500.26,2240,82.5,-7.0,11101001,500.59,2240,36.9,4.12,459.0,500.92,0.0,1.6, , 
,501.25,2272,82.5,0.4,11101001,501.59,2272,35.3,4.12,438.6,501.92,0.0,1.6, , 
,502.28,2272,82.5,5.9,11101001,502.59,2304,32.5,4.12,397.8,502.93,0.0,1.6, , 
,503.28,2304,82.5,8.6,11101001,503.63,2304,32.5,4.12,397.8,503.96,0.0,1.6, , 
,504.30,2304,82.5,10.9,11101001,504.65,2336,32.5,4.12,397.8,504.97,0.0,1.6, , 
,505.34,2336,82.5,11.7,11101001,505.67,2336,32.5,4.12,397.8,506.00,0.0,1.6, , 
,506.35,2368,82.5,9.4,11101001,506.71,2368,32.5,4.12,397.8,507.03,0.0,1.6, , 
,507.36,2368,82.5,9.4,11101001,507.69,2368,19.2,3.09,275.4,508.02,0.0,1.6, , 
,508.35,2336,82.5,-3.5,11111101,508.67,2336,17.6,2.06,244.8,508.98,0.0,1.6, , 
,509.30,2272,82.5,0.0,11111101,509.65,2240,0.0,0.00,244.8,509.99,0.0,1.6, , 
,510.32,2176,82.5,0.0,11111101,510.67,2176,16.1,3.09,244.8,511.01,0.0,1.6, , 
,511.37,2112,82.5,0.0,11101001,511.72,2112,16.1,2.06,244.8,512.05,0.0,1.6, , 
,512.41,2144,82.5,-7.8,11101001,512.77,2144,45.9,6.18,550.8,513.13,0.0,1.6, , 
,513.47,2176,82.5,-1.2,11101001,513.81,2208,45.9,6.18,550.8,514.14,0.0,1.6, , 
,514.50,2240,82.5,4.7,11101001,514.85,2272,44.3,6.18,520.2,515.18,0.0,1.6, , 
,515.51,2304,82.5,8.6,11101001,515.85,2304,26.7,3.09,357.0,516.18,0.0,1.6, , 
,516.52,2304,82.5,1.6,11101001,516.86,2304,28.2,4.12,357.0,517.21,0.0,1.6, , 
,517.56,2304,82.5,3.1,11101001,517.88,2304,28.2,4.12,357.0,518.22,0.0,1.6, , 
,518.56,2304,82.5,5.1,11101001,518.88,2304,28.2,4.12,357.0,519.21,0.0,1.6, , 
,519.54,2336,82.5,6.6,11101001,519.89,2336,36.9,5.15,438.6,520.23,0.0,1.6, , 
,520.57,2336,82.5,8.2,11101001,520.91,2336,32.5,4.12,397.8,521.25,0.0,1.6, , 
,521.59,2368,82.5,8.2,11101001,521.91,2368,29.4,4.12,377.4,522.24,0.0,1.6, , 
,522.59,2368,82.5,3.5,11101001,522.91,2336,25.1,3.09,336.6,523.27,0.0,1.6, , 
,523.61,2336,82.5,-0.8,11101001,523.96,2336,26.7,3.09,357.0,524.29,0.0,1.6, , 
,524.60,2336,82.5,-2.0,11101001,524.93,2336,29.4,4.12,377.4,525.30,0.0,1.6, , 
,525.65,2336,82.5,2.0,11101001,526.02,2368,34.1,5.15,418.2,526.35,0.0,1.6, , 
,526.70,2368,82.5,3.5,11101001,527.04,2368,22.0,3.09,316.2,527.39,0.0,1.6, , 
,527.73,2368,82.5,-3.1,11101001,528.08,2368,22.0,3.09,316.2,528.44,0.0,1.6, , 
,528.80,2336,82.5,-7.8,11101001,529.14,2336,23.5,3.09,316.2,529.50,0.0,1.6, , 
,529.85,2336,82.5,-8.6,11101001,530.19,2336,23.5,3.09,316.2,530.52,0.0,1.6, , 
,530.88,2336,82.5,-9.0,11101001,531.21,2304,23.5,3.09,316.2,531.55,0.0,1.6, , 
,531.88,2304,82.5,-9.4,11101001,532.23,2304,23.5,3.09,316.2,532.55,0.0,1.6, , 
,532.90,2304,82.5,-7.0,11101001,533.23,2304,31.0,4.12,377.4,533.57,0.0,1.6, , 
,533.92,2304,82.5,1.2,11101001,534.26,2304,35.3,5.15,438.6,534.61,0.0,1.6, , 
,534.97,2336,82.5,6.3,11101001,535.32,2336,40.0,6.18,479.4,535.65,0.0,1.6, , 
,536.00,2368,82.5,9.0,11101001,536.35,2400,38.4,5.15,459.0,536.70,0.0,1.6, , 
,537.07,2400,82.5,10.5,11101001,537.43,2432,36.9,5.15,459.0,537.78,0.0,1.6, , 
,538.13,2432,82.5,9.8,11101001,538.47,2464,35.3,5.15,418.2,538.84,0.0,1.6, , 
,539.19,2464,82.5,7.4,11101001,539.54,2464,35.3,5.15,438.6,539.90,0.0,1.6, , 
,540.24,2464,82.5,7.4,11101001,540.60,2496,31.0,4.12,397.8,540.92,0.0,1.6, , 
,541.25,2464,82.5,-2.3,11101001,541.60,2464,22.0,3.09,295.8,541.96,0.0,1.6, , 
,542.30,2464,82.5,-5.9,11101001,542.66,2464,25.1,3.09,336.6,543.02,0.0,1.6, , 
,543.39,2464,82.5,-4.3,11101001,543.76,2464,25.1,3.09,336.6,544.11,0.0,1.6, , 
,544.48,2464,82.5,-4.7,11101001,544.82,2432,25.1,3.09,336.6,545.18,0.0,1.6, , 
,545.52,2432,82.5,-5.5,11101001,545.88,2432,26.7,3.09,336.6,546.25,0.0,1.6, , 
,546.59,2400,82.5,-3.9,11101001,546.92,2432,26.7,3.09,336.6,547.28,0.0,1.6, , 
,547.62,2400,82.5,-4.3,11101001,547.97,2400,26.7,3.09,336.6,548.33,0.0,1.6, , 
,548.66,2368,82.5,-3.9,11101001,549.00,2368,26.7,3.09,357.0,549.33,0.0,1.6, , 
,549.66,2368,82.5,-2.3,11101001,550.03,2336,26.7,3.09,357.0,550.37,0.0,1.6, , 
,550.69,2336,82.5,-1.2,11101001,551.05,2336,26.7,3.09,357.0,551.38,0.0,1.6, , 
,551.72,2336,82.5,2.0,11101001,552.05,2304,28.2,4.12,357.0,552.40,0.0,1.6, , 
,552.74,2304,82.5,1.2,11101001,553.09,2304,28.2,4.12,357.0,553.41,0.0,1.6, , 
,553.77,2304,82.5,1.2,11101001,554.11,2304,28.2,4.12,357.0,554.45,0.0,1.6, , 
,554.81,2304,82.5,2.0,11101001,555.15,2272,28.2,4.12,357.0,555.50,0.0,1.6, , 
,555.85,2272,82.5,1.2,11101001,556.19,2272,28.2,4.12,357.0,556.53,0.0,1.6, , 
,556.86,2272,82.5,2.3,11101001,557.21,2272,26.7,4.12,357.0,557.54,0.0,1.6, , 
,557.86,2272,84.0,1.6,11101001,558.19,2272,28.2,4.12,357.0,558.55,0.0,1.6, , 
,558.89,2272,82.5,-2.3,11101001,559.22,2272,25.1,3.09,336.6,559.56,0.0,1.6, , 
,559.92,2240,82.5,-2.3,11101001,560.25,2240,26.7,3.09,357.0,560.60,0.0,1.6, , 
,560.93,2240,82.5,-3.9,11101001,561.27,2208,26.7,3.09,357.0,561.61,0.0,1.6, , 
,561.96,2208,82.5,-3.9,11101001,562.32,2208,26.7,3.09,357.0,562.66,0.0,1.6, , 
,563.00,2176,84.0,-5.1,11101001,563.33,2176,26.7,3.09,357.0,563.68,0.0,1.6, , 
,564.02,2208,82.5,0.0,11101001,564.37,2208,42.7,6.18,499.8,564.70,0.0,1.6, , 
,565.04,2208,82.5,0.4,11101001,565.37,2272,41.2,5.15,479.4,565.70,0.0,1.6, , 
,566.04,2272,82.5,1.2,11101001,566.37,2272,35.3,5.15,438.6,566.70,0.0,1.6, , 
,567.02,2304,82.5,-0.8,11101001,567.37,2304,25.1,3.09,336.6,567.70,0.0,1.6, , 
,568.02,2304,82.5,-6.3,11101001,568.36,2304,22.0,3.09,316.2,568.69,0.0,1.6, , 
,569.02,2272,82.5,-10.9,11101001,569.35,2272,22.0,3.09,316.2,569.69,0.0,1.6, , 
,570.03,2272,82.5,-12.5,11101001,570.36,2272,22.0,2.06,316.2,570.70,0.0,1.6, , 
,571.04,2240,82.5,-15.2,11101001,571.39,2208,20.8,2.06,295.8,571.73,0.0,1.6, , 
,572.07,2176,82.5,-18.8,11101001,572.42,2176,19.2,2.06,275.4,572.76,0.0,1.6, , 
,573.12,2112,82.5,-23.0,11101001,573.46,2112,17.6,2.06,275.4,573.80,0.0,1.6, , 
,574.15,2048,82.5,-27.7,11101001,574.49,2048,14.9,1.03,244.8,574.85,0.0,1.6, , 
,575.21,1984,82.5,-30.5,11101001,575.57,1952,14.9,1.03,244.8,575.93,0.0,1.6, , 
,576.28,1952,82.5,-28.9,11101011,576.64,1920,16.1,1.03,244.8,576.99,0.0,1.6, , 
,577.35,1888,82.5,-25.4,11101011,577.73,1856,19.2,2.06,295.8,578.09,0.0,1.6, , 
,578.45,1824,84.0,-17.6,11101011,578.81,1824,28.2,3.09,377.4,579.16,0.0,1.6, , 
,579.54,1824,82.5,-6.3,11101011,579.88,1824,38.4,5.15,459.0,580.25,0.0,1.6, , 
,580.61,1856,82.5,2.3,11101011,580.96,1856,34.1,5.15,438.6,581.33,0.0,1.6, , 
,581.69,1856,82.5,6.6,11101011,582.07,1728,0.0,0.00,377.4,582.40,0.8,0.0, , 
,582.70,1024,82.5,0.0,11111111,583.01,1120,28.2,4.12,397.8,583.33,0.8,0.0, , 
,583.61,1088,82.5,0.0,11111111,583.90,1024,23.5,3.09,336.6,584.20,0.8,0.0, , 
,584.49,864,82.5,0.0,11111111,584.79,896,26.7,3.09,377.4,585.09,0.8,0.0, , 
,585.39,896,82.5,0.0,11111111,585.70,896,26.7,3.09,397.8,586.02,0.8,0.0, , 
,586.33,896,82.5,1.6,11111111,586.66,896,26.7,3.09,397.8,586.98,0.8,0.0, , 
,587.30,896,82.5,3.1,11111111,587.60,896,26.7,4.12,397.8,587.92,0.8,0.0, , 
,588.24,896,82.5,4.7,11111111,588.56,896,26.7,4.12,397.8,588.86,0.8,0.0, , 
,589.16,896,82.5,5.5,11111111,589.48,896,26.7,4.12,397.8,589.78,0.8,0.0, , 
,590.09,864,82.5,5.5,11111111,590.39,768,26.7,4.12,377.4,590.71,0.0,0.0, , 
,591.05,1504,84.0,0.0,11101011,591.38,1632,40.0,5.15,499.8,591.79,0.0,0.0, , 
,592.13,1664,84.0,0.0,11101011,592.55,1600,59.2,9.27,693.6,592.92,0.0,1.6, , 
,593.28,1856,84.0,0.0,11101011,593.60,2176,69.4,10.30,775.2,593.95,0.0,1.6, , 
,594.31,1472,84.0,0.0,11111111,594.60,992,26.7,4.12,377.4,594.92,0.0,0.0, , 
,595.22,1152,84.0,0.0,11101011,595.55,1120,28.2,4.12,397.8,595.87,0.0,0.0, , 
,596.19,1152,84.0,0.0,11101011,596.53,1152,38.4,5.15,479.4,596.86,0.0,0.0, , 
,597.19,1184,84.0,2.7,11101011,597.52,1184,42.7,6.18,520.2,597.85,0.0,0.0, , 
,598.19,1248,84.0,1.2,11101011,598.52,1280,47.1,6.18,571.2,598.84,0.0,0.0, , 
,599.20,1344,84.0,0.0,11101011,599.52,1376,51.8,7.21,632.4,599.89,0.0,0.0, , 
,600.16,1472,84.0,1.2,11101011,600.46,1472,38.4,5.15,499.8,600.74,0.0,1.6, , 
,601.15,1504,84.0,2.3,11101011,601.42,1504,32.5,4.12,418.2,601.79,0.0,1.6, , 
,602.18,1504,84.0,2.0,11101011,602.56,1536,36.9,5.15,459.0,602.92,0.0,1.6, , 
,603.26,1536,84.0,3.5,11101011,603.62,1568,47.1,7.21,571.2,603.97,0.0,1.6, , 
,604.33,1664,84.0,0.0,11101011,604.70,1760,65.1,10.30,734.4,605.06,0.0,1.6, , 
,605.43,1888,84.0,0.4,11101011,605.79,1952,66.3,10.30,754.8,606.13,0.0,1.6, , 
,606.49,2080,84.0,0.8,11101001,606.85,2144,63.5,9.27,714.0,607.18,0.0,1.6, , 
,607.51,2272,84.0,1.6,11101001,607.83,2304,65.1,10.30,734.4,608.18,0.0,1.6, , 
,608.52,2464,84.0,2.0,11101001,608.86,2496,62.0,9.27,693.6,609.18,0.0,1.6, , 
,609.50,2624,84.0,4.7,11101001,609.86,2688,62.0,9.27,693.6,610.22,0.0,1.6, , 
,610.56,2784,84.0,5.5,11101001,610.90,2848,60.4,9.27,673.2,611.25,0.0,1.6, , 
,611.64,2048,84.0,0.0,11111101,612.01,1472,22.0,4.12,316.2,612.36,0.0,1.6, , 
,612.75,1728,84.0,0.0,11101011,613.12,1728,62.0,10.30,714.0,613.48,0.0,1.6, , 
,613.82,1696,84.0,0.0,11101011,614.17,1664,31.0,4.12,397.8,614.53,0.0,1.6, , 
,614.87,1664,84.0,0.0,11101011,615.20,1632,36.9,5.15,459.0,615.54,0.0,1.6, , 
,615.88,1568,84.0,2.0,11101011,616.25,1568,35.3,5.15,459.0,616.66,0.0,1.6, , 
,616.93,1504,84.0,0.0,11101011,617.32,1504,63.5,10.30,754.8,617.67,0.0,1.6, , 
,617.93,1504,84.0,0.0,11101011,618.20,1504,75.3,12.36,867.0,618.61,0.0,1.6, , 
,618.91,1504,84.0,0.0,11101011,619.32,1504,79.6,12.36,907.8,619.67,0.0,1.6, , 
,620.04,1568,85.5,-8.6,11101011,620.42,1568,71.0,9.27,846.6,620.76,0.0,1.6, , 
,621.11,1600,84.0,3.5,11101011,621.48,1632,59.2,8.24,693.6,621.85,0.0,1.6, , 
,622.21,1664,84.0,9.4,11101011,622.58,1664,59.2,9.27,693.6,622.92,0.0,1.6, , 
,623.27,1696,84.0,13.7,11101011,623.64,1696,57.6,9.27,673.2,624.00,0.0,1.6, , 
,624.37,1696,84.0,16.0,11101011,624.72,1696,60.4,10.30,693.6,625.12,0.0,1.6, , 
,625.46,1760,84.0,10.5,11101011,625.83,1728,72.2,11.33,826.2,626.22,0.0,1.6, , 
,626.60,1792,85.5,3.9,11101011,626.97,1824,72.2,10.30,846.6,627.36,0.0,1.6, , 
,627.72,1824,85.5,2.0,11101011,628.06,1856,71.0,10.30,826.2,628.40,0.0,1.6, , 
,628.78,1856,85.5,0.0,11101011,629.15,1856,53.3,7.21,632.4,629.52,0.0,1.6, , 
,629.89,1856,85.5,6.3,11101011,630.23,1856,56.1,8.24,652.8,630.60,0.0,1.6, , 
,630.98,1856,85.5,11.3,11101011,631.35,1856,63.5,9.27,734.4,631.73,0.0,1.6, , 
,632.10,1856,85.5,10.5,11101011,632.48,1888,69.4,10.30,795.6,632.84,0.0,1.6, , 
,633.20,1920,85.5,5.5,11101011,633.55,1888,72.2,10.30,826.2,633.90,0.0,1.6, , 
,634.28,1952,85.5,3.5,11101011,634.62,2016,71.0,10.30,795.6,634.97,0.0,1.6, , 
,635.34,2048,85.5,1.6,11101001,635.69,2048,66.3,9.27,754.8,636.04,0.0,1.6, , 
,636.40,2112,85.5,5.9,11101001,636.75,2112,65.1,9.27,734.4,637.11,0.0,1.6, , 
,637.46,2144,85.5,7.0,11101001,637.82,2144,63.5,9.27,734.4,638.16,0.0,1.6, , 
,638.49,2208,85.5,9.4,11101001,638.83,2208,56.1,8.24,652.8,639.19,0.0,1.6, , 
,639.53,2208,85.5,10.9,11101001,639.88,2208,51.8,7.21,612.0,640.22,0.0,1.6, , 
,640.56,2208,87.0,10.5,11101001,640.91,2048,0.0,0.00,336.6,641.24,0.0,1.6, , 
,641.53,1120,85.5,0.0,11111111,641.85,1056,26.7,4.12,377.4,642.17,0.8,0.0, , 
,642.48,1088,85.5,0.0,11111111,642.81,1056,22.0,3.09,336.6,643.13,0.8,0.0, , 
,643.45,992,85.5,0.0,11111111,643.76,928,23.5,3.09,357.0,644.08,0.8,0.0, , 
,644.39,896,85.5,-0.4,11111111,644.71,864,25.1,3.09,377.4,645.03,0.8,0.0, , 
,645.34,864,85.5,0.4,11111111,645.66,896,26.7,3.09,377.4,645.97,0.8,0.0, , 
,646.28,896,85.5,2.0,11111111,646.57,896,26.7,3.09,397.8,646.89,0.8,0.0, , 
,647.19,864,85.5,3.5,11111111,647.49,896,28.2,4.12,397.8,647.82,0.8,0.0, , 
,648.14,1376,85.5,6.6,11101011,648.46,1280,26.7,4.12,357.0,648.79,0.0,0.0, , 
,649.12,1344,85.5,0.0,11101011,649.45,1344,62.0,10.30,714.0,649.77,0.0,0.0, , 
,650.11,1504,87.0,0.0,11101011,650.45,1600,65.1,10.30,754.8,650.80,0.0,1.6, , 
,651.17,1792,85.5,0.8,11101011,651.54,1888,56.1,8.24,673.2,651.89,0.0,1.6, , 
,652.24,2016,85.5,3.1,11101001,652.59,2112,51.8,7.21,612.0,652.94,0.0,1.6, , 
,653.30,2208,85.5,2.0,11101001,653.64,2272,47.1,6.18,571.2,653.98,0.0,1.6, , 
,654.32,2368,85.5,2.7,11101001,654.70,2400,44.3,6.18,520.2,655.03,0.0,1.6, , 
,655.37,2528,85.5,3.9,11101001,655.69,2528,0.0,0.00,336.6,656.04,0.0,1.6, , 
,656.37,1568,87.0,0.0,11111111,656.70,1120,23.5,4.12,336.6,657.01,0.8,0.0, , 
,657.32,1088,85.5,0.0,11111111,657.62,1120,25.1,4.12,357.0,657.93,0.8,0.0, , 
,658.26,1056,85.5,0.0,11111111,658.53,992,22.0,3.09,336.6,658.83,0.8,0.0, , 
,659.15,928,85.5,0.0,11111111,659.47,896,25.1,3.09,377.4,659.78,0.8,0.0, , 
,660.09,864,85.5,0.0,11111111,660.40,864,25.1,3.09,377.4,660.69,0.8,0.0, , 
,661.00,896,85.5,1.6,11111111,661.31,896,25.1,3.09,377.4,661.60,0.8,0.0, , 
,661.90,896,85.5,3.1,11111111,662.20,896,25.1,3.09,377.4,662.50,0.8,0.0, , 
,662.81,896,85.5,3.9,11111111,663.12,896,25.1,3.09,377.4,663.41,0.8,0.0, , 
,663.71,896,85.5,4.7,11111111,664.01,896,25.1,3.09,377.4,664.30,0.8,0.0, , 
,664.60,896,85.5,4.7,11111111,664.89,864,25.1,3.09,377.4,665.20,0.8,0.0, , 
,665.51,864,85.5,4.7,11111111,665.80,864,26.7,3.09,377.4,666.10,0.8,0.0, , 
,666.40,896,85.5,5.5,11111111,666.74,864,26.7,3.09,377.4,667.04,0.8,0.0, , 
,667.37,864,85.5,4.7,11111111,667.68,896,26.7,3.09,377.4,667.97,1.6,0.0, , 
,668.27,896,85.5,3.9,11111111,668.55,896,26.7,3.09,397.8,668.85,1.6,0.0, , 
,669.18,864,87.0,3.9,11111111,669.50,896,26.7,4.12,397.8,669.79,1.6,0.0, , 
,670.09,800,87.0,3.9,11111111,670.39,768,26.7,4.12,397.8,670.69,1.6,0.0, , 
,671.00,800,87.0,2.3,11111111,671.30,800,28.2,4.12,418.2,671.60,1.6,0.0, , 
,671.90,800,87.0,1.6,11111111,672.19,768,28.2,4.12,418.2,672.49,1.6,0.0, , 
,672.80,768,87.0,0.8,11111111,673.11,768,29.4,4.12,438.6,673.41,1.6,0.0, , 
,673.70,800,87.0,1.6,11111111,673.99,768,29.4,4.12,438.6,674.29,1.6,0.0, , 
,674.58,800,87.0,2.3,11111111,674.88,768,29.4,4.12,418.2,675.18,1.6,0.0, , 
,675.47,768,87.0,2.3,11111111,675.77,800,29.4,4.12,418.2,676.07,2.3,0.0, , 
,676.36,800,87.0,1.6,11111111,676.68,800,28.2,4.12,418.2,676.97,2.3,0.0, , 
,677.29,800,87.0,0.8,11111111,677.59,768,28.2,4.12,418.2,677.87,2.3,0.0, , 
,678.17,768,87.0,0.4,11111111,678.47,768,29.4,4.12,438.6,678.78,2.3,0.0, , 
,679.07,800,87.0,1.2,11111111,679.39,800,29.4,4.12,418.2,679.67,2.3,0.0, , 
,679.96,768,87.0,1.2,11111111,680.26,800,28.2,4.12,418.2,680.56,2.3,0.0, , 
,680.84,800,87.0,2.0,11111111,681.14,800,28.2,4.12,418.2,681.42,2.3,0.0, , 
,681.71,768,87.0,2.3,11111111,682.02,800,28.2,4.12,418.2,682.31,1.6,0.0, , 
,682.61,1024,87.0,0.0,11101011,682.96,1312,38.4,5.15,499.8,683.28,0.8,0.0, , 
,683.62,1216,85.5,0.0,11111111,684.07,1472,22.0,3.09,336.6,684.36,1.6,1.6, , 
,684.65,1472,85.5,-3.1,11111111,684.97,1376,22.0,3.09,316.2,685.29,1.6,0.0, , 
,685.58,1024,85.5,-4.7,11111111,685.89,960,26.7,3.09,377.4,686.19,1.6,0.0, , 
,686.50,832,85.5,0.0,11101011,686.83,1024,41.2,6.18,520.2,687.15,1.6,0.0, , 
,687.50,960,85.5,0.8,11101011,687.84,1056,36.9,5.15,479.4,688.16,0.8,0.0, , 
,688.48,1248,85.5,2.7,11111111,688.82,1376,23.5,3.09,357.0,689.20,1.6,0.0, , 
,689.48,1472,85.5,-3.5,11111111,689.82,1408,23.5,3.09,336.6,690.14,1.6,0.0, , 
,690.45,1152,85.5,-3.5,11111111,690.74,960,25.1,3.09,357.0,691.02,2.3,0.0, , 
,691.35,896,85.5,-2.7,11111111,691.68,896,28.2,4.12,397.8,691.98,2.3,0.0, , 
,692.30,896,85.5,-2.7,11111111,692.61,896,28.2,4.12,397.8,692.94,2.3,0.0, , 
,693.26,896,85.5,-1.2,11111111,693.56,832,26.7,3.09,397.8,693.86,2.3,0.0, , 
,694.15,768,85.5,0.4,11111111,694.44,800,29.4,4.12,418.2,694.73,2.3,0.0, , 
,695.02,800,85.5,1.2,11111111,695.31,800,28.2,4.12,418.2,695.61,2.3,0.0, , 
,695.91,800,85.5,1.2,11111111,696.20,800,28.2,4.12,418.2,696.49,2.3,0.0, , 
,696.80,800,85.5,1.2,11111111,697.10,800,28.2,4.12,397.8,697.41,2.3,0.0, , 
,697.72,800,87.0,0.4,11111111,698.04,800,26.7,4.12,397.8,698.33,2.3,0.0, , 
,698.64,800,87.0,-0.8,11111111,698.92,800,26.7,3.09,397.8,699.22,2.3,0.0, , 
,699.52,800,87.0,-2.0,11111111,699.82,768,28.2,4.12,418.2,700.12,2.3,0.0, , 
,700.42,768,87.0,-2.3,11111111,700.71,800,28.2,3.09,418.2,701.01,2.3,0.0, , 
,701.31,800,87.0,-2.0,11111111,701.60,768,28.2,3.09,397.8,701.89,2.3,0.0, , 
,702.18,800,87.0,-1.6,11111111,702.50,800,28.2,3.09,397.8,702.79,2.3,0.0, , 
,703.09,800,87.0,-1.6,11111111,703.40,768,28.2,3.09,418.2,703.69,2.3,0.0, , 
,704.00,800,87.0,-2.0,11111111,704.31,800,26.7,3.09,418.2,704.60,2.3,0.0, , 
,704.89,800,87.0,-2.0,10111111,705.18,768,26.7,3.09,397.8,705.47,2.3,0.0, , 
,705.77,800,87.0,-1.6,10111111,706.08,768,26.7,3.09,418.2,706.38,2.3,0.0, , 
,706.69,800,87.0,-1.2,10111111,707.00,800,26.7,3.09,397.8,707.31,2.3,0.0, , 
,707.60,768,87.0,-1.2,10111111,707.90,800,26.7,3.09,397.8,708.22,2.3,0.0, , 
,708.52,768,87.0,-1.2,10111111,708.82,768,26.7,3.09,397.8,709.14,2.3,0.0, , 
,709.43,768,87.0,-1.6,10111111,709.73,800,26.7,3.09,397.8,710.03,2.3,0.0, , 
,710.32,768,87.0,-1.6,10111111,710.61,800,28.2,3.09,418.2,710.93,2.3,0.0, , 
,711.24,800,87.0,-1.6,10111111,711.54,800,28.2,3.09,418.2,711.86,2.3,0.0, , 
,712.16,800,87.0,-2.0,10111111,712.46,800,26.7,4.12,397.8,712.76,2.3,0.0, , 
,713.06,768,87.0,-2.3,10111111,713.36,800,28.2,4.12,418.2,713.66,2.3,0.0, , 
,713.96,800,87.0,-2.7,10111111,714.26,768,28.2,3.09,418.2,714.56,2.3,0.0, , 
,714.86,800,87.0,-3.5,10111111,715.16,768,26.7,3.09,397.8,715.45,2.3,0.0, , 
,715.77,768,87.0,-3.9,10111111,716.07,800,28.2,3.09,418.2,716.36,2.3,0.0, , 
,716.66,800,87.0,-3.9,10111111,716.98,800,28.2,3.09,418.2,717.27,2.3,0.0, , 
,717.58,768,87.0,-3.5,10111111,717.88,800,28.2,4.12,418.2,718.18,2.3,0.0, , 
,718.48,768,87.0,-3.5,10111111,718.77,800,28.2,3.09,418.2,719.07,2.3,0.0, , 
,719.37,800,87.0,-3.5,10111111,719.66,800,28.2,3.09,418.2,719.97,2.3,0.0, , 
,720.29,800,88.5,-3.9,10111111,720.59,768,28.2,4.12,418.2,720.89,2.3,0.0, , 
,721.19,800,88.5,-3.9,10111111,721.50,800,28.2,3.09,418.2,721.80,2.3,0.0, , 
,722.12,800,88.5,-3.9,10111111,722.42,768,28.2,3.09,418.2,722.71,2.3,0.0, , 
,723.01,800,88.5,-3.9,10111111,723.31,800,28.2,4.12,418.2,723.60,2.3,0.0, , 
,723.91,768,88.5,-3.9,10111111,724.21,800,28.2,3.09,418.2,724.50,2.3,0.0, , 
,724.79,768,88.5,-3.9,10111111,725.09,800,28.2,3.09,418.2,725.38,2.3,0.0, , 
,725.69,768,88.5,-3.9,10111111,725.99,800,28.2,3.09,418.2,726.31,2.3,0.0, , 
,726.59,800,88.5,-3.9,10111111,726.87,800,28.2,3.09,418.2,727.16,2.3,0.0, , 
,727.46,768,88.5,-4.3,10111111,727.75,768,28.2,3.09,418.2,728.04,2.3,0.0, , 
,728.34,768,88.5,-4.7,10111111,728.64,800,28.2,3.09,418.2,728.94,2.3,0.0, , 
,729.25,768,88.5,-4.3,10111111,729.54,768,28.2,3.09,418.2,729.84,2.3,0.0, , 
,730.14,768,88.5,-4.3,10111111,730.44,800,28.2,3.09,418.2,730.75,2.3,0.0, , 
,731.08,800,88.5,-3.5,10111111,731.38,800,28.2,3.09,418.2,731.68,2.3,0.0, , 
,731.98,800,88.5,-2.7,10111111,732.28,800,28.2,4.12,418.2,732.58,2.3,0.0, , 
,732.88,768,88.5,-2.3,10111111,733.18,800,28.2,3.09,418.2,733.48,2.3,0.0, , 
,733.77,800,88.5,-2.7,10111111,734.06,768,28.2,3.09,418.2,734.37,2.3,0.0, , 
,734.67,800,88.5,-2.7,10111111,734.96,800,28.2,3.09,418.2,735.26,2.3,0.0, , 
,735.56,800,88.5,-3.5,10111111,735.84,768,28.2,3.09,418.2,736.15,2.3,0.0, , 
,736.46,800,88.5,-3.1,10111111,736.76,800,26.7,3.09,397.8,737.07,2.3,0.0, , 
,737.36,800,88.5,-2.7,10111111,737.67,768,28.2,4.12,418.2,737.97,2.3,0.0, , 
,738.28,768,88.5,-2.7,10111111,738.57,800,28.2,3.09,418.2,738.86,2.3,0.0, , 
,739.15,768,88.5,-2.7,10111111,739.45,768,28.2,3.09,418.2,739.75,2.3,0.0, , 
,740.05,800,88.5,-2.7,10111111,740.35,768,26.7,3.09,418.2,740.66,2.3,0.0, , 
,740.95,800,88.5,-3.1,10111111,741.24,800,28.2,4.12,418.2,741.56,2.3,0.0, , 
,741.85,800,88.5,-3.1,10111111,742.15,768,28.2,3.09,418.2,742.44,2.3,0.0, , 
,742.73,800,88.5,-3.5,10111111,743.03,768,28.2,3.09,418.2,743.33,2.3,0.0, , 
,743.64,800,88.5,-3.1,10111111,743.95,800,26.7,3.09,397.8,744.25,2.3,0.0, , 
,744.56,768,88.5,-2.7,10111111,744.85,800,28.2,3.09,397.8,745.14,2.3,0.0, , 
,745.43,800,88.5,-2.3,10111111,745.74,768,26.7,3.09,397.8,746.03,2.3,0.0, , 
,746.34,800,90.0,-2.0,10111111,746.63,800,26.7,3.09,397.8,746.93,2.3,0.0, , 
,747.23,800,88.5,-1.6,10111111,747.52,800,26.7,3.09,397.8,747.82,2.3,0.0, , 
,748.12,768,88.5,-1.6,10111111,748.41,768,26.7,3.09,397.8,748.71,2.3,0.0, , 
,749.03,800,88.5,-2.0,10111111,749.31,768,26.7,3.09,397.8,749.59,2.3,0.0, , 
,749.86,800,88.5,-2.3,10111111,750.15,800,28.2,3.09,397.8,750.44,2.3,0.0, , 
,750.74,800,88.5,-2.7,10111111,751.04,800,26.7,3.09,397.8,751.33,2.3,0.0, , 
,751.64,800,90.0,-2.7,10111111,751.93,800,26.7,3.09,397.8,752.22,2.3,0.0, , 
,752.52,768,90.0,-3.1,10111111,752.82,800,28.2,3.09,418.2,753.11,2.3,0.0, , 
,753.41,768,90.0,-3.1,10111111,753.71,768,26.7,3.09,397.8,754.01,2.3,0.0, , 
,754.31,768,90.0,-3.1,10111111,754.60,800,28.2,3.09,418.2,754.91,2.3,0.0, , 
,755.22,800,90.0,-3.1,10111111,755.52,800,26.7,3.09,397.8,755.82,2.3,0.0, , 
,756.12,800,90.0,-2.3,10111111,756.41,768,26.7,3.09,397.8,756.70,2.3,0.0, , 
,757.00,800,90.0,-2.0,10111111,757.29,800,26.7,3.09,397.8,757.59,2.3,0.0, , 
,757.87,800,90.0,-2.0,10111111,758.16,800,26.7,3.09,397.8,758.45,2.3,0.0, , 
,758.74,768,90.0,-2.0,10111111,759.04,800,26.7,3.09,397.8,759.33,2.3,0.0, , 
,759.63,768,90.0,-2.0,10111111,759.93,800,26.7,3.09,397.8,760.24,2.3,0.0, , 
,760.55,800,90.0,-2.0,10111111,760.87,800,26.7,3.09,397.8,761.16,2.3,0.0, , 
,761.46,800,90.0,-1.6,10111111,761.76,768,26.7,3.09,397.8,762.06,2.3,0.0, , 
,762.36,800,90.0,-1.6,10111111,762.66,800,26.7,3.09,397.8,762.96,2.3,0.0, , 
,763.26,800,90.0,-1.6,10111111,763.56,800,26.7,3.09,397.8,763.85,2.3,0.0, , 
,764.16,768,90.0,-2.0,10111111,764.46,800,26.7,3.09,397.8,764.76,2.3,0.0, , 
,765.06,800,90.0,-2.3,10111111,765.34,768,26.7,3.09,397.8,765.64,2.3,0.0, , 
,765.93,800,90.0,-2.7,10111111,766.23,800,26.7,3.09,397.8,766.52,2.3,0.0, , 
,766.82,800,90.0,-2.7,10111111,767.12,768,26.7,3.09,397.8,767.42,2.3,0.0, , 
,767.72,768,90.0,-3.1,10111111,768.00,768,26.7,3.09,397.8,768.31,2.3,0.0, , 
,768.59,800,90.0,-3.1,10111111,768.88,800,26.7,3.09,397.8,769.18,2.3,0.0, , 
,769.47,768,90.0,-2.7,10111111,769.77,768,28.2,3.09,418.2,770.10,2.3,0.0, , 
,770.40,768,90.0,-2.7,10111111,770.70,768,26.7,3.09,397.8,771.00,2.3,0.0, , 
,771.32,768,90.0,-2.7,10111111,771.62,768,28.2,3.09,418.2,771.92,2.3,0.0, , 
,772.22,800,90.0,-3.5,10111111,772.52,800,26.7,3.09,397.8,772.81,2.3,0.0, , 
,773.10,768,90.0,-4.3,10111111,773.39,768,28.2,3.09,418.2,773.69,2.3,0.0, , 
,774.00,800,90.0,-4.3,10111111,774.29,800,28.2,3.09,418.2,774.60,2.3,0.0, , 
,774.89,768,90.0,-4.3,10111111,775.18,768,28.2,3.09,418.2,775.49,2.3,0.0, , 
,775.80,768,90.0,-4.3,10111111,776.10,800,28.2,3.09,418.2,776.40,2.3,0.0, , 
,776.70,800,90.0,-4.3,10111111,776.99,800,26.7,3.09,397.8,777.29,2.3,0.0, , 
,777.59,800,90.0,-4.7,10111111,777.88,800,28.2,3.09,418.2,778.19,2.3,0.0, , 
,778.49,800,90.0,-4.7,10111111,778.79,768,26.7,3.09,397.8,779.09,2.3,0.0, , 
,779.38,768,91.5,-5.1,10111111,779.68,768,28.2,3.09,418.2,779.97,2.3,0.0, , 
,780.28,800,91.5,-5.1,10111111,780.58,768,28.2,3.09,418.2,780.89,2.3,0.0, , 
,781.19,800,90.0,-4.7,10111111,781.49,800,28.2,3.09,418.2,781.77,2.3,0.0, , 
,782.08,800,91.5,-4.7,10111111,782.38,800,28.2,3.09,397.8,782.69,2.3,0.0, , 
,783.00,768,91.5,-5.1,10111111,783.29,800,28.2,3.09,418.2,783.60,2.3,0.0, , 
,783.89,768,91.5,-5.1,10111111,784.19,800,28.2,3.09,418.2,784.49,2.3,0.0, , 
,784.79,800,91.5,-5.5,10111111,785.07,800,28.2,3.09,418.2,785.37,2.3,0.0, , 
,785.66,768,91.5,-5.9,10111111,785.95,800,28.2,3.09,418.2,786.24,2.3,0.0, , 
,786.56,768,91.5,-5.9,10111111,786.84,768,28.2,3.09,418.2,787.15,2.3,0.0, , 
,787.46,800,91.5,-5.5,10111111,787.77,800,28.2,3.09,418.2,788.07,2.3,0.0, , 
,788.37,800,90.0,-5.1,10111111,788.67,800,28.2,3.09,418.2,788.96,2.3,0.0, , 
,789.26,800,90.0,-4.7,10111111,789.55,800,28.2,3.09,418.2,789.86,2.3,0.0, , 
,790.16,800,91.5,-5.1,10111111,790.46,768,28.2,3.09,418.2,790.75,2.3,0.0, , 
,791.05,800,91.5,-5.5,10111111,791.35,800,28.2,3.09,418.2,791.65,2.3,0.0, , 
,791.96,768,91.5,-5.5,10111111,792.27,768,28.2,3.09,418.2,792.57,2.3,0.0, , 
,792.87,800,91.5,-5.1,10111111,793.18,768,28.2,3.09,418.2,793.47,2.3,0.0, , 
,793.77,800,91.5,-4.7,10111111,794.08,800,28.2,3.09,418.2,794.39,2.3,0.0, , 
,794.69,800,91.5,-5.1,10111111,794.99,768,28.2,3.09,418.2,795.29,2.3,0.0, , 
,795.59,768,91.5,-5.5,10111111,795.89,800,28.2,3.09,418.2,796.18,2.3,0.0, , 
,796.47,800,91.5,-5.5,10111111,796.77,800,28.2,3.09,418.2,797.07,2.3,0.0, , 
,797.37,800,91.5,-5.1,10111111,797.67,800,28.2,3.09,418.2,797.96,2.3,0.0, , 
,798.26,800,91.5,-5.1,10111111,798.58,800,28.2,3.09,418.2,798.88,2.3,0.0, , 
,799.18,768,91.5,-5.5,10111111,799.46,800,28.2,3.09,418.2,799.76,2.3,0.0, , 
,800.08,800,91.5,-5.5,10111111,800.38,800,28.2,3.09,418.2,800.68,2.3,0.0, , 
,800.98,800,91.5,-5.5,10111111,801.27,800,28.2,3.09,418.2,801.57,2.3,0.0, , 
,801.87,800,91.5,-5.1,10111111,802.16,800,28.2,3.09,418.2,802.47,2.3,0.0, , 
,802.78,800,91.5,-4.7,10111111,803.08,800,28.2,3.09,418.2,803.38,2.3,0.0, , 
,803.68,800,91.5,-4.3,10111111,803.98,800,28.2,3.09,418.2,804.27,2.3,0.0, , 
,804.57,800,91.5,-5.1,10111111,804.87,800,28.2,3.09,418.2,805.15,2.3,0.0, , 
,805.47,800,91.5,-5.1,10111111,805.78,800,28.2,3.09,418.2,806.07,2.3,0.0, , 
