Poniedzia³ek,21,Wrzesieñ,2026,21:25:47:00009-VCID:1C3761778CABCE7337-515A,Wersja VCDS: AKP 23.3.1,Wersja danych: 20230601 DS346.2
047 906 033 L,,1.4l SIMOS3PA   00HS5401,

,Grupa A:,'001,,,,Grupa B:,'002,,,,Grupa C:,'032
,,Obroty silnika,Temperatura,Lambda,Bity binarnie,,Obroty silnika,Obci¹¿enie,Czas wtrysku,Ciœnienie rzecz.,,Lambda,Lambda, , 
,CZAS,,,,,CZAS,,,,,CZAS,,,,
Znacznik,ZAPISU, /min,*C, %,,ZAPISU, /min, %, ms, mbar,ZAPISU, %, %,,
,0.27,0,30.0,0.0,10110110,0.54,0,0.0,0.00,989.4,0.01,99.2,0.0, , 
,1.07,0,30.0,0.0,10110110,1.34,0,0.0,0.00,989.4,0.80,99.2,0.0, , 
,1.87,0,30.0,0.0,10110110,2.14,0,0.0,0.00,989.4,1.60,99.2,0.0, , 
,2.70,0,30.0,0.0,10110110,2.96,0,0.0,0.00,989.4,2.42,99.2,0.0, , 
,3.49,0,30.0,0.0,10110110,3.76,0,0.0,0.00,989.4,3.23,99.2,0.0, , 
,4.29,0,30.0,0.0,10110110,4.56,0,0.0,0.00,989.4,4.02,99.2,0.0, , 
,5.09,0,30.0,0.0,10110110,5.35,0,0.0,0.00,989.4,4.82,99.2,0.0, , 
,5.89,0,30.0,0.0,10110110,6.17,0,0.0,0.00,989.4,5.62,99.2,0.0, , 
,6.71,0,30.0,0.0,10110110,6.98,0,0.0,0.00,989.4,6.45,99.2,0.0, , 
,7.53,0,30.0,0.0,10110110,7.81,0,0.0,0.00,989.4,7.25,99.2,0.0, , 
,8.35,0,30.0,0.0,10110110,8.62,0,0.0,0.00,989.4,8.08,99.2,0.0, , 
,9.15,0,30.0,0.0,10110110,9.42,0,0.0,0.00,989.4,8.88,99.2,0.0, , 
,9.95,0,30.0,0.0,10110110,10.21,0,0.0,0.00,989.4,9.68,99.2,0.0, , 
,10.74,0,30.0,0.0,10110110,11.01,0,0.0,0.00,989.4,10.48,99.2,0.0, , 
,11.54,0,30.0,0.0,10110110,11.81,0,0.0,0.00,989.4,11.27,99.2,0.0, , 
,12.34,0,30.0,0.0,10110110,12.60,0,0.0,0.00,989.4,12.07,99.2,0.0, , 
,13.13,0,30.0,0.0,10110110,13.40,0,0.0,0.00,989.4,12.87,99.2,0.0, , 
,13.93,0,30.0,0.0,10110110,14.20,0,0.0,0.00,989.4,13.67,99.2,0.0, , 
,14.73,0,30.0,0.0,10110110,14.99,0,0.0,0.00,989.4,14.46,99.2,0.0, , 
,15.52,0,30.0,0.0,10110110,15.80,0,0.0,0.00,989.4,15.26,99.2,0.0, , 
,16.34,0,30.0,0.0,10110110,16.60,0,0.0,0.00,989.4,16.07,99.2,0.0, , 
,17.14,0,30.0,0.0,10110110,17.42,0,0.0,0.00,989.4,16.87,99.2,0.0, , 
,17.95,0,30.0,0.0,10110110,18.21,0,0.0,0.00,989.4,17.68,99.2,0.0, , 
,18.74,0,30.0,0.0,10110110,19.01,0,0.0,0.00,989.4,18.48,99.2,0.0, , 
,19.54,0,30.0,0.0,10110110,19.80,0,0.0,0.00,989.4,19.27,99.2,0.0, , 
,20.34,0,30.0,0.0,10110110,20.60,0,0.0,0.00,989.4,20.07,99.2,0.0, , 
,21.13,0,30.0,0.0,10110110,21.40,0,0.0,0.00,989.4,20.87,99.2,0.0, , 
,21.95,0,30.0,0.0,10110110,22.21,0,0.0,0.00,989.4,21.67,99.2,0.0, , 
,22.74,0,30.0,0.0,10110110,23.01,0,0.0,0.00,989.4,22.48,99.2,0.0, , 
,23.54,0,30.0,0.0,10110110,23.81,0,0.0,0.00,989.4,23.28,99.2,0.0, , 
,24.35,0,30.0,0.0,10110110,24.62,0,0.0,0.00,989.4,24.08,99.2,0.0, , 
,25.15,0,30.0,0.0,10110110,25.42,0,0.0,0.00,989.4,24.89,99.2,0.0, , 
,25.95,0,30.0,0.0,10110110,26.21,0,0.0,0.00,989.4,25.68,99.2,0.0, , 
,26.75,0,30.0,0.0,10110110,27.03,0,0.0,0.00,989.4,26.48,99.2,0.0, , 
,27.57,0,30.0,0.0,10110110,27.84,0,0.0,0.00,989.4,27.31,99.2,0.0, , 
,28.37,0,30.0,0.0,10110110,28.63,0,0.0,0.00,989.4,28.10,99.2,0.0, , 
,29.16,0,30.0,0.0,10110110,29.43,0,0.0,0.00,989.4,28.90,99.2,0.0, , 
,29.97,0,30.0,0.0,10110110,30.25,0,0.0,0.00,989.4,29.70,99.2,0.0, , 
,30.80,0,30.0,0.0,10110110,31.07,0,0.0,0.00,989.4,30.53,99.2,0.0, , 
,31.60,0,30.0,0.0,10110110,31.87,0,0.0,0.00,989.4,31.34,99.2,0.0, , 
,32.40,0,30.0,0.0,10110110,32.67,0,0.0,0.00,989.4,32.14,99.2,0.0, , 
,33.20,0,30.0,0.0,10110110,33.46,0,0.0,0.00,989.4,32.93,99.2,0.0, , 
,33.99,0,30.0,0.0,10110110,34.26,0,0.0,0.00,989.4,33.73,99.2,0.0, , 
,34.79,0,30.0,0.0,10110110,35.06,0,0.0,0.00,989.4,34.52,99.2,0.0, , 
,35.59,0,30.0,0.0,10110110,35.85,0,0.0,0.00,989.4,35.32,99.2,0.0, , 
,36.39,0,30.0,0.0,10110110,36.65,0,0.0,0.00,989.4,36.12,99.2,0.0, , 
,37.18,0,30.0,0.0,10110110,37.45,0,0.0,0.00,989.4,36.91,99.2,0.0, , 
,37.98,0,30.0,0.0,10110110,38.25,0,0.0,0.00,989.4,37.71,99.2,0.0, , 
,38.79,0,30.0,0.0,10110110,39.06,0,0.0,0.00,989.4,38.52,99.2,0.0, , 
,39.59,0,30.0,0.0,10110110,39.85,0,0.0,0.00,989.4,39.32,99.2,0.0, , 
,40.38,0,30.0,0.0,10110110,40.65,0,0.0,0.00,989.4,40.12,99.2,0.0, , 
,41.19,0,30.0,0.0,10110110,41.46,0,0.0,0.00,989.4,40.91,99.2,0.0, , 
,41.99,0,30.0,0.0,10110110,42.26,0,0.0,0.00,989.4,41.73,99.2,0.0, , 
,42.79,0,30.0,0.0,10110110,43.05,0,0.0,0.00,989.4,42.52,99.2,0.0, , 
,43.61,0,30.0,0.0,10110110,43.89,0,0.0,0.00,989.4,43.33,99.2,0.0, , 
,44.43,0,30.0,0.0,10110110,44.70,0,0.0,0.00,989.4,44.17,99.2,0.0, , 
,45.23,0,30.0,0.0,10110110,45.49,0,0.0,0.00,989.4,44.96,99.2,0.0, , 
,46.03,0,30.0,0.0,10110110,46.29,0,0.0,0.00,989.4,45.76,99.2,0.0, , 
,46.82,0,30.0,0.0,10110110,47.09,0,0.0,0.00,989.4,46.56,99.2,0.0, , 
,47.62,0,30.0,0.0,10110110,47.89,0,0.0,0.00,989.4,47.35,99.2,0.0, , 
,48.41,0,30.0,0.0,10110110,48.68,0,0.0,0.00,989.4,48.15,99.2,0.0, , 
,49.21,0,30.0,0.0,10110110,49.48,0,0.0,0.00,989.4,48.95,99.2,0.0, , 
,50.03,0,30.0,0.0,10110110,50.29,0,0.0,0.00,989.4,49.75,99.2,0.0, , 
,50.83,0,30.0,0.0,10110110,51.11,0,0.0,0.00,989.4,50.55,99.2,0.0, , 
,51.65,0,30.0,0.0,10110110,51.92,0,0.0,0.00,989.4,51.39,99.2,0.0, , 
,52.47,0,30.0,0.0,10110110,52.74,0,0.0,0.00,989.4,52.19,99.2,0.0, , 
,53.28,0,30.0,0.0,10110110,53.54,0,0.0,0.00,989.4,53.01,99.2,0.0, , 
,54.07,0,30.0,0.0,10110110,54.34,0,0.0,0.00,989.4,53.81,99.2,0.0, , 
,54.87,0,30.0,0.0,10110110,55.14,0,0.0,0.00,989.4,54.60,99.2,0.0, , 
,55.68,0,30.0,0.0,10110110,55.95,0,0.0,0.00,989.4,55.41,99.2,0.0, , 
,56.48,0,30.0,0.0,10110110,56.74,0,0.0,0.00,989.4,56.21,99.2,0.0, , 
,57.27,0,30.0,0.0,10110110,57.54,0,0.0,0.00,989.4,57.01,99.2,0.0, , 
,58.07,0,30.0,0.0,10110110,58.34,0,0.0,0.00,989.4,57.80,99.2,0.0, , 
,58.87,0,30.0,0.0,10110110,59.14,0,0.0,0.00,989.4,58.60,99.2,0.0, , 
,59.69,0,30.0,0.0,10110110,59.96,0,0.0,0.00,989.4,59.42,99.2,0.0, , 
,60.49,0,30.0,0.0,10110110,60.76,0,0.0,0.00,989.4,60.23,99.2,0.0, , 
,61.29,0,30.0,0.0,10110110,61.56,0,0.0,0.00,989.4,61.03,99.2,0.0, , 
,62.09,0,30.0,0.0,10110110,62.35,0,0.0,0.00,989.4,61.82,99.2,0.0, , 
,62.88,0,30.0,0.0,10110110,63.16,0,0.0,0.00,989.4,62.62,99.2,0.0, , 
,63.70,0,30.0,0.0,10110110,63.96,0,0.0,0.00,989.4,63.43,99.2,0.0, , 
,64.50,0,30.0,0.0,10110110,64.78,0,0.0,0.00,989.4,64.23,99.2,0.0, , 
,65.31,0,30.0,0.0,10110110,65.57,0,0.0,0.00,989.4,65.04,99.2,0.0, , 
,66.10,0,30.0,0.0,10110110,66.37,0,0.0,0.00,989.4,65.84,99.2,0.0, , 
,66.91,0,30.0,0.0,10110110,67.19,0,0.0,0.00,989.4,66.64,99.2,0.0, , 
,67.75,0,30.0,0.0,10110110,68.03,0,0.0,0.00,989.4,67.47,99.2,0.0, , 
,68.56,0,30.0,0.0,10110110,68.83,0,0.0,0.00,989.4,68.29,99.2,0.0, , 
,69.39,0,30.0,0.0,10110110,69.65,0,0.0,0.00,989.4,69.11,99.2,0.0, , 
,70.18,0,30.0,0.0,10110110,70.45,0,0.0,0.00,989.4,69.92,99.2,0.0, , 
,70.98,0,30.0,0.0,10110110,71.24,0,0.0,0.00,989.4,70.71,99.2,0.0, , 
,71.78,0,30.0,0.0,10110110,72.04,0,0.0,0.00,989.4,71.51,99.2,0.0, , 
,72.58,0,30.0,0.0,10110110,72.85,0,0.0,0.00,989.4,72.30,99.2,0.0, , 
,73.39,0,30.0,0.0,10110110,73.65,0,0.0,0.00,989.4,73.12,99.2,0.0, , 
,74.18,0,30.0,0.0,10110110,74.45,0,0.0,0.00,989.4,73.91,99.2,0.0, , 
,74.98,0,30.0,0.0,10110110,75.24,0,0.0,0.00,989.4,74.71,99.2,0.0, , 
,75.77,0,30.0,0.0,10110110,76.04,0,0.0,0.00,989.4,75.51,99.2,0.0, , 
,76.58,0,30.0,0.0,10110110,76.86,0,0.0,0.00,989.4,76.30,99.2,0.0, , 
,77.40,0,30.0,0.0,10110110,77.67,0,0.0,0.00,989.4,77.14,99.2,0.0, , 
,78.20,0,30.0,0.0,10110110,78.46,0,0.0,0.00,989.4,77.93,99.2,0.0, , 
,79.00,0,30.0,0.0,10110110,79.28,0,0.0,0.00,989.4,78.73,99.2,0.0, , 
,79.81,0,30.0,0.0,10110110,80.08,0,0.0,0.00,989.4,79.54,99.2,0.0, , 
,80.62,0,30.0,0.0,10110110,80.89,0,0.0,0.00,989.4,80.35,99.2,0.0, , 
,81.42,0,30.0,0.0,10110110,81.69,0,0.0,0.00,989.4,81.15,99.2,0.0, , 
,82.25,0,30.0,0.0,10110110,82.53,0,0.0,0.00,989.4,81.97,99.2,0.0, , 
,83.06,0,30.0,0.0,10110110,83.33,0,0.0,0.00,989.4,82.79,99.2,0.0, , 
,83.87,0,30.0,0.0,10110110,84.14,0,0.0,0.00,989.4,83.60,99.2,0.0, , 
,84.67,0,30.0,0.0,10110110,84.94,0,0.0,0.00,989.4,84.40,99.2,0.0, , 
,85.48,0,30.0,0.0,10110110,85.75,0,0.0,0.00,989.4,85.21,99.2,0.0, , 
,86.29,0,30.0,0.0,10110110,86.55,0,0.0,0.00,989.4,86.03,99.2,0.0, , 
,87.09,0,30.0,0.0,10110110,87.36,0,0.0,0.00,989.4,86.82,99.2,0.0, , 
,87.92,0,30.0,0.0,10110110,88.18,0,0.0,0.00,989.4,87.64,99.2,0.0, , 
,88.71,0,30.0,0.0,10110110,88.98,0,0.0,0.00,989.4,88.45,99.2,0.0, , 
,89.51,0,30.0,0.0,10110110,89.78,0,0.0,0.00,989.4,89.24,99.2,0.0, , 
,90.31,0,30.0,0.0,10110110,90.57,0,0.0,0.00,989.4,90.04,99.2,0.0, , 
,91.11,0,30.0,0.0,10110110,91.39,0,0.0,0.00,989.4,90.84,99.2,0.0, , 
,91.93,0,30.0,0.0,10110110,92.20,0,0.0,0.00,989.4,91.67,99.2,0.0, , 
,92.73,0,30.0,0.0,10110110,92.99,0,0.0,0.00,989.4,92.46,99.2,0.0, , 
,93.53,0,30.0,0.0,10110110,93.79,0,0.0,0.00,989.4,93.26,99.2,0.0, , 
,94.32,0,30.0,0.0,10110110,94.59,0,0.0,0.00,989.4,94.06,99.2,0.0, , 
,95.12,0,30.0,0.0,10110110,95.38,0,0.0,0.00,989.4,94.85,99.2,0.0, , 
,95.92,0,30.0,0.0,10110110,96.18,0,0.0,0.00,989.4,95.65,99.2,0.0, , 
,96.71,0,30.0,0.0,10110110,96.98,0,0.0,0.00,989.4,96.45,99.2,0.0, , 
,97.51,0,30.0,0.0,10110110,97.77,0,0.0,0.00,989.4,97.24,99.2,0.0, , 
,98.31,0,30.0,0.0,10110110,98.58,0,0.0,0.00,989.4,98.04,99.2,0.0, , 
,99.12,0,30.0,0.0,10110110,99.38,0,0.0,0.00,989.4,98.85,99.2,0.0, , 
,99.91,0,30.0,0.0,10110110,100.18,0,0.0,0.00,989.4,99.65,99.2,0.0, , 
,100.71,0,30.0,0.0,10110110,100.98,0,0.0,0.00,989.4,100.45,99.2,0.0, , 
,101.53,0,30.0,0.0,10110110,101.80,0,0.0,0.00,989.4,101.25,99.2,0.0, , 
,102.36,0,30.0,0.0,10110110,102.64,0,0.0,0.00,989.4,102.08,99.2,0.0, , 
,103.19,0,30.0,0.0,10110110,103.46,0,0.0,0.00,989.4,102.91,99.2,0.0, , 
,103.99,0,30.0,0.0,10110110,104.26,0,0.0,0.00,989.4,103.73,99.2,0.0, , 
,104.79,0,30.0,0.0,10110110,105.06,0,0.0,0.00,989.4,104.53,99.2,0.0, , 
,105.59,0,30.0,0.0,10110110,105.85,0,0.0,0.00,989.4,105.32,99.2,0.0, , 
,106.38,0,30.0,0.0,10110110,106.65,0,0.0,0.00,989.4,106.12,99.2,0.0, , 
,107.19,0,30.0,0.0,10110110,107.47,0,0.0,0.00,989.4,106.92,99.2,0.0, , 
,108.01,0,30.0,0.0,10110110,108.28,0,0.0,0.00,989.4,107.75,99.2,0.0, , 
,108.81,0,30.0,0.0,10110110,109.08,0,0.0,0.00,989.4,108.54,99.2,0.0, , 
,109.62,0,30.0,0.0,10110110,109.89,0,0.0,0.00,989.4,109.35,99.2,0.0, , 
,110.42,0,30.0,0.0,10110110,110.68,0,0.0,0.00,989.4,110.15,99.2,0.0, , 
,111.22,0,30.0,0.0,10110110,111.49,0,0.0,0.00,989.4,110.95,99.2,0.0, , 
,112.04,0,30.0,0.0,10110110,112.31,0,0.0,0.00,989.4,111.77,99.2,0.0, , 
,112.86,0,30.0,0.0,10110110,113.14,0,0.0,0.00,989.4,112.58,99.2,0.0, , 
,113.67,0,30.0,0.0,10110110,113.93,0,0.0,0.00,989.4,113.40,99.2,0.0, , 
,114.47,0,30.0,0.0,10110110,114.74,0,0.0,0.00,989.4,114.20,99.2,0.0, , 
,115.28,0,30.0,0.0,10110110,115.54,0,0.0,0.00,989.4,115.01,99.2,0.0, , 
,116.07,0,30.0,0.0,10110110,116.34,0,0.0,0.00,989.4,115.81,99.2,0.0, , 
,116.87,0,30.0,0.0,10110110,117.14,0,0.0,0.00,989.4,116.60,99.2,0.0, , 
,117.67,0,30.0,0.0,10110110,117.93,0,0.0,0.00,989.4,117.40,99.2,0.0, , 
,118.47,0,30.0,0.0,10110110,118.74,0,0.0,0.00,989.4,118.20,99.2,0.0, , 
,119.29,0,30.0,0.0,10110110,119.56,0,0.0,0.00,989.4,119.02,99.2,0.0, , 
,120.09,0,30.0,0.0,10110110,120.35,0,0.0,0.00,989.4,119.82,99.2,0.0, , 
,120.88,0,30.0,0.0,10110110,121.16,0,0.0,0.00,989.4,120.62,99.2,0.0, , 
,121.72,0,30.0,0.0,10110110,122.00,0,0.0,0.00,989.4,121.44,99.2,0.0, , 
,122.52,0,30.0,0.0,10110110,122.79,0,0.0,0.00,989.4,122.26,99.2,0.0, , 
,123.32,0,30.0,0.0,10110110,123.59,0,0.0,0.00,989.4,123.06,99.2,0.0, , 
,124.14,0,30.0,0.0,10110110,124.40,0,0.0,0.00,989.4,123.86,99.2,0.0, , 
,124.93,0,30.0,0.0,10110110,125.20,0,0.0,0.00,989.4,124.67,99.2,0.0, , 
,125.73,0,30.0,0.0,10110110,126.00,0,0.0,0.00,989.4,125.46,99.2,0.0, , 
,126.53,0,30.0,0.0,10110110,126.79,0,0.0,0.00,989.4,126.26,99.2,0.0, , 
,127.32,0,30.0,0.0,10110110,127.59,0,0.0,0.00,989.4,127.06,99.2,0.0, , 
,128.12,0,30.0,0.0,10110110,128.39,0,0.0,0.00,989.4,127.85,99.2,0.0, , 
,128.92,0,30.0,0.0,10110110,129.19,0,0.0,0.00,989.4,128.65,99.2,0.0, , 
,129.74,0,30.0,0.0,10110110,130.01,0,0.0,0.00,989.4,129.47,99.2,0.0, , 
,130.54,0,30.0,0.0,10110110,130.81,0,0.0,0.00,989.4,130.28,99.2,0.0, , 
,131.34,0,30.0,0.0,10110110,131.60,0,0.0,0.00,989.4,131.07,99.2,0.0, , 
,132.14,0,30.0,0.0,10110110,132.40,0,0.0,0.00,989.4,131.87,99.2,0.0, , 
,132.93,0,30.0,0.0,10110110,133.20,0,0.0,0.00,989.4,132.67,99.2,0.0, , 
,133.74,0,30.0,0.0,10110110,134.01,0,0.0,0.00,989.4,133.47,99.2,0.0, , 
,134.54,0,30.0,0.0,10110110,134.81,0,0.0,0.00,989.4,134.28,99.2,0.0, , 
,135.34,0,30.0,0.0,10110110,135.60,0,0.0,0.00,989.4,135.07,99.2,0.0, , 
,136.14,0,30.0,0.0,10110110,136.40,0,0.0,0.00,989.4,135.87,99.2,0.0, , 
,136.93,0,30.0,0.0,10110110,137.20,0,0.0,0.00,989.4,136.67,99.2,0.0, , 
,137.73,0,30.0,0.0,10110110,138.00,0,0.0,0.00,989.4,137.46,99.2,0.0, , 
,138.53,0,30.0,0.0,10110110,138.79,0,0.0,0.00,989.4,138.26,99.2,0.0, , 
,139.32,0,30.0,0.0,10110110,139.59,0,0.0,0.00,989.4,139.06,99.2,0.0, , 
,140.12,0,30.0,0.0,10110110,140.39,0,0.0,0.00,989.4,139.85,99.2,0.0, , 
,140.92,0,30.0,0.0,10110110,141.18,0,0.0,0.00,989.4,140.65,99.2,0.0, , 
,141.71,0,30.0,0.0,10110110,141.98,0,0.0,0.00,989.4,141.45,99.2,0.0, , 
,142.51,0,30.0,0.0,10110110,142.78,0,0.0,0.00,989.4,142.25,99.2,0.0, , 
,143.31,0,30.0,0.0,10110110,143.58,0,0.0,0.00,989.4,143.04,99.2,0.0, , 
,144.13,0,30.0,0.0,10110110,144.40,0,0.0,0.00,989.4,143.86,99.2,0.0, , 
,144.93,0,30.0,0.0,10110110,145.20,0,0.0,0.00,989.4,144.67,99.2,0.0, , 
,145.73,0,30.0,0.0,10110110,146.00,0,0.0,0.00,989.4,145.46,99.2,0.0, , 
,146.53,0,30.0,0.0,10110110,146.79,0,0.0,0.00,989.4,146.26,99.2,0.0, , 
,147.32,0,30.0,0.0,10110110,147.59,0,0.0,0.00,989.4,147.06,99.2,0.0, , 
,148.12,0,30.0,0.0,10110110,148.38,0,0.0,0.00,989.4,147.86,99.2,0.0, , 
,148.92,0,30.0,0.0,10110110,149.19,0,0.0,0.00,989.4,148.65,99.2,0.0, , 
,149.74,0,30.0,0.0,10110110,150.01,0,0.0,0.00,989.4,149.47,99.2,0.0, , 
,150.54,0,30.0,0.0,10110110,150.81,0,0.0,0.00,989.4,150.28,99.2,0.0, , 
,151.35,0,30.0,0.0,10110110,151.62,0,0.0,0.00,989.4,151.08,99.2,0.0, , 
,152.15,0,30.0,0.0,10110110,152.42,0,0.0,0.00,989.4,151.89,99.2,0.0, , 
,152.95,0,30.0,0.0,10110110,153.22,0,0.0,0.00,989.4,152.68,99.2,0.0, , 
,153.76,0,30.0,0.0,10110110,154.03,0,0.0,0.00,989.4,153.50,99.2,0.0, , 
,154.57,0,30.0,0.0,10110110,154.84,0,0.0,0.00,989.4,154.30,99.2,0.0, , 
,155.37,0,30.0,0.0,10110110,155.63,0,0.0,0.00,989.4,155.10,99.2,0.0, , 
,156.17,0,30.0,0.0,10110110,156.43,0,0.0,0.00,989.4,155.90,99.2,0.0, , 
,156.96,0,30.0,0.0,10110110,157.23,0,0.0,0.00,989.4,156.70,99.2,0.0, , 
,157.76,0,30.0,0.0,10110110,158.03,0,0.0,0.00,989.4,157.50,99.2,0.0, , 
,158.56,0,30.0,0.0,10110110,158.83,0,0.0,0.00,989.4,158.29,99.2,0.0, , 
,159.37,0,30.0,0.0,10110110,159.63,0,0.0,0.00,989.4,159.11,99.2,0.0, , 
,160.17,0,30.0,0.0,10110110,160.43,0,0.0,0.00,989.4,159.90,99.2,0.0, , 
,160.96,0,30.0,0.0,10110110,161.23,0,0.0,0.00,989.4,160.70,99.2,0.0, , 
,161.76,0,30.0,0.0,10110110,162.03,0,0.0,0.00,989.4,161.50,99.2,0.0, , 
,162.56,0,30.0,0.0,10110110,162.82,0,0.0,0.00,989.4,162.29,99.2,0.0, , 
,163.35,0,30.0,0.0,10110110,163.62,0,0.0,0.00,989.4,163.09,99.2,0.0, , 
,164.15,0,30.0,0.0,10110110,164.42,0,0.0,0.00,989.4,163.88,99.2,0.0, , 
,164.96,0,30.0,0.0,10110110,165.23,0,0.0,0.00,989.4,164.69,99.2,0.0, , 
,165.77,0,30.0,0.0,10110110,166.04,0,0.0,0.00,989.4,165.50,99.2,0.0, , 
,166.57,0,30.0,0.0,10110110,166.84,0,0.0,0.00,989.4,166.31,99.2,0.0, , 
,167.37,0,30.0,0.0,10110110,167.64,0,0.0,0.00,989.4,167.11,99.2,0.0, , 
,168.17,0,30.0,0.0,10110110,168.44,0,0.0,0.00,989.4,167.90,99.2,0.0, , 
,169.00,0,30.0,0.0,10110110,169.26,0,0.0,0.00,989.4,168.72,99.2,0.0, , 
,169.79,0,30.0,0.0,10110110,170.06,0,0.0,0.00,989.4,169.53,99.2,0.0, , 
,170.59,0,30.0,0.0,10110110,170.86,0,0.0,0.00,989.4,170.32,99.2,0.0, , 
,171.39,0,30.0,0.0,10110110,171.65,0,0.0,0.00,989.4,171.12,99.2,0.0, , 
,172.18,0,30.0,0.0,10110110,172.45,0,0.0,0.00,989.4,171.92,99.2,0.0, , 
,172.98,0,30.0,0.0,10110110,173.25,0,0.0,0.00,989.4,172.71,99.2,0.0, , 
,173.77,0,30.0,0.0,10110110,174.04,0,0.0,0.00,989.4,173.51,99.2,0.0, , 
,174.58,0,30.0,0.0,10110110,174.86,0,0.0,0.00,989.4,174.31,99.2,0.0, , 
,175.41,0,30.0,0.0,10110110,175.68,0,0.0,0.00,989.4,175.14,99.2,0.0, , 
,176.21,0,30.0,0.0,10110110,176.48,0,0.0,0.00,989.4,175.95,99.2,0.0, , 
,177.01,0,30.0,0.0,10110110,177.28,0,0.0,0.00,989.4,176.75,99.2,0.0, , 
,177.81,0,30.0,0.0,10110110,178.07,0,0.0,0.00,989.4,177.54,99.2,0.0, , 
,178.61,0,30.0,0.0,10110110,178.87,0,0.0,0.00,989.4,178.34,99.2,0.0, , 
,179.41,0,30.0,0.0,10110110,179.68,0,0.0,0.00,989.4,179.14,99.2,0.0, , 
,180.21,0,30.0,0.0,10110110,180.48,0,0.0,0.00,989.4,179.95,99.2,0.0, , 
,181.01,0,30.0,0.0,10110110,181.27,0,0.0,0.00,989.4,180.74,99.2,0.0, , 
,181.81,0,30.0,0.0,10110110,182.07,0,0.0,0.00,989.4,181.54,99.2,0.0, , 
,182.60,0,30.0,0.0,10110110,182.87,0,0.0,0.00,989.4,182.34,99.2,0.0, , 
,183.40,0,30.0,0.0,10110110,183.67,0,0.0,0.00,989.4,183.14,99.2,0.0, , 
,184.20,0,30.0,0.0,10110110,184.46,0,0.0,0.00,989.4,183.93,99.2,0.0, , 
,185.00,0,30.0,0.0,10110110,185.26,0,0.0,0.00,989.4,184.73,99.2,0.0, , 
,185.79,0,30.0,0.0,10110110,186.06,0,0.0,0.00,989.4,185.53,99.2,0.0, , 
,186.59,0,30.0,0.0,10110110,186.86,0,0.0,0.00,989.4,186.32,99.2,0.0, , 
,187.39,0,30.0,0.0,10110110,187.65,0,0.0,0.00,989.4,187.12,99.2,0.0, , 
,188.18,0,30.0,0.0,10110110,188.45,0,0.0,0.00,989.4,187.92,99.2,0.0, , 
,188.98,0,30.0,0.0,10110110,189.25,0,0.0,0.00,989.4,188.71,99.2,0.0, , 
,189.78,0,30.0,0.0,10110110,190.04,0,0.0,0.00,989.4,189.51,99.2,0.0, , 
,190.57,0,30.0,0.0,10110110,190.84,0,0.0,0.00,989.4,190.31,99.2,0.0, , 
,191.37,0,30.0,0.0,10110110,191.63,0,0.0,0.00,989.4,191.10,99.2,0.0, , 
,192.17,0,30.0,0.0,10110110,192.44,0,0.0,0.00,989.4,191.90,99.2,0.0, , 
,192.98,0,30.0,0.0,10110110,193.25,0,0.0,0.00,989.4,192.72,99.2,0.0, , 
,193.78,0,30.0,0.0,10110110,194.05,0,0.0,0.00,989.4,193.51,99.2,0.0, , 
,194.59,0,30.0,0.0,10110110,194.85,0,0.0,0.00,989.4,194.32,99.2,0.0, , 
,195.38,0,30.0,0.0,10110110,195.65,0,0.0,0.00,989.4,195.12,99.2,0.0, , 
,196.18,0,30.0,0.0,10110110,196.45,0,0.0,0.00,989.4,195.92,99.2,0.0, , 
,196.98,0,30.0,0.0,10110110,197.24,0,0.0,0.00,989.4,196.71,99.2,0.0, , 
,197.78,0,30.0,0.0,10110110,198.05,0,0.0,0.00,989.4,197.51,99.2,0.0, , 
,198.61,0,30.0,0.0,10110110,198.89,0,0.0,0.00,989.4,198.33,99.2,0.0, , 
,199.44,0,30.0,0.0,10110110,199.72,0,0.0,0.00,989.4,199.16,99.2,0.0, , 
,200.26,0,30.0,0.0,10110110,200.53,0,0.0,0.00,989.4,200.00,99.2,0.0, , 
,201.07,0,30.0,0.0,10110110,201.34,0,0.0,0.00,989.4,200.80,99.2,0.0, , 
,201.87,0,30.0,0.0,10110110,202.14,0,0.0,0.00,989.4,201.60,99.2,0.0, , 
,202.67,0,30.0,0.0,10110110,202.93,0,0.0,0.00,989.4,202.40,99.2,0.0, , 
,203.47,0,30.0,0.0,10110110,203.75,0,0.0,0.00,989.4,203.20,99.2,0.0, , 
,204.28,0,30.0,0.0,10110110,204.54,0,0.0,0.00,989.4,204.01,99.2,0.0, , 
,205.07,0,30.0,0.0,10110110,205.34,0,0.0,0.00,989.4,204.81,99.2,0.0, , 
,205.88,0,30.0,0.0,10110110,206.16,0,0.0,0.00,989.4,205.60,99.2,0.0, , 
,206.70,0,30.0,0.0,10110110,206.97,0,0.0,0.00,989.4,206.43,99.2,0.0, , 
,207.51,0,30.0,0.0,10110110,207.78,0,0.0,0.00,989.4,207.25,99.2,0.0, , 
,208.33,0,30.0,0.0,10110110,208.61,0,0.0,0.00,989.4,208.05,99.2,0.0, , 
,209.14,0,30.0,0.0,10110110,209.40,0,0.0,0.00,989.4,208.87,99.2,0.0, , 
,209.94,0,30.0,0.0,10110110,210.22,0,0.0,0.00,989.4,209.67,99.2,0.0, , 
,210.75,0,30.0,0.0,10110110,211.01,0,0.0,0.00,989.4,210.48,99.2,0.0, , 
,211.54,0,30.0,0.0,10110110,211.81,0,0.0,0.00,989.4,211.28,99.2,0.0, , 
,212.34,0,30.0,0.0,10110110,212.61,0,0.0,0.00,989.4,212.07,99.2,0.0, , 
,213.14,0,30.0,0.0,10110110,213.41,0,0.0,0.00,989.4,212.87,99.2,0.0, , 
,213.95,0,30.0,0.0,10110110,214.21,0,0.0,0.00,989.4,213.68,99.2,0.0, , 
,214.75,0,30.0,0.0,10110110,215.02,0,0.0,0.00,989.4,214.48,99.2,0.0, , 
,215.56,0,30.0,0.0,10110110,215.82,0,0.0,0.00,989.4,215.29,99.2,0.0, , 
,216.35,0,30.0,0.0,10110110,216.63,0,0.0,0.00,989.4,216.09,99.2,0.0, , 
,217.17,0,30.0,0.0,10110110,217.43,0,0.0,0.00,989.4,216.90,99.2,0.0, , 
,217.97,0,30.0,0.0,10110110,218.23,0,0.0,0.00,989.4,217.70,99.2,0.0, , 
,218.77,0,30.0,0.0,10110110,219.04,0,0.0,0.00,989.4,218.50,99.2,0.0, , 
,219.58,0,30.0,0.0,10110110,219.86,0,0.0,0.00,989.4,219.31,99.2,0.0, , 
,220.39,0,30.0,0.0,10110110,220.65,0,0.0,0.00,989.4,220.12,99.2,0.0, , 
,221.19,0,30.0,0.0,10110110,221.47,0,0.0,0.00,989.4,220.92,99.2,0.0, , 
,222.00,0,30.0,0.0,10110110,222.26,0,0.0,0.00,989.4,221.73,99.2,0.0, , 
,222.79,0,30.0,0.0,10110110,223.06,0,0.0,0.00,989.4,222.53,99.2,0.0, , 
,223.59,0,30.0,0.0,10110110,223.86,0,0.0,0.00,989.4,223.32,99.2,0.0, , 
,224.39,0,30.0,0.0,10110110,224.66,0,0.0,0.00,989.4,224.12,99.2,0.0, , 
,225.22,0,30.0,0.0,10110110,225.48,0,0.0,0.00,989.4,224.94,99.2,0.0, , 
,226.01,0,30.0,0.0,10110110,226.28,0,0.0,0.00,989.4,225.75,99.2,0.0, , 
,226.82,0,30.0,0.0,10110110,227.09,0,0.0,0.00,989.4,226.55,99.2,0.0, , 
,227.62,0,30.0,0.0,10110110,227.89,0,0.0,0.00,989.4,227.35,99.2,0.0, , 
,228.42,0,30.0,0.0,10110110,228.68,0,0.0,0.00,989.4,228.15,99.2,0.0, , 
,229.22,0,30.0,0.0,10110110,229.50,0,0.0,0.00,989.4,228.95,99.2,0.0, , 
,230.03,0,30.0,0.0,10110110,230.29,0,0.0,0.00,989.4,229.76,99.2,0.0, , 
,230.82,0,30.0,0.0,10110110,231.09,0,0.0,0.00,989.4,230.56,99.2,0.0, , 
,231.63,0,30.0,0.0,10110110,231.91,0,0.0,0.00,989.4,231.35,99.2,0.0, , 
,232.45,0,30.0,0.0,10110110,232.71,0,0.0,0.00,989.4,232.18,99.2,0.0, , 
,233.24,0,30.0,0.0,10110110,233.51,0,0.0,0.00,989.4,232.98,99.2,0.0, , 
,234.04,0,30.0,0.0,10110110,234.31,0,0.0,0.00,989.4,233.78,99.2,0.0, , 
,234.86,0,30.0,0.0,10110110,235.12,0,0.0,0.00,989.4,234.58,99.2,0.0, , 
,235.66,0,30.0,0.0,10110110,235.94,0,0.0,0.00,989.4,235.39,99.2,0.0, , 
,236.48,0,30.0,0.0,10110110,236.75,0,0.0,0.00,989.4,236.21,99.2,0.0, , 
,237.28,0,30.0,0.0,10110110,237.54,0,0.0,0.00,989.4,237.01,99.2,0.0, , 
,238.07,0,30.0,0.0,10110110,238.34,0,0.0,0.00,989.4,237.81,99.2,0.0, , 
,238.87,0,30.0,0.0,10110110,239.14,0,0.0,0.00,989.4,238.61,99.2,0.0, , 
,239.67,0,30.0,0.0,10110110,239.94,0,0.0,0.00,989.4,239.40,99.2,0.0, , 
,240.48,0,30.0,0.0,10110110,240.74,0,0.0,0.00,989.4,240.22,99.2,0.0, , 
,241.28,0,30.0,0.0,10110110,241.54,0,0.0,0.00,989.4,241.01,99.2,0.0, , 
,242.07,0,30.0,0.0,10110110,242.34,0,0.0,0.00,989.4,241.81,99.2,0.0, , 
,242.87,0,30.0,0.0,10110110,243.14,0,0.0,0.00,989.4,242.60,99.2,0.0, , 
,243.69,0,30.0,0.0,10110110,243.97,0,0.0,0.00,989.4,243.41,99.2,0.0, , 
,244.51,0,30.0,0.0,10110110,244.78,0,0.0,0.00,989.4,244.25,99.2,0.0, , 
,245.32,0,30.0,0.0,10110110,245.59,0,0.0,0.00,989.4,245.05,99.2,0.0, , 
,246.13,0,30.0,0.0,10110110,246.40,0,0.0,0.00,989.4,245.85,99.2,0.0, , 
,246.93,0,30.0,0.0,10110110,247.20,0,0.0,0.00,989.4,246.67,99.2,0.0, , 
,247.73,0,30.0,0.0,10110110,247.99,0,0.0,0.00,989.4,247.46,99.2,0.0, , 
,248.55,0,30.0,0.0,10110110,248.83,0,0.0,0.00,989.4,248.27,99.2,0.0, , 
,249.35,0,30.0,0.0,10110110,249.62,0,0.0,0.00,989.4,249.09,99.2,0.0, , 
,250.15,0,30.0,0.0,10110110,250.42,0,0.0,0.00,989.4,249.89,99.2,0.0, , 
,250.97,0,30.0,0.0,10110110,251.23,0,0.0,0.00,989.4,250.69,99.2,0.0, , 
,251.76,0,30.0,0.0,10110110,252.03,0,0.0,0.00,989.4,251.50,99.2,0.0, , 
,252.56,0,30.0,0.0,10110110,252.83,0,0.0,0.00,989.4,252.29,99.2,0.0, , 
,253.38,0,30.0,0.0,10110110,253.65,0,0.0,0.00,989.4,253.10,99.2,0.0, , 
,254.18,0,30.0,0.0,10110110,254.45,0,0.0,0.00,989.4,253.92,99.2,0.0, , 
,254.98,0,30.0,0.0,10110110,255.25,0,0.0,0.00,989.4,254.71,99.2,0.0, , 
,255.78,0,30.0,0.0,10110110,256.04,0,0.0,0.00,989.4,255.51,99.2,0.0, , 
,256.58,0,30.0,0.0,10110110,256.84,0,0.0,0.00,989.4,256.31,99.2,0.0, , 
,257.38,0,30.0,0.0,10110110,257.65,0,0.0,0.00,989.4,257.10,99.2,0.0, , 
,258.18,0,30.0,0.0,10110110,258.45,0,0.0,0.00,989.4,257.92,99.2,0.0, , 
,258.99,0,30.0,0.0,10110110,259.26,0,0.0,0.00,989.4,258.71,99.2,0.0, , 
,259.80,0,30.0,0.0,10110110,260.07,0,0.0,0.00,989.4,259.53,99.2,0.0, , 
,260.61,0,30.0,0.0,10110110,260.87,0,0.0,0.00,989.4,260.34,99.2,0.0, , 
,261.40,0,30.0,0.0,10110110,261.67,0,0.0,0.00,989.4,261.14,99.2,0.0, , 
,262.20,0,30.0,0.0,10110110,262.46,0,0.0,0.00,989.4,261.93,99.2,0.0, , 
,263.00,0,30.0,0.0,10110110,263.26,0,0.0,0.00,989.4,262.73,99.2,0.0, , 
,263.80,0,30.0,0.0,10110110,264.07,0,0.0,0.00,989.4,263.53,99.2,0.0, , 
,264.61,192,30.0,0.0,10110110,264.87,192,100.0,51.50,989.4,264.34,99.2,0.0, , 
,265.53,1376,30.0,0.0,10110110,265.86,1280,42.7,8.24,499.8,265.19,0.0,0.0, , 
,266.53,1216,30.0,0.0,10110110,266.86,1184,40.0,7.21,459.0,266.19,0.0,0.0, , 
,267.51,1184,30.0,0.0,10110110,267.84,1152,41.2,7.21,479.4,267.18,0.0,0.0, , 
,268.47,1152,30.0,0.0,10110110,268.80,1152,41.2,7.21,479.4,268.15,0.0,0.0, , 
,269.42,1152,30.0,0.0,10110110,269.74,1152,40.0,7.21,459.0,269.11,0.0,0.0, , 
,270.41,1120,30.0,0.0,10110110,270.75,1152,40.0,6.18,459.0,270.07,0.0,0.0, , 
,271.38,1120,30.0,0.0,10110110,271.70,1120,38.4,6.18,459.0,271.06,0.0,0.0, , 
,272.37,1120,30.0,0.0,10110110,272.69,1120,38.4,6.18,459.0,272.03,0.0,0.0, , 
,273.38,1120,30.0,0.0,10110110,273.73,1120,40.0,6.18,459.0,273.02,0.0,0.0, , 
,274.44,1280,30.0,0.0,10100010,274.75,1472,38.4,6.18,459.0,274.05,0.0,0.0, , 
,275.39,1088,30.0,0.0,10100010,275.72,1024,41.2,6.18,479.4,275.08,0.0,0.0, , 
,276.38,1152,30.0,0.0,10100010,276.73,1184,35.3,5.15,438.6,276.05,0.0,0.0, , 
,277.35,1184,28.5,0.0,10100010,277.72,1184,35.3,5.15,438.6,277.03,0.0,0.0, , 
,278.37,1216,28.5,0.0,10110110,278.71,1024,34.1,5.15,418.2,278.05,0.0,0.0, , 
,279.38,1056,28.5,0.0,10110110,279.70,1088,35.3,5.15,418.2,279.04,0.0,0.0, , 
,280.37,1056,28.5,0.0,10110110,280.69,1088,35.3,5.15,418.2,280.02,0.0,0.0, , 
,281.33,1216,28.5,0.0,10100010,281.63,1120,42.7,6.18,479.4,280.99,0.0,0.0, , 
,282.30,1280,28.5,0.0,10100010,282.68,1440,42.7,6.18,499.8,281.95,0.0,0.0, , 
,283.33,1184,28.5,0.0,10100010,283.65,1056,54.5,9.27,612.0,283.01,0.0,0.0, , 
,284.29,1184,28.5,0.0,10100010,284.61,1280,38.4,4.12,459.0,283.98,0.0,0.0, , 
,285.26,1376,28.5,0.0,10110110,285.58,1184,36.9,5.15,438.6,284.93,0.0,0.0, , 
,286.23,1088,28.5,0.0,10110110,286.55,1088,42.7,6.18,499.8,285.91,0.0,0.0, , 
,287.21,1088,28.5,0.0,10110110,287.54,1088,45.9,6.18,520.2,286.88,0.0,0.0, , 
,288.16,1056,28.5,0.0,10110110,288.48,1088,45.9,6.18,520.2,287.86,0.0,0.0, , 
,289.11,1088,28.5,0.0,10110110,289.42,1088,45.9,6.18,520.2,288.80,0.0,0.0, , 
,290.07,1056,28.5,0.0,10100010,290.38,1056,47.1,6.18,550.8,289.73,0.0,0.0, , 
,291.03,992,28.5,0.0,10100010,291.35,1024,51.8,7.21,591.6,290.72,0.0,0.0, , 
,292.01,1088,28.5,0.0,10110110,292.33,1120,47.1,6.18,550.8,291.69,0.0,0.0, , 
,293.01,1088,28.5,0.0,10110110,293.35,1056,47.1,6.18,550.8,292.66,0.0,0.0, , 
,293.99,1088,28.5,0.0,10110110,294.34,1088,47.1,6.18,550.8,293.67,0.0,0.0, , 
,294.98,1088,28.5,0.0,10110110,295.29,1088,45.9,6.18,520.2,294.65,0.0,0.0, , 
,295.97,1088,28.5,0.0,10110110,296.26,1088,44.3,6.18,499.8,295.63,0.0,0.0, , 
,296.84,1024,28.5,0.0,10100010,297.14,992,47.1,6.18,550.8,296.58,0.0,0.0, , 
,297.78,1088,28.5,0.0,10100010,298.09,1088,48.6,6.18,550.8,297.45,0.0,0.0, , 
,298.75,1120,30.0,0.0,10100010,299.10,1344,44.3,4.12,520.2,298.41,0.0,0.0, , 
,299.77,1152,30.0,0.0,10110110,300.08,1056,41.2,6.18,479.4,299.45,0.0,0.0, , 
,300.69,1088,30.0,0.0,10110110,301.04,1088,42.7,5.15,499.8,300.38,0.0,0.0, , 
,301.64,1184,30.0,0.0,10100010,301.98,1440,40.0,5.15,459.0,301.33,0.0,0.0, , 
,302.67,1312,30.0,2.7,10101010,303.03,1216,45.9,6.18,520.2,302.33,0.0,0.0, , 
,303.72,1216,30.0,10.5,10111110,304.06,1408,36.9,3.09,438.6,303.36,0.0,0.0, , 
,304.72,992,30.0,0.0,10111110,305.05,1056,47.1,7.21,550.8,304.38,0.0,0.0, , 
,305.67,1056,30.0,0.0,10111110,305.99,1056,47.1,6.18,550.8,305.36,0.0,0.0, , 
,306.66,1056,30.0,3.1,10111110,307.01,1088,47.1,7.21,550.8,306.32,0.0,0.0, , 
,307.70,1120,30.0,5.9,10111110,308.05,1120,47.1,7.21,550.8,307.35,0.0,0.0, , 
,308.72,1088,30.0,7.4,10111110,309.03,1056,44.3,6.18,499.8,308.38,0.0,0.0, , 
,309.65,1088,30.0,9.8,10101010,309.99,1216,44.3,6.18,499.8,309.34,0.0,0.0, , 
,310.65,1280,31.5,9.4,10101010,310.98,1216,41.2,6.18,479.4,310.34,0.0,0.0, , 
,311.69,1280,30.0,7.0,10101010,312.03,1312,36.9,5.15,438.6,311.32,0.0,0.0, , 
,312.77,1376,31.5,4.3,10111110,313.13,1376,32.5,4.12,397.8,312.39,0.0,0.0, , 
,313.77,1088,31.5,0.0,10111110,314.11,1088,41.2,6.18,479.4,313.47,0.0,0.0, , 
,314.74,1056,31.5,-0.4,10111110,315.05,1056,41.2,6.18,479.4,314.42,0.0,0.0, , 
,315.75,1408,31.5,0.0,10101010,316.12,1344,36.9,5.15,438.6,315.39,0.0,0.0, , 
,316.79,1120,31.5,4.3,10101010,317.13,1248,42.7,6.18,499.8,316.48,0.0,0.0, , 
,317.82,1312,31.5,0.0,10111110,318.16,1024,38.4,5.15,438.6,317.49,0.0,0.0, , 
,318.85,1056,33.0,0.0,10111110,319.17,1056,41.2,6.18,499.8,318.52,0.0,0.0, , 
,319.82,1024,33.0,0.8,10111110,320.15,1024,42.7,6.18,499.8,319.52,0.0,0.0, , 
,320.78,1024,33.0,3.5,10111110,321.10,1056,42.7,6.18,499.8,320.46,0.0,0.0, , 
,321.78,1056,33.0,5.9,10111110,322.10,1056,41.2,6.18,499.8,321.44,0.0,0.0, , 
,322.76,1056,33.0,5.9,10111110,323.07,1056,41.2,6.18,479.4,322.43,0.0,0.0, , 
,323.75,1056,33.0,5.5,10111110,324.06,1024,41.2,6.18,499.8,323.41,0.0,0.0, , 
,324.66,1024,33.0,5.5,10111110,325.01,1024,41.2,6.18,499.8,324.36,0.0,0.0, , 
,325.63,1056,33.0,5.5,10111110,325.96,1024,41.2,5.15,479.4,325.33,0.0,0.0, , 
,326.61,1024,33.0,5.5,10111110,326.92,1024,40.0,5.15,479.4,326.27,0.0,0.0, , 
,327.51,1024,34.5,5.1,10111110,327.82,1024,38.4,5.15,479.4,327.22,0.0,0.0, , 
,328.49,1024,34.5,4.7,10111110,328.83,992,38.4,5.15,459.0,328.16,0.0,0.0, , 
,329.44,992,34.5,4.3,10111110,329.76,992,38.4,5.15,459.0,329.09,0.0,0.0, , 
,330.42,992,34.5,3.5,10111110,330.74,992,38.4,5.15,459.0,330.07,0.0,0.0, , 
,331.35,992,34.5,3.5,10111110,331.63,992,38.4,5.15,459.0,331.09,0.0,0.0, , 
,332.17,992,34.5,3.5,10111110,332.44,992,38.4,5.15,459.0,331.90,0.0,0.0, , 
,332.99,992,34.5,3.5,10111110,333.26,992,36.9,5.15,459.0,332.71,0.0,0.0, , 
,333.95,992,34.5,3.5,10111110,334.31,992,38.4,5.15,459.0,333.61,0.0,0.0, , 
,334.86,992,34.5,3.5,10111110,335.13,960,36.9,5.15,459.0,334.59,0.0,0.0, , 
,335.78,960,36.0,3.5,10111110,336.15,960,36.9,5.15,459.0,335.48,0.0,0.0, , 
,336.80,960,36.0,3.5,10111110,337.08,960,36.9,5.15,459.0,336.44,0.0,0.0, , 
,337.74,960,36.0,3.5,10111110,338.04,960,38.4,5.15,459.0,337.41,0.0,0.0, , 
,338.68,960,36.0,3.9,10111110,339.02,960,38.4,5.15,479.4,338.39,0.0,0.0, , 
,339.63,992,36.0,4.3,10111110,339.99,960,40.0,5.15,479.4,339.36,0.0,0.0, , 
,340.68,992,36.0,4.7,10111110,341.03,928,40.0,5.15,479.4,340.35,0.0,0.0, , 
,341.65,960,36.0,5.1,10111110,342.00,960,38.4,5.15,479.4,341.33,0.0,0.0, , 
,342.65,960,36.0,5.1,10111110,342.96,960,38.4,5.15,479.4,342.29,0.0,0.0, , 
,343.59,960,36.0,5.1,10111110,343.95,960,38.4,5.15,479.4,343.32,0.0,0.0, , 
,344.51,992,36.0,4.7,10111110,344.87,960,38.4,5.15,479.4,344.24,0.0,0.0, , 
,345.51,960,36.0,4.7,10111110,345.83,960,38.4,5.15,479.4,345.16,0.0,0.0, , 
,346.42,960,37.5,4.3,10111110,346.73,960,40.0,5.15,479.4,346.11,0.0,0.0, , 
,347.41,960,37.5,4.7,10111110,347.76,960,40.0,5.15,479.4,347.08,0.0,0.0, , 
,348.38,960,37.5,5.1,10111110,348.67,960,40.0,5.15,479.4,348.09,0.0,0.0, , 
,349.34,960,37.5,5.1,10111110,349.65,960,40.0,5.15,479.4,348.99,0.0,0.0, , 
,350.28,960,37.5,5.1,10111110,350.62,928,40.0,5.15,479.4,349.98,0.0,0.0, , 
,351.26,960,37.5,4.7,10111110,351.55,928,40.0,5.15,479.4,350.94,0.0,0.0, , 
,352.22,928,37.5,4.3,10111110,352.52,960,40.0,5.15,479.4,351.89,0.0,0.0, , 
,353.16,928,37.5,4.3,10111110,353.50,928,40.0,5.15,479.4,352.85,0.0,0.0, , 
,354.14,960,37.5,5.1,10111110,354.44,928,38.4,5.15,479.4,353.80,0.0,0.0, , 
,355.11,960,37.5,4.7,10111110,355.40,928,38.4,5.15,479.4,354.79,0.0,0.0, , 
,356.03,928,39.0,4.3,10111110,356.34,928,38.4,5.15,479.4,355.73,0.0,0.0, , 
,356.98,928,39.0,4.3,10111110,357.29,928,38.4,5.15,479.4,356.67,0.0,0.0, , 
,357.90,928,39.0,5.1,10111110,358.22,928,38.4,5.15,479.4,357.59,0.0,0.0, , 
,358.82,928,39.0,4.7,10111110,359.13,928,38.4,5.15,479.4,358.51,0.0,0.0, , 
,359.80,928,39.0,4.7,10111110,360.10,928,38.4,5.15,479.4,359.48,0.0,0.0, , 
,360.75,928,39.0,4.3,10111110,361.06,896,38.4,5.15,479.4,360.44,0.0,0.0, , 
,361.70,928,39.0,4.3,10111110,362.00,928,38.4,5.15,479.4,361.37,0.0,0.0, , 
,362.61,896,39.0,4.7,10111110,362.93,896,38.4,5.15,479.4,362.33,0.0,0.0, , 
,363.58,928,39.0,4.7,10111110,363.88,896,38.4,5.15,479.4,363.24,0.0,0.0, , 
,364.53,896,39.0,4.3,10111110,364.84,928,38.4,5.15,479.4,364.20,0.0,0.0, , 
,365.43,896,39.0,4.3,10111110,365.75,928,38.4,5.15,479.4,365.14,0.0,0.0, , 
,366.37,928,39.0,4.7,10111110,366.69,928,38.4,5.15,479.4,366.06,0.0,0.0, , 
,367.30,928,40.5,4.7,10111110,367.62,928,38.4,5.15,459.0,367.00,0.0,0.0, , 
,368.25,896,40.5,4.3,10111110,368.57,928,38.4,5.15,479.4,367.93,0.0,0.0, , 
,369.23,928,40.5,4.3,10111110,369.55,928,38.4,5.15,479.4,368.88,0.0,0.0, , 
,370.19,928,40.5,4.3,10111110,370.49,928,38.4,5.15,479.4,369.85,0.0,0.0, , 
,371.11,896,40.5,4.3,10111110,371.42,896,38.4,5.15,479.4,370.80,0.0,0.0, , 
,372.04,896,40.5,4.7,10111110,372.36,896,38.4,5.15,479.4,371.75,0.0,0.0, , 
,373.00,928,40.5,4.7,10111110,373.30,928,38.4,5.15,459.0,372.68,0.0,0.0, , 
,373.96,896,40.5,4.7,10111110,374.28,928,38.4,5.15,479.4,373.63,0.0,0.0, , 
,374.90,896,40.5,4.7,10111110,375.21,896,38.4,5.15,479.4,374.59,0.0,0.0, , 
,375.86,896,40.5,4.7,10111110,376.16,928,36.9,5.15,459.0,375.52,0.0,0.0, , 
,376.80,896,40.5,5.1,10111110,377.10,928,38.4,5.15,459.0,376.49,0.0,0.0, , 
,377.73,928,40.5,5.1,10111110,378.05,896,38.4,5.15,459.0,377.42,0.0,0.0, , 
,378.66,928,42.0,5.1,10111110,378.98,896,36.9,5.15,459.0,378.36,0.0,0.0, , 
,379.59,896,42.0,4.7,10111110,379.88,896,36.9,5.15,459.0,379.28,0.0,0.0, , 
,380.49,896,42.0,4.3,10111110,380.80,896,36.9,5.15,459.0,380.18,0.0,0.0, , 
,381.44,896,42.0,4.3,10111110,381.74,928,36.9,5.15,459.0,381.11,0.0,0.0, , 
,382.35,928,42.0,4.7,10111110,382.66,896,36.9,5.15,459.0,382.04,0.0,0.0, , 
,383.27,896,42.0,4.7,10111110,383.62,896,36.9,5.15,459.0,382.95,0.0,0.0, , 
,384.25,896,42.0,4.7,10111110,384.57,896,36.9,5.15,459.0,383.95,0.0,0.0, , 
,385.17,928,42.0,5.1,10111110,385.48,896,36.9,5.15,459.0,384.87,0.0,0.0, , 
,386.11,896,42.0,5.1,10111110,386.41,896,36.9,5.15,459.0,385.79,0.0,0.0, , 
,387.06,896,42.0,5.1,10111110,387.35,896,36.9,5.15,459.0,386.75,0.0,0.0, , 
,388.01,896,42.0,5.5,10111110,388.32,928,36.9,5.15,459.0,387.68,0.0,0.0, , 
,388.92,928,42.0,5.9,10111110,389.23,896,36.9,5.15,459.0,388.61,0.0,0.0, , 
,389.86,928,42.0,5.9,10111110,390.16,896,35.3,5.15,459.0,389.55,0.0,0.0, , 
,390.76,896,43.5,5.5,10111110,391.08,896,35.3,5.15,459.0,390.45,0.0,0.0, , 
,391.69,896,43.5,5.1,10111110,392.02,896,35.3,5.15,459.0,391.38,0.0,0.0, , 
,392.65,896,43.5,4.7,10111110,392.97,896,35.3,5.15,459.0,392.35,0.0,0.0, , 
,393.61,896,43.5,4.7,10111110,393.93,896,35.3,5.15,459.0,393.27,0.0,0.0, , 
,394.56,896,43.5,4.3,10111110,394.88,896,35.3,5.15,438.6,394.24,0.0,0.0, , 
,395.50,896,43.5,4.3,10111110,395.82,896,35.3,5.15,459.0,395.20,0.0,0.0, , 
,396.44,896,43.5,3.9,10111110,396.75,896,35.3,5.15,459.0,396.13,0.0,0.0, , 
,397.35,896,43.5,4.3,10111110,397.67,896,35.3,5.15,459.0,397.04,0.0,0.0, , 
,398.30,896,43.5,4.3,10111110,398.60,896,35.3,5.15,438.6,397.98,0.0,0.0, , 
,399.22,896,43.5,3.9,10111110,399.55,896,35.3,5.15,438.6,398.92,0.0,0.0, , 
,400.18,896,43.5,3.9,10111110,400.50,896,35.3,5.15,438.6,399.87,0.0,0.0, , 
,401.09,896,43.5,3.5,10111110,401.39,896,35.3,5.15,438.6,400.79,0.0,0.0, , 
,402.01,896,43.5,3.5,10111110,402.31,896,34.1,5.15,438.6,401.70,0.0,0.0, , 
,402.90,896,43.5,3.1,10111110,403.20,896,34.1,5.15,438.6,402.61,0.0,0.0, , 
,403.83,864,43.5,3.1,10111110,404.14,896,35.3,5.15,438.6,403.51,0.0,0.0, , 
,404.74,896,45.0,3.1,10111110,405.05,896,34.1,4.12,438.6,404.44,0.0,0.0, , 
,405.65,896,45.0,3.1,10111110,405.97,896,34.1,4.12,438.6,405.34,0.0,0.0, , 
,406.60,896,45.0,3.1,10111110,406.91,896,34.1,5.15,438.6,406.29,0.0,0.0, , 
,407.57,896,45.0,3.1,10111110,407.89,896,34.1,5.15,438.6,407.25,0.0,0.0, , 
,408.53,896,45.0,2.7,10111110,408.83,896,34.1,4.12,438.6,408.23,0.0,0.0, , 
,409.46,896,45.0,2.7,10111110,409.80,896,34.1,4.12,438.6,409.13,0.0,0.0, , 
,410.41,896,45.0,2.7,10111110,410.74,896,34.1,4.12,438.6,410.09,0.0,0.0, , 
,411.35,896,45.0,2.3,10111110,411.66,896,34.1,5.15,438.6,411.03,0.0,0.0, , 
,412.26,896,45.0,2.0,10111110,412.57,896,34.1,4.12,438.6,411.96,0.0,0.0, , 
,413.16,896,45.0,2.0,10111110,413.47,864,34.1,4.12,438.6,412.87,0.0,0.0, , 
,414.07,896,45.0,2.0,10111110,414.39,896,34.1,4.12,438.6,413.77,0.0,0.0, , 
,415.02,896,45.0,2.3,10111110,415.34,896,34.1,4.12,438.6,414.70,0.0,0.0, , 
,415.96,896,45.0,2.7,10111110,416.27,896,34.1,4.12,438.6,415.65,0.0,0.0, , 
,416.94,896,45.0,3.1,10111110,417.24,896,34.1,4.12,438.6,416.60,0.0,0.0, , 
,417.87,896,45.0,3.1,10111110,418.19,896,32.5,4.12,438.6,417.55,0.0,0.0, , 
,418.80,896,45.0,3.1,10111110,419.11,864,32.5,4.12,418.2,418.49,0.0,0.0, , 
,419.72,896,45.0,2.3,10111110,420.03,896,34.1,4.12,438.6,419.42,0.0,0.0, , 
,420.64,832,46.5,1.6,10111110,420.95,832,35.3,5.15,459.0,420.33,0.0,0.0, , 
,421.58,832,46.5,1.6,10111110,421.86,864,34.1,4.12,438.6,421.26,0.0,0.0, , 
,422.48,832,46.5,1.6,10111110,422.78,832,34.1,4.12,438.6,422.17,0.0,0.0, , 
,423.39,832,46.5,1.6,10111110,423.70,800,34.1,4.12,438.6,423.10,0.0,0.0, , 
,424.31,864,46.5,0.0,10111110,424.63,864,34.1,4.12,438.6,424.01,0.0,0.0, , 
,425.24,864,46.5,-11.3,10111110,425.52,864,32.5,4.12,418.2,424.94,0.0,0.0, , 
,426.12,832,46.5,-20.7,10111110,426.46,832,32.5,3.09,438.6,425.82,0.0,0.0, , 
,427.09,832,46.5,-24.2,10111110,427.40,832,32.5,3.09,438.6,426.77,0.0,0.0, , 
,427.99,832,46.5,-23.4,10111110,428.28,832,34.1,3.09,438.6,427.69,0.0,0.0, , 
,428.89,832,46.5,-21.1,10111110,429.21,832,34.1,3.09,438.6,428.58,0.0,0.0, , 
,429.83,832,46.5,-19.5,10111110,430.12,832,34.1,3.09,438.6,429.51,0.0,0.0, , 
,430.74,832,46.5,-18.0,10111110,431.05,832,32.5,3.09,438.6,430.41,0.0,0.0, , 
,431.68,832,46.5,-16.8,10111110,431.97,832,32.5,3.09,438.6,431.36,0.0,0.0, , 
,432.57,832,46.5,-15.2,10111110,432.86,832,32.5,3.09,438.6,432.27,0.0,0.0, , 
,433.48,832,46.5,-14.5,10111110,433.77,832,32.5,3.09,418.2,433.16,0.0,0.0, , 
,434.38,832,46.5,-14.5,10111110,434.71,832,32.5,4.12,438.6,434.09,0.0,0.0, , 
,435.32,832,46.5,-14.1,10111110,435.62,832,32.5,4.12,438.6,435.01,0.0,0.0, , 
,436.22,832,46.5,-13.7,10111110,436.53,832,32.5,4.12,438.6,435.91,0.0,0.0, , 
,437.11,832,46.5,-13.3,10111110,437.39,832,32.5,3.09,418.2,436.82,0.0,0.0, , 
,437.99,832,46.5,-13.3,10111110,438.29,832,31.0,3.09,418.2,437.69,0.0,0.0, , 
,438.88,832,48.0,-13.7,10111110,439.17,832,32.5,3.09,418.2,438.59,0.0,0.0, , 
,439.79,832,48.0,-14.5,10111110,440.09,832,32.5,3.09,418.2,439.48,0.0,0.0, , 
,440.72,832,48.0,-15.2,10111110,441.03,832,32.5,3.09,418.2,440.41,0.0,0.0, , 
,441.62,832,48.0,-15.2,10111110,441.93,832,32.5,3.09,418.2,441.30,0.0,0.0, , 
,442.54,832,48.0,-14.8,10111110,442.84,832,32.5,3.09,418.2,442.23,0.0,0.0, , 
,443.44,832,48.0,-14.8,10111110,443.74,832,32.5,3.09,418.2,443.14,0.0,0.0, , 
,444.35,832,48.0,-14.8,10111110,444.65,832,32.5,3.09,418.2,444.05,0.0,0.0, , 
,445.31,832,48.0,-15.2,10111110,445.61,832,31.0,3.09,418.2,444.98,0.0,0.0, , 
,446.24,800,48.0,-15.2,10111110,446.57,832,31.0,3.09,418.2,445.93,0.0,0.0, , 
,447.18,832,48.0,-15.6,10111110,447.47,832,31.0,3.09,418.2,446.88,0.0,0.0, , 
,448.09,832,48.0,-16.4,10111110,448.39,832,31.0,3.09,418.2,447.78,0.0,0.0, , 
,449.02,800,48.0,-16.8,10111110,449.35,832,32.5,3.09,418.2,448.70,0.0,0.0, , 
,449.95,832,48.0,-16.8,10111110,450.27,832,31.0,3.09,418.2,449.67,0.0,0.0, , 
,450.90,832,48.0,-16.4,10111110,451.21,832,31.0,3.09,418.2,450.59,0.0,0.0, , 
,451.82,832,48.0,-16.0,10111110,452.13,832,31.0,3.09,418.2,451.53,0.0,0.0, , 
,452.72,832,48.0,-15.6,10111110,453.03,832,31.0,3.09,418.2,452.43,0.0,0.0, , 
,453.66,832,48.0,-15.2,10111110,453.96,832,31.0,3.09,418.2,453.35,0.0,0.0, , 
,454.57,800,48.0,-15.6,10111110,454.88,832,32.5,3.09,418.2,454.28,0.0,0.0, , 
,455.50,832,49.5,-15.6,10111110,455.80,800,31.0,3.09,418.2,455.19,0.0,0.0, , 
,456.46,832,49.5,-15.2,10111110,456.76,832,31.0,3.09,418.2,456.12,0.0,0.0, , 
,457.39,800,49.5,-14.8,10111110,457.70,832,31.0,3.09,418.2,457.06,0.0,0.0, , 
,458.31,832,49.5,-14.8,10111110,458.62,832,31.0,3.09,418.2,458.00,0.0,0.0, , 
,459.25,832,49.5,-14.8,10111110,459.53,832,31.0,3.09,418.2,458.93,0.0,0.0, , 
,460.14,800,49.5,-14.8,10111110,460.45,832,31.0,3.09,418.2,459.85,0.0,0.0, , 
,461.08,832,49.5,-15.2,10111110,461.39,832,31.0,3.09,418.2,460.76,0.0,0.0, , 
,461.99,832,49.5,-15.6,10111110,462.29,832,31.0,3.09,418.2,461.70,0.0,0.0, , 
,462.92,832,49.5,-15.6,10111110,463.22,800,31.0,3.09,418.2,462.60,0.0,0.0, , 
,463.85,800,49.5,-16.0,10111110,464.14,800,31.0,3.09,418.2,463.54,0.0,0.0, , 
,464.75,832,49.5,-16.0,10111110,465.06,832,31.0,3.09,418.2,464.44,0.0,0.0, , 
,465.67,832,49.5,-16.0,10111110,465.99,800,32.5,3.09,418.2,465.36,0.0,0.0, , 
,466.59,800,49.5,-16.0,10111110,466.90,800,32.5,3.09,438.6,466.28,0.0,0.0, , 
,467.48,832,49.5,-15.6,10111110,467.78,832,32.5,3.09,418.2,467.19,0.0,0.0, , 
,468.41,832,49.5,-15.2,10111110,468.73,832,32.5,3.09,438.6,468.09,0.0,0.0, , 
,469.34,832,49.5,-15.2,10111110,469.64,832,31.0,3.09,418.2,469.05,0.0,0.0, , 
,470.27,800,49.5,-15.6,10111110,470.58,800,32.5,3.09,438.6,469.95,0.0,0.0, , 
,471.20,832,49.5,-15.6,10111110,471.48,800,32.5,3.09,418.2,470.89,0.0,0.0, , 
,472.09,832,49.5,-15.6,10111110,472.41,832,31.0,3.09,418.2,471.79,0.0,0.0, , 
,473.03,832,49.5,-15.2,10111110,473.37,832,32.5,3.09,418.2,472.72,0.0,0.0, , 
,473.98,832,49.5,-15.2,10111110,474.31,832,31.0,3.09,418.2,473.67,0.0,0.0, , 
,474.91,800,49.5,-14.8,10111110,475.21,800,32.5,3.09,418.2,474.59,0.0,0.0, , 
,475.83,832,51.0,-14.5,10111110,476.12,832,32.5,3.09,418.2,475.51,0.0,0.0, , 
,476.74,832,51.0,-14.8,10111110,477.03,800,32.5,3.09,418.2,476.41,0.0,0.0, , 
,477.63,832,51.0,-14.8,10111110,477.92,832,32.5,3.09,418.2,477.33,0.0,0.0, , 
,478.53,832,51.0,-14.8,10111110,478.84,832,32.5,3.09,418.2,478.22,0.0,0.0, , 
,479.46,832,51.0,-14.5,10111110,479.76,832,32.5,3.09,418.2,479.15,0.0,0.0, , 
,480.39,800,51.0,-14.8,10111110,480.69,832,32.5,3.09,418.2,480.09,0.0,0.0, , 
,481.29,832,51.0,-15.6,10111110,481.59,832,31.0,3.09,418.2,480.98,0.0,0.0, , 
,482.21,800,51.0,-15.6,10111110,482.53,832,32.5,3.09,418.2,481.91,0.0,0.0, , 
,483.12,800,51.0,-16.0,10111110,483.42,832,32.5,3.09,418.2,482.82,0.0,0.0, , 
,484.04,832,51.0,-16.0,10111110,484.31,832,31.0,3.09,418.2,483.73,0.0,0.0, , 
,484.92,800,51.0,-15.6,10111110,485.24,800,31.0,3.09,418.2,484.61,0.0,0.0, , 
,485.84,832,51.0,-15.6,10111110,486.18,832,31.0,3.09,418.2,485.55,0.0,0.0, , 
,486.78,800,51.0,-16.0,10111110,487.08,832,31.0,3.09,418.2,486.49,0.0,0.0, , 
,487.67,800,51.0,-15.6,10111110,487.97,800,32.5,3.09,418.2,487.38,0.0,0.0, , 
,488.57,832,51.0,-15.6,10111110,488.86,832,31.0,3.09,418.2,488.27,0.0,0.0, , 
,489.49,800,51.0,-16.0,10111110,489.80,832,32.5,3.09,418.2,489.17,0.0,0.0, , 
,490.39,832,51.0,-16.0,10111110,490.71,832,32.5,3.09,418.2,490.10,0.0,0.0, , 
,491.31,832,51.0,-16.0,10111110,491.61,832,32.5,3.09,418.2,491.00,0.0,0.0, , 
,492.24,832,51.0,-15.6,10111110,492.54,800,32.5,3.09,438.6,491.92,0.0,0.0, , 
,493.12,832,51.0,-15.6,10111110,493.43,832,32.5,3.09,418.2,492.82,0.0,0.0, , 
,494.01,832,51.0,-16.0,10111110,494.32,832,32.5,3.09,418.2,493.71,0.0,0.0, , 
,494.92,832,52.5,-15.6,10111110,495.22,832,32.5,3.09,438.6,494.61,0.0,0.0, , 
,495.84,832,52.5,-15.6,10111110,496.15,800,32.5,3.09,418.2,495.53,0.0,0.0, , 
,496.76,832,52.5,-16.0,10111110,497.05,832,31.0,3.09,418.2,496.45,0.0,0.0, , 
,497.66,800,52.5,-15.6,10111110,497.97,800,32.5,3.09,418.2,497.36,0.0,0.0, , 
,498.59,832,52.5,-15.6,10111110,498.89,800,32.5,3.09,438.6,498.28,0.0,0.0, , 
,499.50,832,52.5,-16.0,10111110,499.82,832,32.5,3.09,418.2,499.20,0.0,0.0, , 
,500.43,800,52.5,-16.0,10111110,500.72,832,32.5,3.09,438.6,500.12,0.0,0.0, , 
,501.34,832,52.5,-15.6,10111110,501.63,832,32.5,3.09,438.6,501.02,0.0,0.0, , 
,502.23,832,52.5,-15.6,10111110,502.53,832,32.5,3.09,438.6,501.93,0.0,0.0, , 
,503.13,800,52.5,-15.2,10111110,503.43,832,32.5,3.09,438.6,502.83,0.0,0.0, , 
,504.06,832,52.5,-15.2,10111110,504.36,800,32.5,3.09,438.6,503.74,0.0,0.0, , 
,504.96,832,52.5,-14.8,10111110,505.26,832,32.5,3.09,438.6,504.65,0.0,0.0, , 
,505.86,800,52.5,-14.8,10111110,506.17,832,32.5,3.09,438.6,505.55,0.0,0.0, , 
,506.79,832,52.5,-14.8,10111110,507.09,832,32.5,3.09,438.6,506.48,0.0,0.0, , 
,507.69,800,52.5,-15.2,10111110,507.99,832,32.5,3.09,418.2,507.39,0.0,0.0, , 
,508.58,832,52.5,-15.2,10111110,508.89,800,32.5,3.09,438.6,508.29,0.0,0.0, , 
,509.50,832,52.5,-15.2,10111110,509.81,800,32.5,3.09,438.6,509.20,0.0,0.0, , 
,510.41,832,52.5,-15.6,10111110,510.72,832,31.0,3.09,418.2,510.11,0.0,0.0, , 
,511.33,832,52.5,-15.6,10111110,511.64,832,32.5,3.09,438.6,511.03,0.0,0.0, , 
,512.27,832,52.5,-15.2,10111110,512.56,832,32.5,3.09,438.6,511.96,0.0,0.0, , 
,513.18,832,54.0,-15.2,10111110,513.45,800,31.0,3.09,418.2,512.86,0.0,0.0, , 
,514.06,832,54.0,-15.2,10111110,514.35,832,32.5,3.09,418.2,513.76,0.0,0.0, , 
,514.95,832,52.5,-15.6,10111110,515.25,832,31.0,3.09,418.2,514.64,0.0,0.0, , 
,515.84,832,54.0,-15.6,10111110,516.15,832,31.0,3.09,418.2,515.54,0.0,0.0, , 
,516.76,832,54.0,-16.0,10111110,517.05,832,31.0,3.09,418.2,516.46,0.0,0.0, , 
,517.65,800,54.0,-16.0,10111110,517.95,832,31.0,3.09,418.2,517.35,0.0,0.0, , 
,518.56,832,54.0,-15.6,10111110,518.89,832,31.0,3.09,418.2,518.26,0.0,0.0, , 
,519.50,832,54.0,-15.6,10111110,519.81,832,31.0,3.09,418.2,519.19,0.0,0.0, , 
,520.40,800,54.0,-15.6,10111110,520.69,800,31.0,3.09,418.2,520.11,0.0,0.0, , 
,521.31,832,54.0,-15.6,10111110,521.61,800,31.0,3.09,418.2,520.98,0.0,0.0, , 
,522.23,832,54.0,-16.0,10111110,522.55,832,31.0,3.09,418.2,521.92,0.0,0.0, , 
,523.14,832,54.0,-16.0,10111110,523.45,832,31.0,3.09,418.2,522.85,0.0,0.0, , 
,524.04,832,54.0,-16.4,10111110,524.33,800,31.0,3.09,418.2,523.75,0.0,0.0, , 
,524.95,800,54.0,-16.0,10111110,525.26,800,31.0,3.09,418.2,524.64,0.0,0.0, , 
,525.85,800,54.0,-16.0,10111110,526.13,800,31.0,3.09,418.2,525.56,0.0,0.0, , 
,526.73,832,54.0,-16.0,10111110,527.04,800,31.0,3.09,418.2,526.43,0.0,0.0, , 
,527.64,832,54.0,-15.6,10111110,527.93,832,31.0,3.09,418.2,527.33,0.0,0.0, , 
,528.55,800,54.0,-15.2,10111110,528.86,800,31.0,3.09,418.2,528.23,0.0,0.0, , 
,529.45,800,54.0,-15.2,10111110,529.75,832,31.0,3.09,418.2,529.16,0.0,0.0, , 
,530.37,832,54.0,-15.6,10111110,530.67,832,31.0,3.09,418.2,530.06,0.0,0.0, , 
,531.28,800,54.0,-15.6,10111110,531.59,832,31.0,3.09,418.2,530.98,0.0,0.0, , 
,532.21,800,54.0,-16.4,10111110,532.51,800,31.0,3.09,418.2,531.89,0.0,0.0, , 
,533.08,800,55.5,-16.4,10111110,533.39,800,31.0,3.09,418.2,532.79,0.0,0.0, , 
,534.03,800,55.5,-16.4,10111110,534.32,832,31.0,3.09,418.2,533.71,0.0,0.0, , 
,534.91,832,55.5,-16.8,10111110,535.22,800,31.0,3.09,418.2,534.62,0.0,0.0, , 
,535.82,800,55.5,-16.8,10111110,536.11,832,31.0,3.09,418.2,535.52,0.0,0.0, , 
,536.72,832,55.5,-16.4,10111110,537.03,832,31.0,3.09,418.2,536.42,0.0,0.0, , 
,537.66,832,55.5,-16.4,10111110,537.97,800,31.0,3.09,418.2,537.34,0.0,0.0, , 
,538.56,832,55.5,-16.0,10111110,538.87,832,31.0,3.09,418.2,538.27,0.0,0.0, , 
,539.48,832,55.5,-16.4,10111110,539.80,832,31.0,3.09,418.2,539.17,0.0,0.0, , 
,540.41,800,55.5,-16.0,10111110,540.72,800,31.0,3.09,418.2,540.10,0.0,0.0, , 
,541.29,832,55.5,-15.6,10111110,541.59,832,31.0,3.09,418.2,541.01,0.0,0.0, , 
,542.22,800,55.5,-15.2,10111110,542.54,832,31.0,3.09,418.2,541.90,0.0,0.0, , 
,543.13,800,55.5,-15.2,10111110,543.43,832,31.0,3.09,418.2,542.83,0.0,0.0, , 
,544.04,800,55.5,-14.8,10111110,544.33,800,31.0,3.09,418.2,543.72,0.0,0.0, , 
,544.93,800,55.5,-14.8,10111110,545.22,832,31.0,3.09,418.2,544.61,0.0,0.0, , 
,545.85,832,55.5,-15.2,10111110,546.15,832,31.0,3.09,418.2,545.54,0.0,0.0, , 
,546.75,800,55.5,-15.2,10111110,547.05,800,31.0,3.09,418.2,546.46,0.0,0.0, , 
,547.66,832,55.5,-15.2,10111110,547.97,800,31.0,3.09,418.2,547.35,0.0,0.0, , 
,548.58,800,55.5,-14.8,10111110,548.89,832,31.0,3.09,418.2,548.28,0.0,0.0, , 
,549.47,832,55.5,-14.8,10111110,549.76,800,31.0,3.09,418.2,549.18,0.0,0.0, , 
,550.36,800,55.5,-14.5,10111110,550.66,832,31.0,3.09,418.2,550.05,0.0,0.0, , 
,551.26,800,55.5,-14.5,10111110,551.57,800,31.0,3.09,418.2,550.95,0.0,0.0, , 
,552.14,832,55.5,-14.5,10111110,552.45,800,31.0,3.09,418.2,551.84,0.0,0.0, , 
,553.04,832,57.0,-14.1,10111110,553.35,800,31.0,3.09,418.2,552.76,0.0,0.0, , 
,553.94,800,57.0,-14.5,10111110,554.25,832,31.0,3.09,418.2,553.65,0.0,0.0, , 
,554.88,832,57.0,-14.5,10111110,555.18,832,31.0,3.09,418.2,554.57,0.0,0.0, , 
,555.77,800,55.5,-14.1,10111110,556.07,800,31.0,3.09,418.2,555.47,0.0,0.0, , 
,556.65,832,57.0,-13.3,10111110,556.95,832,31.0,3.09,418.2,556.35,0.0,0.0, , 
,557.54,800,57.0,-13.7,10111110,557.84,800,31.0,3.09,418.2,557.24,0.0,0.0, , 
,558.45,800,57.0,-13.7,10111110,558.74,800,31.0,3.09,418.2,558.15,0.0,0.0, , 
,559.35,832,57.0,-13.7,10111110,559.64,832,31.0,3.09,418.2,559.05,0.0,0.0, , 
,560.27,832,57.0,-13.7,10111110,560.58,832,31.0,3.09,418.2,559.95,0.0,0.0, , 
,561.20,832,57.0,-13.7,10111110,561.50,832,31.0,3.09,418.2,560.89,0.0,0.0, , 
,562.12,800,57.0,-13.7,10111110,562.42,800,29.4,3.09,418.2,561.81,0.0,0.0, , 
,563.02,800,57.0,-14.1,10111110,563.33,800,31.0,3.09,418.2,562.73,0.0,0.0, , 
,563.95,800,57.0,-14.5,10111110,564.26,832,31.0,3.09,418.2,563.62,0.0,0.0, , 
,564.85,832,57.0,-14.8,10111110,565.14,800,31.0,3.09,418.2,564.55,0.0,0.0, , 
,565.75,800,57.0,-15.2,10111110,566.05,800,31.0,3.09,418.2,565.45,0.0,0.0, , 
,566.66,832,57.0,-14.8,10111110,566.95,832,31.0,3.09,418.2,566.36,0.0,0.0, , 
,567.53,800,57.0,-14.8,10111110,567.84,800,31.0,3.09,418.2,567.24,0.0,0.0, , 
,568.46,800,57.0,-14.5,10111110,568.76,832,31.0,3.09,418.2,568.15,0.0,0.0, , 
,569.33,800,57.0,-14.5,10111110,569.63,832,31.0,3.09,418.2,569.05,0.0,0.0, , 
,570.26,800,57.0,-14.5,10111110,570.56,832,31.0,3.09,418.2,569.95,0.0,0.0, , 
,571.15,832,57.0,-14.5,10111110,571.43,800,31.0,3.09,418.2,570.85,0.0,0.0, , 
,572.04,800,57.0,-14.8,10111110,572.33,800,31.0,3.09,418.2,571.73,0.0,0.0, , 
,572.93,800,57.0,-14.8,10111110,573.22,832,31.0,3.09,418.2,572.63,0.0,0.0, , 
,573.83,800,57.0,-14.8,10111110,574.14,832,31.0,3.09,418.2,573.53,0.0,0.0, , 
,574.74,800,58.5,-15.2,10111110,575.04,800,31.0,3.09,418.2,574.44,0.0,0.0, , 
,575.66,800,58.5,-15.2,10111110,575.95,800,31.0,3.09,418.2,575.35,0.0,0.0, , 
,576.54,800,58.5,-16.0,10111110,576.85,800,31.0,3.09,418.2,576.25,0.0,0.0, , 
,577.48,800,58.5,-16.4,10111110,577.79,800,31.0,3.09,418.2,577.16,0.0,0.0, , 
,578.40,800,58.5,-16.4,10111110,578.70,800,31.0,3.09,418.2,578.09,0.0,0.0, , 
,579.30,800,58.5,-16.4,10111110,579.59,800,31.0,3.09,418.2,579.01,0.0,0.0, , 
,580.19,800,58.5,-16.4,10111110,580.49,800,31.0,3.09,418.2,579.89,0.0,0.0, , 
,581.11,832,58.5,-16.0,10111110,581.43,800,31.0,3.09,418.2,580.78,0.0,0.0, , 
,582.05,832,58.5,-16.0,10111110,582.36,800,31.0,3.09,418.2,581.74,0.0,0.0, , 
,582.94,832,58.5,-15.6,10111110,583.25,832,31.0,3.09,418.2,582.65,0.0,0.0, , 
,583.90,800,58.5,-15.6,10111110,584.22,800,31.0,3.09,418.2,583.57,0.0,0.0, , 
,584.81,800,58.5,-15.6,10101010,585.14,896,35.3,4.12,459.0,584.50,0.0,0.0, , 
,585.81,1376,58.5,0.0,10101010,586.18,1568,42.7,6.18,499.8,585.46,0.0,0.0, , 
,586.88,1152,58.5,0.0,10101010,587.16,832,67.8,12.36,754.8,586.54,0.0,0.0, , 
,587.85,1216,58.5,0.0,10101010,588.21,1440,40.0,4.12,499.8,587.49,0.0,0.0, , 
,588.81,1056,58.5,0.0,10111110,589.14,1216,32.5,5.15,418.2,588.51,0.0,0.0, , 
,589.77,1216,58.5,0.0,10111110,590.08,1120,26.7,4.12,357.0,589.46,0.0,0.0, , 
,590.72,992,58.5,-4.3,10111110,591.03,928,26.7,3.09,377.4,590.41,0.0,0.0, , 
,591.62,832,58.5,0.0,10101010,591.92,832,41.2,6.18,520.2,591.34,0.0,0.0, , 
,592.60,960,58.5,0.0,10101010,592.90,896,48.6,7.21,591.6,592.23,0.0,0.0, , 
,593.45,736,58.5,0.0,10101010,593.77,672,66.3,10.30,754.8,593.16,0.0,0.0, , 
,594.41,960,58.5,0.0,10111110,594.73,960,36.9,4.12,459.0,594.07,0.0,0.0, , 
,595.35,928,58.5,0.0,10111110,595.65,928,34.1,4.12,438.6,595.04,0.0,0.0, , 
,596.28,896,58.5,-3.1,10111110,596.60,928,32.5,4.12,438.6,595.98,0.0,0.0, , 
,597.19,800,60.0,-5.9,10111110,597.49,832,34.1,4.12,438.6,596.89,0.0,0.0, , 
,598.09,832,58.5,-11.3,10111110,598.39,800,31.0,3.09,438.6,597.77,0.0,0.0, , 
,599.02,832,58.5,-15.2,10111110,599.34,832,31.0,3.09,438.6,598.71,0.0,0.0, , 
,599.91,832,60.0,-17.2,10111110,600.22,832,32.5,3.09,438.6,599.61,0.0,0.0, , 
,600.84,832,60.0,-18.0,10111110,601.15,832,32.5,3.09,438.6,600.53,0.0,0.0, , 
,601.76,832,60.0,-17.6,10111110,602.07,832,31.0,3.09,418.2,601.46,0.0,0.0, , 
,602.66,832,60.0,-17.2,10111110,602.97,832,31.0,3.09,418.2,602.36,0.0,0.0, , 
,603.57,800,60.0,-16.8,10111110,603.87,832,31.0,3.09,418.2,603.27,0.0,0.0, , 
,604.47,832,60.0,-17.2,10111110,604.78,800,31.0,3.09,418.2,604.17,0.0,0.0, , 
,605.41,832,60.0,-18.0,10111110,605.71,800,31.0,3.09,418.2,605.09,0.0,0.0, , 
,606.30,800,60.0,-17.6,10111110,606.61,800,31.0,3.09,418.2,606.01,0.0,0.0, , 
,607.20,800,60.0,-17.2,10111110,607.51,832,31.0,3.09,418.2,606.91,0.0,0.0, , 
,608.12,832,60.0,-16.8,10111110,608.42,832,29.4,3.09,418.2,607.82,0.0,0.0, , 
,609.02,800,60.0,-16.8,10111110,609.31,800,31.0,3.09,418.2,608.73,0.0,0.0, , 
,609.93,800,60.0,-16.8,10111110,610.21,800,31.0,3.09,418.2,609.63,0.0,0.0, , 
,610.80,800,60.0,-16.8,10111110,611.08,800,31.0,3.09,418.2,610.51,0.0,0.0, , 
,611.68,832,60.0,-16.4,10111110,611.96,800,31.0,3.09,418.2,611.37,0.0,0.0, , 
,612.56,800,60.0,-16.8,10111110,612.86,800,31.0,3.09,418.2,612.25,0.0,0.0, , 
,613.45,800,60.0,-16.8,10111110,613.76,832,29.4,3.09,418.2,613.16,0.0,0.0, , 
,614.38,800,60.0,-16.8,10111110,614.67,800,29.4,3.09,418.2,614.07,0.0,0.0, , 
,615.31,800,60.0,-16.8,10111110,615.61,800,29.4,3.09,418.2,614.98,0.0,0.0, , 
,616.23,832,60.0,-16.4,10111110,616.54,800,31.0,3.09,418.2,615.93,0.0,0.0, , 
,617.14,800,60.0,-16.4,10111110,617.47,800,29.4,3.09,418.2,616.83,0.0,0.0, , 
,618.08,832,61.5,-16.4,10111110,618.35,800,29.4,3.09,418.2,617.78,0.0,0.0, , 
,618.96,800,60.0,-16.8,10111110,619.27,800,29.4,3.09,418.2,618.65,0.0,0.0, , 
,619.89,800,61.5,-16.8,10111110,620.20,800,29.4,3.09,418.2,619.58,0.0,0.0, , 
,620.80,800,61.5,-17.2,10111110,621.12,800,31.0,3.09,418.2,620.50,0.0,0.0, , 
,621.72,800,61.5,-16.8,10111110,622.03,800,29.4,3.09,418.2,621.41,0.0,0.0, , 
,622.65,800,61.5,-16.8,10111110,622.93,800,29.4,3.09,418.2,622.34,0.0,0.0, , 
,623.52,800,61.5,-16.4,10111110,623.81,832,29.4,3.09,418.2,623.23,0.0,0.0, , 
,624.43,800,61.5,-16.0,10111110,624.72,800,29.4,3.09,418.2,624.13,0.0,0.0, , 
,625.35,800,61.5,-16.0,10111110,625.63,800,29.4,3.09,418.2,625.03,0.0,0.0, , 
,626.26,800,61.5,-16.0,10111110,626.55,800,29.4,3.09,418.2,625.95,0.0,0.0, , 
,627.17,800,61.5,-16.4,10111110,627.48,800,29.4,3.09,418.2,626.87,0.0,0.0, , 
,628.06,800,61.5,-16.8,10111110,628.37,800,29.4,3.09,418.2,627.77,0.0,0.0, , 
,628.98,800,61.5,-16.8,10111110,629.29,800,29.4,3.09,418.2,628.66,0.0,0.0, , 
,629.88,800,61.5,-16.4,10111110,630.19,800,31.0,3.09,418.2,629.59,0.0,0.0, , 
,630.81,800,61.5,-16.0,10111110,631.10,800,31.0,3.09,418.2,630.51,0.0,0.0, , 
,631.72,800,61.5,-15.6,10111110,632.01,800,29.4,3.09,418.2,631.41,0.0,0.0, , 
,632.61,800,61.5,-16.0,10111110,632.92,800,29.4,3.09,418.2,632.30,0.0,0.0, , 
,633.54,800,61.5,-16.4,10111110,633.84,832,29.4,3.09,418.2,633.23,0.0,0.0, , 
,634.43,800,61.5,-16.4,10111110,634.71,800,31.0,3.09,418.2,634.13,0.0,0.0, , 
,635.30,800,63.0,-16.4,10111110,635.59,800,31.0,3.09,418.2,635.00,0.0,0.0, , 
,636.22,800,63.0,-16.4,10111110,636.52,800,31.0,3.09,418.2,635.89,0.0,0.0, , 
,637.12,800,61.5,-16.0,10111110,637.41,800,31.0,3.09,418.2,636.83,0.0,0.0, , 
,638.02,800,63.0,-16.0,10111110,638.33,800,31.0,3.09,418.2,637.71,0.0,0.0, , 
,638.91,800,63.0,-16.0,10111110,639.21,800,29.4,3.09,418.2,638.62,0.0,0.0, , 
,639.83,800,63.0,-16.0,10111110,640.14,800,31.0,3.09,418.2,639.52,0.0,0.0, , 
,640.76,800,63.0,-16.0,10111110,641.07,832,29.4,3.09,418.2,640.45,0.0,0.0, , 
,641.68,800,63.0,-15.6,10111110,641.99,800,31.0,3.09,418.2,641.37,0.0,0.0, , 
,642.61,800,63.0,-15.6,10111110,642.92,800,29.4,3.09,418.2,642.30,0.0,0.0, , 
,643.54,800,63.0,-15.6,10111110,643.84,800,31.0,3.09,418.2,643.22,0.0,0.0, , 
,644.42,800,63.0,-16.0,10111110,644.73,800,31.0,3.09,418.2,644.15,0.0,0.0, , 
,645.34,800,63.0,-15.6,10111110,645.64,800,29.4,3.09,418.2,645.03,0.0,0.0, , 
,646.27,800,63.0,-15.2,10111110,646.57,800,29.4,3.09,418.2,645.95,0.0,0.0, , 
,647.20,800,63.0,-15.6,10111110,647.51,800,29.4,3.09,418.2,646.88,0.0,0.0, , 
,648.11,800,63.0,-15.6,10111110,648.42,800,31.0,3.09,418.2,647.82,0.0,0.0, , 
,649.04,800,63.0,-15.6,10111110,649.33,800,31.0,3.09,418.2,648.72,0.0,0.0, , 
,649.93,800,63.0,-15.2,10111110,650.23,800,31.0,3.09,418.2,649.64,0.0,0.0, , 
,650.81,832,63.0,-15.2,10111110,651.11,800,31.0,3.09,418.2,650.54,0.0,0.0, , 
,651.71,800,63.0,-15.2,10111110,652.01,800,29.4,3.09,418.2,651.41,0.0,0.0, , 
,652.61,800,63.0,-15.2,10111110,652.91,800,29.4,3.09,418.2,652.31,0.0,0.0, , 
,653.54,800,63.0,-15.2,10111110,653.84,800,29.4,3.09,418.2,653.22,0.0,0.0, , 
,654.46,800,63.0,-15.6,10111110,654.75,800,29.4,3.09,418.2,654.17,0.0,0.0, , 
,655.35,800,63.0,-15.2,10111110,655.67,800,29.4,3.09,418.2,655.05,0.0,0.0, , 
,656.28,832,63.0,-15.2,10111110,656.58,800,29.4,3.09,418.2,655.97,0.0,0.0, , 
,657.22,800,64.5,-15.2,10111110,657.52,800,29.4,3.09,418.2,656.89,0.0,0.0, , 
,658.14,832,64.5,-15.2,10111110,658.46,800,29.4,3.09,418.2,657.84,0.0,0.0, , 
,659.05,800,64.5,-15.2,10111110,659.35,800,29.4,3.09,418.2,658.75,0.0,0.0, , 
,659.93,800,64.5,-15.6,10111110,660.23,800,29.4,3.09,418.2,659.64,0.0,0.0, , 
,660.85,800,64.5,-15.2,10111110,661.14,800,29.4,3.09,418.2,660.54,0.0,0.0, , 
,661.76,800,64.5,-15.2,10111110,662.05,800,29.4,3.09,418.2,661.45,0.0,0.0, , 
,662.67,800,64.5,-15.6,10111110,662.98,800,29.4,3.09,418.2,662.37,0.0,0.0, , 
,663.60,800,64.5,-16.4,10111110,663.90,800,29.4,3.09,418.2,663.30,0.0,0.0, , 
,664.51,800,64.5,-16.4,10111110,664.82,800,31.0,3.09,418.2,664.19,0.0,0.0, , 
,665.42,800,64.5,-16.0,10111110,665.72,800,29.4,3.09,418.2,665.11,0.0,0.0, , 
,666.33,800,64.5,-16.0,10111110,666.60,800,29.4,3.09,418.2,666.01,0.0,0.0, , 
,667.19,800,64.5,-16.0,10111110,667.48,800,29.4,3.09,418.2,666.90,0.0,0.0, , 
,668.09,800,64.5,-15.6,10111110,668.38,800,29.4,3.09,418.2,667.78,0.0,0.0, , 
,668.99,800,64.5,-16.0,10111110,669.29,800,29.4,3.09,418.2,668.68,0.0,0.0, , 
,669.91,800,64.5,-16.4,10111110,670.21,800,29.4,3.09,418.2,669.59,0.0,0.0, , 
,670.80,800,64.5,-16.8,10111110,671.10,800,29.4,3.09,418.2,670.51,0.0,0.0, , 
,671.69,800,64.5,-16.8,10111110,671.99,800,31.0,3.09,418.2,671.40,0.0,0.0, , 
,672.61,800,64.5,-16.4,10111110,672.92,800,29.4,3.09,418.2,672.31,0.0,0.0, , 
,673.52,800,64.5,-16.4,10111110,673.81,800,29.4,3.09,418.2,673.22,0.0,0.0, , 
,674.40,800,64.5,-16.8,10111110,674.68,800,29.4,3.09,418.2,674.12,0.0,0.0, , 
,675.27,800,64.5,-16.8,10111110,675.59,800,31.0,3.09,418.2,674.98,0.0,0.0, , 
,676.23,800,64.5,-16.4,10111110,676.54,800,29.4,3.09,418.2,675.91,0.0,0.0, , 
,677.16,800,64.5,-16.4,10111110,677.46,800,31.0,3.09,418.2,676.84,0.0,0.0, , 
,678.06,800,64.5,-16.4,10111110,678.37,800,29.4,3.09,418.2,677.76,0.0,0.0, , 
,678.98,800,66.0,-16.4,10111110,679.29,800,31.0,3.09,418.2,678.68,0.0,0.0, , 
,679.91,800,66.0,-16.8,10111110,680.22,800,31.0,3.09,418.2,679.60,0.0,0.0, , 
,680.81,800,66.0,-16.8,10111110,681.12,800,31.0,3.09,418.2,680.52,0.0,0.0, , 
,681.72,800,66.0,-16.8,10111110,682.04,800,31.0,3.09,418.2,681.41,0.0,0.0, , 
,682.64,800,66.0,-16.8,10111110,682.94,800,31.0,3.09,418.2,682.34,0.0,0.0, , 
,683.53,800,66.0,-16.4,10111110,683.85,800,31.0,3.09,418.2,683.24,0.0,0.0, , 
,684.48,800,66.0,-16.4,10111110,684.77,800,29.4,3.09,418.2,684.16,0.0,0.0, , 
,685.36,800,66.0,-16.4,10111110,685.66,800,31.0,3.09,418.2,685.07,0.0,0.0, , 
,686.28,800,66.0,-16.4,10111110,686.58,800,29.4,3.09,418.2,685.97,0.0,0.0, , 
,687.17,800,66.0,-16.4,10111110,687.48,800,31.0,3.09,418.2,686.86,0.0,0.0, , 
,688.05,800,66.0,-16.4,10111110,688.34,800,31.0,3.09,418.2,687.76,0.0,0.0, , 
,688.92,800,66.0,-16.4,10111110,689.26,800,41.2,7.21,479.4,688.63,0.0,0.0, , 
,689.94,1408,66.0,0.0,10111110,690.25,1024,26.7,4.12,377.4,689.60,0.0,0.0, , 
,690.86,896,66.0,0.0,10111110,691.16,832,29.4,4.12,397.8,690.57,0.0,0.0, , 
,691.74,800,66.0,0.0,10111110,692.03,832,32.5,4.12,438.6,691.44,0.0,0.0, , 
,692.64,832,66.0,-4.7,10111110,692.95,832,32.5,4.12,438.6,692.34,0.0,0.0, , 
,693.56,832,66.0,-13.7,10111110,693.88,832,31.0,3.09,438.6,693.26,0.0,0.0, , 
,694.48,800,66.0,-16.8,10111110,694.80,800,31.0,3.09,438.6,694.17,0.0,0.0, , 
,695.42,800,66.0,-16.8,10111110,695.73,800,31.0,3.09,438.6,695.12,0.0,0.0, , 
,696.36,800,66.0,-16.0,10111110,696.66,800,32.5,3.09,438.6,696.04,0.0,0.0, , 
,697.26,800,66.0,-16.0,10111110,697.57,800,31.0,3.09,438.6,696.95,0.0,0.0, , 
,698.17,832,66.0,-16.8,10111110,698.47,800,31.0,3.09,438.6,697.87,0.0,0.0, , 
,699.08,800,67.5,-17.2,10111110,699.39,800,31.0,3.09,418.2,698.77,0.0,0.0, , 
,700.00,800,66.0,-17.2,10111110,700.30,800,31.0,3.09,438.6,699.70,0.0,0.0, , 
,700.89,800,67.5,-16.8,10111110,701.19,800,31.0,3.09,418.2,700.60,0.0,0.0, , 
,701.80,800,67.5,-16.8,10111110,702.09,800,31.0,3.09,418.2,701.51,0.0,0.0, , 
,702.68,800,67.5,-16.8,10111110,702.96,800,31.0,3.09,418.2,702.39,0.0,0.0, , 
,703.60,1120,67.5,0.0,10101010,703.92,1600,0.0,0.00,418.2,703.27,0.0,0.0, , 
,704.52,1024,67.5,0.0,10111110,704.83,960,26.7,4.12,377.4,704.25,0.0,0.0, , 
,705.49,2208,67.5,0.0,10111100,705.79,1696,0.0,0.00,357.0,705.14,0.0,0.0, , 
,706.40,1024,67.5,0.0,10111110,706.70,832,28.2,4.12,397.8,706.10,0.0,0.0, , 
,707.31,896,67.5,0.0,10101010,707.63,1312,40.0,5.15,499.8,707.00,0.0,0.0, , 
,708.37,1984,67.5,0.0,10111110,708.67,1472,0.0,0.00,316.2,708.01,0.0,0.0, , 
,709.25,960,67.5,0.0,10111110,709.60,960,29.4,4.12,397.8,708.98,0.0,0.0, , 
,710.22,864,67.5,0.0,10111110,710.50,864,29.4,4.12,418.2,709.91,0.0,0.0, , 
,711.14,928,67.5,0.0,10111110,711.46,896,26.7,3.09,377.4,710.82,0.0,0.0, , 
,712.06,864,67.5,-10.2,10111110,712.37,832,28.2,3.09,397.8,711.76,0.0,0.0, , 
,712.97,832,67.5,-14.8,10111110,713.29,800,28.2,3.09,418.2,712.68,0.0,0.0, , 
,713.87,800,67.5,-16.4,10111110,714.16,800,29.4,3.09,418.2,713.59,0.0,0.0, , 
,714.76,800,67.5,-16.8,10111110,715.07,800,29.4,3.09,418.2,714.46,0.0,0.0, , 
,715.68,800,67.5,-16.8,10111110,715.96,800,29.4,3.09,418.2,715.38,0.0,0.0, , 
,716.56,800,67.5,-16.4,10111110,716.88,800,29.4,3.09,418.2,716.26,0.0,0.0, , 
,717.46,800,67.5,-16.0,10111110,717.76,800,29.4,3.09,418.2,717.17,0.0,0.0, , 
,718.37,800,67.5,-15.6,10111110,718.66,800,29.4,3.09,418.2,718.06,0.0,0.0, , 
,719.27,800,67.5,-15.6,10111110,719.57,800,29.4,3.09,418.2,718.96,0.0,0.0, , 
,720.18,800,67.5,-15.6,10111110,720.47,800,29.4,3.09,418.2,719.88,0.0,0.0, , 
,721.09,800,67.5,-16.0,10111110,721.38,800,29.4,3.09,418.2,720.78,0.0,0.0, , 
,721.98,800,67.5,-16.0,10111110,722.27,800,29.4,3.09,418.2,721.70,0.0,0.0, , 
,722.88,800,67.5,-16.0,10111110,723.19,800,29.4,3.09,418.2,722.56,0.0,0.0, , 
,723.78,800,67.5,-16.4,10111110,724.08,800,29.4,3.09,418.2,723.48,0.0,0.0, , 
,724.66,800,67.5,-16.4,10111110,724.95,800,29.4,3.09,418.2,724.37,0.0,0.0, , 
,725.57,800,67.5,-16.4,10111110,725.86,800,29.4,3.09,418.2,725.27,0.0,0.0, , 
,726.46,800,67.5,-16.4,10111110,726.75,800,29.4,3.09,418.2,726.16,0.0,0.0, , 
,727.34,800,67.5,-16.0,10111110,727.64,800,29.4,3.09,418.2,727.04,0.0,0.0, , 
,728.26,800,67.5,-16.0,10111110,728.55,800,29.4,3.09,418.2,727.95,0.0,0.0, , 
,729.16,800,67.5,-16.0,10111110,729.47,800,31.0,3.09,418.2,728.85,0.0,0.0, , 
,730.09,800,67.5,-16.4,10111110,730.38,800,29.4,3.09,418.2,729.79,0.0,0.0, , 
,730.96,800,69.0,-16.0,10111110,731.25,768,29.4,3.09,418.2,730.68,0.0,0.0, , 
,731.88,768,69.0,-16.0,10111110,732.18,800,31.0,3.09,418.2,731.56,0.0,0.0, , 
,732.78,800,69.0,-16.4,10111110,733.10,800,31.0,3.09,418.2,732.48,0.0,0.0, , 
,733.73,800,69.0,-16.8,10111110,734.02,800,29.4,3.09,418.2,733.42,0.0,0.0, , 
,734.61,800,69.0,-16.8,10111110,734.91,800,31.0,3.09,418.2,734.32,0.0,0.0, , 
,735.51,800,69.0,-16.4,10111110,735.80,800,31.0,3.09,418.2,735.21,0.0,0.0, , 
,736.41,800,69.0,-16.0,10111110,736.71,800,29.4,3.09,418.2,736.10,0.0,0.0, , 
,737.31,800,69.0,-16.0,10111110,737.63,800,29.4,3.09,418.2,737.00,0.0,0.0, , 
,738.22,800,69.0,-16.0,10111110,738.52,800,29.4,3.09,418.2,737.92,0.0,0.0, , 
,739.10,800,69.0,-16.4,10111110,739.40,800,29.4,3.09,418.2,738.80,0.0,0.0, , 
,740.02,800,69.0,-16.4,10111110,740.32,800,29.4,3.09,418.2,739.70,0.0,0.0, , 
,740.92,800,69.0,-16.0,10111110,741.23,800,29.4,3.09,418.2,740.61,0.0,0.0, , 
,741.80,800,69.0,-16.0,10111110,742.09,800,29.4,3.09,418.2,741.50,0.0,0.0, , 
,742.70,800,69.0,-16.0,10111110,743.00,800,29.4,3.09,418.2,742.39,0.0,0.0, , 
,743.60,800,69.0,-16.0,10111110,743.90,800,31.0,3.09,418.2,743.30,0.0,0.0, , 
,744.50,800,69.0,-16.0,10111110,744.81,800,29.4,3.09,418.2,744.19,0.0,0.0, , 
,745.42,800,69.0,-16.0,10111110,745.73,800,29.4,3.09,418.2,745.12,0.0,0.0, , 
,746.32,800,69.0,-15.6,10111110,746.63,800,29.4,3.09,418.2,746.01,0.0,0.0, , 
,747.24,800,70.5,-15.6,10111110,747.55,800,29.4,3.09,418.2,746.92,0.0,0.0, , 
,748.14,800,69.0,-15.6,10111110,748.44,800,29.4,3.09,418.2,747.85,0.0,0.0, , 
,749.05,800,69.0,-15.6,10111110,749.34,800,29.4,3.09,418.2,748.76,0.0,0.0, , 
,749.91,800,69.0,-16.0,10111110,750.21,800,29.4,3.09,418.2,749.62,0.0,0.0, , 
,750.79,800,69.0,-16.4,10111110,751.09,800,29.4,3.09,418.2,750.49,0.0,0.0, , 
,751.68,800,69.0,-16.4,10111110,751.97,800,29.4,3.09,418.2,751.37,0.0,0.0, , 
,752.58,800,70.5,-16.0,10111110,752.89,800,29.4,3.09,418.2,752.27,0.0,0.0, , 
,753.51,800,70.5,-16.0,10111110,753.79,800,31.0,3.09,418.2,753.21,0.0,0.0, , 
,754.41,800,70.5,-16.0,10111110,754.71,800,31.0,3.09,418.2,754.10,0.0,0.0, , 
,755.32,800,70.5,-16.4,10111110,755.63,800,29.4,3.09,418.2,755.01,0.0,0.0, , 
,756.21,800,70.5,-16.4,10111110,756.52,800,29.4,3.09,418.2,755.93,0.0,0.0, , 
,757.13,800,70.5,-16.0,10111110,757.44,800,29.4,3.09,418.2,756.83,0.0,0.0, , 
,758.05,800,70.5,-16.0,10111110,758.36,800,29.4,3.09,418.2,757.75,0.0,0.0, , 
,758.98,800,70.5,-16.0,10111110,759.28,800,29.4,3.09,418.2,758.66,0.0,0.0, , 
,759.91,800,70.5,-16.0,10111110,760.22,800,29.4,3.09,418.2,759.61,0.0,0.0, , 
,760.83,800,70.5,-16.0,10111110,761.14,800,29.4,3.09,418.2,760.52,0.0,0.0, , 
,761.75,800,70.5,-16.0,10111110,762.04,800,29.4,3.09,418.2,761.46,0.0,0.0, , 
,762.63,800,70.5,-16.0,10111110,762.93,800,29.4,3.09,418.2,762.34,0.0,0.0, , 
,763.52,800,70.5,-16.4,10111110,763.82,800,31.0,3.09,418.2,763.22,0.0,0.0, , 
,764.41,800,70.5,-16.0,10111110,764.70,800,29.4,3.09,418.2,764.13,0.0,0.0, , 
,765.32,800,70.5,-16.0,10111110,765.62,800,29.4,3.09,418.2,765.02,0.0,0.0, , 
,766.24,800,70.5,-16.0,10111110,766.55,800,29.4,3.09,418.2,765.93,0.0,0.0, , 
,767.14,800,70.5,-16.4,10111110,767.46,800,29.4,3.09,418.2,766.85,0.0,0.0, , 
,768.06,800,70.5,-16.8,10111110,768.37,800,31.0,3.09,418.2,767.75,0.0,0.0, , 
,768.98,800,70.5,-16.4,10111110,769.28,800,29.4,3.09,418.2,768.66,0.0,0.0, , 
,769.92,768,70.5,-16.4,10111110,770.22,800,29.4,3.09,418.2,769.59,0.0,0.0, , 
