Sobota,22,Sierpień,2026,20:43:29:00009-VCID:1C3761778CABCE7337-515A,Wersja VCDS: AKP 23.3.1,Wersja danych: 20230601 DS346.2
047 906 033 L,,1.4l SIMOS3PA   00HS5401,

,Grupa A:,'001,,,,Grupa B:,'002,,,,Grupa C:,'033
,,Obroty silnika,Temperatura,Lambda,Bity binarnie,,Obroty silnika,Obciążenie,Czas wtrysku,Ciśnienie rzecz.,,Lambda,Napięcie, , 
,CZAS,,,,,CZAS,,,,,CZAS,,,,
Znacznik,ZAPISU, /min,*C, %,,ZAPISU, /min, %, ms, mbar,ZAPISU, %, V,,
,0.01,0,21.0,0.0,10110110,0.27,0,0.0,0.00,989.4,0.54,0.0,1.48, , 
,0.80,0,21.0,0.0,10110110,1.07,0,0.0,0.00,989.4,1.33,0.0,1.48, , 
,1.60,0,21.0,0.0,10110110,1.86,0,0.0,0.00,989.4,2.13,0.0,1.48, , 
,2.40,0,21.0,0.0,10110110,2.66,0,0.0,0.00,989.4,2.93,0.0,1.48, , 
,3.20,0,19.5,0.0,10110110,3.47,0,0.0,0.00,989.4,3.74,0.0,1.48, , 
,4.01,0,21.0,0.0,10110110,4.27,0,0.0,0.00,989.4,4.54,0.0,1.48, , 
,4.81,0,21.0,0.0,10110110,5.08,0,0.0,0.00,989.4,5.35,0.0,1.48, , 
,5.61,0,21.0,0.0,10110110,5.88,0,0.0,0.00,989.4,6.15,0.0,1.48, , 
,6.42,0,21.0,0.0,10110110,6.70,0,0.0,0.00,989.4,6.98,0.0,1.48, , 
,7.26,0,21.0,0.0,10110110,7.52,0,0.0,0.00,989.4,7.79,0.0,1.48, , 
,8.05,0,21.0,0.0,10110110,8.32,0,0.0,0.00,989.4,8.58,0.0,1.48, , 
,8.85,0,21.0,0.0,10110110,9.12,0,0.0,0.00,989.4,9.38,0.0,1.48, , 
,9.65,0,21.0,0.0,10110110,9.93,0,0.0,0.00,989.4,10.19,0.0,1.48, , 
,10.46,0,21.0,0.0,10110110,10.72,0,0.0,0.00,989.4,10.99,0.0,1.48, , 
,11.26,0,21.0,0.0,10110110,11.52,0,0.0,0.00,989.4,11.79,0.0,1.48, , 
,12.05,0,21.0,0.0,10110110,12.32,0,0.0,0.00,989.4,12.58,0.0,1.48, , 
,12.85,0,21.0,0.0,10110110,13.12,0,0.0,0.00,989.4,13.40,0.0,1.48, , 
,13.66,0,21.0,0.0,10110110,13.93,0,0.0,0.00,989.4,14.19,0.0,1.48, , 
,14.48,192,19.5,0.0,10110110,14.75,320,100.0,51.50,969.0,15.08,0.0,1.48, , 
,15.41,1312,21.0,0.0,10110110,15.74,1280,44.3,9.27,499.8,16.07,0.0,1.48, , 
,16.39,1184,21.0,0.0,10110110,16.70,1184,40.0,8.24,459.0,17.05,0.0,1.48, , 
,17.37,1184,21.0,0.0,10110110,17.69,1152,40.0,8.24,459.0,18.03,0.0,1.48, , 
,18.34,1184,21.0,0.0,10110110,18.67,1184,40.0,7.21,459.0,18.99,0.0,1.48, , 
,19.29,1184,21.0,0.0,10110110,19.61,1152,38.4,7.21,459.0,19.95,0.0,1.48, , 
,20.31,1184,21.0,0.0,10110110,20.65,1152,38.4,7.21,459.0,20.96,0.0,1.48, , 
,21.30,1152,21.0,0.0,10110110,21.65,1152,38.4,6.18,438.6,21.98,0.0,1.48, , 
,22.33,1184,21.0,0.0,10110110,22.65,1152,38.4,6.18,438.6,22.98,0.0,1.48, , 
,23.29,1152,21.0,0.0,10110110,23.62,1152,36.9,6.18,438.6,23.97,0.0,1.48, , 
,24.32,1152,21.0,0.0,10110110,24.63,1152,36.9,5.15,438.6,24.95,0.0,1.48, , 
,25.26,1120,21.0,0.0,10110110,25.61,1152,36.9,5.15,438.6,25.91,0.0,1.48, , 
,26.25,1152,21.0,0.0,10110110,26.59,1120,36.9,5.15,438.6,26.90,0.0,1.48, , 
,27.24,1120,21.0,0.0,10110110,27.56,1120,38.4,5.15,438.6,27.89,0.0,1.48, , 
,28.21,1120,21.0,0.0,10110110,28.55,1120,38.4,5.15,459.0,28.90,0.0,1.48, , 
,29.23,1120,21.0,0.0,10110110,29.56,1120,40.0,5.15,459.0,29.88,0.0,1.48, , 
,30.20,1120,21.0,0.0,10110110,30.51,1120,41.2,5.15,479.4,30.83,0.0,1.48, , 
,31.15,1088,21.0,0.0,10110110,31.46,1120,42.7,6.18,499.8,31.79,0.0,1.48, , 
,32.13,1088,21.0,0.0,10110110,32.45,1120,45.9,6.18,499.8,32.78,0.0,1.48, , 
,33.10,1088,21.0,0.0,10110110,33.42,1088,47.1,6.18,520.2,33.75,0.0,1.48, , 
,34.08,1120,21.0,0.0,10110110,34.39,1088,48.6,6.18,550.8,34.71,0.0,1.48, , 
,35.04,1120,21.0,0.0,10110110,35.34,1120,50.2,6.18,571.2,35.66,0.0,1.48, , 
,35.98,1120,21.0,0.0,10110110,36.32,1120,51.8,7.21,571.2,36.64,0.0,1.48, , 
,36.97,1152,21.0,0.0,10110110,37.31,1152,51.8,7.21,571.2,37.65,0.0,1.48, , 
,37.97,1120,21.0,0.0,10110110,38.31,1120,53.3,7.21,591.6,38.62,0.0,1.48, , 
,38.93,1120,21.0,0.0,10110110,39.25,1152,51.8,7.21,591.6,39.59,0.0,1.48, , 
,39.92,1120,21.0,0.0,10110110,40.26,1152,53.3,7.21,591.6,40.57,0.0,1.52, , 
,40.91,1152,21.0,0.0,10110110,41.25,1120,53.3,7.21,591.6,41.59,0.0,1.52, , 
,41.90,1120,21.0,0.0,10110110,42.24,1152,51.8,7.21,591.6,42.58,0.0,1.56, , 
,42.90,1120,21.0,0.0,10110110,43.21,1120,51.8,7.21,571.2,43.54,0.0,1.64, , 
,43.88,1120,21.0,0.0,10110110,44.20,1152,51.8,7.21,571.2,44.54,0.0,1.72, , 
,44.87,1120,22.5,0.0,10110110,45.18,1120,51.8,7.21,591.6,45.48,0.0,1.68, , 
,45.79,1120,22.5,0.0,10110110,46.12,1152,51.8,7.21,571.2,46.46,0.0,1.68, , 
,46.78,1152,22.5,0.0,10110110,47.09,1120,50.2,6.18,571.2,47.42,0.0,1.68, , 
,47.74,1152,22.5,0.0,10110110,48.07,1152,50.2,7.21,571.2,48.38,0.0,1.68, , 
,48.70,1152,22.5,0.0,10110110,49.03,1120,50.2,7.21,571.2,49.37,0.0,1.68, , 
,49.71,1152,22.5,0.0,10110110,50.05,1120,50.2,6.18,571.2,50.38,0.0,1.68, , 
,50.71,1120,22.5,0.0,10110110,51.03,1120,50.2,6.18,550.8,51.36,0.0,1.68, , 
,51.68,1120,22.5,0.0,10110110,52.00,1120,50.2,6.18,571.2,52.34,0.0,1.68, , 
,52.65,1152,22.5,0.0,10110110,52.97,1152,50.2,6.18,550.8,53.30,0.0,1.68, , 
,53.64,1120,22.5,0.0,10110110,54.01,1120,48.6,6.18,550.8,54.32,0.0,1.64, , 
,54.64,1120,22.5,0.0,10110110,54.97,1152,48.6,6.18,550.8,55.30,0.0,1.68, , 
,55.61,1120,24.0,0.0,10110110,55.96,1120,48.6,6.18,550.8,56.31,0.0,1.68, , 
,56.65,1120,24.0,0.0,10110110,56.94,1120,48.6,6.18,550.8,57.27,0.8,1.68, , 
,57.63,1152,24.0,2.3,10111110,57.95,1152,48.6,6.18,550.8,58.29,4.7,1.60, , 
,58.61,1152,24.0,5.9,10111110,58.93,1152,47.1,6.18,520.2,59.24,7.0,1.56, , 
,59.58,1152,24.0,7.8,10111110,59.89,1152,45.9,6.18,520.2,60.20,8.2,1.52, , 
,60.53,1120,24.0,8.2,10111110,60.87,1152,45.9,6.18,520.2,61.19,8.2,1.48, , 
,61.50,1152,24.0,8.2,10111110,61.83,1152,44.3,6.18,499.8,62.15,8.2,1.48, , 
,62.48,1152,24.0,8.2,10111110,62.79,1152,44.3,6.18,499.8,63.11,8.2,1.48, , 
,63.46,1120,25.5,8.2,10111110,63.78,1120,44.3,6.18,499.8,64.13,8.2,1.48, , 
,64.46,1152,25.5,8.2,10111110,64.80,1120,42.7,6.18,499.8,65.14,8.2,1.48, , 
,65.47,1120,25.5,8.2,10111110,65.82,1120,42.7,6.18,499.8,66.16,7.8,1.45, , 
,66.50,1120,25.5,7.4,10111110,66.83,1120,42.7,6.18,479.4,67.16,7.4,1.48, , 
,67.49,1120,25.5,7.0,10111110,67.80,1120,41.2,6.18,479.4,68.15,7.0,1.48, , 
,68.46,1120,25.5,7.0,10111110,68.77,1120,41.2,6.18,479.4,69.09,7.0,1.48, , 
,69.40,1120,25.5,7.0,10111110,69.73,1120,41.2,6.18,479.4,70.06,6.6,1.48, , 
,70.39,1120,25.5,6.6,10111110,70.72,1120,40.0,6.18,479.4,71.07,6.6,1.48, , 
,71.39,1120,27.0,6.6,10111110,71.74,1120,40.0,5.15,479.4,72.06,6.3,1.48, , 
,72.38,1120,27.0,6.3,10111110,72.70,1120,40.0,5.15,459.0,73.03,6.3,1.48, , 
,73.36,1088,27.0,6.3,10111110,73.69,1120,41.2,5.15,479.4,74.05,6.3,1.48, , 
,74.36,1120,27.0,6.6,10111110,74.69,1120,40.0,5.15,479.4,75.01,6.6,1.48, , 
,75.34,1120,27.0,6.6,10111110,75.64,1088,40.0,5.15,459.0,75.97,6.3,1.48, , 
,76.28,1088,27.0,6.3,10111110,76.61,1088,38.4,5.15,459.0,76.94,5.9,1.45, , 
,77.27,1088,27.0,5.9,10111110,77.57,1088,38.4,5.15,459.0,77.89,5.5,1.45, , 
,78.21,1088,27.0,5.1,10111110,78.55,1088,38.4,5.15,459.0,78.86,5.1,1.48, , 
,79.17,1088,28.5,5.1,10111110,79.49,1056,38.4,5.15,438.6,79.79,5.1,1.48, , 
,80.10,1088,28.5,5.1,10111110,80.41,1088,36.9,5.15,438.6,80.74,4.7,1.48, , 
,81.06,1088,28.5,4.7,10111110,81.39,1088,36.9,5.15,438.6,81.72,4.7,1.48, , 
,82.02,1056,28.5,4.7,10111110,82.35,1088,36.9,5.15,438.6,82.66,4.7,1.48, , 
,83.00,1088,28.5,4.7,10111110,83.34,1056,36.9,5.15,438.6,83.67,4.3,1.48, , 
,84.00,1056,28.5,4.3,10111110,84.31,1056,36.9,5.15,438.6,84.63,4.3,1.48, , 
,84.95,1056,28.5,4.3,10111110,85.29,1088,35.3,5.15,438.6,85.61,3.9,1.48, , 
,85.95,1056,28.5,4.3,10111110,86.27,1056,36.9,5.15,438.6,86.58,4.3,1.52, , 
,86.90,1088,30.0,4.7,10111110,87.21,1056,35.3,5.15,438.6,87.55,4.7,1.48, , 
,87.87,1056,30.0,4.7,10111110,88.21,1056,36.9,5.15,438.6,88.53,5.1,1.52, , 
,88.89,1056,30.0,5.1,10111110,89.22,1056,36.9,5.15,438.6,89.55,5.5,1.52, , 
,89.90,1088,30.0,5.5,10111110,90.21,1088,36.9,5.15,438.6,90.53,5.9,1.52, , 
,90.87,1088,30.0,5.9,10111110,91.19,1056,36.9,5.15,438.6,91.50,6.3,1.52, , 
,91.83,1056,30.0,6.3,10111110,92.19,1056,36.9,5.15,438.6,92.51,6.3,1.48, , 
,92.82,1056,30.0,6.3,10111110,93.14,1056,38.4,5.15,459.0,93.45,5.9,1.48, , 
,93.80,1056,31.5,5.9,10111110,94.15,1056,38.4,5.15,459.0,94.47,5.9,1.48, , 
,94.80,1056,31.5,5.9,10111110,95.14,1056,38.4,5.15,459.0,95.46,5.9,1.48, , 
,95.78,1024,31.5,6.3,10111110,96.11,1056,38.4,5.15,459.0,96.42,6.3,1.48, , 
,96.74,1056,31.5,6.3,10111110,97.06,1056,38.4,5.15,459.0,97.39,5.9,1.48, , 
,97.71,1056,31.5,5.9,10111110,98.04,1024,38.4,5.15,459.0,98.36,5.9,1.45, , 
,98.67,1056,31.5,5.9,10111110,99.00,1056,38.4,5.15,459.0,99.34,5.9,1.48, , 
,99.67,1056,31.5,5.5,10111110,100.01,1024,38.4,5.15,459.0,100.34,5.5,1.48, , 
,100.64,1024,33.0,5.5,10111110,100.96,1024,38.4,5.15,459.0,101.28,5.5,1.48, , 
,101.60,1024,33.0,5.5,10111110,101.93,1024,40.0,5.15,459.0,102.23,5.5,1.48, , 
,102.55,1024,33.0,5.5,10111110,102.86,1024,40.0,5.15,459.0,103.18,5.5,1.48, , 
,103.52,1024,33.0,5.5,10111110,103.83,1024,40.0,5.15,459.0,104.15,5.5,1.48, , 
,104.46,1024,33.0,5.5,10111110,104.80,1024,40.0,5.15,479.4,105.12,5.5,1.48, , 
,105.46,1024,33.0,5.9,10111110,105.78,992,40.0,5.15,479.4,106.13,5.9,1.48, , 
,106.47,1024,33.0,5.9,10111110,106.79,1024,40.0,5.15,479.4,107.08,5.9,1.48, , 
,107.44,992,34.5,5.9,10111110,107.79,992,41.2,5.15,479.4,108.11,5.9,1.48, , 
,108.40,1024,34.5,5.9,10111110,108.72,992,41.2,6.18,479.4,109.06,5.5,1.45, , 
,109.37,992,34.5,5.5,10111110,109.71,992,40.0,5.15,479.4,110.05,5.1,1.48, , 
,110.40,1024,34.5,5.1,10111110,110.70,992,41.2,5.15,479.4,111.05,5.1,1.48, , 
,111.32,992,34.5,5.5,10111110,111.65,992,41.2,6.18,499.8,111.95,5.5,1.48, , 
,112.21,992,34.5,5.5,10111110,112.54,992,41.2,6.18,499.8,112.89,5.5,1.48, , 
,113.17,992,34.5,5.5,10111110,113.46,992,41.2,6.18,499.8,113.82,5.5,1.48, , 
,114.17,992,36.0,5.5,10111110,114.53,992,41.2,6.18,479.4,114.90,5.1,1.45, , 
,115.25,992,36.0,4.7,10111110,115.61,992,41.2,5.15,479.4,115.96,4.7,1.48, , 
,116.31,992,36.0,4.7,10111110,116.63,992,41.2,6.18,479.4,116.93,4.7,1.48, , 
,117.20,960,36.0,4.7,10111110,117.46,992,41.2,6.18,499.8,117.74,4.3,1.48, , 
,118.08,960,36.0,4.3,10111110,118.41,960,41.2,5.15,479.4,118.73,4.3,1.48, , 
,119.06,960,36.0,4.3,10111110,119.36,960,41.2,6.18,499.8,119.72,4.3,1.48, , 
,120.00,960,36.0,4.3,10111110,120.34,992,41.2,5.15,479.4,120.67,4.3,1.48, , 
,121.00,960,36.0,4.7,10111110,121.34,960,41.2,5.15,479.4,121.62,4.7,1.48, , 
,121.94,960,37.5,4.7,10111110,122.28,960,41.2,5.15,499.8,122.57,4.7,1.48, , 
,122.88,960,37.5,4.7,10111110,123.19,960,41.2,5.15,499.8,123.54,5.1,1.48, , 
,123.88,960,37.5,5.1,10111110,124.20,960,41.2,5.15,479.4,124.50,5.1,1.48, , 
,124.82,960,37.5,5.1,10111110,125.14,960,41.2,6.18,479.4,125.45,5.1,1.45, , 
,125.75,928,37.5,4.7,10111110,126.08,960,41.2,6.18,479.4,126.39,4.3,1.45, , 
,126.73,960,37.5,4.3,10111110,127.01,928,41.2,6.18,479.4,127.29,4.3,1.41, , 
,127.58,960,37.5,4.3,10111110,127.91,960,40.0,6.18,479.4,128.22,4.7,1.41, , 
,128.54,960,37.5,4.7,10111110,128.85,928,40.0,6.18,479.4,129.18,4.3,1.41, , 
,129.50,960,37.5,4.3,10111110,129.81,928,40.0,6.18,479.4,130.12,4.3,1.41, , 
,130.42,928,39.0,4.3,10111110,130.74,928,40.0,5.15,479.4,131.06,5.5,1.45, , 
,131.39,960,39.0,5.9,10111110,131.71,928,40.0,6.18,479.4,132.03,5.9,1.41, , 
,132.34,928,39.0,5.5,10111110,132.64,928,40.0,5.15,479.4,132.97,5.9,1.45, , 
,133.27,928,39.0,5.9,10111110,133.57,928,40.0,5.15,479.4,133.87,6.3,1.41, , 
,134.18,928,39.0,5.9,10111110,134.48,928,40.0,5.15,479.4,134.78,5.9,1.41, , 
,135.09,928,39.0,5.9,10111110,135.40,928,40.0,5.15,479.4,135.71,5.9,1.41, , 
,136.02,928,39.0,5.5,10111110,136.34,928,38.4,5.15,479.4,136.65,5.5,1.41, , 
,136.95,928,39.0,5.5,10111110,137.26,928,40.0,5.15,479.4,137.57,5.5,1.41, , 
,137.87,928,40.5,5.1,10111110,138.17,928,40.0,5.15,479.4,138.49,5.1,1.41, , 
,138.80,896,40.5,5.1,10111110,139.10,896,38.4,5.15,479.4,139.39,5.1,1.45, , 
,139.70,896,40.5,5.1,10111110,140.01,896,38.4,5.15,479.4,140.32,5.1,1.45, , 
,140.61,896,40.5,5.1,10111110,140.91,928,38.4,5.15,459.0,141.25,5.1,1.41, , 
,141.55,928,40.5,5.1,10111110,141.88,896,38.4,5.15,479.4,142.19,5.1,1.41, , 
,142.50,928,40.5,5.1,10111110,142.81,896,38.4,5.15,459.0,143.13,5.1,1.41, , 
,143.45,896,40.5,5.5,10111110,143.75,896,38.4,5.15,459.0,144.08,5.5,1.45, , 
,144.40,928,40.5,5.5,10111110,144.71,928,38.4,5.15,459.0,145.01,5.5,1.45, , 
,145.31,896,40.5,5.5,10111110,145.62,896,38.4,5.15,459.0,145.94,5.5,1.41, , 
,146.25,928,42.0,5.1,10111110,146.57,896,36.9,5.15,459.0,146.86,4.7,1.41, , 
,147.21,896,42.0,4.7,10111110,147.51,896,36.9,5.15,459.0,147.83,4.7,1.45, , 
,148.14,896,42.0,4.7,10111110,148.46,896,36.9,5.15,459.0,148.76,5.1,1.45, , 
,149.07,896,42.0,5.1,10111110,149.37,896,36.9,5.15,459.0,149.67,5.1,1.41, , 
,149.98,928,42.0,5.1,10111110,150.28,896,36.9,5.15,459.0,150.59,5.1,1.41, , 
,150.90,896,42.0,5.1,10111110,151.19,896,36.9,5.15,459.0,151.51,5.1,1.45, , 
,151.81,896,42.0,5.1,10111110,152.11,896,36.9,5.15,459.0,152.42,5.1,1.45, , 
,152.73,896,42.0,5.1,10111110,153.04,896,35.3,5.15,459.0,153.34,4.7,1.41, , 
,153.64,896,42.0,4.7,10111110,153.96,896,36.9,5.15,459.0,154.27,4.7,1.45, , 
,154.56,896,42.0,5.1,10111110,154.89,896,36.9,5.15,459.0,155.21,5.5,1.48, , 
,155.53,896,42.0,5.5,10111110,155.85,896,35.3,5.15,459.0,156.18,5.5,1.41, , 
,156.48,928,43.5,5.5,10111110,156.80,896,36.9,5.15,459.0,157.13,5.5,1.41, , 
,157.43,896,43.5,5.5,10111110,157.74,896,36.9,5.15,459.0,158.06,5.5,1.45, , 
,158.38,896,43.5,5.5,10111110,158.69,896,36.9,5.15,459.0,158.99,5.5,1.45, , 
,159.30,896,43.5,5.5,10111110,159.60,928,35.3,5.15,459.0,159.92,5.5,1.41, , 
,160.22,896,43.5,5.5,10111110,160.54,896,35.3,5.15,459.0,160.83,5.1,1.45, , 
,161.13,896,43.5,5.1,10111110,161.43,896,35.3,5.15,438.6,161.75,5.1,1.41, , 
,162.08,896,43.5,4.7,10111110,162.41,896,35.3,5.15,438.6,162.73,4.3,1.41, , 
,163.05,896,43.5,4.3,10111110,163.35,896,35.3,5.15,438.6,163.65,4.3,1.45, , 
,163.95,896,43.5,4.3,10111110,164.26,896,35.3,5.15,459.0,164.57,4.3,1.45, , 
,164.87,896,43.5,3.9,10111110,165.18,896,35.3,5.15,438.6,165.51,3.1,1.25, , 
,165.81,896,43.5,-0.4,10111110,166.11,928,34.1,4.12,438.6,166.43,-8.2,0.78, , 
,166.74,896,45.0,-11.7,10111110,167.04,896,34.1,4.12,418.2,167.34,-16.4,1.13, , 
,167.65,864,45.0,-18.0,10111110,167.97,896,32.5,3.09,418.2,168.29,-18.8,1.45, , 
,168.59,864,45.0,-18.4,10111110,168.88,864,34.1,3.09,438.6,169.19,-18.0,1.52, , 
,169.52,864,45.0,-17.2,10111110,169.83,896,35.3,4.12,438.6,170.14,-15.6,1.56, , 
,170.46,832,45.0,-14.8,10111110,170.75,832,36.9,4.12,459.0,171.06,-13.3,1.52, , 
,171.36,832,45.0,-12.9,10111110,171.65,832,36.9,4.12,459.0,171.95,-12.9,1.45, , 
,172.28,832,45.0,-12.9,10111110,172.60,832,35.3,4.12,459.0,172.89,-12.9,1.45, , 
,173.21,832,45.0,-12.9,10111110,173.49,832,35.3,4.12,438.6,173.79,-12.9,1.41, , 
,174.09,832,45.0,-13.3,10111110,174.42,864,34.1,4.12,438.6,174.72,-13.7,1.41, , 
,175.03,832,45.0,-14.1,10111110,175.34,832,34.1,4.12,438.6,175.64,-14.5,1.41, , 
,175.95,832,46.5,-14.5,10111110,176.24,832,34.1,4.12,438.6,176.54,-14.8,1.45, , 
,176.85,832,46.5,-14.8,10111110,177.19,832,35.3,4.12,459.0,177.49,-14.8,1.45, , 
,177.80,832,46.5,-14.8,10111110,178.11,832,35.3,4.12,438.6,178.41,-14.1,1.48, , 
,178.72,800,46.5,-14.1,10111110,179.04,832,35.3,4.12,438.6,179.33,-14.1,1.45, , 
,179.65,832,46.5,-14.1,10111110,179.96,832,34.1,4.12,438.6,180.25,-14.5,1.41, , 
,180.55,832,46.5,-14.8,10111110,180.86,832,34.1,4.12,438.6,181.18,-15.6,1.41, , 
,181.48,832,46.5,-15.6,10111110,181.76,832,35.3,4.12,438.6,182.05,-16.0,1.45, , 
,182.36,832,46.5,-16.0,10111110,182.68,832,34.1,4.12,438.6,182.97,-16.4,1.45, , 
,183.26,800,46.5,-16.4,10111110,183.55,800,35.3,4.12,459.0,183.86,-16.4,1.48, , 
,184.17,832,46.5,-16.4,10111110,184.46,832,35.3,4.12,438.6,184.78,-16.0,1.45, , 
,185.08,832,46.5,-16.0,10111110,185.39,832,35.3,4.12,459.0,185.69,-15.6,1.48, , 
,186.00,832,46.5,-15.6,10111110,186.32,832,35.3,4.12,459.0,186.62,-15.6,1.48, , 
,186.94,832,46.5,-15.6,10111110,187.23,832,35.3,4.12,438.6,187.53,-15.6,1.45, , 
,187.84,832,46.5,-16.0,10111110,188.14,832,34.1,3.09,438.6,188.44,-16.0,1.45, , 
,188.75,832,46.5,-16.0,10111110,189.06,800,35.3,4.12,459.0,189.37,-16.0,1.45, , 
,189.66,832,46.5,-16.4,10111110,189.97,800,35.3,4.12,459.0,190.27,-16.4,1.48, , 
,190.56,832,48.0,-16.4,10111110,190.86,832,35.3,4.12,459.0,191.19,-16.0,1.48, , 
,191.49,832,48.0,-16.0,10111110,191.80,832,35.3,4.12,459.0,192.12,-16.0,1.48, , 
,192.43,832,48.0,-15.6,10111110,192.71,832,35.3,4.12,459.0,193.02,-15.6,1.48, , 
,193.32,832,48.0,-15.6,10111110,193.63,800,35.3,4.12,459.0,193.94,-16.0,1.45, , 
,194.25,832,48.0,-16.0,10111110,194.57,832,35.3,4.12,459.0,194.88,-16.0,1.45, , 
,195.20,832,48.0,-16.0,10111110,195.50,832,35.3,4.12,438.6,195.80,-16.4,1.41, , 
,196.11,800,48.0,-16.8,10111110,196.43,832,35.3,4.12,459.0,196.72,-17.2,1.45, , 
,197.03,832,48.0,-17.6,10111110,197.32,832,35.3,3.09,459.0,197.62,-18.0,1.45, , 
,197.90,832,48.0,-18.0,10111110,198.20,832,35.3,3.09,459.0,198.51,-18.0,1.48, , 
,198.81,832,48.0,-17.6,10111110,199.11,800,35.3,3.09,459.0,199.42,-17.6,1.48, , 
,199.71,832,48.0,-17.6,10111110,200.01,832,35.3,4.12,459.0,200.29,-17.6,1.45, , 
,200.59,832,48.0,-17.6,10111110,200.89,800,35.3,4.12,438.6,201.22,-17.6,1.45, , 
,201.54,832,48.0,-17.6,10111110,201.85,800,34.1,3.09,438.6,202.15,-18.0,1.45, , 
,202.44,832,48.0,-18.0,10111110,202.74,832,34.1,3.09,438.6,203.05,-18.0,1.45, , 
,203.37,832,49.5,-18.0,10111110,203.67,832,35.3,4.12,459.0,204.00,-18.0,1.48, , 
,204.29,832,49.5,-18.0,10111110,204.59,800,35.3,3.09,459.0,204.89,-17.6,1.52, , 
,205.19,832,49.5,-17.2,10111110,205.50,832,35.3,3.09,459.0,205.81,-16.8,1.48, , 
,206.13,832,49.5,-16.8,10111110,206.44,800,35.3,3.09,459.0,206.75,-16.4,1.48, , 
,207.05,832,49.5,-16.4,10111110,207.35,832,35.3,4.12,459.0,207.66,-16.8,1.45, , 
,207.96,832,49.5,-16.8,10111110,208.27,832,35.3,3.09,459.0,208.57,-17.2,1.45, , 
,208.87,832,49.5,-16.8,10111110,209.17,832,35.3,4.12,459.0,209.48,-16.8,1.48, , 
,209.78,832,49.5,-16.8,10111110,210.09,832,35.3,4.12,459.0,210.39,-16.8,1.48, , 
,210.71,800,49.5,-16.8,10111110,211.00,800,35.3,4.12,459.0,211.29,-16.8,1.48, , 
,211.59,832,49.5,-16.4,10111110,211.90,832,35.3,4.12,459.0,212.20,-16.4,1.48, , 
,212.49,832,49.5,-16.4,10111110,212.79,832,35.3,4.12,459.0,213.10,-16.4,1.48, , 
,213.41,832,49.5,-16.4,10111110,213.72,800,35.3,3.09,459.0,214.03,-16.0,1.48, , 
,214.33,832,49.5,-16.4,10111110,214.65,832,35.3,4.12,459.0,214.96,-16.4,1.45, , 
,215.27,832,49.5,-16.8,10111110,215.58,832,35.3,3.09,459.0,215.89,-16.8,1.48, , 
,216.20,832,49.5,-16.8,10111110,216.51,832,34.1,3.09,459.0,216.81,-17.2,1.45, , 
,217.10,800,51.0,-17.2,10111110,217.40,832,35.3,4.12,459.0,217.69,-17.2,1.48, , 
,218.01,832,51.0,-16.8,10111110,218.31,832,35.3,4.12,438.6,218.62,-16.8,1.48, , 
,218.91,800,51.0,-16.8,10111110,219.20,832,35.3,4.12,459.0,219.50,-16.8,1.48, , 
,219.81,832,51.0,-16.8,10111110,220.09,832,35.3,4.12,459.0,220.38,-16.8,1.48, , 
,220.68,832,51.0,-16.4,10111110,220.99,832,35.3,4.12,459.0,221.30,-16.4,1.48, , 
,221.61,832,51.0,-16.4,10111110,221.92,832,35.3,4.12,459.0,222.21,-16.4,1.45, , 
,222.53,832,51.0,-16.8,10111110,222.82,832,34.1,3.09,438.6,223.12,-17.2,1.45, , 
,223.43,800,51.0,-17.2,10111110,223.71,800,34.1,3.09,438.6,224.01,-16.8,1.52, , 
,224.31,800,51.0,-16.4,10111110,224.60,800,35.3,3.09,459.0,224.91,-16.0,1.48, , 
,225.21,832,51.0,-15.6,10111110,225.52,832,35.3,4.12,459.0,225.82,-15.6,1.48, , 
,226.13,832,51.0,-15.2,10111110,226.43,832,35.3,4.12,459.0,226.73,-15.2,1.45, , 
,227.02,832,51.0,-15.2,10111110,227.34,832,34.1,4.12,459.0,227.66,-14.8,1.45, , 
,227.98,832,51.0,-14.5,10111110,228.27,832,35.3,4.12,459.0,228.58,-14.5,1.45, , 
,228.90,832,51.0,-14.1,10111110,229.18,832,34.1,4.12,438.6,229.48,-14.1,1.41, , 
,229.80,832,51.0,-14.1,10111110,230.12,832,34.1,4.12,438.6,230.43,-14.5,1.41, , 
,230.73,832,52.5,-14.5,10111110,231.02,832,34.1,4.12,438.6,231.33,-14.8,1.41, , 
,231.63,800,52.5,-14.8,10111110,231.95,832,34.1,3.09,438.6,232.24,-14.8,1.41, , 
,232.55,800,52.5,-14.8,10111110,232.86,832,34.1,3.09,438.6,233.15,-14.8,1.45, , 
,233.47,800,52.5,-14.8,10111110,233.77,832,34.1,3.09,438.6,234.06,-14.5,1.41, , 
,234.36,832,52.5,-14.8,10111110,234.67,832,34.1,3.09,438.6,234.98,-15.2,1.41, , 
,235.30,832,52.5,-15.2,10111110,235.62,832,34.1,3.09,438.6,235.91,-15.2,1.41, , 
,236.22,832,52.5,-14.8,10111110,236.52,800,34.1,3.09,438.6,236.82,-14.8,1.45, , 
,237.12,800,52.5,-14.8,10111110,237.42,800,34.1,4.12,459.0,237.72,-14.5,1.45, , 
,238.04,832,52.5,-14.5,10111110,238.34,832,34.1,4.12,438.6,238.63,-14.1,1.45, , 
,238.93,832,52.5,-14.1,10111110,239.23,832,34.1,4.12,438.6,239.53,-13.7,1.45, , 
,239.82,832,52.5,-13.7,10111110,240.12,832,34.1,4.12,438.6,240.42,-13.3,1.45, , 
,240.71,832,52.5,-13.3,10111110,241.02,832,34.1,4.12,438.6,241.32,-13.7,1.41, , 
,241.64,832,52.5,-13.7,10111110,241.93,832,34.1,4.12,438.6,242.23,-14.1,1.41, , 
,242.53,832,52.5,-14.1,10111110,242.83,832,34.1,3.09,438.6,243.14,-14.5,1.41, , 
,243.45,800,52.5,-14.8,10111110,243.75,800,34.1,3.09,438.6,244.05,-14.8,1.41, , 
,244.35,832,54.0,-15.2,10111110,244.67,800,34.1,3.09,438.6,244.98,-15.6,1.41, , 
,245.28,832,54.0,-15.6,10111110,245.60,800,34.1,3.09,438.6,245.90,-16.0,1.41, , 
,246.21,800,54.0,-15.6,10111110,246.51,800,34.1,3.09,438.6,246.80,-15.6,1.45, , 
,247.11,832,54.0,-15.6,10111110,247.43,832,34.1,3.09,438.6,247.71,-15.6,1.45, , 
,248.02,832,54.0,-15.2,10111110,248.33,800,34.1,3.09,438.6,248.63,-14.8,1.48, , 
,248.92,800,54.0,-14.5,10111110,249.23,800,34.1,3.09,438.6,249.54,-17.2,1.45, , 
,249.85,672,54.0,0.0,10101010,250.18,1056,53.3,8.24,632.4,250.53,0.0,0.74, , 
,250.90,1792,54.0,0.0,10101010,251.24,1760,25.1,3.09,336.6,251.60,-8.2,1.05, , 
,251.95,1440,54.0,-9.8,10101010,252.29,1344,28.2,3.09,357.0,252.62,-12.5,1.33, , 
,252.97,1088,54.0,-12.1,10101010,253.29,864,34.1,4.12,438.6,253.57,-12.9,1.45, , 
,253.86,1056,54.0,-14.1,10101010,254.17,960,36.9,4.12,459.0,254.47,0.0,1.52, , 
,254.78,832,54.0,0.0,10101010,255.09,896,42.7,5.15,550.8,255.39,0.0,0.86, , 
,255.72,896,54.0,0.0,10111110,256.02,864,34.1,4.12,438.6,256.33,-4.3,1.05, , 
,256.65,832,54.0,-6.6,10111110,256.95,864,35.3,4.12,459.0,257.25,-10.2,1.17, , 
,257.55,896,55.5,-11.7,10111110,257.85,896,34.1,4.12,438.6,258.16,-13.3,1.41, , 
,258.45,896,55.5,-13.3,10111110,258.74,896,34.1,4.12,438.6,259.04,-13.3,1.48, , 
,259.35,800,55.5,-13.3,10111110,259.67,800,32.5,3.09,438.6,259.99,-14.5,1.33, , 
,260.28,800,55.5,-15.2,10111110,260.58,800,34.1,3.09,438.6,260.87,-16.4,1.41, , 
,261.16,800,55.5,-16.4,10111110,261.47,800,34.1,3.09,438.6,261.78,-16.8,1.41, , 
,262.08,768,55.5,-17.6,10111110,262.35,736,38.4,4.12,479.4,262.66,-18.4,1.41, , 
,262.95,800,55.5,-18.8,10111110,263.26,736,36.9,4.12,479.4,263.55,-19.1,1.48, , 
,263.85,928,55.5,0.0,10111110,264.17,928,36.9,4.12,459.0,264.48,0.0,1.05, , 
,264.80,928,55.5,-2.3,10111110,265.12,928,36.9,4.12,459.0,265.41,-4.7,1.33, , 
,265.72,928,55.5,-5.1,10111110,266.02,928,35.3,4.12,459.0,266.34,-6.6,1.37, , 
,266.63,896,55.5,-7.0,10111110,266.96,928,35.3,4.12,459.0,267.26,-8.6,1.37, , 
,267.58,896,55.5,-9.4,10111110,267.89,864,32.5,4.12,438.6,268.19,-9.4,1.45, , 
,268.51,832,55.5,-9.8,10111110,268.79,800,34.1,3.09,438.6,269.12,0.0,1.29, , 
,269.46,1280,55.5,0.0,10101010,269.84,1600,35.3,4.12,438.6,270.16,-8.2,1.02, , 
,270.47,1280,55.5,0.0,10101010,270.78,1216,42.7,6.18,520.2,271.12,0.0,1.17, , 
,271.42,1184,55.5,0.0,10101010,271.72,992,35.3,4.12,438.6,272.04,0.0,1.29, , 
,272.35,864,55.5,0.0,10101010,272.65,864,41.2,5.15,499.8,272.95,0.0,0.90, , 
,273.26,864,57.0,-10.9,10101010,273.54,928,40.0,4.12,479.4,273.89,-11.3,1.33, , 
,274.22,1024,57.0,-10.5,10101010,274.54,1120,38.4,4.12,479.4,274.85,-11.3,1.48, , 
,275.19,1248,57.0,-12.1,10101010,275.51,1280,32.5,3.09,418.2,275.83,-12.9,1.48, , 
,276.16,1344,57.0,-11.7,10111110,276.47,1312,26.7,3.09,357.0,276.80,-12.5,1.45, , 
,277.11,1184,57.0,-13.3,10111110,277.44,1024,28.2,3.09,377.4,277.75,-12.5,1.48, , 
,278.05,896,57.0,-12.5,10111110,278.36,896,32.5,3.09,418.2,278.68,-12.9,1.41, , 
,278.98,896,57.0,-13.3,10111110,279.28,896,32.5,3.09,418.2,279.60,-13.3,1.48, , 
,279.92,896,57.0,-13.3,10111110,280.21,864,31.0,3.09,418.2,280.50,-12.9,1.52, , 
,280.80,800,57.0,-12.5,10111110,281.11,800,50.2,10.30,571.2,281.42,0.0,0.23, , 
,281.75,1632,57.0,0.0,10101010,282.03,1536,38.4,5.15,459.0,282.36,-7.0,1.13, , 
,282.72,1408,57.0,-5.9,10101010,283.05,1280,38.4,5.15,479.4,283.37,-7.0,1.45, , 
,283.66,736,57.0,0.0,10101010,283.94,672,56.1,9.27,652.8,284.25,0.0,1.25, , 
,284.56,864,57.0,0.0,10101010,284.87,832,44.3,6.18,550.8,285.17,0.0,1.05, , 
,285.47,832,57.0,-2.7,10111110,285.77,864,36.9,4.12,479.4,286.07,-8.2,0.98, , 
,286.37,768,57.0,-11.3,10111110,286.68,832,42.7,5.15,520.2,286.98,-16.0,1.09, , 
,287.28,800,58.5,-17.6,10111110,287.58,768,41.2,4.12,520.2,287.89,-25.0,1.41, , 
,288.21,832,58.5,0.0,10101010,288.51,800,45.9,6.18,571.2,288.79,0.0,1.21, , 
,289.14,896,58.5,0.0,10101010,289.49,960,41.2,5.15,499.8,289.81,-6.6,1.33, , 
,290.11,1120,58.5,0.0,10101010,290.47,1280,66.3,12.36,734.4,290.82,0.0,0.39, , 
,291.18,1792,58.5,0.0,10101010,291.55,1984,40.0,4.12,499.8,291.89,0.0,3.09, , 
,292.21,1056,58.5,0.0,10111110,292.53,1088,34.1,5.15,418.2,292.86,0.0,1.37, , 
,293.19,1024,58.5,0.0,10101010,293.52,1056,38.4,5.15,459.0,293.84,-10.2,1.02, , 
,294.16,1056,58.5,-9.4,10101010,294.49,1088,44.3,5.15,550.8,294.83,-10.5,1.41, , 
,295.17,1152,58.5,-9.8,10101010,295.46,1184,48.6,6.18,591.6,295.80,-9.4,1.52, , 
,296.15,1280,58.5,-10.9,10101010,296.47,1312,48.6,6.18,571.2,296.84,-10.5,1.52, , 
,297.20,1408,58.5,-9.4,10101010,297.54,1440,56.1,8.24,632.4,297.84,0.0,0.94, , 
,298.20,1568,58.5,0.0,10101010,298.54,1632,56.1,8.24,632.4,298.87,-6.6,1.29, , 
,299.25,1760,58.5,-7.0,10101010,299.61,1824,53.3,7.21,591.6,299.99,-9.0,1.48, , 
,300.37,1952,58.5,-10.2,10101010,300.71,2016,57.6,7.21,632.4,301.07,-11.3,1.45, , 
,301.42,2144,58.5,-14.1,10101000,301.74,2240,66.3,8.24,693.6,302.08,-19.5,1.37, , 
,302.42,2400,58.5,-20.3,10101000,302.75,2336,0.0,0.00,397.8,303.13,0.0,3.55, , 
,303.44,1024,58.5,0.0,10111110,303.78,1088,31.0,4.12,397.8,304.07,0.0,1.56, , 
,304.42,1024,60.0,0.0,10111110,304.73,896,28.2,4.12,377.4,305.02,0.0,0.43, , 
,305.34,864,60.0,0.0,10111110,305.67,896,31.0,4.12,418.2,306.00,-11.3,0.74, , 
,306.34,896,60.0,-14.8,10111110,306.63,896,31.0,3.09,418.2,306.93,-19.5,1.21, , 
,307.26,864,60.0,-20.3,10111110,307.55,864,31.0,3.09,418.2,307.87,-19.9,1.56, , 
,308.17,864,60.0,-19.1,10111110,308.47,864,31.0,3.09,418.2,308.77,-17.6,1.56, , 
,309.07,864,60.0,-17.2,10111110,309.39,864,32.5,3.09,418.2,309.70,-16.0,1.56, , 
,309.98,896,60.0,-15.6,10111110,310.29,864,32.5,3.09,418.2,310.59,-14.8,1.52, , 
,310.89,896,60.0,-14.5,10111110,311.19,896,32.5,3.09,418.2,311.48,-14.1,1.48, , 
,311.80,896,60.0,-14.1,10111110,312.12,896,32.5,3.09,418.2,312.42,-14.1,1.48, , 
,312.72,896,60.0,-13.7,10111110,313.02,896,32.5,3.09,418.2,313.32,-14.1,1.45, , 
,313.62,896,60.0,-14.1,10111110,313.92,896,32.5,3.09,418.2,314.21,-14.5,1.45, , 
,314.54,864,60.0,-14.8,10111110,314.86,864,29.4,3.09,418.2,315.14,-14.8,1.48, , 
,315.44,768,60.0,-14.8,10111110,315.75,832,34.1,4.12,459.0,316.07,-16.0,1.29, , 
,316.37,800,60.0,-17.6,10111110,316.67,800,36.9,5.15,459.0,316.99,0.0,1.29, , 
,317.30,1248,60.0,0.0,10101010,317.62,1248,53.3,9.27,612.0,317.93,0.0,0.82, , 
,318.22,800,60.0,0.0,10101010,318.55,960,67.8,10.30,775.2,318.86,0.0,0.90, , 
,319.20,1376,61.5,-7.4,10101010,319.56,1536,57.6,8.24,652.8,319.91,0.0,0.98, , 
,320.26,1344,61.5,0.0,10111110,320.55,1056,35.3,5.15,438.6,320.88,0.0,1.88, , 
,321.21,992,61.5,0.0,10101010,321.54,960,53.3,8.24,632.4,321.84,0.0,1.02, , 
,322.13,1120,61.5,0.0,10101010,322.43,1184,79.6,14.42,887.4,322.76,0.0,0.66, , 
,323.11,1376,61.5,0.0,10101010,323.50,1472,42.7,5.15,520.2,323.77,0.0,1.25, , 
,324.14,1536,61.5,-3.1,10101010,324.50,1600,40.0,5.15,479.4,324.87,0.0,1.37, , 
,325.19,1696,61.5,0.0,10101010,325.55,1824,53.3,8.24,612.0,325.91,-8.2,0.94, , 
,326.27,1984,63.0,-6.6,10101010,326.61,2080,57.6,9.27,632.4,326.97,0.0,0.59, , 
,327.29,2272,63.0,0.0,10101000,327.65,2080,0.0,0.00,336.6,327.98,0.0,3.63, , 
,328.28,1024,63.0,0.0,10111110,328.59,1056,31.0,4.12,397.8,328.91,0.0,1.37, , 
,329.20,992,63.0,0.0,10111110,329.51,896,26.7,3.09,377.4,329.81,0.0,0.55, , 
,330.11,896,63.0,0.0,10111110,330.41,896,29.4,4.12,397.8,330.71,-5.9,0.74, , 
,331.02,896,63.0,-10.2,10111110,331.33,896,29.4,3.09,397.8,331.64,-15.2,1.17, , 
,331.95,864,63.0,-16.0,10111110,332.25,864,29.4,3.09,397.8,332.54,-16.4,1.48, , 
,332.83,896,63.0,-16.0,10111110,333.16,864,31.0,3.09,418.2,333.47,-15.2,1.56, , 
,333.78,896,63.0,-14.8,10111110,334.08,864,31.0,3.09,418.2,334.38,-14.5,1.52, , 
,334.68,896,63.0,-14.1,10111110,335.00,896,31.0,3.09,418.2,335.30,-14.1,1.48, , 
,335.61,896,63.0,-14.5,10111110,335.94,896,31.0,3.09,418.2,336.24,-14.8,1.48, , 
,336.55,896,63.0,-14.8,10111110,336.86,896,31.0,3.09,418.2,337.17,-14.8,1.48, , 
,337.47,896,63.0,-15.2,10111110,337.76,864,31.0,3.09,418.2,338.08,-15.2,1.52, , 
,338.39,896,63.0,-15.2,10111110,338.72,864,31.0,3.09,418.2,339.04,-15.2,1.52, , 
,339.39,896,64.5,-15.2,10111110,339.71,864,31.0,3.09,418.2,340.03,-14.8,1.52, , 
,340.34,896,63.0,-14.5,10111110,340.66,864,31.0,3.09,418.2,340.98,-14.1,1.52, , 
,341.29,896,64.5,-14.1,10111110,341.58,896,31.0,3.09,418.2,341.90,-13.7,1.52, , 
,342.20,896,64.5,-13.7,10111110,342.53,896,31.0,3.09,418.2,342.86,-13.7,1.52, , 
,343.17,896,64.5,-13.7,10111110,343.49,896,31.0,3.09,418.2,343.81,-13.3,1.52, , 
,344.12,896,64.5,-13.3,10111110,344.45,896,31.0,3.09,418.2,344.76,-13.3,1.48, , 
,345.09,896,64.5,-13.3,10111110,345.38,864,29.4,3.09,418.2,345.68,-13.3,1.48, , 
,345.98,864,64.5,-13.3,10111110,346.28,896,29.4,3.09,397.8,346.61,-13.7,1.45, , 
,346.93,864,64.5,-14.1,10111110,347.22,864,31.0,3.09,418.2,347.53,-13.3,1.48, , 
,347.83,864,64.5,-13.3,10111110,348.13,896,31.0,3.09,418.2,348.45,-12.9,1.48, , 
,348.78,864,64.5,-12.9,10111110,349.07,864,31.0,3.09,418.2,349.39,-12.9,1.48, , 
,349.72,896,64.5,-12.9,10111110,350.03,896,31.0,3.09,418.2,350.31,-13.3,1.48, , 
,350.61,896,66.0,-13.3,10111110,350.92,896,31.0,3.09,418.2,351.22,-13.7,1.45, , 
,351.52,896,66.0,-14.1,10111110,351.82,896,31.0,3.09,418.2,352.13,-14.5,1.48, , 
,352.45,896,66.0,-14.5,10111110,352.73,864,31.0,3.09,418.2,353.03,-14.5,1.48, , 
,353.33,864,66.0,-14.8,10111110,353.68,992,29.4,3.09,397.8,354.01,-18.8,1.52, , 
,354.44,1504,66.0,-17.6,10101010,354.80,1568,25.1,3.09,336.6,355.14,-16.4,1.60, , 
,355.50,1632,66.0,-16.0,10101010,355.90,1632,26.7,3.09,357.0,356.26,-16.0,1.56, , 
,356.64,1728,66.0,-16.0,10101010,357.03,1760,26.7,3.09,357.0,357.39,-17.2,1.48, , 
,357.73,1792,66.0,-18.4,10111110,358.09,1824,22.0,2.06,316.2,358.46,-17.6,1.52, , 
,358.85,1856,66.0,-14.8,10111110,359.22,1792,22.0,2.06,316.2,359.58,-16.0,1.56, , 
,359.94,1792,66.0,-16.0,10111110,360.29,1792,23.5,2.06,316.2,360.69,-14.8,1.56, , 
,361.01,1792,66.0,-14.1,10111110,361.32,1792,23.5,3.09,316.2,361.72,-13.3,1.52, , 
,362.11,1792,66.0,-12.9,10101010,362.49,1792,22.0,3.09,316.2,362.84,-13.3,1.45, , 
,363.23,1824,66.0,-14.1,10101010,363.57,1920,38.4,5.15,459.0,363.95,0.0,1.17, , 
,364.31,2080,67.5,-6.3,10101000,364.63,2176,42.7,5.15,499.8,364.98,-6.3,1.52, , 
,365.30,2368,67.5,-6.6,10101000,365.66,2208,0.0,0.00,357.0,366.01,0.0,3.71, , 
,366.34,1024,67.5,0.0,10111110,366.64,1056,29.4,4.12,397.8,366.95,0.0,1.60, , 
,367.24,992,67.5,0.0,10111110,367.54,928,26.7,4.12,377.4,367.86,0.0,0.51, , 
,368.17,896,67.5,0.0,10111110,368.49,896,29.4,4.12,397.8,368.81,-5.9,0.74, , 
,369.13,896,67.5,-9.8,10111110,369.44,896,29.4,3.09,397.8,369.74,-14.5,1.17, , 
,370.04,864,67.5,-15.2,10111110,370.34,864,29.4,3.09,418.2,370.63,-15.2,1.48, , 
,370.94,864,67.5,-15.2,10111110,371.24,864,31.0,3.09,418.2,371.58,-14.8,1.52, , 
,371.90,896,67.5,-14.1,10111110,372.22,864,31.0,3.09,418.2,372.55,-13.7,1.52, , 
,372.86,896,67.5,-13.7,10111110,373.17,864,31.0,3.09,418.2,373.47,-13.3,1.48, , 
,373.76,896,67.5,-13.3,10111110,374.08,864,31.0,3.09,418.2,374.39,-13.3,1.48, , 
,374.70,896,67.5,-12.9,10111110,375.03,864,31.0,3.09,418.2,375.32,-12.5,1.48, , 
,375.62,864,67.5,-12.5,10111110,375.93,896,31.0,3.09,418.2,376.25,-12.5,1.45, , 
,376.56,896,67.5,-12.1,10111110,376.88,1152,36.9,6.18,459.0,377.21,0.0,1.05, , 
,377.55,1312,67.5,0.0,10101010,377.88,1376,60.4,10.30,693.6,378.17,0.0,0.94, , 
,378.53,1504,67.5,0.0,10101010,378.92,1664,78.4,13.39,867.0,379.30,0.0,0.70, , 
,379.65,1984,67.5,0.0,10101000,380.00,2112,81.2,13.39,867.0,380.34,0.0,0.82, , 
,380.66,2368,67.5,-8.2,10101000,381.01,2080,0.0,0.00,357.0,381.33,0.0,3.75, , 
,381.64,992,67.5,0.0,10111110,381.98,1600,28.2,4.12,377.4,382.34,0.0,0.86, , 
,382.67,1600,67.5,0.0,10101010,383.02,1632,32.5,4.12,418.2,383.38,-13.7,1.02, , 
,383.74,1632,67.5,-9.4,10111110,384.09,1664,25.1,3.09,336.6,384.45,-13.3,1.37, , 
,384.79,1664,67.5,0.0,10101010,385.15,1696,53.3,8.24,612.0,385.52,0.0,1.02, , 
,385.84,1792,67.5,0.0,10101010,386.21,1824,50.2,7.21,591.6,386.57,0.0,1.48, , 
,386.91,1344,67.5,0.0,10111110,387.22,1024,31.0,4.12,418.2,387.54,0.0,2.15, , 
,387.83,1120,67.5,0.0,10111110,388.17,992,23.5,3.09,357.0,388.46,0.0,0.78, , 
,388.79,832,67.5,0.0,10111110,389.13,864,29.4,4.12,397.8,389.42,-7.0,0.82, , 
,389.73,896,69.0,-10.9,10111110,390.04,896,29.4,3.09,397.8,390.34,-15.2,1.25, , 
,390.63,864,69.0,-16.0,10111110,390.94,896,29.4,3.09,418.2,391.24,-16.0,1.48, , 
,391.55,864,69.0,-15.6,10111110,391.88,864,31.0,3.09,418.2,392.18,-14.8,1.56, , 
,392.50,864,69.0,-14.5,10111110,392.83,864,31.0,3.09,418.2,393.14,-14.1,1.52, , 
,393.45,896,69.0,-13.7,10111110,393.74,896,31.0,3.09,418.2,394.05,-12.9,1.52, , 
,394.36,864,69.0,-12.9,10111110,394.66,896,31.0,3.09,418.2,394.98,-12.5,1.52, , 
,395.30,864,69.0,-12.1,10111110,395.60,896,31.0,3.09,418.2,395.89,-12.1,1.48, , 
,396.22,864,69.0,-11.7,10111110,396.52,896,31.0,3.09,418.2,396.81,-12.1,1.48, , 
,397.12,896,69.0,-12.1,10111110,397.44,896,31.0,3.09,418.2,397.74,-12.1,1.48, , 
,398.07,896,69.0,-12.1,10111110,398.37,896,29.4,3.09,418.2,398.66,-12.5,1.48, , 
,398.97,768,69.0,-12.5,10111110,399.27,800,32.5,3.09,438.6,399.57,-12.5,1.41, , 
,399.87,800,69.0,-12.9,10111110,400.17,768,32.5,3.09,438.6,400.46,-14.5,1.37, , 
,400.77,800,69.0,-14.8,10111110,401.05,768,32.5,3.09,438.6,401.36,-14.8,1.48, , 
,401.66,800,69.0,-14.8,10111110,401.95,800,32.5,3.09,438.6,402.25,-14.5,1.48, , 
,402.54,800,69.0,-14.5,10111110,402.85,800,32.5,3.09,438.6,403.15,-14.8,1.45, , 
,403.47,800,69.0,-15.2,10111110,403.76,800,31.0,3.09,438.6,404.05,-15.2,1.48, , 
,404.36,800,70.5,-14.8,10111110,404.65,800,32.5,3.09,438.6,404.94,-14.8,1.45, , 
,405.24,800,70.5,-15.2,10111110,405.57,800,32.5,3.09,438.6,405.85,-15.6,1.45, , 
,406.16,800,70.5,-15.2,10111110,406.45,768,32.5,3.09,438.6,406.75,-14.8,1.48, , 
,407.05,800,70.5,-14.8,10111110,407.34,800,32.5,3.09,438.6,407.65,-14.5,1.48, , 
,407.93,800,70.5,-14.5,10111110,408.22,800,32.5,3.09,438.6,408.53,-14.5,1.48, , 
,408.81,800,70.5,-14.5,10111110,409.12,800,32.5,3.09,438.6,409.45,-14.1,1.48, , 
,409.74,768,70.5,-14.1,10111110,410.04,800,32.5,3.09,438.6,410.33,-14.5,1.45, , 
,410.63,800,70.5,-14.5,10111110,410.93,800,32.5,3.09,438.6,411.24,-14.5,1.45, , 
,411.53,800,70.5,-14.8,10111110,411.81,800,32.5,3.09,438.6,412.11,-14.8,1.48, , 
,412.43,800,70.5,-14.8,10111110,412.76,800,32.5,3.09,438.6,413.07,-14.8,1.45, , 
,413.37,800,70.5,-14.8,10111110,413.65,800,32.5,3.09,438.6,413.95,-14.8,1.48, , 
,414.26,800,70.5,-15.2,10111110,414.57,800,32.5,3.09,459.0,414.87,-15.2,1.45, , 
,415.18,768,70.5,-15.6,10111110,415.46,800,32.5,3.09,438.6,415.77,-15.2,1.48, , 
,416.07,768,70.5,-15.2,10111110,416.37,800,32.5,3.09,459.0,416.68,-15.2,1.48, , 
,416.99,800,70.5,-15.2,10111110,417.28,800,32.5,3.09,438.6,417.59,-15.2,1.45, , 
,417.89,800,72.0,-15.6,10111110,418.18,800,31.0,3.09,438.6,418.47,-15.6,1.45, , 
,418.75,800,72.0,-15.6,10111110,419.04,768,32.5,3.09,438.6,419.35,-15.2,1.48, , 
,419.65,800,72.0,-15.2,10111110,419.96,768,32.5,3.09,438.6,420.28,-14.8,1.48, , 
,420.59,800,72.0,-14.5,10111110,420.90,768,32.5,3.09,438.6,421.19,-14.5,1.48, , 
,421.48,800,72.0,-14.5,10111110,421.79,800,32.5,3.09,438.6,422.08,-14.5,1.45, , 
,422.37,768,72.0,-14.5,10111110,422.68,800,32.5,3.09,438.6,422.99,-14.5,1.45, , 
,423.29,800,72.0,-14.8,10111110,423.59,800,32.5,3.09,438.6,423.89,-14.8,1.48, , 
,424.19,800,72.0,-14.8,10111110,424.48,800,32.5,3.09,438.6,424.78,-15.2,1.45, , 
,425.08,800,72.0,-15.2,10111110,425.37,800,32.5,3.09,438.6,425.68,-15.2,1.45, , 
,425.99,800,72.0,-15.2,10111110,426.28,800,32.5,3.09,438.6,426.59,-15.2,1.48, , 
,426.89,800,72.0,-15.2,10111110,427.20,768,32.5,3.09,438.6,427.49,-14.5,1.52, , 
,427.82,800,72.0,-14.5,10111110,428.12,800,32.5,3.09,438.6,428.41,-14.5,1.45, , 
,428.71,800,72.0,-14.5,10111110,429.00,800,32.5,3.09,438.6,429.31,-14.1,1.48, , 
,429.62,800,72.0,-14.1,10111110,429.92,800,32.5,3.09,438.6,430.22,-14.1,1.48, , 
,430.52,768,72.0,-14.1,10111110,430.80,800,32.5,3.09,438.6,431.11,-14.1,1.48, , 
,431.41,800,72.0,-14.1,10111110,431.70,800,32.5,3.09,438.6,432.00,-14.1,1.48, , 
,432.28,800,72.0,-14.1,10111110,432.59,800,32.5,3.09,438.6,432.87,-14.1,1.48, , 
,433.19,800,73.5,-14.1,10111110,433.48,768,32.5,3.09,438.6,433.80,-13.7,1.48, , 
,434.11,800,73.5,-13.7,10111110,434.41,800,32.5,3.09,438.6,434.69,-13.3,1.45, , 
,435.00,800,72.0,-13.7,10111110,435.30,800,32.5,3.09,438.6,435.59,-13.7,1.45, , 
,435.88,800,73.5,-14.1,10111110,436.20,800,31.0,3.09,438.6,436.49,-14.1,1.48, , 
,436.79,768,73.5,-14.1,10111110,437.08,800,32.5,3.09,459.0,437.37,-13.7,1.48, , 
,437.67,800,73.5,-13.7,10111110,437.97,800,32.5,3.09,438.6,438.25,-13.3,1.48, , 
,438.54,800,73.5,-13.3,10111110,438.86,800,32.5,3.09,438.6,439.17,-13.3,1.45, , 
,439.49,800,73.5,-13.3,10111110,439.78,800,32.5,3.09,438.6,440.09,-13.3,1.48, , 
,440.40,800,73.5,-13.3,10111110,440.71,800,32.5,3.09,438.6,441.00,-13.7,1.41, , 
,441.30,800,73.5,-13.7,10111110,441.59,768,32.5,3.09,438.6,441.90,-14.1,1.45, , 
,442.21,800,73.5,-14.1,10111110,442.50,768,32.5,3.09,438.6,442.80,-14.5,1.48, , 
,443.09,800,73.5,-14.1,10111110,443.41,800,32.5,3.09,438.6,443.72,-14.1,1.45, , 
,444.01,800,73.5,-14.1,10111110,444.32,800,31.0,3.09,438.6,444.65,-14.1,1.48, , 
,444.95,800,73.5,-14.1,10111110,445.23,800,32.5,3.09,438.6,445.54,-14.1,1.45, , 
,445.86,800,73.5,-14.5,10111110,446.14,768,31.0,3.09,438.6,446.44,-14.5,1.48, , 
,446.74,800,73.5,-14.1,10111110,447.04,800,32.5,3.09,438.6,447.36,-14.5,1.45, , 
,447.67,800,73.5,-14.5,10111110,447.96,800,32.5,3.09,438.6,448.26,-14.5,1.45, , 
,448.56,800,73.5,-14.8,10111110,448.88,800,32.5,3.09,438.6,449.18,-14.8,1.41, , 
,449.50,768,73.5,-14.8,10111110,449.79,800,32.5,3.09,438.6,450.10,-14.8,1.48, , 
,450.41,800,73.5,-14.5,10111110,450.69,800,32.5,3.09,438.6,451.00,-14.1,1.48, , 
,451.29,800,73.5,-14.1,10111110,451.61,800,32.5,3.09,438.6,451.92,-14.1,1.45, , 
,452.23,800,73.5,-13.7,10111110,452.53,800,32.5,3.09,438.6,452.82,-13.7,1.45, , 
,453.11,800,75.0,-13.7,10111110,453.41,768,32.5,3.09,438.6,453.73,-13.7,1.48, , 
,454.00,800,73.5,-13.3,10111110,454.31,800,32.5,3.09,438.6,454.61,-13.7,1.45, , 
,454.91,800,75.0,-13.7,10111110,455.21,800,32.5,3.09,459.0,455.55,-13.3,1.48, , 
,455.85,800,75.0,-13.3,10111110,456.13,800,32.5,3.09,438.6,456.42,-13.3,1.45, , 
,456.74,768,75.0,-13.3,10111110,457.02,800,32.5,3.09,438.6,457.32,-12.9,1.48, , 
,457.63,800,75.0,-12.9,10111110,457.91,800,32.5,3.09,438.6,458.20,-13.3,1.45, , 
,458.51,800,73.5,-13.3,10111110,458.80,800,32.5,3.09,438.6,459.10,-13.3,1.45, , 
,459.41,800,75.0,-13.3,10111110,459.70,800,32.5,3.09,438.6,460.00,-12.9,1.45, , 
,460.28,768,75.0,-12.9,10111110,460.57,800,31.0,3.09,438.6,460.89,-12.9,1.48, , 
,461.17,800,75.0,-12.9,10111110,461.47,800,31.0,3.09,438.6,461.77,-13.3,1.41, , 
,462.06,768,75.0,-13.3,10111110,462.36,800,32.5,3.09,438.6,462.65,-13.3,1.45, , 
,462.96,800,75.0,-13.3,10111110,463.27,768,32.5,3.09,459.0,463.59,-15.6,1.48, , 
,463.92,1024,75.0,-16.0,10101010,464.25,1088,28.2,3.09,397.8,464.56,-15.2,1.60, , 
,464.87,1088,75.0,-14.8,10111110,465.20,1088,23.5,2.06,336.6,465.49,-15.6,1.56, , 
,465.76,768,75.0,-16.0,10111110,466.06,672,31.0,3.09,418.2,466.35,-15.6,1.48, , 
,466.65,800,75.0,-16.4,10111110,466.96,800,31.0,3.09,438.6,467.25,-18.8,1.33, , 
,467.54,736,75.0,-19.5,10111110,467.84,800,32.5,3.09,459.0,468.17,-20.3,1.48, , 
,468.47,768,75.0,-19.9,10111110,468.77,768,34.1,3.09,459.0,469.08,-18.8,1.56, , 
,469.35,768,75.0,-18.4,10111110,469.65,736,35.3,4.12,459.0,469.95,-17.2,1.56, , 
,470.24,768,75.0,-16.4,10111110,470.54,800,34.1,3.09,459.0,470.85,-15.6,1.52, , 
,471.14,768,75.0,-15.6,10111110,471.45,800,34.1,3.09,459.0,471.73,-15.2,1.48, , 
,472.03,800,75.0,-15.2,10111110,472.33,800,32.5,3.09,459.0,472.62,-15.2,1.48, , 
,472.92,800,75.0,-15.2,10111110,473.22,800,32.5,3.09,459.0,473.54,-14.8,1.45, , 
,473.84,800,75.0,-15.2,10111110,474.14,800,32.5,3.09,438.6,474.41,-15.6,1.45, , 
,474.71,800,75.0,-15.6,10111110,475.03,800,32.5,3.09,459.0,475.32,-15.2,1.48, , 
,475.61,800,75.0,-15.2,10111110,475.90,768,32.5,3.09,438.6,476.19,-15.2,1.48, , 
,476.49,800,75.0,-15.2,10111110,476.77,768,32.5,3.09,459.0,477.05,-15.6,1.45, , 
,477.34,768,75.0,-15.6,10111110,477.62,768,34.1,3.09,459.0,477.94,-15.6,1.48, , 
,478.23,800,75.0,-15.6,10111110,478.54,800,32.5,3.09,459.0,478.84,-15.6,1.48, , 
,479.15,768,75.0,-15.6,10111110,479.45,800,32.5,3.09,459.0,479.76,-15.6,1.45, , 
,480.09,800,75.0,-15.6,10111110,480.39,800,32.5,3.09,438.6,480.69,-15.6,1.45, , 
,480.99,800,76.5,-15.6,10111110,481.28,800,32.5,3.09,438.6,481.58,-15.6,1.48, , 
,481.88,800,76.5,-15.6,10111110,482.18,800,32.5,3.09,438.6,482.48,0.0,1.52, , 
,482.82,1152,76.5,0.0,10101010,483.19,1376,29.4,4.12,397.8,483.49,-7.4,1.05, , 
,483.81,1056,76.5,-8.6,10101010,484.09,832,35.3,4.12,459.0,484.36,0.0,1.33, , 
,484.63,672,76.5,0.0,10101010,484.93,864,53.3,7.21,673.2,485.27,0.0,0.98, , 
,485.56,992,76.5,0.0,10101010,485.89,1152,56.1,9.27,652.8,486.29,0.0,0.78, , 
,486.68,1824,76.5,0.0,10101010,486.97,1536,0.0,0.00,418.2,487.28,0.0,3.32, , 
,487.58,1152,76.5,0.0,10111110,487.89,1088,28.2,4.12,377.4,488.22,0.0,1.09, , 
,488.55,1056,76.5,0.0,10101010,488.87,1088,35.3,5.15,438.6,489.19,0.0,1.05, , 
,489.51,1152,76.5,0.0,10111110,489.82,1152,25.1,3.09,357.0,490.17,-10.9,0.94, , 
,490.50,1152,76.5,-12.9,10101010,490.86,1184,31.0,4.12,418.2,491.18,0.0,1.17, , 
,491.51,1248,76.5,0.0,10101010,491.84,1312,50.2,7.21,591.6,492.19,-3.5,1.25, , 
,492.63,1440,76.5,0.0,10101010,492.95,1536,59.2,9.27,673.2,493.32,0.0,1.13, , 
,493.70,1728,76.5,-4.7,10101010,494.06,1792,36.9,5.15,459.0,494.42,-4.7,1.13, , 
,494.79,1856,78.0,-7.8,10101010,495.17,1888,31.0,4.12,397.8,495.53,-12.5,1.29, , 
,495.90,1920,76.5,-15.6,10101010,496.27,1952,28.2,3.09,377.4,496.63,-17.6,1.45, , 
,496.98,1984,76.5,-18.0,10101010,497.34,1952,29.4,3.09,377.4,497.69,0.0,1.05, , 
,498.04,2048,76.5,0.0,10101000,498.39,2112,45.9,6.18,520.2,498.72,0.0,1.02, , 
,499.04,2240,76.5,0.0,10101000,499.38,2304,57.6,8.24,652.8,499.74,0.0,2.34, , 
,500.05,1472,76.5,0.0,10111110,500.34,960,28.2,4.12,377.4,500.72,0.0,2.89, , 
,501.05,1504,78.0,0.0,10101010,501.36,1504,23.5,3.09,316.2,501.70,0.0,0.55, , 
,502.08,1536,76.5,-14.1,10101010,502.47,1504,25.1,3.09,336.6,502.81,-12.1,1.37, , 
,503.13,1504,78.0,-12.1,10101010,503.51,1536,36.9,5.15,459.0,503.85,0.0,1.05, , 
,504.19,1568,78.0,0.0,10101010,504.52,1600,71.0,12.36,795.6,504.89,0.0,0.94, , 
,505.25,1728,78.0,0.0,10101010,505.62,1792,73.7,11.33,826.2,505.98,0.0,0.98, , 
,506.36,1888,78.0,-7.8,10101010,506.72,1920,75.3,10.30,846.6,507.07,-12.5,1.37, , 
,507.42,2016,78.0,-14.8,10101000,507.77,2048,72.2,9.27,795.6,508.11,0.0,1.72, , 
,508.41,1344,78.0,0.0,10111110,508.71,1024,29.4,4.12,397.8,509.12,0.0,2.50, , 
,509.47,1440,78.0,0.0,10111110,509.85,1440,23.5,3.09,336.6,510.19,0.0,0.94, , 
,510.52,1408,78.0,0.0,10101010,510.84,1376,40.0,5.15,479.4,511.19,-4.3,1.21, , 
,511.51,1344,78.0,-4.3,10101010,511.84,1344,44.3,6.18,520.2,512.17,-2.7,1.48, , 
,512.51,1344,78.0,-3.1,10101010,512.83,1344,45.9,6.18,550.8,513.16,-3.9,1.45, , 
,513.48,1344,78.0,-3.9,10101010,513.79,1344,45.9,6.18,571.2,514.09,-3.9,1.48, , 
,514.43,1344,78.0,-3.9,10101010,514.78,1344,45.9,6.18,571.2,515.13,-4.3,1.48, , 
,515.48,1344,78.0,-3.9,10101010,515.78,1344,45.9,6.18,550.8,516.09,-4.3,1.48, , 
,516.42,1344,78.0,-4.7,10101010,516.75,1344,40.0,5.15,499.8,517.10,-5.9,1.41, , 
,517.44,1344,78.0,-6.6,10101010,517.75,1344,42.7,5.15,520.2,518.10,-5.1,1.52, , 
,518.45,1344,78.0,-5.1,10101010,518.80,1344,47.1,6.18,571.2,519.15,-4.7,1.52, , 
,519.50,1376,78.0,-3.9,10101010,519.85,1376,47.1,6.18,571.2,520.20,-3.9,1.52, , 
,520.51,1376,78.0,-3.1,10101010,520.84,1408,47.1,6.18,571.2,521.18,-3.1,1.48, , 
,521.54,1408,78.0,-2.3,10101010,521.88,1408,45.9,6.18,550.8,522.23,-2.3,1.48, , 
,522.58,1440,78.0,-1.6,10101010,522.92,1440,44.3,6.18,550.8,523.25,-2.0,1.45, , 
,523.60,1440,78.0,-2.7,10101010,523.98,1440,41.2,5.15,499.8,524.37,-2.7,1.41, , 
,524.70,1472,79.5,-3.1,10101010,524.97,1472,40.0,5.15,499.8,525.24,-3.5,1.41, , 
,525.52,1504,79.5,-3.5,10101010,525.78,1504,40.0,5.15,499.8,526.14,-4.3,1.45, , 
,526.44,1536,79.5,0.0,10101010,526.77,1536,57.6,8.24,673.2,527.12,0.0,1.21, , 
,527.49,1568,79.5,-5.1,10101011,527.87,1600,60.4,8.24,693.6,528.25,-6.6,1.41, , 
,528.60,1632,79.5,-7.8,10101010,528.94,1664,57.6,7.21,652.8,529.31,-7.0,1.52, , 
,529.69,1696,79.5,-7.0,10101010,530.03,1696,56.1,7.21,652.8,530.40,-2.7,1.52, , 
,530.74,1696,79.5,-2.7,10101010,531.10,1728,48.6,6.18,571.2,531.47,-1.6,1.52, , 
,531.83,1696,79.5,-1.2,10101011,532.18,1728,48.6,7.21,591.6,532.56,-1.2,1.48, , 
,532.90,1728,79.5,-0.8,10101011,533.27,1728,48.6,7.21,591.6,533.63,-0.4,1.48, , 
,533.97,1728,79.5,-0.4,10101011,534.32,1696,45.9,6.18,550.8,534.67,0.4,1.48, , 
,535.02,1696,79.5,-0.4,10101011,535.40,1728,42.7,6.18,520.2,535.75,-0.4,1.45, , 
,536.09,1696,79.5,-1.2,10101011,536.46,1696,41.2,5.15,499.8,536.81,-1.2,1.45, , 
,537.20,1664,81.0,-1.6,10101011,537.56,1696,41.2,5.15,499.8,537.90,-1.2,1.48, , 
,538.28,1664,81.0,-1.2,10101011,538.62,1664,42.7,5.15,499.8,538.98,-0.8,1.48, , 
,539.35,1664,81.0,-0.8,10101011,539.69,1664,44.3,6.18,520.2,540.05,-0.8,1.48, , 
,540.38,1696,81.0,0.0,10101011,540.75,1696,44.3,6.18,550.8,541.14,-0.4,1.48, , 
,541.54,1696,81.0,0.4,10101011,541.96,1696,45.9,6.18,550.8,542.31,-2.0,1.48, , 
,542.67,1696,81.0,-2.0,10101011,543.04,1728,45.9,6.18,550.8,543.40,-2.0,1.48, , 
,543.74,1728,81.0,-1.6,10101011,544.09,1728,42.7,5.15,520.2,544.39,0.0,2.70, , 
,544.70,1024,81.0,0.0,10111111,544.99,1120,28.2,4.12,377.4,545.28,0.0,1.56, , 
,545.57,1024,81.0,0.0,10111111,545.86,960,23.5,3.09,357.0,546.16,0.0,0.90, , 
,546.47,864,81.0,0.0,10111111,546.78,896,26.7,3.09,377.4,547.11,-2.3,1.02, , 
,547.40,896,81.0,-5.1,10111111,547.74,896,26.7,3.09,397.8,548.04,-9.0,1.25, , 
,548.35,864,81.0,-9.8,10111111,548.66,864,28.2,3.09,397.8,548.96,-10.2,1.52, , 
,549.26,864,82.5,-9.8,10111111,549.61,864,28.2,3.09,397.8,549.92,-9.4,1.52, , 
,550.23,864,82.5,-9.0,10111111,550.56,896,28.2,3.09,397.8,550.85,-8.6,1.52, , 
,551.15,864,82.5,-8.2,10111111,551.49,864,28.2,3.09,397.8,551.80,-7.8,1.52, , 
,552.10,896,82.5,-7.8,10111111,552.39,864,29.4,3.09,397.8,552.71,-7.8,1.48, , 
,553.03,896,82.5,-7.8,10111111,553.34,896,28.2,3.09,397.8,553.67,-7.4,1.48, , 
,553.96,896,82.5,-7.4,10111111,554.29,896,28.2,3.09,397.8,554.59,-7.4,1.48, , 
,554.90,864,82.5,-7.4,10111111,555.20,864,28.2,3.09,397.8,555.52,-7.8,1.45, , 
,555.82,896,82.5,-7.8,10111111,556.14,896,29.4,3.09,418.2,556.45,-7.8,1.48, , 
,556.75,896,82.5,-7.8,10111111,557.04,896,29.4,3.09,397.8,557.35,-7.4,1.48, , 
,557.65,896,82.5,-7.4,10111111,557.94,864,28.2,3.09,397.8,558.25,-7.4,1.48, , 
,558.54,896,82.5,-7.4,10111111,558.85,864,28.2,3.09,397.8,559.14,-7.4,1.45, , 
,559.44,864,82.5,-7.4,10111111,559.74,864,29.4,3.09,397.8,560.05,-7.0,1.48, , 
,560.35,896,82.5,-7.0,10111111,560.67,896,29.4,3.09,397.8,561.05,0.0,1.56, , 
,561.37,1984,84.0,0.0,10101001,561.68,1056,47.1,7.21,591.6,562.03,0.0,1.60, , 
,562.35,1312,84.0,0.0,10101011,562.73,1344,54.5,8.24,632.4,563.10,0.0,1.09, , 
,563.45,1824,84.0,0.0,10111111,563.79,1376,0.0,0.00,397.8,564.10,0.0,3.59, , 
,564.42,1088,84.0,0.0,10101011,564.69,1056,73.7,12.36,867.0,565.01,0.0,1.21, , 
,565.34,1248,84.0,0.0,10101011,565.68,1344,81.2,13.39,928.2,566.01,0.0,1.09, , 
,566.37,1600,84.0,0.0,10101011,566.75,1728,85.5,14.42,948.6,567.10,-7.0,1.17, , 
,567.44,2016,84.0,-9.0,10101001,567.78,2144,90.2,13.39,948.6,568.11,-13.7,1.33, , 
,568.44,2368,84.0,-15.6,11101001,568.77,2528,73.7,7.21,846.6,569.08,0.0,3.36, , 
,569.43,1472,84.0,0.0,11101011,569.76,1632,20.8,3.09,316.2,570.11,0.0,1.33, , 
,570.45,1472,84.0,0.0,11101011,570.85,1504,42.7,6.18,520.2,571.24,0.0,1.33, , 
,571.59,1536,84.0,0.0,11101011,571.92,1536,63.5,10.30,734.4,572.27,0.0,1.25, , 
,572.64,1600,84.0,-3.5,11101011,573.01,1600,60.4,9.27,693.6,573.36,-4.7,1.41, , 
,573.74,1664,84.0,-4.7,11101011,574.11,1664,54.5,8.24,652.8,574.48,-3.5,1.52, , 
,574.81,1696,82.5,-2.3,11101011,575.17,1696,40.0,5.15,479.4,575.52,-3.1,1.45, , 
,575.87,1696,82.5,-3.5,11101011,576.23,1696,38.4,5.15,479.4,576.57,-3.1,1.45, , 
,576.91,1728,81.0,-3.1,11101011,577.31,1728,44.3,6.18,520.2,577.68,-1.2,1.52, , 
,578.07,1760,81.0,-0.4,11101011,578.45,1792,48.6,7.21,571.2,578.84,1.2,1.45, , 
,579.21,1856,81.0,0.4,11101011,579.58,1888,45.9,6.18,550.8,579.93,0.8,1.45, , 
,580.29,1888,79.5,1.2,11101011,580.66,1920,42.7,6.18,499.8,581.01,-0.8,1.37, , 
,581.38,1920,79.5,-3.9,11101011,581.73,1952,29.4,4.12,377.4,582.10,-9.0,1.17, , 
,582.45,1952,79.5,-12.5,11101010,582.82,1952,28.2,3.09,377.4,583.20,-13.3,1.45, , 
,583.56,1952,78.0,-14.1,11101010,583.93,1952,28.2,3.09,377.4,584.31,-14.5,1.45, , 
,584.67,1952,78.0,-14.5,11101010,585.03,1984,28.2,3.09,377.4,585.40,-13.7,1.48, , 
,585.76,1984,78.0,-13.3,11101010,586.13,1984,28.2,3.09,377.4,586.48,-14.5,1.48, , 
,586.83,1984,78.0,-14.8,11101000,587.19,2016,25.1,3.09,336.6,587.53,-14.5,1.41, , 
,587.90,2016,78.0,-15.2,11101000,588.27,2016,25.1,3.09,336.6,588.61,-16.4,1.45, , 
,588.96,2048,78.0,-16.4,11101000,589.31,2048,25.1,3.09,336.6,589.68,-16.0,1.48, , 
,590.02,2048,78.0,-14.8,11101000,590.38,2048,25.1,3.09,336.6,590.72,-14.5,1.48, , 
,591.05,2080,78.0,-13.7,11101000,591.38,2080,26.7,3.09,357.0,591.72,-9.0,1.56, , 
,592.06,2112,78.0,-7.8,11101000,592.40,2112,29.4,3.09,377.4,592.76,-6.3,1.52, , 
,593.09,2144,78.0,-5.1,11101000,593.44,2144,29.4,3.09,377.4,593.78,-4.3,1.41, , 
,594.13,2176,78.0,-5.1,11101000,594.46,2176,29.4,3.09,377.4,594.80,-5.1,1.41, , 
,595.13,2208,78.0,-4.7,11101000,595.44,2208,28.2,3.09,357.0,595.78,-5.1,1.41, , 
,596.13,2208,78.0,-5.9,11101000,596.47,2208,28.2,3.09,357.0,596.79,-5.1,1.37, , 
,597.14,2208,78.0,-5.5,11101000,597.48,2208,29.4,3.09,357.0,597.84,-6.3,1.45, , 
,598.19,2176,78.0,-5.5,11101000,598.51,2176,25.1,3.09,336.6,598.84,-7.0,1.33, , 
,599.18,2144,78.0,-9.4,11101000,599.52,2112,20.8,2.06,295.8,599.87,-10.9,1.29, , 
,600.23,2080,78.0,-12.9,11101000,600.58,2080,22.0,2.06,316.2,600.93,-13.3,1.37, , 
,601.26,2048,78.0,-12.9,11101000,601.63,2048,25.1,3.09,336.6,601.99,-12.5,1.52, , 
,602.34,2048,78.0,-10.2,11101000,602.69,2048,29.4,3.09,377.4,603.03,-7.4,1.56, , 
,603.38,2048,78.0,-6.6,11101000,603.73,2048,31.0,3.09,397.8,604.08,-5.5,1.48, , 
,604.43,2048,78.0,-4.7,11101000,604.79,2048,31.0,4.12,397.8,605.17,-3.9,1.45, , 
,605.52,2048,79.5,-3.5,11101000,605.86,2048,31.0,4.12,397.8,606.21,-3.1,1.41, , 
,606.57,2080,79.5,-2.7,11101000,606.94,2080,31.0,4.12,397.8,607.27,-3.1,1.41, , 
,607.60,2080,79.5,-3.5,11101000,607.94,2080,29.4,3.09,377.4,608.27,-3.9,1.37, , 
,608.60,2112,79.5,-4.3,11101001,608.93,2112,29.4,3.09,377.4,609.26,-4.7,1.37, , 
,609.60,2144,79.5,-5.1,11101001,609.94,2144,29.4,3.09,377.4,610.29,-4.3,1.45, , 
,610.65,2176,79.5,-5.1,11101001,610.98,2208,29.4,3.09,377.4,611.32,-5.5,1.37, , 
,611.67,2208,79.5,-5.5,11101001,611.99,2208,26.7,3.09,357.0,612.33,-6.3,1.41, , 
,612.68,2240,79.5,-7.0,11111101,613.03,2176,17.6,2.06,244.8,613.38,0.0,1.41, , 
,613.72,2176,81.0,0.0,11111101,614.07,2144,0.0,0.00,275.4,614.40,0.0,3.83, , 
,614.74,2112,81.0,0.0,11111101,615.09,2112,0.0,0.00,275.4,615.45,0.0,3.95, , 
,615.79,2080,81.0,0.0,11111101,616.14,2048,0.0,0.00,244.8,616.50,0.0,3.71, , 
,616.86,1984,81.0,0.0,11101001,617.23,1952,19.2,3.09,275.4,617.60,0.0,0.94, , 
,617.95,1952,81.0,-5.1,11101011,618.32,1952,45.9,6.18,520.2,618.66,0.0,1.41, , 
,619.01,1984,81.0,0.0,11101001,619.39,2016,54.5,7.21,632.4,619.73,3.9,1.64, , 
,620.09,2080,81.0,5.5,11101001,620.43,2080,53.3,7.21,612.0,620.78,7.0,1.48, , 
,621.12,2112,81.0,8.2,11101001,621.48,2144,42.7,5.15,499.8,621.84,0.0,1.60, , 
,622.20,2144,82.5,-0.4,11101001,622.53,2144,32.5,4.12,397.8,622.88,-1.2,1.41, , 
,623.21,2144,82.5,-1.6,11101001,623.55,2144,35.3,4.12,438.6,623.88,2.0,1.60, , 
,624.23,2144,82.5,3.9,11101001,624.55,2176,45.9,6.18,550.8,624.89,7.0,1.52, , 
,625.23,2208,82.5,3.1,11101001,625.57,2240,51.8,7.21,591.6,625.92,5.1,1.52, , 
,626.27,2272,82.5,5.9,11101001,626.61,2304,47.1,6.18,550.8,626.94,6.6,1.45, , 
,627.29,2336,82.5,7.0,11101001,627.63,2336,35.3,4.12,438.6,627.96,3.9,1.25, , 
,628.30,2304,82.5,-3.9,11111101,628.62,2336,17.6,2.06,244.8,628.97,-4.3,1.45, , 
,629.29,2208,82.5,0.0,11111101,629.62,2176,0.0,0.00,275.4,629.96,0.0,3.79, , 
,630.31,2112,82.5,0.0,11111101,630.65,2080,0.0,0.00,275.4,631.01,0.0,3.87, , 
,631.38,1984,82.5,0.0,11111101,631.73,1952,0.0,0.00,275.4,632.09,0.0,3.59, , 
,632.47,1888,82.5,0.0,11101011,632.83,1888,25.1,3.09,336.6,633.19,0.0,0.94, , 
,633.56,1856,84.0,-8.2,11101011,633.95,1824,31.0,4.12,397.8,634.33,-7.8,1.41, , 
,634.72,1824,84.0,-7.0,11101011,635.06,1824,40.0,5.15,479.4,635.44,-3.5,1.60, , 
,635.79,1856,84.0,-2.0,11101011,636.12,1856,40.0,5.15,479.4,636.50,0.8,1.56, , 
,636.88,1856,84.0,0.8,11101011,637.25,1824,31.0,4.12,397.8,637.61,-1.6,1.29, , 
,637.95,1600,84.0,0.0,11111111,638.31,1024,23.5,3.09,357.0,638.58,0.0,2.89, , 
,638.85,992,84.0,0.0,11111111,639.16,960,26.7,3.09,377.4,639.47,0.0,0.98, , 
,639.75,928,84.0,0.0,11111111,640.07,928,26.7,3.09,377.4,640.36,0.0,1.09, , 
,640.66,928,84.0,-1.6,11111111,640.96,864,26.7,3.09,377.4,641.24,-3.5,1.33, , 
,641.53,864,84.0,-3.9,11111111,641.84,864,26.7,3.09,377.4,642.16,-4.3,1.45, , 
,642.45,864,84.0,-4.3,11111111,642.76,896,28.2,3.09,397.8,643.07,-4.3,1.45, , 
,643.38,896,84.0,-4.3,11111111,643.67,896,28.2,3.09,397.8,643.98,-3.9,1.48, , 
,644.29,896,84.0,-3.5,11111111,644.62,864,28.2,3.09,397.8,644.92,-3.1,1.45, , 
,645.23,896,84.0,-3.1,11111111,645.53,896,28.2,3.09,397.8,645.84,-3.5,1.45, , 
,646.16,992,84.0,-3.5,11101011,646.50,1024,29.4,3.09,397.8,646.77,0.0,1.56, , 
,647.07,1024,84.0,0.0,11101011,647.38,1056,66.3,11.33,754.8,647.69,0.0,1.33, , 
,648.00,1184,84.0,0.0,11101011,648.33,1248,63.5,9.27,754.8,648.64,0.0,1.41, , 
,648.99,1344,84.0,0.0,11101011,649.39,1376,78.4,12.36,887.4,649.75,0.0,1.17, , 
,650.08,1600,84.0,0.0,11101011,650.43,1696,81.2,12.36,907.8,650.78,-3.5,1.41, , 
,651.14,1920,84.0,-3.9,11101011,651.50,1984,71.0,9.27,775.2,651.84,-4.3,1.45, , 
,652.19,2112,84.0,-5.1,11101001,652.53,2176,62.0,8.24,693.6,652.84,-4.3,1.52, , 
,653.19,2304,84.0,-4.7,11101001,653.53,2368,69.4,9.27,754.8,653.86,-9.0,1.33, , 
,654.19,2528,84.0,0.0,11101001,654.51,2592,76.9,11.33,826.2,654.83,-2.7,1.33, , 
,655.16,2592,82.5,0.0,11111101,655.49,2048,0.0,0.00,316.2,655.87,0.0,3.83, , 
,656.24,1728,82.5,0.0,11101011,656.57,1664,29.4,4.12,377.4,656.89,0.0,0.78, , 
,657.24,1600,81.0,-3.5,11101011,657.58,1600,47.1,7.21,571.2,657.93,0.0,1.48, , 
,658.31,1568,81.0,0.0,11101011,658.65,1600,54.5,7.21,652.8,658.97,0.0,1.60, , 
,659.32,1536,81.0,0.0,11101011,659.59,1536,34.1,4.12,418.2,660.05,1.6,1.52, , 
,660.31,1472,81.0,2.3,11101011,660.65,1440,34.1,4.12,438.6,661.00,2.7,1.48, , 
,661.37,1376,79.5,1.2,11101010,661.71,1344,26.7,3.09,357.0,662.03,0.0,1.41, , 
,662.37,1280,79.5,0.0,11101010,662.68,1280,60.4,9.27,693.6,663.00,0.0,1.41, , 
,663.34,1280,78.0,0.0,11101010,663.66,1280,72.2,9.27,846.6,663.99,0.0,1.56, , 
,664.30,1248,78.0,0.0,11101010,664.63,1216,44.3,6.18,520.2,664.95,0.0,1.13, , 
,665.28,1216,78.0,0.0,11101010,665.62,1248,81.2,12.36,928.2,665.95,0.0,1.25, , 
,666.28,1280,78.0,0.0,11101010,666.61,1280,60.4,7.21,714.0,666.93,0.0,1.56, , 
,667.26,1312,78.0,2.0,11101010,667.59,1312,45.9,5.15,550.8,667.93,0.0,1.64, , 
,668.30,1280,78.0,3.9,11101010,668.61,1280,42.7,5.15,520.2,668.95,4.7,1.56, , 
,669.24,1248,78.0,6.6,11101010,669.56,1248,45.9,6.18,550.8,669.90,8.6,1.52, , 
,670.22,1216,78.0,8.6,11101010,670.54,1216,47.1,7.21,571.2,670.88,10.5,1.48, , 
,671.20,1184,78.0,11.7,11101010,671.53,1152,50.2,7.21,591.6,671.85,10.2,1.41, , 
,672.18,1152,78.0,0.0,11111110,672.50,1120,26.7,3.09,377.4,672.82,0.0,1.41, , 
,673.12,1088,78.0,-2.3,11101010,673.44,1056,40.0,5.15,479.4,673.77,0.0,1.56, , 
,674.09,1024,78.0,0.0,11101010,674.39,1024,48.6,7.21,591.6,674.71,2.0,1.56, , 
,675.02,1120,78.0,2.3,11101010,675.35,1152,45.9,6.18,571.2,675.67,4.3,1.52, , 
,675.98,1248,78.0,4.7,11101010,676.34,1312,57.6,9.27,673.2,676.67,0.0,1.45, , 
,677.01,1344,78.0,0.0,11101010,677.36,1408,76.9,11.33,867.0,677.71,0.0,1.25, , 
,678.10,1472,78.0,0.0,11101010,678.39,1504,85.5,13.39,948.6,678.78,0.0,1.05, , 
,679.13,1600,78.0,-5.5,11101010,679.46,1632,85.5,12.36,948.6,679.83,-7.8,1.33, , 
,680.20,1728,79.5,-8.2,11101010,680.57,1792,85.5,12.36,928.2,680.94,-10.9,1.37, , 
,681.31,1888,78.0,-12.1,11101010,681.67,1952,87.1,12.36,948.6,682.05,-13.7,1.48, , 
,682.40,2048,79.5,-14.5,11101000,682.74,2080,85.5,11.33,928.2,683.09,-14.8,1.45, , 
,683.43,2176,79.5,-15.2,11101001,683.77,2208,85.5,12.36,928.2,684.10,-14.5,1.52, , 
,684.43,2304,79.5,-14.1,11101001,684.79,2336,85.5,11.33,907.8,685.13,-13.7,1.48, , 
,685.47,2432,81.0,0.0,11111101,685.81,1920,0.0,0.00,336.6,686.12,0.0,3.79, , 
,686.45,1024,81.0,0.0,11111111,686.79,1376,25.1,4.12,357.0,687.12,0.0,0.70, , 
,687.48,1664,81.0,0.0,11101011,687.83,1632,22.0,3.09,316.2,688.18,-6.6,1.09, , 
,688.54,1600,81.0,-5.9,11111111,688.86,1568,23.5,3.09,336.6,689.23,-5.5,1.48, , 
,689.56,1504,81.0,-5.5,11101011,690.02,1472,23.5,3.09,336.6,690.37,-5.5,1.48, , 
,690.73,1472,81.0,-4.7,11101011,691.10,1440,31.0,4.12,418.2,691.44,-3.9,1.52, , 
,691.79,1440,82.5,-3.1,11101011,692.11,1408,36.9,5.15,479.4,692.48,-1.2,1.52, , 
,692.87,1408,82.5,0.4,11101011,693.24,1408,38.4,5.15,479.4,693.59,2.3,1.48, , 
,693.94,1408,82.5,3.1,11101011,694.27,1376,41.2,5.15,520.2,694.60,0.0,1.52, , 
,694.96,1408,82.5,0.0,11101011,695.32,1408,69.4,10.30,795.6,695.63,0.0,1.41, , 
,695.92,1440,82.5,0.0,11101011,696.36,1472,66.3,9.27,775.2,696.82,-0.4,1.45, , 
,697.11,1504,84.0,-0.8,11101011,697.44,1536,54.5,7.21,652.8,697.77,0.0,1.60, , 
,698.10,1536,84.0,2.3,11101011,698.43,1536,45.9,6.18,571.2,698.78,3.9,1.56, , 
,699.14,1536,84.0,5.1,11101011,699.49,1536,47.1,6.18,571.2,699.84,7.4,1.52, , 
,700.20,1536,84.0,8.2,11101011,700.57,1568,67.8,10.30,775.2,700.92,0.0,1.37, , 
,701.27,1600,84.0,0.0,11101011,701.60,1632,79.6,12.36,887.4,701.96,0.0,1.25, , 
,702.33,1696,84.0,0.0,11101011,702.71,1728,84.3,12.36,948.6,703.08,-5.1,1.33, , 
,703.43,1728,84.0,-6.6,11101011,703.78,1728,35.3,4.12,459.0,704.13,0.0,1.64, , 
,704.49,1728,84.0,0.0,11101011,704.85,1728,22.0,3.09,316.2,705.24,-3.9,1.29, , 
,705.57,1696,85.5,-5.9,11101011,705.93,1664,23.5,3.09,336.6,706.27,-6.6,1.41, , 
,706.63,1664,85.5,-4.7,11101011,706.99,1664,29.4,4.12,397.8,707.35,-3.9,1.52, , 
,707.71,1632,85.5,-2.3,11101011,708.06,1632,35.3,4.12,438.6,708.42,-1.2,1.52, , 
,708.77,1632,85.5,-0.4,11101011,709.10,1600,38.4,5.15,479.4,709.45,2.3,1.52, , 
,709.82,1600,85.5,5.5,11101011,710.17,1600,45.9,6.18,550.8,710.55,7.8,1.48, , 
,710.90,1632,85.5,7.8,11101011,711.22,1632,44.3,6.18,550.8,711.59,9.0,1.45, , 
,711.95,1632,85.5,7.0,11101011,712.31,1664,42.7,6.18,520.2,712.67,7.0,1.45, , 
,713.02,1664,85.5,7.4,11101011,713.38,1664,42.7,6.18,520.2,713.73,4.7,1.41, , 
,714.11,1696,85.5,4.7,11101011,714.45,1696,42.7,6.18,520.2,714.81,3.9,1.41, , 
,715.16,1696,85.5,1.2,11101011,715.51,1728,41.2,6.18,499.8,715.89,1.2,1.45, , 
,716.24,1728,85.5,0.8,11101011,716.62,1728,41.2,6.18,499.8,717.00,0.0,1.41, , 
,717.39,1728,85.5,-0.8,11101011,717.76,1728,41.2,6.18,499.8,718.14,-0.8,1.45, , 
,718.51,1728,85.5,-0.8,11101011,718.88,1728,34.1,4.12,438.6,719.22,-3.5,1.33, , 
,719.56,1696,84.0,-2.3,11111111,719.92,1696,23.5,3.09,336.6,720.27,-4.3,1.41, , 
,720.59,1632,84.0,-5.9,11111111,720.92,1600,23.5,3.09,336.6,721.27,-5.5,1.48, , 
,721.58,1568,82.5,-4.7,11111111,721.94,1568,23.5,3.09,336.6,722.29,-3.5,1.52, , 
,722.68,1536,82.5,-3.1,11101011,723.02,1504,23.5,3.09,336.6,723.29,-2.7,1.48, , 
,723.76,1472,82.5,-2.7,11101011,724.05,1504,25.1,3.09,336.6,724.31,-5.5,1.37, , 
,724.58,1472,81.0,-5.9,11101011,724.86,1472,34.1,4.12,418.2,725.13,0.0,1.52, , 
,725.39,1504,81.0,0.0,11101011,725.81,1504,57.6,9.27,673.2,726.16,0.0,1.17, , 
,726.53,1536,81.0,0.0,11101011,726.91,1600,81.2,13.39,907.8,727.24,0.0,1.09, , 
,727.62,1632,81.0,0.0,11101011,727.94,1696,84.3,13.39,928.2,728.28,0.0,1.05, , 
,728.61,1728,79.5,-5.9,11101011,728.99,1760,87.1,13.39,969.0,729.34,-8.2,1.33, , 
,729.71,1856,79.5,-9.8,11101011,730.07,1856,87.1,13.39,948.6,730.43,-13.3,1.37, , 
,730.78,1952,79.5,-15.2,11101011,731.14,1984,88.6,12.36,969.0,731.50,-16.0,1.48, , 
,731.84,2048,79.5,-17.2,11101001,732.19,2080,90.2,12.36,969.0,732.52,-17.2,1.52, , 
,732.88,2144,79.5,-17.6,11101000,733.22,2144,91.4,12.36,989.4,733.56,-17.6,1.52, , 
,733.89,2240,79.5,-16.8,11101000,734.22,2272,92.9,13.39,989.4,734.56,-15.6,1.52, , 
,734.87,2304,79.5,-15.2,11101000,735.22,2368,92.9,13.39,989.4,735.56,-12.9,1.52, , 
,735.90,2432,79.5,-12.1,11101001,736.25,2464,92.9,14.42,969.0,736.61,-9.8,1.45, , 
,736.97,2528,79.5,-9.0,11101001,737.32,2560,92.9,14.42,969.0,737.63,-7.8,1.41, , 
,737.96,2624,79.5,-7.4,11101001,738.28,2656,92.9,15.45,969.0,738.60,-7.4,1.45, , 
,738.93,2720,79.5,-7.4,11101001,739.27,2784,94.5,14.42,969.0,739.58,-7.8,1.37, , 
,739.91,2848,81.0,-8.2,11101001,740.22,2848,91.4,15.45,948.6,740.57,0.0,1.60, , 
,740.87,2816,81.0,0.0,11111101,741.21,2848,19.2,2.06,275.4,741.56,0.0,2.27, , 
,741.88,2912,81.0,0.0,11101001,742.22,2848,87.1,15.45,928.2,742.55,0.0,0.90, , 
,742.92,2912,81.0,0.0,11101001,743.21,2944,85.5,13.39,907.8,743.67,0.0,1.13, , 
,744.11,2976,82.5,0.0,11111101,744.38,2944,19.2,2.06,275.4,744.74,0.0,0.90, , 
,745.06,2560,82.5,0.0,11111101,745.40,2016,0.0,0.00,275.4,745.75,0.0,3.83, , 
,746.06,1056,82.5,0.0,11111111,746.35,1024,26.7,4.12,377.4,746.61,0.0,2.19, , 
,746.92,928,82.5,0.0,11111111,747.23,864,26.7,4.12,397.8,747.54,0.0,0.63, , 
,747.86,896,82.5,0.0,11111111,748.18,896,28.2,3.09,397.8,748.47,-2.3,0.98, , 
,748.78,864,82.5,-4.3,11111111,749.09,896,28.2,3.09,397.8,749.41,-5.5,1.37, , 
,749.71,864,84.0,-5.5,11111111,750.02,864,28.2,3.09,397.8,750.32,-5.1,1.52, , 
,750.63,896,84.0,-4.7,11111111,750.92,896,28.2,3.09,397.8,751.22,-4.3,1.48, , 
,751.52,896,84.0,-3.9,11111111,751.82,896,28.2,3.09,397.8,752.11,-3.9,1.45, , 
,752.42,864,84.0,-4.3,11111111,752.74,896,28.2,3.09,397.8,753.05,-3.9,1.45, , 
,753.36,896,85.5,-3.9,11111111,753.69,896,28.2,3.09,397.8,754.01,-3.9,1.45, , 
,754.32,896,85.5,-3.9,11111111,754.62,896,28.2,3.09,397.8,754.92,-3.5,1.45, , 
,755.24,896,85.5,-3.5,11111111,755.55,896,28.2,3.09,397.8,755.85,-3.9,1.45, , 
,756.14,896,85.5,-3.9,11111111,756.44,896,28.2,3.09,397.8,756.74,-3.5,1.45, , 
,757.06,896,85.5,-3.5,11111111,757.36,896,26.7,3.09,397.8,757.68,-3.1,1.52, , 
,757.98,896,87.0,-2.7,11111111,758.28,896,26.7,3.09,397.8,758.58,-2.3,1.45, , 
,758.87,896,87.0,-2.3,11111111,759.17,896,26.7,3.09,397.8,759.49,-2.0,1.45, , 
,759.80,896,87.0,-2.0,11111111,760.11,896,26.7,3.09,397.8,760.41,-2.0,1.45, , 
,760.70,896,87.0,-2.0,11111111,761.01,896,26.7,3.09,397.8,761.32,-2.0,1.45, , 
,761.63,896,87.0,-2.0,11111111,761.94,896,26.7,3.09,397.8,762.25,-1.6,1.48, , 
,762.56,896,87.0,-1.6,11111111,762.87,864,26.7,3.09,377.4,763.18,-1.6,1.48, , 
,763.46,864,85.5,-1.2,11111111,763.75,864,26.7,3.09,397.8,764.06,-1.2,1.41, , 
,764.38,864,87.0,-1.6,11111111,764.69,864,26.7,3.09,397.8,765.00,-2.0,1.45, , 
,765.33,768,85.5,0.0,11101011,765.70,2016,36.9,4.12,479.4,766.00,0.0,1.13, , 
,766.30,1312,85.5,-2.3,11101011,766.61,992,28.2,4.12,377.4,766.92,-4.3,1.29, , 
,767.21,736,85.5,-5.5,11101011,767.49,608,53.3,7.21,632.4,767.77,0.0,1.64, , 
,768.07,1120,85.5,0.0,11111111,768.39,1184,26.7,3.09,377.4,768.73,0.0,1.33, , 
,769.04,960,84.0,-1.2,11111111,769.35,864,26.7,3.09,397.8,769.66,-0.8,1.48, , 
,769.97,896,84.0,-0.8,11111111,770.27,832,25.1,3.09,377.4,770.56,-1.6,1.37, , 
,770.87,768,82.5,0.0,11101011,771.20,1696,76.9,12.36,887.4,771.54,0.0,0.90, , 
,771.89,2144,82.5,0.0,11101001,772.24,2016,87.1,15.45,948.6,772.57,0.0,0.90, , 
,772.89,2880,81.0,0.0,11101001,773.27,2912,53.3,6.18,612.0,773.64,0.0,3.52, , 
,773.96,1728,81.0,0.0,11101011,774.29,1536,90.2,17.51,989.4,774.64,0.0,0.55, , 
,774.97,1632,81.0,0.0,11101011,775.35,1760,90.2,15.45,989.4,775.70,0.0,0.90, , 
,776.04,2080,79.5,0.0,11101001,776.38,2208,88.6,14.42,948.6,776.71,0.0,2.73, , 
,777.02,1472,79.5,0.0,11111111,777.34,1056,26.7,4.12,377.4,777.77,0.0,2.23, , 
,778.09,1472,79.5,0.0,11101010,778.40,1440,35.3,5.15,438.6,778.71,0.0,1.17, , 
,779.09,1472,79.5,0.0,11101010,779.44,1472,35.3,4.12,459.0,779.71,-3.5,1.41, , 
,780.12,1472,79.5,-2.7,11101010,780.58,1472,34.1,4.12,438.6,780.85,-4.7,1.45, , 
,781.12,1472,79.5,-5.1,11101010,781.39,1472,36.9,5.15,459.0,781.66,0.0,1.48, , 
,782.04,1504,79.5,0.0,11101010,782.38,1536,65.1,10.30,754.8,782.73,0.0,1.09, , 
,783.10,1632,79.5,0.0,11101010,783.44,1664,62.0,9.27,714.0,783.79,-6.6,1.37, , 
,784.14,1696,79.5,-6.3,11101010,784.50,1728,57.6,8.24,652.8,784.88,-7.0,1.48, , 
,785.27,1792,79.5,-7.0,11101010,785.64,1792,48.6,6.18,571.2,786.00,-5.1,1.52, , 
,786.38,1824,79.5,-5.9,11101011,786.74,1824,38.4,5.15,479.4,787.11,-6.3,1.45, , 
,787.45,1824,79.5,-7.4,11101011,787.80,1824,36.9,5.15,459.0,788.17,-9.0,1.41, , 
,788.54,1824,79.5,-9.0,11101011,788.91,1856,45.9,7.21,520.2,789.27,0.0,1.21, , 
,789.63,1856,81.0,-2.3,11101011,790.00,1856,48.6,7.21,571.2,790.38,-1.6,1.48, , 
,790.74,1888,81.0,-0.8,11101011,791.10,1888,47.1,6.18,550.8,791.46,-2.0,1.45, , 
,791.81,1920,81.0,-3.5,11101011,792.17,1920,28.2,3.09,377.4,792.55,-11.3,1.21, , 
,792.91,1888,81.0,-13.3,11101011,793.26,1888,28.2,3.09,377.4,793.64,-16.4,1.33, , 
,793.98,1856,81.0,-16.8,11101011,794.33,1856,29.4,3.09,377.4,794.69,-16.8,1.52, , 
,795.06,1856,82.5,-17.2,11101011,795.45,1824,31.0,3.09,397.8,795.84,-17.2,1.56, , 
,796.20,1824,82.5,-14.5,11101011,796.59,1824,31.0,4.12,397.8,796.96,-14.5,1.56, , 
,797.32,1824,82.5,-13.7,11101011,797.68,1824,32.5,4.12,418.2,798.06,-10.2,1.52, , 
,798.44,1824,82.5,-9.0,11101011,798.81,1824,32.5,4.12,397.8,799.20,-8.6,1.41, , 
,799.56,1824,84.0,-7.0,11101011,799.94,1824,31.0,4.12,397.8,800.31,-7.8,1.45, , 
,800.67,1824,84.0,-9.0,11101011,801.02,1824,28.2,3.09,357.0,801.40,-9.4,1.41, , 
,801.76,1824,84.0,-9.4,11101011,802.12,1792,29.4,3.09,377.4,802.48,-9.8,1.48, , 
,802.85,1792,84.0,-8.6,11101011,803.22,1824,42.7,5.15,499.8,803.58,-3.9,1.60, , 
,803.94,1824,84.0,0.4,11101011,804.30,1856,48.6,7.21,591.6,804.67,5.5,1.56, , 
,805.04,1920,84.0,7.0,11101011,805.39,1920,45.9,6.18,550.8,805.76,9.4,1.41, , 
,806.12,1984,84.0,9.0,11101011,806.49,1984,44.3,6.18,520.2,806.85,8.6,1.37, , 
,807.19,2048,85.5,8.6,11101001,807.54,2048,42.7,6.18,499.8,807.90,5.5,1.33, , 
,808.25,2112,85.5,5.1,11101001,808.59,2112,40.0,5.15,479.4,808.95,1.6,1.41, , 
,809.28,2144,85.5,2.3,11101001,809.63,2176,42.7,6.18,499.8,809.95,1.6,1.41, , 
,810.29,2208,85.5,2.3,11101001,810.64,2208,29.4,4.12,377.4,810.98,-5.5,1.17, , 
,811.32,2208,85.5,-9.0,11101001,811.66,2208,23.5,3.09,316.2,812.01,-12.5,1.29, , 
,812.36,2208,85.5,-14.1,11101001,812.71,2208,23.5,3.09,316.2,813.03,-16.4,1.41, , 
,813.35,2208,85.5,-15.6,11101001,813.68,2176,19.2,2.06,275.4,814.02,-10.5,1.72, , 
,814.35,2176,85.5,-11.3,11111101,814.68,2144,17.6,2.06,275.4,815.00,0.0,1.64, , 
,815.33,2144,85.5,0.0,11101001,815.69,2144,26.7,3.09,336.6,816.02,-4.7,1.17, , 
,816.34,2144,84.0,-2.7,11101001,816.69,2144,36.9,5.15,438.6,817.02,-3.1,1.41, , 
,817.35,2176,84.0,-4.3,11101001,817.69,2176,34.1,4.12,418.2,818.03,-5.5,1.45, , 
,818.37,2208,84.0,-5.9,11101001,818.73,2208,32.5,4.12,397.8,819.07,-8.2,1.41, , 
,819.40,2240,84.0,-9.0,11101001,819.75,2240,32.5,4.12,397.8,820.12,-9.4,1.48, , 
,820.46,2240,84.0,-9.0,11101001,820.80,2240,32.5,4.12,397.8,821.14,-9.4,1.52, , 
,821.46,2272,82.5,-9.0,11101001,821.82,2272,32.5,4.12,397.8,822.14,-7.8,1.52, , 
,822.48,2304,82.5,-7.4,11101001,822.83,2304,34.1,4.12,418.2,823.18,-5.1,1.52, , 
,823.50,2304,82.5,-2.7,11101001,823.85,2336,32.5,4.12,397.8,824.21,-3.1,1.48, , 
,824.54,2336,82.5,-2.7,11101001,824.88,2336,31.0,4.12,377.4,825.21,-3.9,1.41, , 
,825.54,2336,82.5,-7.0,11101001,825.87,2336,23.5,3.09,316.2,826.20,-9.4,1.37, , 
,826.55,2368,82.5,-6.3,11101001,826.88,2368,35.3,4.12,418.2,827.25,-3.1,1.56, , 
,827.61,2368,82.5,-2.3,11101001,827.96,2368,34.1,4.12,418.2,828.30,-1.2,1.45, , 
,828.67,2432,82.5,-0.8,11101001,829.04,2432,32.5,4.12,397.8,829.38,-0.4,1.48, , 
,829.74,2496,81.0,-0.4,11101001,830.07,2496,31.0,4.12,377.4,830.41,-1.6,1.41, , 
,830.74,2528,82.5,-2.3,11101001,831.07,2528,31.0,4.12,377.4,831.41,-3.1,1.41, , 
,831.75,2560,82.5,-3.1,11101001,832.11,2560,31.0,4.12,377.4,832.45,-3.9,1.48, , 
,832.79,2560,81.0,-3.5,11101001,833.13,2592,28.2,3.09,357.0,833.47,0.0,2.66, , 
,833.80,1792,82.5,0.0,11111111,834.12,1312,0.0,0.00,336.6,834.43,0.0,3.83, , 
,834.73,1088,82.5,0.0,11111111,835.06,1056,25.1,4.12,357.0,835.35,0.0,0.82, , 
,835.65,928,82.5,0.0,11111111,835.97,960,25.1,3.09,357.0,836.25,0.0,0.94, , 
,836.56,928,82.5,-1.6,11111111,836.87,896,25.1,3.09,377.4,837.20,-2.0,1.45, , 
,837.50,864,82.5,-1.2,11111111,837.80,896,26.7,3.09,377.4,838.11,0.0,1.52, , 
,838.43,896,82.5,0.4,11111111,838.73,896,25.1,3.09,377.4,839.05,0.8,1.45, , 
,839.38,896,82.5,1.2,11111111,839.70,896,25.1,3.09,377.4,840.02,1.2,1.45, , 
,840.33,896,82.5,1.6,11111111,840.63,896,25.1,3.09,377.4,840.92,1.6,1.45, , 
,841.22,864,82.5,1.6,11111111,841.54,864,25.1,3.09,377.4,841.83,1.6,1.41, , 
,842.15,864,82.5,1.6,11111111,842.46,864,25.1,3.09,377.4,842.76,0.8,1.37, , 
,843.06,896,82.5,0.4,11111111,843.37,896,26.7,3.09,377.4,843.69,0.0,1.41, , 
,844.00,896,82.5,0.0,11111111,844.31,896,26.7,3.09,377.4,844.61,0.4,1.45, , 
,844.91,896,82.5,0.4,11111111,845.22,896,26.7,3.09,377.4,845.53,1.2,1.48, , 
,845.84,896,82.5,1.2,11111111,846.15,896,26.7,3.09,377.4,846.45,1.2,1.45, , 
,846.75,896,84.0,1.2,11111111,847.05,896,25.1,3.09,377.4,847.37,1.2,1.37, , 
,847.67,896,82.5,0.8,11111111,847.97,896,25.1,3.09,377.4,848.26,0.8,1.41, , 
,848.57,864,84.0,1.2,11111111,848.86,864,25.1,3.09,377.4,849.18,0.8,1.41, , 
,849.48,864,84.0,0.8,11111111,849.79,896,25.1,3.09,377.4,850.09,0.0,1.37, , 
,850.41,864,84.0,-0.4,11111111,850.72,896,25.1,3.09,377.4,851.02,-0.4,1.45, , 
,851.33,896,84.0,-0.4,11111111,851.64,864,26.7,3.09,377.4,851.96,-0.8,1.41, , 
,852.26,864,85.5,-1.2,11111111,852.59,864,26.7,3.09,377.4,852.90,-1.6,1.41, , 
,853.18,896,84.0,-1.6,11111111,853.48,864,26.7,3.09,397.8,853.78,-2.0,1.45, , 
,854.08,896,84.0,-2.0,11111111,854.40,896,26.7,3.09,397.8,854.71,-2.0,1.45, , 
,854.99,864,84.0,-2.0,11111111,855.29,896,26.7,3.09,397.8,855.60,-1.6,1.45, , 
,855.89,864,84.0,-1.6,11111111,856.18,896,26.7,3.09,377.4,856.47,-1.2,1.45, , 
,856.77,896,84.0,-1.2,11111111,857.08,896,26.7,3.09,377.4,857.41,-1.2,1.41, , 
,857.72,896,84.0,-1.6,11111111,858.04,896,26.7,3.09,397.8,858.34,-1.2,1.45, , 
,858.67,896,85.5,-1.2,11111111,858.99,896,26.7,3.09,377.4,859.29,-1.2,1.45, , 
,859.57,896,84.0,-0.8,11111111,859.87,896,26.7,3.09,397.8,860.20,-0.8,1.45, , 
,860.53,896,84.0,-0.8,11111111,860.85,896,26.7,3.09,377.4,861.13,-1.2,1.41, , 
,861.42,864,84.0,-1.6,11111111,861.73,864,26.7,3.09,377.4,862.01,-1.6,1.41, , 
,862.32,864,84.0,-2.0,11111111,862.64,896,26.7,3.09,377.4,862.96,-1.6,1.48, , 
,863.25,896,84.0,-1.2,11111111,863.57,896,26.7,3.09,377.4,863.88,-1.6,1.41, , 
,864.19,896,84.0,-1.6,11111111,864.49,896,26.7,3.09,377.4,864.79,-1.6,1.45, , 
,865.08,864,84.0,-1.6,11111111,865.39,896,26.7,3.09,397.8,865.69,-1.2,1.48, , 
,865.97,864,84.0,-0.8,11111111,866.27,864,26.7,3.09,377.4,866.58,-0.4,1.45, , 
,866.90,864,84.0,-0.8,11111111,867.21,896,26.7,3.09,397.8,867.50,-1.2,1.37, , 
,867.82,896,84.0,-1.6,11111111,868.14,896,28.2,3.09,397.8,868.46,-2.3,1.37, , 
,868.77,896,84.0,-2.7,11111111,869.07,896,26.7,3.09,397.8,869.37,-3.1,1.45, , 
,869.68,864,84.0,-2.7,11111111,869.98,864,26.7,3.09,397.8,870.29,-2.3,1.45, , 
,870.59,864,84.0,-2.3,11111111,870.90,864,26.7,3.09,397.8,871.21,-2.3,1.45, , 
,871.52,896,84.0,-2.3,11111111,871.83,896,28.2,3.09,397.8,872.17,-2.7,1.45, , 
,872.48,896,84.0,-2.7,11111111,872.78,896,26.7,3.09,397.8,873.07,-2.7,1.45, , 
,873.36,896,84.0,-2.7,11111111,873.67,864,26.7,3.09,397.8,873.98,-2.7,1.45, , 
,874.29,896,84.0,-2.7,11111111,874.60,896,26.7,3.09,397.8,874.90,-3.1,1.45, , 
,875.23,896,82.5,-3.1,11111111,875.56,896,26.7,3.09,397.8,875.88,-2.3,1.48, , 
,876.16,864,82.5,-2.3,11111111,876.45,896,26.7,3.09,397.8,876.76,-2.3,1.48, , 
,877.05,896,82.5,-2.0,11111111,877.35,864,26.7,3.09,397.8,877.65,-1.6,1.48, , 
,877.96,896,82.5,-1.6,11111111,878.28,896,26.7,3.09,397.8,878.60,-1.6,1.41, , 
,878.91,896,82.5,-1.6,11111111,879.19,864,26.7,3.09,377.4,879.48,-1.6,1.45, , 
,879.85,1344,82.5,0.0,11101011,880.19,1408,41.2,6.18,520.2,880.53,0.0,1.60, , 
,880.87,1408,82.5,0.0,11101011,881.18,1440,67.8,10.30,775.2,881.48,0.0,1.45, , 
,881.83,1440,82.5,0.0,11101011,882.17,1408,38.4,5.15,479.4,882.51,0.8,1.45, , 
,882.87,1376,81.0,0.0,11101011,883.20,1376,38.4,5.15,479.4,883.56,-0.4,1.45, , 
,883.90,1408,81.0,0.0,11101011,884.27,1408,54.5,8.24,652.8,884.73,0.0,1.52, , 
,885.10,1536,81.0,0.8,11101011,885.46,1568,63.5,10.30,714.0,885.81,0.0,1.25, , 
,886.18,1664,81.0,0.0,11101011,886.55,1760,72.2,11.33,826.2,886.90,-2.7,1.29, , 
,887.26,1888,81.0,-3.1,11101011,887.63,1952,66.3,9.27,734.4,887.98,-5.1,1.45, , 
,888.34,2080,81.0,-4.7,11101001,888.68,2080,62.0,8.24,693.6,889.01,-5.9,1.45, , 
,889.34,2176,79.5,-6.6,11101001,889.69,2240,59.2,8.24,673.2,890.03,-7.0,1.52, , 
,890.37,2272,79.5,-7.4,11101001,890.71,2336,57.6,7.21,652.8,891.06,-7.0,1.48, , 
,891.38,2368,79.5,-7.0,11101001,891.70,2400,56.1,7.21,632.4,892.04,-10.2,1.21, , 
,892.39,2496,79.5,-12.1,11101001,892.71,2560,76.9,10.30,826.2,893.04,-10.9,1.56, , 
,893.37,2688,79.5,-9.8,11101001,893.71,2784,85.5,12.36,887.4,894.04,-10.9,1.45, , 
,894.33,2976,79.5,-10.9,11101001,894.65,2560,0.0,0.00,336.6,895.01,0.0,3.83, , 
,895.36,1888,79.5,0.0,11101011,895.74,1888,67.8,11.33,754.8,896.11,0.0,1.13, , 
,896.47,1920,79.5,0.0,11101010,896.83,1984,76.9,12.36,846.6,897.19,0.0,1.17, , 
,897.55,2016,79.5,-3.5,11101001,897.90,2016,69.4,10.30,775.2,898.25,-6.3,1.37, , 
,898.61,2080,79.5,-5.9,11101001,898.96,2080,57.6,8.24,652.8,899.31,-5.5,1.52, , 
,899.65,2080,79.5,-5.1,11101001,899.98,2112,57.6,8.24,652.8,900.33,0.0,1.52, , 
,900.67,2112,79.5,0.0,11101001,901.02,2112,45.9,6.18,520.2,901.35,0.8,1.48, , 
,901.67,2112,79.5,0.0,11101001,902.01,2112,60.4,9.27,673.2,902.35,0.0,1.37, , 
,902.70,1536,81.0,0.0,11111111,903.03,1056,25.1,4.12,357.0,903.36,0.0,2.97, , 
,903.70,1024,81.0,0.0,11111111,904.02,896,23.5,3.09,357.0,904.32,0.0,0.59, , 
,904.64,864,81.0,0.0,11111111,904.96,928,26.7,3.09,377.4,905.25,0.0,0.86, , 
,905.56,928,81.0,-1.6,11111111,905.86,896,26.7,3.09,377.4,906.17,-5.1,1.29, , 
,906.48,896,81.0,-5.5,11111111,906.77,896,26.7,3.09,397.8,907.06,-5.9,1.48, , 
,907.34,864,81.0,-5.5,11111111,907.67,864,26.7,3.09,397.8,907.96,-4.7,1.52, , 
,908.27,896,82.5,-3.9,11111111,908.56,864,26.7,3.09,397.8,908.85,-3.1,1.52, , 
,909.16,896,82.5,-2.7,11111111,909.47,896,26.7,3.09,397.8,909.80,-2.3,1.52, , 
,910.10,1120,82.5,-1.6,11101011,910.42,1088,25.1,3.09,357.0,910.73,1.2,1.60, , 
,911.03,1184,82.5,2.3,11101011,911.34,1152,38.4,5.15,479.4,911.66,0.0,1.60, , 
,911.97,1216,82.5,0.0,11101011,912.31,1248,47.1,7.21,571.2,912.65,0.0,1.56, , 
,912.99,1344,82.5,0.0,11101011,913.42,1440,66.3,10.30,754.8,913.77,-3.1,1.37, , 
,914.15,1664,82.5,-3.1,11101011,914.49,1728,54.5,8.24,652.8,914.85,0.0,1.56, , 
,915.23,1824,84.0,0.0,11101011,915.59,1824,22.0,3.09,316.2,915.94,-5.5,1.21, , 
,916.28,1824,84.0,-8.6,11101011,916.61,1824,25.1,3.09,336.6,916.97,-10.5,1.37, , 
,917.36,1792,84.0,-11.3,11101011,917.74,1792,23.5,3.09,336.6,918.11,-12.9,1.48, , 
,918.42,1792,84.0,-13.3,11101011,918.77,1792,25.1,3.09,336.6,919.12,-12.9,1.52, , 
,919.47,1792,84.0,-12.1,11101011,919.83,1824,29.4,3.09,377.4,920.21,-10.2,1.52, , 
,920.58,1856,84.0,-10.2,11101011,920.95,1856,28.2,3.09,377.4,921.30,-9.0,1.48, , 
,921.66,1888,84.0,-9.4,11101011,922.03,1920,26.7,3.09,357.0,922.40,-10.2,1.45, , 
,922.75,1920,85.5,-11.3,11101011,923.12,1952,25.1,3.09,336.6,923.49,-11.3,1.45, , 
,923.85,1984,85.5,-11.7,11101011,924.20,1952,23.5,2.06,316.2,924.55,-12.9,1.52, , 
,924.91,1888,85.5,-4.7,11101011,925.25,1920,17.6,2.06,275.4,925.63,-5.9,1.52, , 
,925.99,1920,85.5,-5.1,11101011,926.32,1856,19.2,2.06,295.8,926.68,-6.6,1.48, , 
,927.05,1856,85.5,-9.8,11101011,927.41,1856,22.0,3.09,316.2,927.72,0.0,1.45, , 
,928.04,1344,85.5,0.0,11111111,928.36,992,26.7,4.12,377.4,928.69,0.0,2.34, , 
,928.99,1088,85.5,0.0,11111111,929.32,992,23.5,3.09,357.0,929.63,0.0,0.66, , 
,929.93,864,85.5,0.0,11111111,930.22,864,25.1,3.09,377.4,930.52,0.0,1.33, , 
,930.82,896,85.5,-0.4,11111111,931.11,896,26.7,3.09,377.4,931.39,-0.8,1.41, , 
,931.71,896,85.5,-0.8,11111111,932.01,896,26.7,3.09,377.4,932.31,-0.4,1.48, , 
,932.63,896,85.5,0.0,11111111,932.94,896,26.7,3.09,377.4,933.25,0.4,1.48, , 
,933.57,896,85.5,0.8,11111111,933.85,864,26.7,3.09,377.4,934.17,0.8,1.41, , 
,934.49,896,85.5,0.4,11111111,934.78,896,26.7,3.09,377.4,935.11,0.4,1.41, , 
,935.43,896,85.5,0.4,11111111,935.72,896,25.1,3.09,377.4,936.04,0.0,1.45, , 
,936.35,864,85.5,0.4,11111111,936.67,896,25.1,3.09,377.4,936.99,0.4,1.41, , 
,937.29,896,84.0,0.4,11111111,937.60,896,25.1,3.09,377.4,937.91,-0.4,1.37, , 
,938.22,896,84.0,-0.8,11111111,938.52,864,25.1,3.09,377.4,938.82,-0.8,1.45, , 
,939.12,896,84.0,-0.4,11111111,939.43,896,25.1,3.09,377.4,939.73,-0.4,1.45, , 
,940.07,896,85.5,-0.4,11111111,940.36,896,25.1,3.09,377.4,940.67,0.0,1.45, , 
,940.98,896,84.0,0.4,11111111,941.29,896,26.7,3.09,377.4,941.58,0.4,1.41, , 
,941.89,896,84.0,0.4,11111111,942.21,896,25.1,3.09,377.4,942.51,0.0,1.41, , 
,942.80,864,84.0,0.0,11111111,943.10,896,26.7,3.09,377.4,943.40,0.0,1.41, , 
,943.69,896,84.0,-0.4,11111111,943.99,864,25.1,3.09,377.4,944.29,-0.4,1.41, , 
,944.60,800,84.0,-0.8,11111111,944.93,736,25.1,3.09,377.4,945.23,-2.0,1.33, , 
,945.55,800,84.0,-3.1,11111111,945.85,800,26.7,3.09,397.8,946.13,-5.5,1.29, , 
,946.41,768,82.5,-8.2,11101011,946.73,896,41.2,6.18,520.2,947.04,0.0,1.72, , 
,947.38,1152,82.5,0.0,11101011,947.69,1248,42.7,6.18,520.2,948.01,1.6,1.45, , 
,948.30,1024,82.5,0.0,11101011,948.62,1088,54.5,8.24,673.2,948.93,0.0,1.48, , 
,949.32,1376,82.5,0.8,11101011,949.58,1472,31.0,4.12,418.2,949.85,0.4,1.48, , 
,950.21,1504,82.5,-2.0,11111111,950.56,1344,0.0,0.00,336.6,950.85,0.0,2.85, , 
,951.16,1024,82.5,0.0,11111111,951.47,1056,26.7,3.09,377.4,951.83,0.0,1.17, , 
,952.12,896,82.5,0.0,11111111,952.44,704,25.1,3.09,377.4,952.75,0.0,1.02, , 
,953.04,832,82.5,0.0,11111111,953.34,768,26.7,3.09,397.8,953.65,-2.0,1.13, , 
,953.96,704,82.5,-3.5,11111111,954.25,768,34.1,4.12,459.0,954.57,-6.3,1.45, , 
,954.86,800,82.5,-6.6,11101011,955.16,704,28.2,3.09,397.8,955.45,-7.0,1.48, , 
,955.74,672,82.5,-5.9,11101011,956.01,768,36.9,4.12,499.8,956.28,-1.2,1.68, , 
,956.59,1088,81.0,-4.3,11111111,956.92,1120,25.1,3.09,357.0,957.26,-4.3,1.52, , 
,957.57,992,81.0,-2.7,11111111,957.87,896,26.7,3.09,377.4,958.18,-2.7,1.52, , 
,958.48,864,81.0,-2.7,11111111,958.79,864,26.7,3.09,397.8,959.08,-3.9,1.33, , 
,959.40,864,81.0,-4.7,11111111,959.70,864,28.2,3.09,397.8,960.00,-5.9,1.37, , 
,960.30,896,81.0,-6.3,11111111,960.59,864,28.2,3.09,397.8,960.89,-6.6,1.45, , 
,961.18,800,81.0,-6.6,10111111,961.48,768,28.2,3.09,397.8,961.79,-6.3,1.52, , 
,962.08,800,82.5,-6.3,10111111,962.38,800,28.2,3.09,418.2,962.67,-6.6,1.45, , 
,962.98,768,81.0,0.0,10101011,963.29,960,42.7,6.18,550.8,963.62,0.0,1.60, , 
,963.96,1376,81.0,0.0,10101011,964.27,1248,29.4,4.12,397.8,964.61,-2.3,1.41, , 
,964.91,960,81.0,-2.7,10101011,965.20,672,26.7,3.09,397.8,965.48,0.0,1.33, , 
,965.77,544,81.0,0.0,10100011,966.07,672,42.7,5.15,571.2,966.35,0.0,1.48, , 
,966.64,800,81.0,-1.6,10111111,966.96,896,31.0,4.12,438.6,967.26,-2.7,1.25, , 
,967.56,896,81.0,-3.9,10111111,967.86,896,28.2,3.09,397.8,968.18,-5.9,1.37, , 
,968.49,896,81.0,-6.3,10111111,968.77,864,28.2,3.09,397.8,969.04,-6.3,1.45, , 
,969.31,768,81.0,-6.3,10111111,969.60,736,28.2,3.09,397.8,969.91,-7.0,1.41, , 
,970.21,800,81.0,-7.0,10111111,970.52,800,29.4,3.09,418.2,970.83,-7.4,1.41, , 
,971.12,768,82.5,-7.8,10111111,971.43,800,29.4,3.09,418.2,971.75,-8.2,1.41, , 
,972.05,800,82.5,-8.6,10111111,972.35,800,29.4,3.09,418.2,972.67,-7.8,1.56, , 
,972.97,800,82.5,-7.0,10111111,973.26,800,28.2,3.09,418.2,973.55,-6.3,1.52, , 
,973.86,768,82.5,-5.9,10111111,974.16,768,28.2,3.09,418.2,974.46,-5.1,1.56, , 
,974.76,800,82.5,-4.3,10111111,975.07,800,28.2,3.09,418.2,975.38,-4.3,1.45, , 
,975.68,800,82.5,-5.1,10111111,975.97,800,26.7,3.09,397.8,976.27,-6.6,1.29, , 
,976.57,800,82.5,-7.4,10111111,976.88,768,26.7,3.09,397.8,977.17,-7.8,1.48, , 
,977.47,800,82.5,-7.4,10111111,977.76,800,26.7,3.09,397.8,978.07,-6.6,1.56, , 
,978.36,800,82.5,-5.9,10111111,978.64,800,26.7,3.09,397.8,978.93,-4.3,1.56, , 
