Sobota,22,Sierpień,2026,21:29:11:00009-VCID:1C3761778CABCE7337-5178,Wersja VCDS: AKP 23.3.1,Wersja danych: 20230601 DS346.2
047 906 033 L,,1.4l SIMOS3PA   00HS5401,

,Grupa A:,'001,,,,Grupa B:,'002,,,,Grupa C:,'033
,,Obroty silnika,Temperatura,Lambda,Bity binarnie,,Obroty silnika,Obciążenie,Czas wtrysku,Ciśnienie rzecz.,,Lambda,Napięcie, , 
,CZAS,,,,,CZAS,,,,,CZAS,,,,
Znacznik,ZAPISU, /min,*C, %,,ZAPISU, /min, %, ms, mbar,ZAPISU, %, V,,
,0.01,0,78.0,0.0,10110110,0.27,0,0.0,0.00,989.4,0.55,0.0,1.48, , 
,0.80,0,78.0,0.0,10110110,1.07,0,0.0,0.00,989.4,1.34,0.0,1.48, , 
,1.60,0,78.0,0.0,10110110,1.87,0,0.0,0.00,989.4,2.13,0.0,1.48, , 
,2.40,0,78.0,0.0,10110110,2.66,0,0.0,0.00,989.4,2.93,0.0,1.48, , 
,3.20,0,78.0,0.0,10110110,3.48,0,0.0,0.00,989.4,3.74,0.0,1.48, , 
,4.01,0,78.0,0.0,10110110,4.27,0,0.0,0.00,989.4,4.55,0.0,1.48, , 
,4.80,0,78.0,0.0,10110110,5.07,0,0.0,0.00,989.4,5.34,0.0,1.48, , 
,5.60,0,78.0,0.0,10110110,5.87,0,0.0,0.00,989.4,6.13,0.0,1.48, , 
,6.40,0,78.0,0.0,10110110,6.67,0,0.0,0.00,989.4,6.94,0.0,1.48, , 
,7.21,0,78.0,0.0,10110110,7.48,0,0.0,0.00,989.4,7.75,0.0,1.48, , 
,8.02,0,78.0,0.0,10110110,8.29,0,0.0,0.00,989.4,8.56,0.0,1.48, , 
,8.82,0,78.0,0.0,10110110,9.09,0,0.0,0.00,989.4,9.36,0.0,1.48, , 
,9.63,0,78.0,0.0,10110110,9.90,0,0.0,0.00,989.4,10.17,0.0,1.48, , 
,10.45,0,78.0,0.0,10110110,10.73,0,0.0,0.00,989.4,10.99,0.0,1.48, , 
,11.26,0,78.0,0.0,10110110,11.52,0,0.0,0.00,989.4,11.79,0.0,1.48, , 
,12.06,0,78.0,0.0,10110110,12.33,0,0.0,0.00,989.4,12.60,0.0,1.48, , 
,12.86,0,78.0,0.0,10110110,13.13,0,0.0,0.00,989.4,13.40,0.0,1.48, , 
,13.67,0,78.0,0.0,10110110,13.95,0,0.0,0.00,989.4,14.23,0.0,1.48, , 
,14.50,0,78.0,0.0,10110110,14.75,0,0.0,0.00,989.4,15.02,0.0,1.48, , 
,15.29,0,78.0,0.0,10110110,15.55,0,0.0,0.00,989.4,15.82,0.0,1.48, , 
,16.08,0,78.0,0.0,10110110,16.35,0,0.0,0.00,989.4,16.62,0.0,1.48, , 
,16.89,0,78.0,0.0,10110110,17.15,0,0.0,0.00,989.4,17.41,0.0,1.48, , 
,17.68,0,78.0,0.0,10110110,17.94,0,0.0,0.00,989.4,18.23,0.0,1.48, , 
,18.49,0,78.0,0.0,10110110,18.76,0,0.0,0.00,989.4,19.02,0.0,1.48, , 
,19.29,0,78.0,0.0,10110110,19.56,0,0.0,0.00,989.4,19.83,0.0,1.48, , 
,20.10,0,78.0,0.0,10110110,20.37,0,0.0,0.00,989.4,20.65,0.0,1.48, , 
,20.92,0,78.0,0.0,10110110,21.20,0,0.0,0.00,989.4,21.48,0.0,1.48, , 
,21.76,0,78.0,0.0,10110110,22.04,0,0.0,0.00,989.4,22.31,0.0,1.48, , 
,22.59,0,78.0,0.0,10110110,22.85,0,0.0,0.00,989.4,23.11,0.0,1.48, , 
,23.38,0,78.0,0.0,10110110,23.65,0,0.0,0.00,989.4,23.92,0.0,1.48, , 
,24.18,0,78.0,0.0,10110110,24.45,0,0.0,0.00,989.4,24.71,0.0,1.48, , 
,24.98,0,78.0,0.0,10110110,25.24,0,0.0,0.00,989.4,25.51,0.0,1.48, , 
,25.77,0,78.0,0.0,10110110,26.04,0,0.0,0.00,989.4,26.31,0.0,1.48, , 
,26.58,0,78.0,0.0,10110110,26.85,0,0.0,0.00,989.4,27.12,0.0,1.48, , 
,27.38,0,78.0,0.0,10110110,27.65,0,0.0,0.00,989.4,27.92,0.0,1.48, , 
,28.19,0,78.0,0.0,10110110,28.48,0,0.0,0.00,989.4,28.72,0.0,1.48, , 
,28.99,0,78.0,0.0,10110110,29.26,0,0.0,0.00,989.4,29.53,0.0,1.48, , 
,29.81,0,78.0,0.0,10110110,30.09,0,0.0,0.00,989.4,30.33,0.0,1.48, , 
,30.61,0,78.0,0.0,10110110,30.88,0,0.0,0.00,989.4,31.15,0.0,1.48, , 
,31.41,0,78.0,0.0,10110110,31.68,0,0.0,0.00,989.4,31.95,0.0,1.48, , 
,32.23,0,78.0,0.0,10110110,32.50,0,0.0,0.00,989.4,32.77,0.0,1.48, , 
,33.04,0,78.0,0.0,10110110,33.30,0,0.0,0.00,989.4,33.57,0.0,1.48, , 
,33.84,0,78.0,0.0,10110110,34.10,0,0.0,0.00,989.4,34.37,0.0,1.48, , 
,34.63,0,78.0,0.0,10110110,34.90,0,0.0,0.00,989.4,35.16,0.0,1.48, , 
,35.43,0,78.0,0.0,10110110,35.70,0,0.0,0.00,989.4,35.97,0.0,1.48, , 
,36.25,0,78.0,0.0,10110110,36.52,0,0.0,0.00,989.4,36.79,0.0,1.48, , 
,37.07,0,78.0,0.0,10110110,37.34,0,0.0,0.00,989.4,37.61,0.0,1.48, , 
,37.87,0,78.0,0.0,10110110,38.13,0,0.0,0.00,989.4,38.40,0.0,1.48, , 
,38.66,0,78.0,0.0,10110110,38.93,0,0.0,0.00,989.4,39.20,0.0,1.48, , 
,39.48,0,78.0,0.0,10110110,39.74,0,0.0,0.00,989.4,40.01,0.0,1.48, , 
,40.27,0,78.0,0.0,10110110,40.54,0,0.0,0.00,989.4,40.80,0.0,1.48, , 
,41.07,0,78.0,0.0,10110110,41.34,0,0.0,0.00,989.4,41.62,0.0,1.48, , 
,41.88,0,78.0,0.0,10110110,42.15,0,0.0,0.00,989.4,42.41,0.0,1.48, , 
,42.68,0,78.0,0.0,10110110,42.95,0,0.0,0.00,989.4,43.23,0.0,1.48, , 
,43.49,0,78.0,0.0,10110110,43.75,0,0.0,0.00,989.4,44.02,0.0,1.48, , 
,44.29,0,78.0,0.0,10110110,44.55,0,0.0,0.00,989.4,44.82,0.0,1.48, , 
,45.09,0,78.0,0.0,10110110,45.37,0,0.0,0.00,989.4,45.63,0.0,1.48, , 
,45.90,0,78.0,0.0,10110110,46.16,0,0.0,0.00,989.4,46.43,0.0,1.48, , 
,46.69,0,78.0,0.0,10110110,46.96,0,0.0,0.00,989.4,47.23,0.0,1.48, , 
,47.49,0,78.0,0.0,10110110,47.76,0,0.0,0.00,989.4,48.02,0.0,1.48, , 
,48.29,0,78.0,0.0,10110110,48.55,0,0.0,0.00,989.4,48.82,0.0,1.48, , 
,49.08,0,78.0,0.0,10110110,49.35,0,0.0,0.00,989.4,49.62,0.0,1.48, , 
,49.88,0,78.0,0.0,10110110,50.15,0,0.0,0.00,989.4,50.41,0.0,1.48, , 
,50.68,0,78.0,0.0,10110110,50.94,0,0.0,0.00,989.4,51.21,0.0,1.48, , 
,51.47,0,78.0,0.0,10110110,51.74,0,0.0,0.00,989.4,52.01,0.0,1.48, , 
,52.27,0,78.0,0.0,10110110,52.54,0,0.0,0.00,989.4,52.80,0.0,1.48, , 
,53.07,0,78.0,0.0,10110110,53.33,0,0.0,0.00,989.4,53.60,0.0,1.48, , 
,53.87,0,78.0,0.0,10110110,54.13,0,0.0,0.00,989.4,54.41,0.0,1.48, , 
,54.66,0,78.0,0.0,10110110,54.93,0,0.0,0.00,989.4,55.19,0.0,1.48, , 
,55.46,0,78.0,0.0,10110110,55.73,0,0.0,0.00,989.4,55.99,0.0,1.48, , 
,56.25,0,78.0,0.0,10110110,56.53,0,0.0,0.00,989.4,56.80,0.0,1.48, , 
,57.07,0,78.0,0.0,10110110,57.34,0,0.0,0.00,989.4,57.60,0.0,1.48, , 
,57.87,0,78.0,0.0,10110110,58.14,0,0.0,0.00,989.4,58.41,0.0,1.48, , 
,58.68,0,78.0,0.0,10110110,58.94,0,0.0,0.00,989.4,59.22,0.0,1.48, , 
,59.48,0,78.0,0.0,10110110,59.74,0,0.0,0.00,989.4,60.01,0.0,1.48, , 
,60.27,0,78.0,0.0,10110110,60.54,0,0.0,0.00,989.4,60.80,0.0,1.48, , 
,61.07,0,78.0,0.0,10110110,61.34,0,0.0,0.00,989.4,61.60,0.0,1.48, , 
,61.87,0,78.0,0.0,10110110,62.13,0,0.0,0.00,989.4,62.40,0.0,1.48, , 
,62.66,0,76.5,0.0,10110110,62.93,0,0.0,0.00,989.4,63.19,0.0,1.48, , 
,63.46,0,76.5,0.0,10110110,63.72,0,0.0,0.00,989.4,63.99,0.0,1.48, , 
,64.26,0,76.5,0.0,10110110,64.52,0,0.0,0.00,989.4,64.79,0.0,1.48, , 
,65.06,0,76.5,0.0,10110110,65.33,0,0.0,0.00,989.4,65.61,0.0,1.48, , 
,65.88,0,76.5,0.0,10110110,66.15,0,0.0,0.00,989.4,66.41,0.0,1.48, , 
,66.68,0,76.5,0.0,10110110,66.95,0,0.0,0.00,989.4,67.23,0.0,1.48, , 
,67.50,0,76.5,0.0,10110110,67.77,0,0.0,0.00,989.4,68.05,0.0,1.48, , 
,68.32,0,76.5,0.0,10110110,68.58,0,0.0,0.00,989.4,68.86,0.0,1.48, , 
,69.13,0,76.5,0.0,10110110,69.40,0,0.0,0.00,989.4,69.66,0.0,1.48, , 
,69.93,0,76.5,0.0,10110110,70.20,0,0.0,0.00,989.4,70.46,0.0,1.48, , 
,70.72,0,76.5,0.0,10110110,70.99,0,0.0,0.00,989.4,71.25,0.0,1.48, , 
,71.52,0,76.5,0.0,10110110,71.79,0,0.0,0.00,989.4,72.05,0.0,1.48, , 
,72.32,0,76.5,0.0,10110110,72.59,0,0.0,0.00,989.4,72.85,0.0,1.48, , 
,73.12,0,76.5,0.0,10110110,73.38,0,0.0,0.00,989.4,73.65,0.0,1.48, , 
,73.91,0,76.5,0.0,10110110,74.18,0,0.0,0.00,989.4,74.45,0.0,1.48, , 
,74.71,0,76.5,0.0,10110110,74.97,0,0.0,0.00,989.4,75.24,0.0,1.48, , 
,75.51,0,76.5,0.0,10110110,75.77,0,0.0,0.00,989.4,76.04,0.0,1.48, , 
,76.30,0,76.5,0.0,10110110,76.57,0,0.0,0.00,989.4,76.84,0.0,1.48, , 
,77.10,0,76.5,0.0,10110110,77.37,0,0.0,0.00,989.4,77.63,0.0,1.48, , 
,77.90,0,76.5,0.0,10110110,78.16,0,0.0,0.00,989.4,78.43,0.0,1.48, , 
,78.69,0,76.5,0.0,10110110,78.96,0,0.0,0.00,989.4,79.23,0.0,1.48, , 
,79.49,0,76.5,0.0,10110110,79.76,0,0.0,0.00,989.4,80.03,0.0,1.48, , 
,80.31,0,76.5,0.0,10110110,80.59,0,0.0,0.00,989.4,80.87,0.0,1.48, , 
,81.13,0,76.5,0.0,10110110,81.40,0,0.0,0.00,989.4,81.66,0.0,1.48, , 
,81.93,0,76.5,0.0,10110110,82.19,0,0.0,0.00,989.4,82.46,0.0,1.48, , 
,82.73,0,76.5,0.0,10110110,82.99,0,0.0,0.00,989.4,83.26,0.0,1.48, , 
,83.52,0,76.5,0.0,10110110,83.79,0,0.0,0.00,989.4,84.05,0.0,1.48, , 
,84.32,0,76.5,0.0,10110110,84.58,0,0.0,0.00,989.4,84.85,0.0,1.48, , 
,85.12,0,76.5,0.0,10110110,85.38,0,0.0,0.00,989.4,85.65,0.0,1.48, , 
,85.91,0,76.5,0.0,10110110,86.18,0,0.0,0.00,989.4,86.45,0.0,1.48, , 
,86.73,0,76.5,0.0,10110110,86.99,0,0.0,0.00,989.4,87.26,0.0,1.48, , 
,87.52,0,76.5,0.0,10110110,87.79,0,0.0,0.00,989.4,88.05,0.0,1.48, , 
,88.32,0,76.5,0.0,10110110,88.59,0,0.0,0.00,989.4,88.85,0.0,1.48, , 
,89.12,0,76.5,0.0,10110110,89.38,0,0.0,0.00,989.4,89.65,0.0,1.48, , 
,89.91,0,76.5,0.0,10110110,90.18,0,0.0,0.00,989.4,90.44,0.0,1.48, , 
,90.71,0,76.5,0.0,10110110,90.98,0,0.0,0.00,989.4,91.28,0.0,1.48, , 
,91.55,0,76.5,0.0,10110110,91.80,0,0.0,0.00,989.4,92.07,0.0,1.48, , 
,92.34,0,76.5,0.0,10110110,92.62,0,0.0,0.00,989.4,92.89,0.0,1.48, , 
,93.16,0,76.5,0.0,10110110,93.43,0,0.0,0.00,989.4,93.69,0.0,1.48, , 
,93.94,0,76.5,0.0,10110110,94.21,0,0.0,0.00,989.4,94.47,0.0,1.48, , 
,94.75,0,76.5,0.0,10110110,95.02,0,0.0,0.00,989.4,95.29,0.0,1.48, , 
,95.55,0,76.5,0.0,10110110,95.82,0,0.0,0.00,989.4,96.09,0.0,1.48, , 
,96.35,0,76.5,0.0,10110110,96.62,0,0.0,0.00,989.4,96.88,0.0,1.48, , 
,97.15,0,76.5,0.0,10110110,97.41,0,0.0,0.00,989.4,97.68,0.0,1.48, , 
,97.94,0,76.5,0.0,10110110,98.21,0,0.0,0.00,989.4,98.47,0.0,1.48, , 
,98.74,0,76.5,0.0,10110110,99.01,0,0.0,0.00,989.4,99.27,0.0,1.48, , 
,99.54,0,76.5,0.0,10110110,99.80,192,85.5,27.81,969.0,100.07,0.0,1.48, , 
,100.34,224,76.5,0.0,10110110,100.63,256,85.5,24.72,969.0,100.93,0.0,1.48, , 
,101.21,992,76.5,0.0,10110110,101.56,960,32.5,5.15,438.6,101.84,0.0,1.48, , 
,102.16,800,76.5,0.0,10110110,102.47,832,32.5,5.15,438.6,102.76,0.0,1.48, , 
,103.04,864,76.5,0.0,10110110,103.32,864,31.0,4.12,438.6,103.60,0.0,1.48, , 
,103.91,800,76.5,0.0,10110110,104.21,800,32.5,4.12,438.6,104.50,0.0,1.48, , 
,104.82,800,75.0,0.0,10110110,105.12,800,32.5,4.12,438.6,105.42,0.0,1.48, , 
,105.72,800,76.5,0.0,10110110,106.02,768,32.5,4.12,438.6,106.32,0.0,1.48, , 
,106.64,768,76.5,0.0,10110110,106.93,800,32.5,4.12,438.6,107.25,0.0,1.48, , 
,107.56,800,76.5,0.0,10110110,107.85,800,32.5,4.12,438.6,108.16,0.0,1.48, , 
,108.48,800,76.5,0.0,10110110,108.78,800,32.5,4.12,438.6,109.10,0.0,1.48, , 
,109.40,800,75.0,0.0,10110110,109.70,800,31.0,4.12,438.6,110.00,0.0,1.48, , 
,110.30,800,75.0,0.0,10110110,110.60,800,31.0,4.12,438.6,110.90,0.0,1.48, , 
,111.19,800,75.0,0.0,10110110,111.51,800,32.5,4.12,438.6,111.80,0.0,1.48, , 
,112.10,800,75.0,0.0,10110110,112.39,800,31.0,4.12,438.6,112.71,0.0,1.48, , 
,113.00,800,75.0,0.0,10110110,113.29,768,32.5,4.12,438.6,113.60,0.0,1.48, , 
,113.88,800,75.0,0.0,10110110,114.19,832,31.0,4.12,438.6,114.50,0.0,1.48, , 
,114.80,832,75.0,0.0,10110110,115.10,832,29.4,4.12,418.2,115.40,0.0,1.48, , 
,115.69,832,75.0,0.0,10110110,116.00,832,29.4,4.12,418.2,116.31,0.0,1.48, , 
,116.64,800,75.0,0.0,10110110,116.93,832,29.4,4.12,418.2,117.23,0.0,1.48, , 
,117.53,800,73.5,0.0,10110110,117.84,832,28.2,4.12,418.2,118.14,0.0,1.48, , 
,118.43,800,73.5,0.0,10110110,118.72,800,28.2,4.12,418.2,119.02,0.0,1.48, , 
,119.31,800,73.5,0.0,10110110,119.61,800,28.2,3.09,397.8,119.89,0.0,1.48, , 
,120.20,800,73.5,0.0,10110110,120.53,800,28.2,3.09,418.2,120.85,0.0,1.48, , 
,121.17,800,73.5,0.0,10110110,121.46,800,28.2,3.09,418.2,121.78,0.0,1.48, , 
,122.11,800,73.5,0.0,10110110,122.41,800,28.2,3.09,397.8,122.71,0.0,1.48, , 
,123.01,800,73.5,0.0,10110110,123.30,800,28.2,3.09,418.2,123.61,0.0,1.48, , 
,123.90,800,73.5,0.0,10110110,124.21,800,28.2,3.09,418.2,124.50,0.0,1.45, , 
,124.80,800,73.5,0.0,10110110,125.11,800,29.4,3.09,418.2,125.42,0.0,1.45, , 
,125.74,800,72.0,0.0,10110110,126.04,800,28.2,3.09,397.8,126.34,0.0,1.41, , 
,126.64,800,72.0,0.0,10110110,126.94,800,28.2,3.09,418.2,127.23,0.0,1.45, , 
,127.53,800,72.0,0.0,10110110,127.82,800,28.2,3.09,397.8,128.12,0.0,1.45, , 
,128.42,800,72.0,0.0,10110110,128.72,800,29.4,3.09,418.2,129.03,0.0,1.45, , 
,129.33,800,72.0,0.0,10110110,129.63,800,28.2,3.09,418.2,129.91,0.0,1.45, , 
,130.22,800,72.0,0.0,10110110,130.52,800,28.2,3.09,397.8,130.83,0.0,1.45, , 
,131.15,800,72.0,0.0,10110110,131.45,800,28.2,3.09,397.8,131.76,0.0,1.45, , 
,132.06,800,72.0,0.0,10110110,132.35,800,28.2,3.09,397.8,132.65,0.0,1.41, , 
,132.93,800,72.0,0.0,10110110,133.24,800,28.2,3.09,397.8,133.54,0.0,1.45, , 
,133.84,800,72.0,0.0,10110110,134.14,800,28.2,3.09,397.8,134.44,0.0,1.45, , 
,134.72,800,72.0,0.0,10110110,135.02,800,28.2,3.09,397.8,135.33,0.0,1.45, , 
,135.61,800,72.0,0.0,10110110,135.92,800,28.2,3.09,418.2,136.24,0.0,1.45, , 
,136.54,800,72.0,0.0,10110110,136.82,800,28.2,3.09,418.2,137.13,0.0,1.45, , 
,137.42,800,72.0,0.0,10110110,137.73,800,28.2,3.09,397.8,138.02,0.0,1.45, , 
,138.32,768,72.0,0.0,10110110,138.60,800,28.2,3.09,397.8,138.88,0.0,1.45, , 
,139.17,800,72.0,0.0,10110110,139.48,800,28.2,3.09,418.2,139.77,0.0,1.45, , 
,140.08,800,72.0,0.0,10110110,140.35,800,28.2,3.09,418.2,140.66,0.0,1.45, , 
,140.97,800,72.0,0.0,10110110,141.26,800,28.2,3.09,397.8,141.54,0.0,1.45, , 
,141.83,800,72.0,0.0,10110110,142.13,800,28.2,3.09,397.8,142.43,0.0,1.45, , 
,142.73,800,72.0,0.0,10110110,143.02,800,28.2,3.09,397.8,143.32,0.0,1.45, , 
,143.63,800,72.0,0.0,10110110,143.92,800,28.2,3.09,397.8,144.23,0.0,1.48, , 
,144.53,800,72.0,0.0,10110110,144.83,768,28.2,3.09,397.8,145.13,0.0,1.48, , 
,145.43,800,72.0,0.0,10110110,145.72,800,28.2,3.09,397.8,146.04,0.0,1.45, , 
,146.33,800,72.0,0.0,10110110,146.64,800,28.2,3.09,397.8,146.96,0.0,1.41, , 
,147.26,800,72.0,0.0,10110110,147.57,800,28.2,3.09,397.8,147.87,0.0,1.48, , 
,148.18,800,72.0,0.0,10110110,148.49,800,28.2,3.09,397.8,148.79,0.0,1.45, , 
,149.08,800,73.5,0.0,10110110,149.37,800,28.2,3.09,397.8,149.68,0.0,1.45, , 
,149.98,800,73.5,0.0,10110110,150.27,800,28.2,3.09,397.8,150.59,0.0,1.45, , 
,150.89,800,73.5,0.0,10110110,151.19,768,28.2,3.09,397.8,151.48,0.0,1.45, , 
,151.76,800,73.5,0.0,10110110,152.06,800,28.2,3.09,397.8,152.35,0.0,1.45, , 
,152.65,800,73.5,0.0,10110110,152.95,800,28.2,3.09,397.8,153.24,0.0,1.45, , 
,153.54,800,73.5,0.0,10110110,153.83,800,28.2,3.09,397.8,154.13,0.0,1.45, , 
,154.43,800,73.5,0.0,10110110,154.73,800,28.2,3.09,397.8,155.04,0.0,1.41, , 
,155.32,800,73.5,0.0,10110110,155.61,800,28.2,3.09,397.8,155.91,0.0,1.41, , 
,156.21,768,73.5,0.0,10110110,156.51,800,28.2,3.09,397.8,156.80,0.0,1.48, , 
,157.10,800,73.5,0.0,10110110,157.39,800,28.2,3.09,397.8,157.71,0.0,1.45, , 
,158.01,800,73.5,0.0,10110110,158.31,800,28.2,3.09,397.8,158.62,0.0,1.45, , 
,158.93,800,73.5,0.0,10110110,159.23,800,28.2,3.09,397.8,159.52,0.0,1.45, , 
,159.82,800,73.5,0.0,10110110,160.12,800,28.2,3.09,397.8,160.41,0.0,1.45, , 
,160.72,800,73.5,0.0,10110110,161.01,800,28.2,3.09,397.8,161.31,0.0,1.41, , 
,161.62,800,73.5,0.0,10110110,161.91,768,28.2,3.09,397.8,162.21,0.0,1.45, , 
,162.50,800,73.5,0.0,10110110,162.81,800,28.2,3.09,397.8,163.11,0.0,1.41, , 
,163.42,800,73.5,0.0,10110110,163.72,800,28.2,3.09,397.8,164.03,0.0,1.41, , 
,164.35,800,73.5,0.0,10110110,164.63,800,28.2,3.09,397.8,164.93,0.0,1.45, , 
,165.24,800,73.5,0.0,10110110,165.54,800,28.2,3.09,397.8,165.84,0.0,1.41, , 
,166.13,800,73.5,0.0,10110110,166.43,800,28.2,3.09,397.8,166.72,0.0,1.45, , 
,167.02,800,73.5,0.0,10110110,167.32,800,28.2,3.09,397.8,167.62,0.0,1.41, , 
,167.91,800,75.0,0.0,10110110,168.20,800,28.2,3.09,397.8,168.52,0.0,1.45, , 
,168.84,768,75.0,0.0,10110110,169.12,768,28.2,3.09,397.8,169.41,0.0,1.45, , 
,169.71,800,75.0,0.0,10110110,170.01,768,28.2,3.09,397.8,170.30,0.0,1.45, , 
,170.60,800,75.0,0.0,10110110,170.89,800,28.2,3.09,397.8,171.18,0.0,1.45, , 
,171.46,800,75.0,0.0,10110110,171.75,800,28.2,3.09,397.8,172.06,0.0,1.45, , 
,172.36,800,75.0,0.0,10110110,172.68,800,28.2,3.09,397.8,172.99,0.0,1.41, , 
,173.31,1088,75.0,0.0,10110110,173.62,1472,29.4,3.09,397.8,173.93,0.0,1.37, , 
,174.25,1248,75.0,0.0,10110110,174.56,1024,22.0,3.09,336.6,174.85,-1.2,1.25, , 
,175.15,768,75.0,-2.3,10111110,175.46,800,28.2,4.12,397.8,175.76,-6.3,1.09, , 
,176.04,800,75.0,-8.6,10111110,176.34,768,28.2,3.09,397.8,176.64,-11.7,1.29, , 
,176.95,736,75.0,-12.1,10111110,177.23,800,29.4,3.09,418.2,177.52,-10.9,1.56, , 
,177.80,800,75.0,-9.8,10111110,178.10,768,29.4,3.09,418.2,178.41,-7.4,1.60, , 
,178.71,768,75.0,-6.3,10111110,178.99,800,29.4,3.09,418.2,179.29,-4.3,1.60, , 
,179.58,800,75.0,-3.5,10111110,179.88,800,29.4,3.09,418.2,180.18,-2.7,1.52, , 
,180.49,768,75.0,-2.3,10111110,180.78,800,28.2,3.09,418.2,181.08,-1.6,1.52, , 
,181.38,800,75.0,-1.2,10111110,181.70,800,29.4,3.09,418.2,182.00,-0.8,1.48, , 
,182.30,800,75.0,-0.8,10111110,182.62,800,28.2,3.09,418.2,182.91,-0.4,1.48, , 
,183.22,800,75.0,-0.4,10111110,183.53,800,28.2,3.09,418.2,183.84,-0.4,1.45, , 
,184.13,800,75.0,0.0,10111110,184.44,800,28.2,3.09,418.2,184.75,0.0,1.48, , 
,185.07,800,76.5,0.4,10111110,185.37,768,28.2,3.09,418.2,185.66,0.4,1.45, , 
,185.98,800,76.5,0.0,10111110,186.28,800,28.2,3.09,397.8,186.58,-0.4,1.41, , 
,186.89,800,76.5,-0.8,10111110,187.19,800,28.2,3.09,397.8,187.50,-1.2,1.41, , 
,187.81,800,76.5,-1.6,10111110,188.11,800,28.2,3.09,397.8,188.44,-2.3,1.41, , 
,188.74,768,76.5,-2.7,10111110,189.04,800,28.2,3.09,397.8,189.33,-2.7,1.48, , 
,189.64,768,76.5,-2.3,10111110,189.94,800,28.2,3.09,418.2,190.24,-2.0,1.48, , 
,190.54,800,76.5,-1.6,10111110,190.84,800,28.2,3.09,397.8,191.15,-1.6,1.45, , 
,191.44,800,76.5,-1.6,10111110,191.73,800,28.2,3.09,397.8,192.02,-1.6,1.45, , 
,192.33,800,76.5,-2.0,10111110,192.62,800,28.2,3.09,397.8,192.92,-2.3,1.45, , 
,193.23,800,76.5,-2.3,10111110,193.52,800,28.2,3.09,397.8,193.82,-2.3,1.45, , 
,194.11,800,76.5,-2.3,10111110,194.44,800,28.2,3.09,397.8,194.74,-2.3,1.45, , 
,195.05,768,76.5,-2.3,10111110,195.35,800,28.2,3.09,418.2,195.65,-2.3,1.48, , 
,195.94,800,76.5,-2.0,10111110,196.23,800,28.2,3.09,397.8,196.52,-2.0,1.48, , 
,196.83,800,76.5,-1.6,10111110,197.14,800,28.2,3.09,397.8,197.48,-1.6,1.45, , 
,197.78,800,78.0,-1.6,10111110,198.09,800,28.2,3.09,397.8,198.37,-2.0,1.45, , 
,198.68,800,76.5,-2.0,10111110,198.98,800,28.2,3.09,397.8,199.28,-2.0,1.45, , 
,199.59,768,78.0,-2.0,10111110,199.88,800,28.2,3.09,418.2,200.19,-2.0,1.48, , 
,200.49,768,78.0,-2.0,10111110,200.79,800,28.2,3.09,418.2,201.09,-1.6,1.48, , 
,201.37,768,78.0,-1.6,10111110,201.67,800,28.2,3.09,397.8,201.97,-1.2,1.48, , 
,202.27,800,78.0,-1.2,10111110,202.58,800,28.2,3.09,397.8,202.88,-1.2,1.45, , 
,203.19,800,78.0,-1.2,10111110,203.47,800,28.2,3.09,397.8,203.76,-1.2,1.45, , 
,204.06,800,78.0,-1.6,10111110,204.37,768,28.2,3.09,397.8,204.66,-1.6,1.45, , 
,204.96,768,78.0,-1.6,10111110,205.25,768,28.2,3.09,397.8,205.56,-1.6,1.48, , 
,205.87,800,78.0,-1.2,10111110,206.18,800,28.2,3.09,397.8,206.48,-1.2,1.45, , 
,206.78,800,78.0,-1.2,10111110,207.08,800,28.2,3.09,397.8,207.38,-1.2,1.45, , 
,207.66,800,78.0,-1.2,10111110,207.96,800,28.2,3.09,397.8,208.26,-1.6,1.45, , 
,208.54,800,78.0,-1.6,10111110,208.84,800,26.7,3.09,397.8,209.12,-1.6,1.45, , 
,209.42,800,78.0,-1.6,10111110,209.72,800,26.7,3.09,397.8,210.02,-1.6,1.48, , 
,210.32,768,78.0,-1.2,10111110,210.62,768,28.2,3.09,397.8,210.93,-0.8,1.48, , 
,211.23,800,78.0,-0.8,10111110,211.52,800,28.2,3.09,397.8,211.82,-0.4,1.48, , 
,212.11,768,78.0,-0.8,10111110,212.41,768,26.7,3.09,397.8,212.71,-1.2,1.41, , 
,213.02,768,78.0,-1.2,10111110,213.32,768,28.2,3.09,397.8,213.61,-1.2,1.48, , 
,213.91,768,78.0,-0.8,10111110,214.22,800,26.7,3.09,397.8,214.53,-0.8,1.45, , 
,214.83,768,78.0,-0.4,10111110,215.13,800,28.2,3.09,397.8,215.44,-0.4,1.48, , 
,215.74,800,78.0,0.0,10111110,216.04,800,26.7,3.09,397.8,216.35,-0.4,1.45, , 
,216.65,800,78.0,-0.4,10111110,216.94,800,26.7,3.09,397.8,217.24,-0.4,1.48, , 
,217.53,800,78.0,-0.4,10111110,217.86,800,28.2,3.09,397.8,218.15,-0.4,1.45, , 
,218.45,800,79.5,-0.4,10111110,218.75,800,28.2,3.09,397.8,219.07,-0.4,1.45, , 
,219.37,800,79.5,-0.4,10111110,219.67,800,26.7,3.09,397.8,219.97,-0.4,1.45, , 
,220.27,800,79.5,-0.4,10111110,220.57,800,26.7,3.09,397.8,220.85,-0.4,1.45, , 
,221.17,800,79.5,-0.4,10111110,221.47,800,26.7,3.09,397.8,221.76,0.0,1.48, , 
,222.06,800,79.5,0.0,10111110,222.36,800,26.7,3.09,397.8,222.66,0.0,1.45, , 
,222.96,800,79.5,-0.4,10111110,223.26,800,26.7,3.09,397.8,223.56,0.0,1.45, , 
,223.87,768,79.5,0.0,10111110,224.17,768,26.7,3.09,397.8,224.46,0.4,1.52, , 
,224.75,800,79.5,0.4,10111110,225.06,800,26.7,3.09,397.8,225.37,0.8,1.45, , 
,225.67,768,79.5,0.4,10111111,225.97,800,26.7,3.09,397.8,226.27,0.8,1.48, , 
,226.56,800,79.5,0.8,10111111,226.88,768,26.7,3.09,397.8,227.21,0.4,1.45, , 
,227.50,800,79.5,0.4,10111111,227.77,800,26.7,3.09,397.8,228.08,0.0,1.41, , 
,228.38,800,79.5,0.0,10111111,228.68,800,26.7,3.09,397.8,228.96,-0.4,1.45, , 
,229.26,800,79.5,0.0,10111111,229.55,800,26.7,3.09,397.8,229.85,0.0,1.45, , 
,230.16,768,79.5,0.0,10111111,230.45,800,26.7,3.09,397.8,230.76,0.0,1.45, , 
,231.05,768,79.5,0.0,10111111,231.35,800,26.7,3.09,397.8,231.65,0.0,1.45, , 
,231.94,768,79.5,0.0,10111111,232.25,800,26.7,3.09,397.8,232.55,-0.4,1.45, , 
,232.85,800,79.5,-0.4,10111111,233.15,800,26.7,3.09,397.8,233.45,-0.8,1.45, , 
,233.76,800,79.5,-0.4,10111111,234.05,800,26.7,3.09,397.8,234.35,-0.4,1.45, , 
,234.66,800,79.5,-0.4,10111110,234.97,800,26.7,3.09,397.8,235.26,0.0,1.45, , 
,235.56,768,79.5,0.0,10111111,235.86,800,26.7,3.09,397.8,236.16,0.0,1.45, , 
,236.45,768,81.0,0.0,10111111,236.75,800,26.7,3.09,397.8,237.05,0.0,1.41, , 
,237.35,768,81.0,-0.8,10101011,237.65,928,32.5,4.12,438.6,237.94,2.0,1.56, , 
,238.26,1152,81.0,1.6,10101011,238.59,1152,32.5,4.12,438.6,238.93,2.3,1.48, , 
,239.26,1216,81.0,1.2,10101011,239.56,1280,23.5,3.09,336.6,239.90,-2.3,1.33, , 
,240.21,1216,81.0,-2.3,10111111,240.49,1056,22.0,2.06,316.2,240.81,-1.6,1.48, , 
,241.13,704,81.0,-1.6,10111111,241.43,736,34.1,5.15,459.0,241.71,-2.0,1.37, , 
,241.98,768,81.0,-2.7,10111111,242.27,736,29.4,3.09,418.2,242.57,-3.9,1.37, , 
,242.84,768,81.0,-4.3,10111111,243.14,768,32.5,4.12,438.6,243.45,-3.9,1.52, , 
,243.76,800,81.0,-3.5,10111111,244.05,800,29.4,3.09,418.2,244.35,-3.1,1.48, , 
,244.65,800,81.0,-2.7,10111111,244.96,768,29.4,3.09,418.2,245.26,-2.3,1.48, , 
,245.56,768,81.0,-2.3,10111111,245.86,800,31.0,4.12,438.6,246.16,-1.6,1.48, , 
,246.44,800,81.0,-1.2,10111111,246.75,800,29.4,4.12,418.2,247.04,-0.8,1.48, , 
,247.36,736,81.0,-0.8,10101011,247.66,768,41.2,6.18,520.2,247.96,0.0,1.60, , 
,248.28,1152,81.0,0.8,10101011,248.61,1152,38.4,5.15,479.4,248.95,3.1,1.60, , 
,249.30,1248,81.0,0.8,10101011,249.63,1152,42.7,6.18,550.8,249.95,4.3,1.60, , 
,250.24,800,81.0,0.0,10111111,250.53,928,31.0,3.09,438.6,250.86,-0.4,1.41, , 
,251.18,896,81.0,-0.8,10111111,251.49,864,26.7,3.09,397.8,251.81,-0.8,1.52, , 
,252.11,864,81.0,-0.4,10111111,252.42,864,28.2,3.09,397.8,252.73,0.0,1.48, , 
,253.02,800,81.0,0.0,10111111,253.28,736,28.2,3.09,397.8,253.55,-0.8,1.41, , 
,253.85,768,82.5,-1.2,10111111,254.16,800,29.4,3.09,418.2,254.47,-2.7,1.33, , 
,254.77,768,82.5,-3.9,10111111,255.07,768,29.4,3.09,418.2,255.38,-4.3,1.48, , 
,255.66,768,82.5,-4.3,10111111,255.98,768,29.4,3.09,438.6,256.27,-3.5,1.52, , 
,256.56,768,82.5,-3.1,10111111,256.85,768,29.4,3.09,438.6,257.14,-2.7,1.52, , 
,257.44,800,82.5,-2.3,10111111,257.73,800,29.4,3.09,418.2,258.02,-2.0,1.48, , 
,258.32,800,82.5,-2.0,10111111,258.61,800,29.4,3.09,418.2,258.90,-1.6,1.48, , 
,259.18,768,82.5,-1.6,10111111,259.49,800,29.4,3.09,418.2,259.78,-1.6,1.48, , 
,260.10,768,82.5,-1.6,10111111,260.40,800,28.2,3.09,418.2,260.69,-1.6,1.45, , 
,260.99,800,82.5,-1.6,10111111,261.31,800,28.2,3.09,418.2,261.61,-2.0,1.45, , 
,261.93,800,82.5,-2.0,10111111,262.22,768,29.4,3.09,418.2,262.51,-2.0,1.56, , 
,262.80,768,82.5,-0.8,10111111,263.10,768,31.0,4.12,459.0,263.39,2.0,1.64, , 
,263.69,768,82.5,3.1,10111111,263.98,768,29.4,4.12,438.6,264.29,4.3,1.56, , 
,264.58,768,82.5,4.7,10111111,264.90,800,29.4,4.12,438.6,265.19,5.5,1.48, , 
,265.50,768,82.5,5.5,10111111,265.79,800,29.4,4.12,438.6,266.07,5.5,1.48, , 
,266.36,800,82.5,5.5,10111111,266.65,768,29.4,4.12,438.6,266.96,5.5,1.48, , 
,267.25,800,82.5,5.5,10111111,267.56,768,29.4,4.12,438.6,267.87,5.5,1.48, , 
,268.16,800,82.5,5.1,10111111,268.46,800,29.4,4.12,438.6,268.75,5.1,1.48, , 
,269.06,800,82.5,5.1,10111111,269.36,800,29.4,4.12,418.2,269.67,5.1,1.48, , 
,269.99,768,82.5,5.1,10111111,270.28,800,29.4,4.12,438.6,270.59,5.1,1.45, , 
,270.88,768,82.5,5.1,10111111,271.18,768,29.4,4.12,438.6,271.49,5.1,1.48, , 
,271.79,768,82.5,5.1,10111111,272.10,800,29.4,4.12,438.6,272.40,5.1,1.48, , 
,272.70,800,82.5,5.1,10111111,273.00,768,29.4,4.12,438.6,273.30,5.1,1.48, , 
,273.60,768,84.0,5.1,10111111,273.90,800,29.4,4.12,438.6,274.19,5.5,1.48, , 
,274.49,800,84.0,5.5,10111111,274.79,800,29.4,4.12,418.2,275.09,5.5,1.45, , 
,275.38,800,84.0,5.9,10111111,275.68,768,29.4,4.12,418.2,275.98,5.5,1.45, , 
,276.28,768,84.0,5.5,10111111,276.60,800,29.4,4.12,438.6,276.90,5.5,1.45, , 
,277.18,768,84.0,5.5,10111111,277.47,768,29.4,4.12,438.6,277.75,5.5,1.52, , 
,278.05,800,84.0,5.9,10111111,278.34,800,29.4,4.12,438.6,278.65,5.9,1.48, , 
,278.94,800,84.0,5.9,10111111,279.24,768,29.4,4.12,418.2,279.53,6.3,1.52, , 
,279.85,800,84.0,6.3,10111111,280.14,800,29.4,4.12,418.2,280.45,6.3,1.45, , 
,280.75,800,84.0,6.3,10111111,281.05,800,29.4,4.12,438.6,281.35,6.3,1.48, , 
,281.66,768,84.0,6.3,10111111,281.95,768,29.4,4.12,418.2,282.24,6.6,1.48, , 
,282.53,800,84.0,6.6,10111111,282.84,800,29.4,4.12,418.2,283.14,7.0,1.48, , 
,283.45,768,84.0,7.0,10111111,283.75,768,29.4,4.12,438.6,284.07,7.0,1.48, , 
,284.37,800,84.0,7.0,10111111,284.67,768,29.4,4.12,418.2,284.97,7.0,1.48, , 
,285.27,768,84.0,7.4,10111111,285.57,800,29.4,4.12,438.6,285.86,7.4,1.48, , 
,286.16,800,84.0,7.4,10111111,286.47,800,29.4,4.12,418.2,286.78,7.0,1.45, , 
,287.07,768,84.0,7.4,10111111,287.37,800,29.4,4.12,418.2,287.69,7.4,1.48, , 
,287.99,800,84.0,7.4,10111111,288.29,800,29.4,4.12,418.2,288.60,7.8,1.48, , 
,288.92,800,84.0,7.8,10111111,289.20,800,29.4,4.12,418.2,289.50,8.2,1.48, , 
,289.79,768,84.0,8.2,10111111,290.08,800,29.4,4.12,418.2,290.38,8.6,1.45, , 
,290.68,768,84.0,8.2,10111111,290.98,800,29.4,4.12,418.2,291.29,8.2,1.45, , 
,291.59,800,85.5,7.8,10111111,291.90,768,29.4,4.12,418.2,292.19,8.2,1.48, , 
,292.49,800,85.5,8.2,10111111,292.79,800,29.4,4.12,418.2,293.09,8.6,1.48, , 
,293.40,768,85.5,8.6,10111111,293.69,768,29.4,4.12,418.2,293.99,8.6,1.48, , 
,294.29,768,85.5,9.0,10111111,294.58,800,29.4,4.12,418.2,294.89,9.0,1.48, , 
,295.18,768,85.5,9.0,10111111,295.48,800,29.4,4.12,418.2,295.78,9.0,1.45, , 
,296.09,768,85.5,9.0,10111111,296.38,768,29.4,4.12,418.2,296.68,9.0,1.48, , 
,296.99,800,85.5,9.0,10111111,297.29,768,29.4,4.12,418.2,297.58,9.4,1.45, , 
,297.89,800,85.5,9.0,10111111,298.18,800,29.4,4.12,418.2,298.48,9.0,1.45, , 
,298.77,768,85.5,9.0,10111111,299.08,800,29.4,4.12,418.2,299.39,9.4,1.48, , 
,299.70,800,85.5,9.4,10111111,299.98,768,28.2,4.12,418.2,300.28,9.0,1.45, , 
,300.58,800,85.5,9.0,10111111,300.87,800,28.2,4.12,418.2,301.16,9.4,1.48, , 
,301.48,768,85.5,9.4,10111111,301.78,768,29.4,4.12,418.2,302.08,9.4,1.48, , 
,302.37,768,85.5,9.8,10111111,302.67,768,29.4,4.12,418.2,302.98,9.8,1.48, , 
,303.28,768,85.5,9.8,10111111,303.59,768,29.4,4.12,438.6,303.88,9.8,1.45, , 
,304.19,800,87.0,9.4,10111111,304.49,800,29.4,4.12,418.2,304.80,9.4,1.45, , 
,305.11,800,85.5,9.4,10111111,305.41,800,29.4,4.12,418.2,305.72,9.0,1.45, , 
,306.02,768,85.5,9.0,10111111,306.32,800,29.4,4.12,418.2,306.61,9.0,1.48, , 
,306.90,800,85.5,9.0,10111111,307.20,800,28.2,4.12,418.2,307.50,8.6,1.45, , 
,307.81,800,85.5,8.6,10111111,308.11,800,29.4,4.12,418.2,308.43,8.6,1.45, , 
,308.73,800,85.5,8.6,10111111,309.01,800,29.4,4.12,418.2,309.30,8.6,1.48, , 
,309.61,800,85.5,8.6,10111111,309.91,768,29.4,4.12,418.2,310.22,9.0,1.52, , 
,310.54,800,85.5,9.4,10111111,310.85,800,29.4,4.12,418.2,311.15,9.4,1.48, , 
,311.44,800,87.0,9.4,10111111,311.74,800,28.2,4.12,418.2,312.02,9.4,1.45, , 
,312.33,800,87.0,9.4,10111111,312.61,768,29.4,4.12,418.2,312.91,9.0,1.48, , 
,313.23,800,87.0,9.4,10111111,313.54,800,28.2,4.12,418.2,313.83,9.4,1.45, , 
,314.15,768,87.0,9.4,10111111,314.43,800,29.4,4.12,418.2,314.73,9.4,1.48, , 
,315.03,768,87.0,9.8,10111111,315.34,800,29.4,4.12,418.2,315.64,9.8,1.48, , 
,315.96,768,87.0,9.8,10111111,316.24,768,29.4,4.12,418.2,316.54,10.2,1.48, , 
,316.84,800,87.0,10.2,10111111,317.15,800,29.4,4.12,418.2,317.45,10.2,1.48, , 
,317.75,768,87.0,10.2,10111111,318.04,768,29.4,4.12,418.2,318.33,10.2,1.48, , 
,318.63,800,87.0,10.5,10111111,318.93,800,28.2,4.12,418.2,319.22,10.5,1.45, , 
,319.52,800,87.0,10.2,10111111,319.82,800,28.2,4.12,418.2,320.11,10.5,1.48, , 
,320.38,800,87.0,10.5,10111111,320.70,800,28.2,4.12,418.2,321.01,10.2,1.45, , 
,321.31,800,87.0,10.2,10111111,321.62,800,28.2,4.12,418.2,321.93,9.8,1.45, , 
,322.23,768,87.0,9.8,10111111,322.53,768,29.4,4.12,418.2,322.83,10.2,1.48, , 
,323.13,800,87.0,10.2,10111111,323.43,768,29.4,4.12,418.2,323.73,9.8,1.45, , 
,324.02,800,87.0,9.4,10111111,324.32,768,28.2,4.12,418.2,324.62,9.4,1.48, , 
,324.94,768,87.0,9.4,10111111,325.24,800,29.4,4.12,418.2,325.54,9.4,1.48, , 
,325.82,768,87.0,9.8,10111111,326.12,768,29.4,4.12,418.2,326.41,9.8,1.48, , 
,326.70,800,87.0,9.8,10111111,327.01,800,29.4,4.12,418.2,327.29,9.8,1.45, , 
,327.59,800,87.0,9.4,10111111,327.89,800,29.4,4.12,418.2,328.20,9.8,1.48, , 
,328.49,800,87.0,9.8,10111111,328.79,800,29.4,4.12,418.2,329.10,9.8,1.48, , 
,329.39,800,87.0,9.8,10111111,329.70,800,29.4,4.12,418.2,330.00,9.8,1.48, , 
,330.29,768,87.0,9.8,10111111,330.59,800,29.4,4.12,418.2,330.89,9.8,1.48, , 
,331.19,800,87.0,9.8,10111111,331.50,768,29.4,4.12,418.2,331.79,9.8,1.48, , 
,332.09,800,87.0,9.8,10111111,332.38,800,29.4,4.12,418.2,332.69,9.4,1.45, , 
,332.99,800,87.0,9.4,10111111,333.30,768,29.4,4.12,438.6,333.60,9.8,1.48, , 
,333.89,800,88.5,9.8,10111111,334.19,768,29.4,4.12,418.2,334.48,9.8,1.48, , 
,334.77,800,87.0,9.8,10111111,335.08,800,29.4,4.12,438.6,335.38,10.2,1.48, , 
,335.69,800,88.5,9.8,10111111,335.98,800,29.4,4.12,418.2,336.28,9.8,1.45, , 
,336.59,768,88.5,9.8,10111111,336.88,768,29.4,4.12,438.6,337.18,9.8,1.45, , 
,337.48,832,88.5,8.6,10111111,337.78,800,28.2,4.12,418.2,338.09,2.7,0.94, , 
,338.39,800,88.5,-0.4,10111111,338.68,800,28.2,3.09,418.2,338.98,-5.5,1.13, , 
,339.29,768,88.5,-6.6,10111111,339.57,768,29.4,3.09,438.6,339.85,-7.0,1.52, , 
,340.16,768,88.5,-6.3,10111111,340.46,800,29.4,3.09,438.6,340.76,-4.3,1.60, , 
,341.06,768,87.0,-3.5,10111111,341.37,800,29.4,3.09,418.2,341.66,-2.3,1.56, , 
,341.97,768,87.0,-1.6,10111111,342.27,768,29.4,3.09,418.2,342.56,-0.4,1.56, , 
,342.87,768,87.0,0.0,10111111,343.15,800,29.4,4.12,438.6,343.46,0.8,1.52, , 
,343.76,800,87.0,1.2,10111111,344.04,800,28.2,3.09,418.2,344.34,1.6,1.52, , 
,344.63,800,87.0,1.6,10111111,344.91,800,29.4,4.12,418.2,345.21,2.3,1.52, , 
,345.50,800,87.0,2.3,10111111,345.80,800,29.4,4.12,418.2,346.09,2.7,1.48, , 
,346.41,800,87.0,2.7,10111111,346.70,800,28.2,4.12,418.2,347.00,3.1,1.48, , 
,347.32,800,87.0,3.1,10111111,347.62,800,28.2,3.09,418.2,347.92,3.5,1.48, , 
,348.22,800,87.0,3.5,10111111,348.52,800,28.2,3.09,418.2,348.82,3.5,1.48, , 
,349.11,800,85.5,3.5,10111111,349.40,800,28.2,3.09,418.2,349.69,3.5,1.45, , 
,349.99,800,85.5,3.5,10111111,350.28,800,28.2,4.12,418.2,350.58,3.5,1.45, , 
,350.87,800,85.5,3.5,10111111,351.19,800,28.2,3.09,418.2,351.47,3.1,1.45, , 
,351.77,800,85.5,3.1,10111111,352.08,800,28.2,3.09,418.2,352.36,2.7,1.45, , 
,352.66,768,85.5,2.7,10111111,352.95,800,28.2,3.09,418.2,353.25,2.3,1.45, , 
,353.55,768,84.0,2.3,10111111,353.85,800,28.2,3.09,418.2,354.16,1.6,1.45, , 
,354.46,800,84.0,1.6,10111111,354.76,800,28.2,3.09,418.2,355.07,0.8,1.41, , 
,355.36,768,84.0,0.4,10111111,355.66,768,28.2,3.09,418.2,355.96,0.0,1.45, , 
,356.26,800,84.0,0.0,10111111,356.56,800,28.2,3.09,418.2,356.86,0.0,1.45, , 
,357.17,768,84.0,0.0,10111111,357.47,768,28.2,3.09,418.2,357.78,0.0,1.48, , 
,358.08,800,82.5,0.0,10111111,358.38,800,28.2,3.09,418.2,358.68,0.0,1.48, , 
,358.97,768,82.5,0.4,10111111,359.27,768,28.2,3.09,418.2,359.57,0.4,1.48, , 
,359.86,800,82.5,0.8,10111111,360.17,800,28.2,3.09,418.2,360.48,0.4,1.45, , 
,360.77,800,82.5,0.0,10111111,361.08,800,28.2,3.09,418.2,361.38,0.0,1.45, , 
,361.68,768,82.5,-0.4,10111111,362.00,800,28.2,3.09,418.2,362.29,0.0,1.48, , 
,362.59,768,82.5,-0.4,10111111,362.89,768,28.2,3.09,418.2,363.20,0.0,1.48, , 
,363.48,800,82.5,0.0,10111111,363.78,768,28.2,3.09,418.2,364.09,0.0,1.45, , 
,364.39,800,82.5,-0.4,10111111,364.69,768,28.2,3.09,418.2,365.00,-0.4,1.45, , 
,365.29,800,82.5,-0.8,10111111,365.57,800,28.2,3.09,418.2,365.85,-0.8,1.45, , 
