Niedziela,23,Sierpień,2026,21:50:24:00009-VCID:1C3761778CABCE7337-515A,Wersja VCDS: AKP 23.3.1,Wersja danych: 20230601 DS346.2
047 906 033 L,,1.4l SIMOS3PA   00HS5401,

,Grupa A:,'002,,,,Grupa B:,'032,,,,Grupa C:,'033
,,Obroty silnika,Obciążenie,Czas wtrysku,Ciśnienie rzecz.,,Lambda,Lambda, , ,,Lambda,Napięcie, , 
,CZAS,,,,,CZAS,,,,,CZAS,,,,
Znacznik,ZAPISU, /min, %, ms, mbar,ZAPISU, %, %,,,ZAPISU, %, V,,
,0.28,800,29.4,3.09,438.6,0.57,0.0,0.0, , ,0.85,-13.3,1.48, , 
,1.13,800,29.4,3.09,418.2,1.42,0.0,0.0, , ,1.73,-13.7,1.48, , 
,2.03,768,29.4,3.09,438.6,2.34,0.0,0.0, , ,2.64,-13.3,1.48, , 
,2.94,800,28.2,3.09,418.2,3.23,0.0,0.0, , ,3.54,-12.9,1.52, , 
,3.84,768,29.4,3.09,418.2,4.15,0.0,0.0, , ,4.46,-15.2,1.52, , 
,4.77,1216,40.0,5.15,499.8,5.10,0.0,0.0, , ,5.42,-17.2,1.52, , 
,5.75,992,48.6,6.18,591.6,6.09,0.0,0.0, , ,6.44,0.0,1.52, , 
,6.78,1344,42.7,6.18,520.2,7.10,0.0,0.0, , ,7.40,0.0,1.56, , 
,7.72,1216,47.1,6.18,591.6,8.06,0.0,0.0, , ,8.41,0.0,0.86, , 
,8.81,1760,0.0,0.00,438.6,9.10,0.0,0.0, , ,9.43,0.0,3.59, , 
,9.74,1152,60.4,10.30,714.0,10.04,0.0,0.0, , ,10.35,0.0,1.21, , 
,10.66,1344,67.8,11.33,775.2,11.06,0.0,0.0, , ,11.41,0.0,0.98, , 
,11.72,1664,40.0,4.12,499.8,12.02,0.0,0.0, , ,12.33,0.0,3.44, , 
,12.64,1152,26.7,4.12,377.4,12.95,0.0,0.0, , ,13.25,0.0,1.02, , 
,13.54,896,22.0,3.09,336.6,13.86,0.0,0.0, , ,14.17,0.0,0.82, , 
,14.48,928,29.4,4.12,418.2,14.78,0.0,0.0, , ,15.09,-4.7,0.86, , 
,15.38,864,26.7,3.09,397.8,15.67,0.0,0.0, , ,15.97,-12.5,1.21, , 
,16.25,768,26.7,3.09,397.8,16.54,0.0,0.0, , ,16.91,0.0,0.90, , 
,17.27,1760,45.9,7.21,571.2,17.73,0.0,3.1, , ,18.06,-3.9,1.37, , 
,18.37,1248,63.5,9.27,734.4,18.76,0.0,3.1, , ,19.12,0.0,0.94, , 
,19.49,1728,0.0,0.00,397.8,19.81,0.0,0.0, , ,20.14,0.0,3.36, , 
,20.54,1472,72.2,11.33,867.0,20.93,0.0,3.1, , ,21.34,0.0,1.13, , 
,21.69,1568,73.7,11.33,867.0,22.05,0.0,3.1, , ,22.41,-9.4,1.29, , 
,22.76,1952,63.5,8.24,734.4,23.14,0.0,3.1, , ,23.50,-11.3,1.48, , 
,23.83,2240,59.2,7.21,673.2,24.16,0.0,3.1, , ,24.52,-14.1,1.48, , 
,24.85,2496,60.4,8.24,693.6,25.16,0.0,3.1, , ,25.48,-15.6,1.56, , 
,25.82,2336,0.0,0.00,316.2,26.15,0.0,3.1, , ,26.51,0.0,3.55, , 
,26.88,1760,23.5,3.09,336.6,27.22,0.0,3.1, , ,27.56,0.0,0.82, , 
,27.92,1728,29.4,4.12,397.8,28.29,0.0,3.1, , ,28.68,-11.3,1.37, , 
,29.05,1760,31.0,4.12,397.8,29.43,0.0,3.1, , ,29.81,-12.5,1.48, , 
,30.14,1792,42.7,5.15,520.2,30.52,0.0,3.1, , ,30.89,-9.8,1.60, , 
,31.27,1888,50.2,7.21,591.6,31.63,0.0,3.1, , ,32.00,-6.3,1.56, , 
,32.36,1952,69.4,9.27,775.2,32.71,0.0,3.1, , ,33.08,-12.9,1.33, , 
,33.40,2144,72.2,10.30,795.6,33.74,0.0,3.1, , ,34.06,0.0,0.78, , 
,34.38,2336,88.6,14.42,969.0,34.70,0.0,3.1, , ,35.02,-9.8,1.25, , 
,35.33,2560,88.6,13.39,969.0,35.65,0.0,3.1, , ,35.98,0.0,3.67, , 
,36.33,1920,35.3,5.15,438.6,36.69,0.0,3.1, , ,37.04,0.0,1.13, , 
,37.39,2080,84.3,14.42,928.2,37.72,0.0,3.1, , ,38.05,0.0,0.78, , 
,38.38,2240,90.2,14.42,989.4,38.72,0.0,3.1, , ,39.05,-12.5,1.25, , 
,39.41,2368,91.4,13.39,989.4,39.75,0.0,3.1, , ,40.09,-13.3,1.52, , 
,40.41,2528,91.4,13.39,989.4,40.75,0.0,3.1, , ,41.08,-12.1,1.52, , 
,41.42,2656,91.4,15.45,989.4,41.76,0.0,3.1, , ,42.09,-11.3,1.17, , 
,42.43,2784,91.4,15.45,989.4,42.76,0.0,3.1, , ,43.11,0.0,1.29, , 
,43.45,2816,19.2,2.06,275.4,43.79,0.0,3.1, , ,44.14,0.0,1.09, , 
,44.46,2752,0.0,0.00,275.4,44.77,0.0,3.1, , ,45.11,0.0,3.83, , 
,45.43,1728,0.0,0.00,275.4,45.75,0.0,0.0, , ,46.12,0.0,3.75, , 
,46.47,2208,17.6,2.06,275.4,46.78,0.0,3.1, , ,47.11,0.0,0.70, , 
,47.44,2624,85.5,15.45,887.4,47.77,0.0,3.1, , ,48.09,0.0,1.17, , 
,48.43,2688,91.4,15.45,989.4,48.79,0.0,3.1, , ,49.12,0.0,1.02, , 
,49.45,2720,20.8,2.06,275.4,49.79,0.0,3.1, , ,50.12,-7.4,1.09, , 
,50.46,2624,0.0,0.00,275.4,50.78,0.0,3.1, , ,51.12,0.0,3.79, , 
,51.43,2496,0.0,0.00,244.8,51.76,0.0,3.1, , ,52.13,0.0,3.13, , 
,52.44,2432,19.2,3.09,275.4,52.77,0.0,3.1, , ,53.10,0.0,1.13, , 
,53.44,2368,54.5,8.24,612.0,53.77,0.0,3.1, , ,54.13,-7.0,1.02, , 
,54.46,2336,66.3,9.27,734.4,54.81,0.0,3.1, , ,55.14,0.0,1.05, , 
,55.46,2336,42.7,6.18,520.2,55.80,0.0,3.1, , ,56.15,0.0,3.52, , 
,56.45,1248,0.0,0.00,336.6,56.77,0.0,0.0, , ,57.09,0.0,2.34, , 
,57.40,1024,23.5,3.09,357.0,57.72,0.0,0.0, , ,58.02,0.0,0.70, , 
,58.34,928,25.1,3.09,357.0,58.64,0.0,0.0, , ,58.95,-1.6,1.02, , 
,59.26,928,23.5,3.09,357.0,59.56,0.0,0.0, , ,59.84,-7.4,1.33, , 
,60.15,864,25.1,3.09,377.4,60.46,0.0,0.0, , ,60.75,-7.0,1.52, , 
,61.06,864,26.7,3.09,377.4,61.38,0.0,0.0, , ,61.68,-5.9,1.52, , 
,61.99,864,26.7,3.09,397.8,62.27,0.0,0.0, , ,62.56,-5.1,1.56, , 
,62.84,928,26.7,3.09,377.4,63.15,0.0,0.0, , ,63.50,-6.3,1.45, , 
,63.86,1472,29.4,4.12,397.8,64.16,0.0,0.0, , ,64.49,0.0,1.25, , 
,64.84,1600,76.9,13.39,867.0,65.20,0.0,3.1, , ,65.56,0.0,0.98, , 
,65.90,2048,87.1,14.42,948.6,66.23,0.0,3.1, , ,66.58,-10.2,1.21, , 
,66.93,2464,87.1,12.36,948.6,67.28,0.0,3.1, , ,67.63,-14.1,1.48, , 
,67.95,2592,0.0,0.00,357.0,68.34,0.0,3.1, , ,68.70,0.0,2.58, , 
,69.07,1824,51.8,8.24,612.0,69.43,0.0,3.1, , ,69.79,0.0,1.21, , 
,70.16,1952,57.6,8.24,673.2,70.51,0.0,3.1, , ,70.88,-0.8,1.56, , 
,71.23,1984,38.4,5.15,479.4,71.58,0.0,3.1, , ,71.94,-3.9,1.37, , 
,72.30,2016,36.9,5.15,459.0,72.64,0.0,3.1, , ,73.00,-3.9,1.48, , 
,73.35,2016,38.4,5.15,479.4,73.69,0.0,3.1, , ,74.05,0.0,1.25, , 
,74.39,2080,59.2,8.24,673.2,74.74,0.0,3.1, , ,75.06,-6.3,1.41, , 
,75.40,2176,57.6,8.24,652.8,75.74,0.0,3.1, , ,76.07,-7.4,1.48, , 
,76.40,2304,51.8,7.21,591.6,76.73,0.0,3.1, , ,77.07,-4.7,1.52, , 
,77.40,2336,40.0,5.15,479.4,77.74,0.0,3.1, , ,78.08,-3.9,1.52, , 
,78.42,2432,40.0,5.15,459.0,78.77,0.0,3.1, , ,79.13,-3.9,1.45, , 
,79.47,2496,36.9,5.15,438.6,79.81,0.0,3.1, , ,80.15,-4.3,1.45, , 
,80.48,2560,36.9,5.15,438.6,80.83,0.0,3.1, , ,81.17,-4.3,1.48, , 
,81.51,2624,35.3,5.15,438.6,81.84,0.0,3.1, , ,82.16,-5.1,1.45, , 
,82.48,2400,0.0,0.00,316.2,82.82,0.0,3.1, , ,83.11,0.0,3.79, , 
,83.46,1824,20.8,3.09,295.8,83.81,0.0,3.1, , ,84.18,0.0,0.90, , 
,84.53,1952,20.8,3.09,295.8,84.90,0.0,3.1, , ,85.25,0.0,1.29, , 
,85.61,1952,51.8,7.21,612.0,85.96,0.0,3.1, , ,86.32,0.0,1.21, , 
,86.67,2016,65.1,9.27,734.4,87.02,0.0,3.1, , ,87.38,-4.3,1.52, , 
,87.73,2080,44.3,6.18,520.2,88.07,0.0,3.1, , ,88.40,0.0,1.25, , 
,88.75,2048,14.9,2.06,244.8,89.10,0.0,3.1, , ,89.44,-0.8,1.33, , 
,89.79,2016,16.1,2.06,244.8,90.14,0.0,3.1, , ,90.50,-6.3,1.17, , 
,90.86,1984,19.2,2.06,275.4,91.22,0.0,3.1, , ,91.57,-12.9,1.29, , 
,91.92,1952,23.5,3.09,336.6,92.29,0.0,3.1, , ,92.64,0.0,1.45, , 
,93.01,1952,54.5,8.24,652.8,93.39,0.0,3.1, , ,93.75,0.0,1.17, , 
,94.12,1888,17.6,2.06,275.4,94.48,0.0,3.1, , ,94.83,-1.6,1.45, , 
,95.21,1888,16.1,2.06,244.8,95.56,0.0,3.1, , ,95.92,-3.1,1.45, , 
,96.27,1920,17.6,2.06,275.4,96.65,0.0,3.1, , ,97.01,-4.3,1.48, , 
,97.39,1888,17.6,2.06,275.4,97.76,0.0,3.1, , ,98.12,-4.3,1.52, , 
,98.48,1920,17.6,2.06,275.4,98.83,0.0,3.1, , ,99.21,-4.3,1.45, , 
,99.56,1888,17.6,2.06,275.4,99.91,0.0,3.1, , ,100.26,-3.5,1.52, , 
,100.64,1920,17.6,2.06,275.4,101.01,0.0,3.1, , ,101.37,-3.5,1.48, , 
,101.74,1920,16.1,2.06,275.4,102.09,0.0,3.1, , ,102.45,-3.1,1.45, , 
,102.82,1952,16.1,2.06,244.8,103.18,0.0,3.1, , ,103.52,-3.1,1.45, , 
,103.89,1888,0.0,0.00,275.4,104.26,0.0,3.1, , ,104.62,0.0,3.87, , 
,104.97,1888,0.0,0.00,295.8,105.30,0.0,3.1, , ,105.65,0.0,3.91, , 
,105.99,1856,0.0,0.00,295.8,106.31,0.0,3.1, , ,106.68,0.0,3.91, , 
,107.00,1856,0.0,0.00,295.8,107.36,0.0,3.1, , ,107.73,0.0,3.91, , 
,108.10,1824,0.0,0.00,295.8,108.45,0.0,3.1, , ,108.80,0.0,3.91, , 
,109.17,1824,0.0,0.00,295.8,109.53,0.0,3.1, , ,109.89,0.0,3.87, , 
,110.26,1792,0.0,0.00,316.2,110.66,0.0,3.1, , ,111.04,0.0,3.91, , 
,111.34,1792,0.0,0.00,316.2,111.69,0.0,3.1, , ,112.05,0.0,3.87, , 
,112.39,1760,0.0,0.00,316.2,112.74,0.0,3.1, , ,113.08,0.0,3.91, , 
,113.41,1472,0.0,0.00,336.6,113.70,0.0,0.0, , ,114.02,0.0,3.52, , 
,114.33,928,29.4,4.12,418.2,114.64,0.0,0.0, , ,114.96,0.0,1.17, , 
,115.26,896,25.1,3.09,377.4,115.58,0.0,0.0, , ,115.88,0.0,1.09, , 
,116.17,896,26.7,3.09,377.4,116.48,0.0,0.0, , ,116.80,-5.5,1.33, , 
,117.08,896,26.7,3.09,397.8,117.37,0.0,0.0, , ,117.67,-5.9,1.52, , 
,117.97,896,26.7,3.09,377.4,118.27,0.0,0.0, , ,118.57,-4.3,1.56, , 
,118.85,896,26.7,3.09,397.8,119.17,0.0,0.0, , ,119.49,-3.5,1.52, , 
,119.80,896,26.7,3.09,397.8,120.09,0.0,0.0, , ,120.38,-3.1,1.48, , 
,120.66,896,26.7,3.09,397.8,120.96,0.0,0.0, , ,121.26,-3.1,1.48, , 
,121.59,864,26.7,3.09,397.8,121.90,0.0,0.0, , ,122.21,-3.1,1.48, , 
,122.50,832,26.7,3.09,377.4,122.84,0.0,0.0, , ,123.22,0.0,1.21, , 
,123.57,1824,63.5,10.30,714.0,123.90,0.0,3.1, , ,124.26,0.0,1.25, , 
,124.60,2080,59.2,8.24,673.2,124.94,0.0,3.1, , ,125.24,0.0,3.55, , 
,125.55,1312,59.2,11.33,632.4,125.86,0.0,0.0, , ,126.19,0.0,1.21, , 
,126.51,1344,84.3,13.39,948.6,126.93,0.0,0.0, , ,127.28,0.0,0.94, , 
,127.65,1728,88.6,15.45,989.4,128.00,0.0,3.1, , ,128.35,-9.0,1.17, , 
,128.69,2144,91.4,13.39,989.4,129.01,0.0,3.1, , ,129.39,-12.1,1.48, , 
,129.74,2528,88.6,13.39,948.6,130.06,0.0,3.1, , ,130.38,-12.1,1.56, , 
,130.77,2944,87.1,12.36,928.2,131.10,0.0,3.1, , ,131.43,0.0,3.83, , 
,131.78,1792,35.3,5.15,418.2,132.13,0.0,3.1, , ,132.47,0.0,1.17, , 
,132.85,1888,72.2,11.33,795.6,133.18,0.0,3.1, , ,133.53,0.0,1.09, , 
,133.89,2016,79.6,12.36,887.4,134.24,0.0,3.1, , ,134.59,-9.4,1.33, , 
,134.94,2144,87.1,12.36,948.6,135.26,0.0,3.1, , ,135.60,-14.8,1.41, , 
,135.93,2272,88.6,12.36,948.6,136.25,0.0,3.1, , ,136.62,-17.2,1.48, , 
,136.98,2432,90.2,12.36,969.0,137.33,0.0,3.1, , ,137.67,-17.2,1.48, , 
,138.01,2560,90.2,12.36,969.0,138.36,0.0,3.1, , ,138.70,0.0,1.25, , 
,139.07,2080,0.0,0.00,316.2,139.41,0.0,3.1, , ,139.76,0.0,1.25, , 
,140.13,1856,47.1,7.21,550.8,140.49,0.0,3.1, , ,140.84,0.0,1.09, , 
,141.18,1856,82.7,13.39,907.8,141.53,0.0,3.1, , ,141.90,0.0,1.21, , 
,142.27,1888,63.5,9.27,714.0,142.64,0.0,3.1, , ,142.97,-5.5,1.41, , 
,143.33,1888,65.1,9.27,734.4,143.70,0.0,3.1, , ,144.08,0.0,1.56, , 
,144.46,1888,54.5,8.24,632.4,144.83,0.0,3.1, , ,145.21,-4.7,1.25, , 
,145.57,1856,65.1,9.27,734.4,145.94,0.0,3.1, , ,146.30,-8.6,1.45, , 
,146.66,1888,63.5,8.24,734.4,147.03,0.0,3.1, , ,147.40,-9.8,1.52, , 
,147.78,1888,63.5,8.24,714.0,148.14,0.0,3.1, , ,148.51,-9.8,1.52, , 
,148.88,1920,62.0,8.24,714.0,149.23,0.0,3.1, , ,149.60,-9.0,1.45, , 
,149.96,1920,62.0,8.24,714.0,150.31,0.0,3.1, , ,150.67,-7.4,1.52, , 
,151.04,1952,60.4,8.24,693.6,151.40,0.0,3.1, , ,151.76,-6.3,1.45, , 
,152.13,1984,59.2,8.24,673.2,152.48,0.0,3.1, , ,152.83,-5.5,1.52, , 
,153.19,2016,60.4,8.24,693.6,153.53,0.0,3.1, , ,153.90,-5.5,1.45, , 
,154.25,2016,57.6,8.24,673.2,154.60,0.0,3.1, , ,154.95,-5.1,1.48, , 
,155.30,2048,45.9,6.18,550.8,155.65,0.0,3.1, , ,156.01,1.2,1.52, , 
,156.36,2048,59.2,8.24,673.2,156.72,0.0,3.1, , ,157.08,-5.9,1.45, , 
,157.42,2080,63.5,8.24,714.0,157.77,0.0,3.1, , ,158.12,-9.8,1.41, , 
,158.47,2112,72.2,10.30,795.6,158.80,0.0,3.1, , ,159.14,0.0,0.94, , 
,159.48,2208,88.6,14.42,969.0,159.80,0.0,3.1, , ,160.13,-10.5,1.25, , 
,160.46,2304,85.5,12.36,928.2,160.78,0.0,3.1, , ,161.11,0.0,1.37, , 
,161.45,2304,31.0,4.12,397.8,161.79,0.0,3.1, , ,162.13,0.0,0.98, , 
,162.45,2272,17.6,2.06,275.4,162.78,0.0,3.1, , ,163.11,-14.8,1.13, , 
,163.45,2240,41.2,5.15,479.4,163.79,0.0,3.1, , ,164.12,-9.0,1.64, , 
,164.48,2272,50.2,6.18,591.6,164.83,0.0,3.1, , ,165.17,-5.9,1.60, , 
,165.51,2272,50.2,7.21,591.6,165.85,0.0,3.1, , ,166.19,-7.0,1.37, , 
,166.52,2304,59.2,8.24,673.2,166.88,0.0,3.1, , ,167.21,0.0,1.05, , 
,167.52,2368,88.6,15.45,948.6,167.87,0.0,3.1, , ,168.22,-5.1,1.05, , 
,168.57,2496,91.4,14.42,989.4,168.90,0.0,3.1, , ,169.25,-7.0,1.37, , 
,169.57,2592,91.4,14.42,989.4,169.89,0.0,3.1, , ,170.20,-7.0,1.48, , 
,170.54,2688,92.9,14.42,989.4,170.87,0.0,3.1, , ,171.18,-7.8,1.48, , 
,171.50,2784,92.9,14.42,989.4,171.85,0.0,3.1, , ,172.18,-9.4,1.45, , 
,172.54,2912,92.9,14.42,989.4,172.80,0.0,3.1, , ,173.24,-11.3,1.41, , 
,173.51,3008,92.9,13.39,989.4,173.90,0.0,3.1, , ,174.32,-12.9,1.45, , 
,174.66,2624,0.0,0.00,295.8,175.00,0.0,3.1, , ,175.34,0.0,3.63, , 
,175.72,2272,36.9,6.18,438.6,176.04,0.0,3.1, , ,176.37,0.0,0.98, , 
,176.70,2336,88.6,15.45,948.6,177.05,0.0,3.1, , ,177.36,-6.6,1.17, , 
,177.68,2400,88.6,13.39,948.6,178.00,0.0,3.1, , ,178.32,0.0,1.37, , 
,178.64,2400,76.9,12.36,826.2,178.98,0.0,3.1, , ,179.35,-4.7,1.17, , 
,179.68,2432,76.9,11.33,846.6,180.01,0.0,3.1, , ,180.37,-9.0,1.37, , 
,180.71,2464,76.9,11.33,846.6,181.09,0.0,3.1, , ,181.42,0.0,1.52, , 
,181.74,2496,92.9,16.48,989.4,182.06,0.0,3.1, , ,182.41,-3.5,1.33, , 
,182.73,2528,92.9,14.42,989.4,183.09,0.0,3.1, , ,183.45,-9.8,1.37, , 
,183.80,2560,88.6,13.39,948.6,184.14,0.0,3.1, , ,184.51,-14.8,1.45, , 
,184.85,2624,76.9,12.36,826.2,185.18,0.0,3.1, , ,185.51,0.0,1.33, , 
,185.85,2624,82.7,13.39,887.4,186.20,0.0,3.1, , ,186.55,0.0,1.09, , 
,186.88,2656,42.7,5.15,499.8,187.20,0.0,3.1, , ,187.53,0.0,1.09, , 
,187.84,2592,19.2,2.06,275.4,188.16,0.0,3.1, , ,188.49,0.0,3.71, , 
,188.79,2560,0.0,0.00,244.8,189.12,0.0,3.1, , ,189.43,0.0,3.83, , 
,189.73,2496,0.0,0.00,244.8,190.06,0.0,3.1, , ,190.38,0.0,3.95, , 
,190.71,2432,17.6,3.09,244.8,191.05,0.0,3.1, , ,191.38,0.0,0.63, , 
,191.72,2400,19.2,2.06,275.4,192.05,0.0,3.1, , ,192.36,-12.1,1.29, , 
,192.69,2368,19.2,2.06,275.4,193.03,0.0,3.1, , ,193.36,0.0,1.29, , 
,193.69,2336,45.9,7.21,550.8,194.03,0.0,3.1, , ,194.38,-1.6,1.45, , 
,194.71,2336,54.5,7.21,612.0,195.05,0.0,3.1, , ,195.38,-6.3,1.48, , 
,195.71,2336,53.3,7.21,612.0,196.06,0.0,3.1, , ,196.41,-4.7,1.60, , 
,196.74,2336,40.0,5.15,479.4,197.07,0.0,3.1, , ,197.39,-3.1,1.48, , 
,197.73,2336,44.3,6.18,520.2,198.09,0.0,3.1, , ,198.42,-0.8,1.52, , 
,198.79,2336,45.9,6.18,520.2,199.13,0.0,3.1, , ,199.46,-1.6,1.45, , 
,199.79,2336,45.9,6.18,520.2,200.14,0.0,3.1, , ,200.47,-1.6,1.45, , 
,200.81,2304,45.9,6.18,520.2,201.14,0.0,3.1, , ,201.48,-1.6,1.52, , 
,201.85,2304,45.9,6.18,520.2,202.17,0.0,3.1, , ,202.51,-1.6,1.48, , 
,202.84,2304,28.2,3.09,377.4,203.19,0.0,3.1, , ,203.52,0.0,1.33, , 
,203.85,2304,47.1,7.21,550.8,204.19,0.0,3.1, , ,204.51,-3.5,1.37, , 
,204.85,2112,0.0,0.00,357.0,205.16,0.0,3.1, , ,205.52,0.0,3.75, , 
,205.83,1056,26.7,4.12,377.4,206.17,0.0,0.0, , ,206.50,0.0,1.02, , 
,206.77,992,22.0,3.09,336.6,207.08,0.0,0.0, , ,207.37,0.0,0.59, , 
,207.69,928,25.1,3.09,357.0,208.02,0.0,0.0, , ,208.34,-2.0,1.25, , 
,208.65,896,23.5,3.09,357.0,208.97,0.0,0.0, , ,209.28,-2.0,1.52, , 
,209.59,896,25.1,3.09,377.4,209.91,0.0,0.0, , ,210.21,-0.8,1.48, , 
,210.49,896,25.1,3.09,377.4,210.79,0.0,0.0, , ,211.11,0.0,1.48, , 
,211.44,896,25.1,3.09,377.4,211.76,0.0,0.0, , ,212.07,0.4,1.45, , 
,212.37,864,25.1,3.09,377.4,212.67,0.0,0.0, , ,212.97,0.0,1.41, , 
,213.27,864,25.1,3.09,377.4,213.56,0.0,0.0, , ,213.88,-0.8,1.41, , 
,214.19,896,25.1,3.09,377.4,214.50,0.0,0.0, , ,214.80,-0.4,1.48, , 
,215.10,896,25.1,3.09,377.4,215.40,0.0,0.0, , ,215.71,-0.4,1.45, , 
,216.04,896,25.1,3.09,377.4,216.34,0.0,0.0, , ,216.63,-0.4,1.41, , 
,216.92,896,25.1,3.09,377.4,217.21,0.0,0.0, , ,217.49,-0.8,1.41, , 
,217.79,864,25.1,3.09,377.4,218.09,0.0,0.0, , ,218.37,-1.6,1.41, , 
,218.67,864,25.1,3.09,377.4,218.96,0.0,0.0, , ,219.26,-2.7,1.37, , 
,219.57,896,25.1,3.09,377.4,219.84,0.0,0.0, , ,220.13,-4.3,1.41, , 
,220.43,864,25.1,3.09,377.4,220.75,0.0,0.0, , ,221.06,-3.9,1.48, , 
,221.36,864,25.1,3.09,377.4,221.67,0.0,0.0, , ,221.97,-3.1,1.45, , 
,222.27,864,25.1,3.09,377.4,222.57,0.0,0.0, , ,222.86,-3.5,1.41, , 
,223.17,896,26.7,3.09,377.4,223.51,0.0,0.0, , ,223.86,0.0,1.41, , 
,224.20,1568,38.4,5.15,479.4,224.57,0.0,3.1, , ,224.92,-3.9,1.33, , 
,225.28,1312,88.6,18.54,907.8,225.60,0.0,3.1, , ,225.92,0.0,1.05, , 
,226.25,1120,45.9,7.21,550.8,226.55,0.0,0.0, , ,226.86,0.0,1.17, , 
,227.18,1152,87.1,14.42,989.4,227.52,0.0,0.0, , ,227.94,0.0,1.05, , 
,228.31,1632,88.6,15.45,989.4,228.68,0.0,3.1, , ,229.02,-7.8,1.17, , 
,229.37,2112,91.4,13.39,989.4,229.70,0.0,3.1, , ,230.04,-12.1,1.21, , 
,230.38,2624,92.9,15.45,989.4,230.76,0.0,3.1, , ,231.16,-9.0,1.09, , 
,231.49,3168,0.0,0.00,499.8,231.84,0.0,3.1, , ,232.17,0.0,0.16, , 
,232.52,2208,91.4,15.45,989.4,232.86,0.0,3.1, , ,233.19,-4.7,1.25, , 
,233.55,2432,92.9,14.42,989.4,233.89,0.0,3.1, , ,234.23,-6.3,1.48, , 
,234.55,2656,92.9,14.42,989.4,234.88,0.0,3.1, , ,235.24,-8.6,1.37, , 
,235.60,2880,91.4,14.42,948.6,235.86,0.0,3.1, , ,236.32,0.0,1.21, , 
,236.58,3008,36.9,5.15,438.6,236.84,0.0,3.1, , ,237.11,0.0,1.37, , 
,237.38,2976,19.2,2.06,275.4,237.76,0.0,3.1, , ,238.17,-12.9,1.21, , 
,238.48,2944,17.6,2.06,275.4,238.80,0.0,3.1, , ,239.14,-18.8,1.37, , 
,239.48,2880,19.2,2.06,275.4,239.84,0.0,3.1, , ,240.16,-20.7,1.48, , 
,240.47,2880,28.2,3.09,357.0,240.83,0.0,3.1, , ,241.15,0.0,1.21, , 
,241.50,2880,59.2,9.27,652.8,241.97,0.0,3.1, , ,242.34,0.0,1.05, , 
,242.72,3104,92.9,15.45,969.0,243.08,0.0,3.1, , ,243.44,-6.6,1.33, , 
,243.81,3328,94.5,14.42,969.0,244.15,0.0,3.1, , ,244.51,0.0,3.63, , 
,244.86,2432,20.8,3.09,295.8,245.20,0.0,3.1, , ,245.54,0.0,1.13, , 
,245.87,2528,92.9,16.48,969.0,246.20,0.0,3.1, , ,246.55,0.0,1.17, , 
,246.88,2656,92.9,15.45,989.4,247.22,0.0,3.1, , ,247.55,-6.3,1.13, , 
,247.88,2752,92.9,16.48,989.4,248.23,0.0,3.1, , ,248.56,-7.0,1.13, , 
,248.89,2880,92.9,16.48,989.4,249.20,0.0,3.1, , ,249.59,-9.8,1.09, , 
,249.93,3008,94.5,15.45,989.4,250.26,0.0,3.1, , ,250.61,-11.3,1.45, , 
,250.95,3104,91.4,13.39,969.0,251.32,0.0,3.1, , ,251.66,-12.9,1.52, , 
,252.01,3200,87.1,12.36,928.2,252.39,0.0,3.1, , ,252.77,0.0,1.56, , 
,253.12,3200,19.2,2.06,275.4,253.49,0.0,3.1, , ,253.81,0.0,2.46, , 
,254.13,3136,0.0,0.00,275.4,254.46,0.0,3.1, , ,254.79,0.0,3.87, , 
,255.16,3072,0.0,0.00,275.4,255.42,0.0,3.1, , ,255.69,0.0,3.87, , 
,255.96,2944,0.0,0.00,275.4,256.31,0.0,3.1, , ,256.64,0.0,3.91, , 
,256.98,2848,0.0,0.00,275.4,257.31,0.0,3.1, , ,257.63,0.0,3.91, , 
,257.96,2720,0.0,0.00,275.4,258.27,0.0,3.1, , ,258.59,0.0,3.83, , 
,258.93,2624,0.0,0.00,275.4,259.23,0.0,3.1, , ,259.57,0.0,3.91, , 
,259.92,2496,0.0,0.00,275.4,260.25,0.0,3.1, , ,260.58,0.0,3.91, , 
,260.91,2368,0.0,0.00,275.4,261.23,0.0,3.1, , ,261.56,0.0,3.83, , 
,261.90,2304,0.0,0.00,275.4,262.23,0.0,3.1, , ,262.57,0.0,3.95, , 
,262.91,2240,0.0,0.00,244.8,263.23,0.0,3.1, , ,263.56,0.0,3.91, , 
,263.91,2176,0.0,0.00,275.4,264.26,0.0,3.1, , ,264.59,0.0,3.87, , 
,264.93,2144,16.1,3.09,244.8,265.26,0.0,3.1, , ,265.60,0.0,0.59, , 
,265.94,2080,28.2,4.12,357.0,266.28,0.0,3.1, , ,266.62,-7.4,1.37, , 
,266.98,2112,35.3,4.12,438.6,267.32,0.0,3.1, , ,267.67,-7.0,1.52, , 
,268.03,2112,35.3,4.12,438.6,268.37,0.0,3.1, , ,268.72,-7.8,1.41, , 
,269.08,2112,35.3,4.12,438.6,269.42,0.0,3.1, , ,269.76,-7.8,1.52, , 
,270.13,2112,35.3,4.12,438.6,270.46,0.0,3.1, , ,270.81,-4.3,1.60, , 
,271.16,2144,44.3,6.18,520.2,271.51,0.0,3.1, , ,271.85,0.4,1.48, , 
,272.17,2176,60.4,9.27,673.2,272.53,0.0,3.1, , ,272.86,-3.9,1.37, , 
,273.20,2208,38.4,5.15,479.4,273.54,0.0,3.1, , ,273.87,0.0,1.33, , 
,274.22,2208,23.5,3.09,316.2,274.55,0.0,3.1, , ,274.88,-9.0,1.25, , 
,275.23,2208,23.5,3.09,316.2,275.56,0.0,3.1, , ,275.90,-10.9,1.41, , 
,276.23,2176,20.8,2.06,295.8,276.58,0.0,3.1, , ,276.93,-13.3,1.56, , 
,277.29,2176,19.2,2.06,295.8,277.65,0.0,3.1, , ,277.99,-8.2,1.68, , 
,278.32,2112,0.0,0.00,244.8,278.66,0.0,3.1, , ,279.00,0.0,3.83, , 
,279.32,1664,0.0,0.00,295.8,279.63,0.0,0.0, , ,279.92,0.0,3.79, , 
,280.25,1056,28.2,4.12,397.8,280.58,0.0,0.0, , ,280.90,0.0,0.70, , 
,281.26,1696,0.0,0.00,316.2,281.60,0.0,3.1, , ,281.93,0.0,3.83, , 
,282.25,2144,0.0,0.00,275.4,282.61,0.0,3.1, , ,282.97,0.0,3.95, , 
,283.32,2048,0.0,0.00,244.8,283.66,0.0,3.1, , ,284.00,0.0,3.87, , 
,284.36,1952,0.0,0.00,244.8,284.71,0.0,3.1, , ,285.10,0.0,1.84, , 
,285.46,1920,26.7,4.12,357.0,285.83,0.0,3.1, , ,286.20,0.0,1.48, , 
,286.57,1920,44.3,6.18,550.8,286.92,0.0,3.1, , ,287.28,3.9,1.52, , 
,287.64,1984,54.5,8.24,632.4,287.99,0.0,3.1, , ,288.32,1.6,1.56, , 
,288.65,2080,47.1,6.18,550.8,288.99,0.0,3.1, , ,289.32,0.0,1.37, , 
,289.65,2080,17.6,2.06,275.4,289.99,0.0,3.1, , ,290.34,-6.3,1.21, , 
,290.70,2048,23.5,3.09,336.6,291.07,0.0,3.1, , ,291.40,-10.2,1.45, , 
,291.76,2080,23.5,3.09,336.6,292.13,0.0,3.1, , ,292.47,-10.5,1.48, , 
,292.82,2048,25.1,3.09,336.6,293.17,0.0,3.1, , ,293.53,-11.7,1.48, , 
,293.88,2048,25.1,3.09,336.6,294.24,0.0,3.1, , ,294.58,-14.5,1.45, , 
,294.95,2048,25.1,3.09,336.6,295.31,0.0,3.1, , ,295.67,-17.2,1.45, , 
,296.02,2048,25.1,3.09,336.6,296.38,0.0,3.1, , ,296.72,-13.7,1.52, , 
,297.08,2048,25.1,3.09,336.6,297.43,0.0,3.1, , ,297.79,-14.1,1.48, , 
,298.16,2048,25.1,3.09,336.6,298.51,0.0,3.1, , ,298.87,-10.9,1.52, , 
,299.24,2048,25.1,3.09,336.6,299.60,0.0,3.1, , ,299.94,-7.8,1.60, , 
,300.29,2048,26.7,3.09,357.0,300.62,0.0,3.1, , ,300.97,-4.7,1.56, , 
,301.31,2080,25.1,3.09,336.6,301.66,0.0,3.1, , ,302.00,-2.3,1.48, , 
,302.36,2080,25.1,3.09,336.6,302.70,0.0,3.1, , ,303.07,-3.5,1.41, , 
,303.40,2080,25.1,3.09,336.6,303.74,0.0,3.1, , ,304.07,-3.1,1.48, , 
,304.41,2112,25.1,3.09,336.6,304.75,0.0,3.1, , ,305.11,-2.0,1.48, , 
,305.45,2112,22.0,3.09,316.2,305.80,0.0,3.1, , ,306.13,-6.6,1.33, , 
,306.49,2112,16.1,2.06,244.8,306.83,0.0,3.1, , ,307.17,-2.3,1.52, , 
,307.52,2048,16.1,2.06,244.8,307.87,0.0,3.1, , ,308.22,-0.4,1.52, , 
,308.57,2016,16.1,2.06,244.8,308.91,0.0,3.1, , ,309.26,3.1,1.56, , 
,309.61,1984,16.1,2.06,244.8,309.97,0.0,3.1, , ,310.33,5.9,1.52, , 
,310.70,1984,16.1,2.06,244.8,311.08,0.0,3.1, , ,311.44,4.3,1.29, , 
,311.79,1952,16.1,2.06,244.8,312.14,0.0,3.1, , ,312.51,5.1,1.52, , 
,312.86,1952,16.1,2.06,244.8,313.23,0.0,3.1, , ,313.59,2.0,1.33, , 
,313.95,1952,17.6,2.06,275.4,314.33,0.0,3.1, , ,314.68,-2.3,1.33, , 
,315.03,1952,20.8,2.06,295.8,315.40,0.0,3.1, , ,315.75,-7.8,1.29, , 
,316.12,1984,19.2,2.06,295.8,316.48,0.0,3.1, , ,316.84,-7.4,1.41, , 
,317.21,1952,19.2,2.06,295.8,317.57,0.0,3.1, , ,317.92,-10.2,1.56, , 
,318.29,1952,16.1,2.06,244.8,318.64,0.0,3.1, , ,319.01,-2.7,1.68, , 
,319.36,1952,17.6,2.06,244.8,319.73,0.0,3.1, , ,320.08,-1.6,1.56, , 
,320.42,1920,0.0,0.00,275.4,320.77,0.0,3.1, , ,321.11,0.0,3.87, , 
,321.47,1888,0.0,0.00,295.8,321.81,0.0,3.1, , ,322.17,0.0,3.91, , 
,322.53,1856,0.0,0.00,295.8,322.88,0.0,3.1, , ,323.24,0.0,3.95, , 
,323.59,1856,19.2,3.09,275.4,323.96,0.0,3.1, , ,324.33,0.0,0.66, , 
,324.68,1856,19.2,2.06,275.4,325.03,0.0,3.1, , ,325.38,-3.5,1.45, , 
,325.73,1888,17.6,2.06,275.4,326.09,0.0,3.1, , ,326.46,-3.9,1.60, , 
,326.82,1888,17.6,2.06,275.4,327.18,0.0,3.1, , ,327.53,-4.3,1.45, , 
,327.87,1920,17.6,2.06,275.4,328.24,0.0,3.1, , ,328.59,-0.8,1.60, , 
,328.97,1984,16.1,2.06,244.8,329.34,0.0,3.1, , ,329.70,-0.4,1.52, , 
,330.06,1952,16.1,2.06,244.8,330.42,0.0,3.1, , ,330.78,0.0,1.37, , 
,331.15,1984,16.1,2.06,244.8,331.50,0.0,3.1, , ,331.85,2.7,1.52, , 
,332.19,1984,16.1,2.06,244.8,332.54,0.0,3.1, , ,332.88,2.3,1.41, , 
,333.23,2016,16.1,2.06,244.8,333.58,0.0,3.1, , ,333.92,1.2,1.45, , 
,334.27,2048,16.1,2.06,244.8,334.63,0.0,3.1, , ,334.98,0.0,1.41, , 
,335.33,2080,16.1,2.06,244.8,335.67,0.0,3.1, , ,336.01,-0.4,1.45, , 
,336.38,2112,16.1,2.06,244.8,336.71,0.0,3.1, , ,337.03,-8.2,1.13, , 
,337.36,2144,23.5,3.09,316.2,337.71,0.0,3.1, , ,338.04,-13.7,1.33, , 
,338.39,2208,28.2,3.09,357.0,338.75,0.0,3.1, , ,339.10,-11.7,1.56, , 
,339.43,2272,23.5,3.09,316.2,339.76,0.0,3.1, , ,340.11,-14.5,1.52, , 
,340.45,2304,17.6,2.06,244.8,340.78,0.0,3.1, , ,341.12,-6.6,1.64, , 
,341.47,2304,0.0,0.00,244.8,341.81,0.0,3.1, , ,342.14,0.0,3.83, , 
,342.47,2272,0.0,0.00,244.8,342.81,0.0,3.1, , ,343.14,0.0,3.95, , 
,343.48,2208,0.0,0.00,244.8,343.81,0.0,3.1, , ,344.15,0.0,3.87, , 
,344.48,2176,0.0,0.00,244.8,344.81,0.0,3.1, , ,345.15,0.0,0.98, , 
,345.48,2176,16.1,2.06,244.8,345.82,0.0,3.1, , ,346.16,0.0,1.13, , 
,346.50,2176,16.1,2.06,244.8,346.85,0.0,3.1, , ,347.18,-3.9,1.52, , 
,347.51,2208,16.1,2.06,244.8,347.85,0.0,3.1, , ,348.19,-5.5,1.45, , 
,348.52,2272,19.2,2.06,275.4,348.84,0.0,3.1, , ,349.18,-11.7,1.33, , 
,349.51,2304,20.8,2.06,295.8,349.85,0.0,3.1, , ,350.17,-15.2,1.45, , 
,350.52,2336,22.0,2.06,295.8,350.86,0.0,3.1, , ,351.20,-18.0,1.45, , 
,351.58,2400,22.0,2.06,295.8,351.94,0.0,3.1, , ,352.29,-18.8,1.56, , 
,352.63,2432,20.8,2.06,295.8,352.96,0.0,3.1, , ,353.33,-16.0,1.56, , 
,353.66,2464,20.8,2.06,295.8,354.01,0.0,3.1, , ,354.37,-15.6,1.52, , 
,354.73,2496,17.6,2.06,244.8,355.08,0.0,3.1, , ,355.39,0.0,3.52, , 
,355.72,2464,0.0,0.00,275.4,356.03,0.0,3.1, , ,356.36,0.0,3.91, , 
,356.69,2432,0.0,0.00,244.8,357.01,0.0,3.1, , ,357.35,0.0,3.98, , 
,357.67,2400,0.0,0.00,244.8,357.99,0.0,3.1, , ,358.31,0.0,3.91, , 
,358.64,2368,0.0,0.00,244.8,358.97,0.0,3.1, , ,359.30,0.0,3.87, , 
,359.64,2304,17.6,3.09,244.8,359.97,0.0,3.1, , ,360.30,0.0,0.66, , 
,360.62,2400,42.7,6.18,499.8,360.96,0.0,3.1, , ,361.29,0.0,1.29, , 
,361.65,2464,20.8,3.09,275.4,361.97,0.0,3.1, , ,362.29,-5.9,1.33, , 
,362.61,2464,0.0,0.00,244.8,362.95,0.0,3.1, , ,363.28,0.0,1.60, , 
,363.60,2432,17.6,2.06,244.8,363.93,0.0,3.1, , ,364.27,-7.4,1.02, , 
,364.62,2400,20.8,3.09,295.8,364.96,0.0,3.1, , ,365.30,-12.5,1.29, , 
,365.66,2432,23.5,3.09,316.2,366.01,0.0,3.1, , ,366.36,-13.3,1.60, , 
,366.70,2432,26.7,3.09,357.0,367.05,0.0,3.1, , ,367.38,-11.7,1.52, , 
,367.71,2432,22.0,2.06,295.8,368.08,0.0,3.1, , ,368.45,-13.7,1.52, , 
,368.81,2432,23.5,3.09,316.2,369.17,0.0,3.1, , ,369.53,-13.7,1.52, , 
,369.88,2464,23.5,3.09,316.2,370.21,0.0,3.1, , ,370.58,-14.1,1.52, , 
,370.95,2432,25.1,3.09,336.6,371.29,0.0,3.1, , ,371.63,-11.3,1.52, , 
,371.97,2432,29.4,3.09,377.4,372.31,0.0,3.1, , ,372.65,-3.9,1.60, , 
,372.99,2464,36.9,5.15,438.6,373.34,0.0,3.1, , ,373.70,-4.7,1.29, , 
,374.06,2432,20.8,2.06,295.8,374.41,0.0,3.1, , ,374.73,-12.1,1.29, , 
,375.06,2400,20.8,2.06,295.8,375.42,0.0,3.1, , ,375.77,-14.5,1.45, , 
,376.11,2368,22.0,2.06,295.8,376.46,0.0,3.1, , ,376.79,-16.8,1.41, , 
,377.11,2304,22.0,2.06,316.2,377.44,0.0,3.1, , ,377.78,-18.0,1.45, , 
,378.11,2272,23.5,2.06,316.2,378.45,0.0,3.1, , ,378.79,-19.1,1.52, , 
,379.13,2240,23.5,2.06,316.2,379.46,0.0,3.1, , ,379.79,-15.6,1.52, , 
,380.12,2208,23.5,2.06,316.2,380.48,0.0,3.1, , ,380.81,-15.2,1.56, , 
,381.16,2176,23.5,3.09,316.2,381.50,0.0,3.1, , ,381.83,-12.5,1.52, , 
,382.16,2176,23.5,3.09,336.6,382.48,0.0,3.1, , ,382.83,-8.6,1.52, , 
,383.17,2144,26.7,3.09,357.0,383.52,0.0,3.1, , ,383.87,-6.6,1.52, , 
,384.20,2144,26.7,3.09,357.0,384.57,0.0,3.1, , ,384.91,-5.5,1.37, , 
,385.25,2144,22.0,3.09,295.8,385.62,0.0,3.1, , ,385.97,-10.5,1.37, , 
,386.33,2080,22.0,2.06,316.2,386.67,0.0,3.1, , ,387.02,-13.7,1.37, , 
,387.37,2048,23.5,3.09,336.6,387.74,0.0,3.1, , ,388.08,-15.2,1.48, , 
,388.44,1824,0.0,0.00,295.8,388.76,0.0,0.0, , ,389.08,0.0,3.55, , 
,389.41,1152,25.1,4.12,357.0,389.71,0.0,0.0, , ,390.05,0.0,0.66, , 
,390.35,960,22.0,3.09,336.6,390.64,0.0,0.0, , ,390.96,0.0,1.02, , 
,391.27,896,23.5,3.09,357.0,391.59,0.0,0.0, , ,391.89,0.0,1.41, , 
,392.19,896,25.1,3.09,357.0,392.50,0.0,0.0, , ,392.82,-0.4,1.45, , 
,393.12,896,25.1,3.09,377.4,393.48,0.0,0.0, , ,393.86,-0.8,1.48, , 
,394.20,2144,17.6,2.06,275.4,394.55,0.0,3.1, , ,394.91,-5.1,1.21, , 
,395.26,1920,41.2,6.18,499.8,395.61,0.0,3.1, , ,395.97,0.0,1.48, , 
,396.32,2016,29.4,4.12,397.8,396.66,0.0,3.1, , ,397.00,-7.8,1.05, , 
,397.36,2016,23.5,3.09,336.6,397.73,0.0,3.1, , ,398.10,-4.3,1.64, , 
,398.45,1888,17.6,2.06,275.4,398.84,0.0,3.1, , ,399.20,-8.2,1.41, , 
,399.59,1760,22.0,3.09,316.2,399.97,0.0,3.1, , ,400.35,-5.9,1.56, , 
,400.71,1728,29.4,3.09,397.8,401.07,0.0,3.1, , ,401.39,-3.1,1.60, , 
,401.73,1728,32.5,4.12,418.2,402.07,0.0,3.1, , ,402.42,0.4,1.48, , 
,402.77,1728,29.4,4.12,397.8,403.13,0.0,3.1, , ,403.49,-1.2,1.41, , 
,403.83,1760,29.4,4.12,397.8,404.16,0.0,3.1, , ,404.53,-1.6,1.45, , 
,404.89,1760,31.0,4.12,397.8,405.28,0.0,3.1, , ,405.67,-5.1,1.48, , 
,406.04,1760,31.0,4.12,397.8,406.39,0.0,3.1, , ,406.76,-9.4,1.48, , 
,407.11,1760,29.4,4.12,397.8,407.48,0.0,3.1, , ,407.86,-9.8,1.45, , 
,408.23,1792,29.4,3.09,377.4,408.58,0.0,3.1, , ,408.94,-10.2,1.45, , 
,409.33,1824,29.4,3.09,377.4,409.71,0.0,3.1, , ,410.08,-11.3,1.45, , 
,410.45,1856,31.0,4.12,397.8,410.81,0.0,3.1, , ,411.15,-11.7,1.45, , 
,411.54,1920,28.2,3.09,377.4,411.90,0.0,3.1, , ,412.26,-13.3,1.52, , 
,412.61,1888,28.2,3.09,377.4,412.99,0.0,3.1, , ,413.37,-13.7,1.52, , 
,413.73,1952,28.2,3.09,377.4,414.09,0.0,3.1, , ,414.46,-14.1,1.45, , 
,414.83,1952,28.2,3.09,377.4,415.19,0.0,3.1, , ,415.56,-13.7,1.52, , 
,415.92,1984,34.1,4.12,418.2,416.27,0.0,3.1, , ,416.64,-9.0,1.56, , 
,416.98,2080,40.0,5.15,479.4,417.30,0.0,3.1, , ,417.63,-3.5,1.52, , 
,417.94,2208,50.2,7.21,591.6,418.27,0.0,3.1, , ,418.61,-3.9,1.29, , 
,418.96,2432,51.8,7.21,591.6,419.32,0.0,3.1, , ,419.64,-3.9,1.52, , 
,420.00,2560,40.0,5.15,459.0,420.33,0.0,3.1, , ,420.67,-4.7,1.45, , 
,421.00,2656,29.4,3.09,377.4,421.35,0.0,3.1, , ,421.69,-10.9,1.21, , 
,422.02,2560,19.2,2.06,275.4,422.38,0.0,3.1, , ,422.73,-9.4,1.48, , 
,423.05,2496,20.8,2.06,275.4,423.39,0.0,3.1, , ,423.73,-14.1,1.41, , 
,424.06,2432,26.7,3.09,336.6,424.42,0.0,3.1, , ,424.78,-10.9,1.52, , 
,425.13,2432,28.2,3.09,357.0,425.47,0.0,3.1, , ,425.82,-9.4,1.52, , 
,426.15,2432,28.2,4.12,357.0,426.47,0.0,3.1, , ,426.83,-5.9,1.56, , 
,427.22,2464,38.4,5.15,459.0,427.57,0.0,3.1, , ,427.93,-4.7,1.45, , 
,428.25,2560,38.4,5.15,459.0,428.58,0.0,3.1, , ,428.91,-3.9,1.48, , 
,429.25,2656,38.4,5.15,459.0,429.61,0.0,3.1, , ,429.95,-4.3,1.45, , 
,430.30,2720,32.5,4.12,397.8,430.66,0.0,3.1, , ,431.03,-6.6,1.41, , 
,431.37,2752,28.2,3.09,357.0,431.71,0.0,3.1, , ,432.06,-7.4,1.45, , 
,432.41,2752,28.2,3.09,357.0,432.75,0.0,3.1, , ,433.10,-10.2,1.37, , 
,433.43,2720,20.8,2.06,295.8,433.75,0.0,3.1, , ,434.08,-16.4,1.41, , 
,434.40,2656,20.8,2.06,295.8,434.74,0.0,3.1, , ,435.07,-16.4,1.56, , 
,435.40,2592,25.1,3.09,336.6,435.72,0.0,3.1, , ,436.05,-14.1,1.52, , 
,436.40,2528,25.1,3.09,336.6,436.74,0.0,3.1, , ,437.06,-12.1,1.52, , 
,437.41,2496,29.4,4.12,377.4,437.76,0.0,3.1, , ,438.11,0.0,1.91, , 
,438.46,1696,0.0,0.00,295.8,438.79,0.0,0.0, , ,439.07,0.0,3.71, , 
,439.37,1088,28.2,4.12,377.4,439.67,0.0,0.0, , ,439.98,0.0,0.82, , 
,440.30,1056,23.5,3.09,357.0,440.65,0.0,0.0, , ,440.97,0.0,0.98, , 
,441.28,928,23.5,3.09,336.6,441.60,0.0,0.0, , ,441.89,-3.1,1.33, , 
,442.19,864,25.1,3.09,377.4,442.47,0.0,0.0, , ,442.78,-3.5,1.45, , 
,443.09,864,25.1,3.09,377.4,443.41,0.0,0.0, , ,443.70,-3.1,1.48, , 
,444.02,896,25.1,3.09,377.4,444.32,0.0,0.0, , ,444.63,-2.3,1.48, , 
,444.94,736,26.7,3.09,397.8,445.25,0.0,0.0, , ,445.54,-4.3,1.29, , 
,445.84,800,25.1,3.09,377.4,446.14,0.0,0.0, , ,446.45,-7.0,1.37, , 
,446.76,800,26.7,3.09,397.8,447.05,0.0,0.0, , ,447.34,-7.0,1.52, , 
,447.67,704,34.1,4.12,459.0,447.97,0.0,0.0, , ,448.30,0.0,1.64, , 
,448.65,1408,38.4,5.15,479.4,448.96,0.0,0.0, , ,449.25,0.0,1.56, , 
,449.62,1280,63.5,10.30,734.4,449.98,0.0,3.1, , ,450.34,-3.5,1.29, , 
,450.73,1312,69.4,10.30,795.6,451.11,0.0,3.1, , ,451.47,0.0,1.05, , 
,451.83,2144,0.0,0.00,418.2,452.18,0.0,3.1, , ,452.53,0.0,3.71, , 
,452.83,1248,41.2,7.21,520.2,453.13,0.0,0.0, , ,453.46,0.0,1.25, , 
,453.78,1280,76.9,12.36,867.0,454.10,0.0,0.0, , ,454.44,0.0,1.02, , 
,454.75,1472,50.2,7.21,612.0,455.02,0.0,0.0, , ,455.40,-1.6,1.41, , 
,455.74,1568,53.3,8.24,632.4,456.10,0.0,3.1, , ,456.47,-1.6,1.48, , 
,456.83,1696,62.0,10.30,714.0,457.15,0.0,3.1, , ,457.53,0.0,1.25, , 
,457.89,1888,59.2,8.24,693.6,458.26,0.0,3.1, , ,458.62,0.0,1.41, , 
,458.98,1856,32.5,4.12,397.8,459.34,0.0,3.1, , ,459.70,-5.5,1.48, , 
,460.08,1856,53.3,8.24,632.4,460.45,0.0,3.1, , ,460.81,0.0,1.25, , 
,461.14,2112,75.3,12.36,826.2,461.48,0.0,3.1, , ,461.81,-4.7,1.29, , 
,462.18,2336,79.6,12.36,867.0,462.53,0.0,3.1, , ,462.87,-11.3,1.41, , 
,463.20,2464,0.0,0.00,499.8,463.56,0.0,3.1, , ,463.92,0.0,3.79, , 
,464.28,1664,54.5,10.30,632.4,464.66,0.0,3.1, , ,464.99,0.0,1.29, , 
,465.34,1632,63.5,9.27,734.4,465.68,0.0,3.1, , ,466.04,0.0,1.45, , 
,466.39,1600,32.5,5.15,418.2,466.73,0.0,3.1, , ,467.10,-4.7,1.41, , 
,467.45,1536,44.3,6.18,520.2,467.80,0.0,3.1, , ,468.11,0.0,1.21, , 
,468.47,1536,40.0,5.15,499.8,468.83,0.0,0.0, , ,469.14,0.0,3.28, , 
,469.49,1184,25.1,4.12,357.0,469.80,0.0,0.0, , ,470.11,0.0,0.78, , 
,470.42,960,20.8,3.09,336.6,470.72,0.0,0.0, , ,471.04,0.0,1.17, , 
,471.37,1088,26.7,3.09,377.4,471.72,0.0,0.0, , ,472.01,-3.5,1.37, , 
,472.32,928,29.4,4.12,418.2,472.61,0.0,0.0, , ,472.94,0.0,1.56, , 
,473.24,1056,78.4,13.39,907.8,473.56,0.0,0.0, , ,473.87,0.0,1.33, , 
,474.17,1312,87.1,14.42,989.4,474.46,0.0,0.0, , ,474.80,0.0,0.90, , 
,475.14,1696,90.2,15.45,989.4,475.51,0.0,3.1, , ,475.85,-8.6,1.17, , 
,476.18,2144,91.4,13.39,989.4,476.50,0.0,3.1, , ,476.83,0.0,1.02, , 
,477.19,2016,0.0,0.00,336.6,477.50,0.0,3.1, , ,477.85,0.0,3.13, , 
,478.21,1664,54.5,9.27,632.4,478.57,0.0,3.1, , ,478.90,0.0,1.13, , 
,479.28,1728,79.6,13.39,907.8,479.67,0.0,3.1, , ,480.04,-7.0,1.21, , 
,480.40,1920,76.9,11.33,867.0,480.75,0.0,3.1, , ,481.12,0.0,1.48, , 
,481.47,1952,29.4,4.12,377.4,481.85,0.0,3.1, , ,482.20,-11.3,0.98, , 
,482.57,1952,28.2,3.09,377.4,482.92,0.0,3.1, , ,483.29,-17.2,1.41, , 
,483.66,1920,28.2,3.09,377.4,484.02,0.0,3.1, , ,484.37,-9.0,1.80, , 
,484.72,1760,0.0,0.00,295.8,485.02,0.0,0.0, , ,485.32,0.0,3.52, , 
,485.63,1056,28.2,4.12,377.4,485.95,0.0,0.0, , ,486.29,0.0,0.74, , 
,486.59,928,23.5,3.09,357.0,486.90,0.0,0.0, , ,487.21,0.0,1.02, , 
,487.52,928,25.1,3.09,377.4,487.81,0.0,0.0, , ,488.12,-2.7,1.29, , 
,488.42,864,25.1,3.09,377.4,488.71,0.0,0.0, , ,489.01,-2.7,1.48, , 
,489.31,896,25.1,3.09,377.4,489.61,0.0,0.0, , ,490.00,-2.3,1.48, , 
,490.37,1408,32.5,4.12,418.2,490.67,0.0,0.0, , ,491.00,0.0,1.33, , 
,491.37,1504,71.0,11.33,826.2,491.73,0.0,3.1, , ,492.08,0.0,1.25, , 
,492.44,1760,67.8,10.30,775.2,492.82,0.0,3.1, , ,493.18,0.0,1.52, , 
,493.55,1824,48.6,7.21,571.2,493.90,0.0,3.1, , ,494.26,-1.6,1.37, , 
,494.62,1952,50.2,7.21,591.6,494.97,0.0,3.1, , ,495.33,-1.6,1.45, , 
,495.68,1952,41.2,5.15,499.8,496.04,0.0,3.1, , ,496.39,-2.0,1.52, , 
,496.75,2016,50.2,7.21,591.6,497.10,0.0,3.1, , ,497.46,-1.6,1.56, , 
,497.82,2080,44.3,6.18,520.2,498.15,0.0,3.1, , ,498.50,-2.0,1.45, , 
,498.86,2176,40.0,5.15,479.4,499.22,0.0,3.1, , ,499.58,0.0,1.91, , 
,499.88,1504,0.0,0.00,336.6,500.18,0.0,0.0, , ,500.48,0.0,3.09, , 
,500.79,1056,26.7,4.12,377.4,501.10,0.0,0.0, , ,501.44,0.0,0.55, , 
,501.80,992,22.0,3.09,336.6,502.11,0.0,0.0, , ,502.43,0.0,1.09, , 
,502.74,896,25.1,3.09,377.4,503.05,0.0,0.0, , ,503.36,-1.6,1.41, , 
,503.67,896,25.1,3.09,377.4,504.01,0.0,0.0, , ,504.32,-1.6,1.45, , 
,504.61,896,25.1,3.09,377.4,504.92,0.0,0.0, , ,505.22,-1.6,1.45, , 
,505.52,864,25.1,3.09,377.4,505.84,0.0,0.0, , ,506.15,-0.8,1.48, , 
,506.45,864,25.1,3.09,377.4,506.74,0.0,0.0, , ,507.02,0.0,1.48, , 
,507.33,864,25.1,3.09,377.4,507.63,0.0,0.0, , ,507.93,0.0,1.41, , 
,508.23,864,23.5,3.09,357.0,508.54,0.0,0.0, , ,508.80,-2.0,1.33, , 
,509.10,768,28.2,3.09,397.8,509.39,0.0,0.0, , ,509.70,-5.5,1.25, , 
,510.01,768,25.1,3.09,397.8,510.30,0.0,0.0, , ,510.60,-6.6,1.52, , 
,510.90,800,26.7,3.09,397.8,511.20,0.0,0.0, , ,511.50,-5.5,1.52, , 
,511.79,768,25.1,3.09,397.8,512.08,0.0,0.0, , ,512.37,-4.7,1.52, , 
,512.66,800,26.7,3.09,397.8,512.95,0.0,0.0, , ,513.26,-3.9,1.48, , 
,513.55,768,26.7,3.09,397.8,513.85,0.0,0.0, , ,514.13,-3.9,1.48, , 
,514.44,800,26.7,3.09,397.8,514.73,0.0,0.0, , ,515.02,-3.9,1.45, , 
,515.30,768,25.1,3.09,397.8,515.60,0.0,0.0, , ,515.90,-5.1,1.45, , 
,516.18,768,26.7,3.09,397.8,516.47,0.0,0.0, , ,516.77,-5.1,1.48, , 
,517.06,800,26.7,3.09,397.8,517.37,0.0,0.0, , ,517.67,-5.1,1.48, , 
,517.97,800,26.7,3.09,397.8,518.27,0.0,0.0, , ,518.58,-4.7,1.48, , 
,518.88,768,26.7,3.09,397.8,519.17,0.0,0.0, , ,519.47,-5.1,1.45, , 
,519.78,800,26.7,3.09,397.8,520.08,0.0,0.0, , ,520.38,-4.3,1.41, , 
,520.67,800,26.7,3.09,397.8,520.97,0.0,0.0, , ,521.26,-5.1,1.37, , 
,521.56,768,25.1,3.09,397.8,521.85,0.0,0.0, , ,522.14,-5.1,1.45, , 
,522.44,800,26.7,3.09,397.8,522.74,0.0,0.0, , ,523.03,-3.9,1.48, , 
,523.33,800,26.7,3.09,397.8,523.63,0.0,0.0, , ,523.93,-4.3,1.48, , 
,524.23,800,26.7,3.09,397.8,524.52,0.0,0.0, , ,524.82,-3.5,1.48, , 
,525.11,768,26.7,3.09,397.8,525.41,0.0,0.0, , ,525.70,-3.1,1.48, , 
,526.01,768,26.7,3.09,397.8,526.30,0.0,0.0, , ,526.60,-2.3,1.48, , 
,526.88,800,26.7,3.09,397.8,527.17,0.0,0.0, , ,527.47,-2.0,1.48, , 
,527.77,768,26.7,3.09,397.8,528.06,0.0,0.0, , ,528.36,-3.1,1.48, , 
,528.65,768,26.7,3.09,397.8,528.96,0.0,0.0, , ,529.26,-3.1,1.45, , 
,529.56,768,26.7,3.09,397.8,529.86,0.0,0.0, , ,530.16,-4.3,1.41, , 
,530.47,768,26.7,3.09,397.8,530.77,0.0,0.0, , ,531.06,-5.1,1.45, , 
,531.35,768,26.7,3.09,397.8,531.63,0.0,0.0, , ,531.91,-5.5,1.45, , 
,532.21,800,26.7,3.09,397.8,532.51,0.0,0.0, , ,532.80,-6.3,1.41, , 
,533.10,768,26.7,3.09,397.8,533.40,0.0,0.0, , ,533.68,-7.4,1.41, , 
,533.98,768,28.2,3.09,418.2,534.28,0.0,0.0, , ,534.59,-7.8,1.45, , 
,534.89,800,28.2,3.09,418.2,535.21,0.0,0.0, , ,535.52,-8.6,1.41, , 
,535.82,768,26.7,3.09,397.8,536.12,0.0,0.0, , ,536.41,-9.4,1.48, , 
,536.71,800,28.2,3.09,418.2,537.02,0.0,0.0, , ,537.32,-8.2,1.52, , 
,537.63,768,28.2,3.09,418.2,537.93,0.0,0.0, , ,538.23,-8.6,1.41, , 
,538.52,768,28.2,3.09,418.2,538.82,0.0,0.0, , ,539.12,-9.0,1.52, , 
,539.43,800,28.2,3.09,418.2,539.71,0.0,0.0, , ,540.01,-7.4,1.52, , 
,540.30,800,28.2,3.09,418.2,540.61,0.0,0.0, , ,540.91,-7.4,1.45, , 
,541.21,768,26.7,3.09,397.8,541.50,0.0,0.0, , ,541.80,-7.8,1.45, , 
,542.09,800,28.2,3.09,418.2,542.39,0.0,0.0, , ,542.70,-8.2,1.45, , 
,543.01,768,28.2,3.09,418.2,543.29,0.0,0.0, , ,543.59,-9.0,1.45, , 
,543.88,800,26.7,3.09,397.8,544.19,0.0,0.0, , ,544.51,0.0,1.52, , 
,544.86,1600,41.2,6.18,499.8,545.25,0.0,3.1, , ,545.56,-4.3,1.48, , 
,545.89,1088,45.9,6.18,571.2,546.24,0.0,0.0, , ,546.56,-4.3,1.37, , 
,546.92,1600,40.0,5.15,499.8,547.27,0.0,0.0, , ,547.56,0.0,3.36, , 
,547.88,1120,28.2,4.12,397.8,548.19,0.0,0.0, , ,548.52,0.0,0.86, , 
,548.78,1024,22.0,3.09,336.6,549.10,0.0,0.0, , ,549.39,0.0,0.94, , 
,549.73,832,25.1,3.09,377.4,550.03,0.0,0.0, , ,550.34,0.0,0.78, , 
,550.67,896,26.7,3.09,377.4,550.99,0.0,0.0, , ,551.27,-16.8,1.17, , 
,551.57,736,44.3,6.18,550.8,551.86,0.0,0.0, , ,552.20,0.0,1.45, , 
,552.52,928,45.9,6.18,571.2,552.84,0.0,0.0, , ,553.18,0.0,1.52, , 
,553.51,992,44.3,6.18,571.2,553.82,0.0,0.0, , ,554.14,-0.4,1.48, , 
,554.46,1120,38.4,5.15,499.8,554.77,0.0,0.0, , ,555.13,0.0,1.13, , 
,555.45,1472,0.0,0.00,336.6,555.79,0.0,0.0, , ,556.09,0.0,2.34, , 
,556.43,1056,26.7,3.09,377.4,556.69,0.0,0.0, , ,557.00,0.0,0.82, , 
,557.30,928,23.5,3.09,357.0,557.60,0.0,0.0, , ,557.88,0.0,0.98, , 
,558.17,832,22.0,3.09,336.6,558.46,0.0,0.0, , ,558.81,0.0,1.45, , 
,559.14,1344,40.0,5.15,499.8,559.46,0.0,0.0, , ,559.80,-1.6,1.45, , 
,560.14,1120,47.1,6.18,591.6,560.55,0.0,3.1, , ,560.89,0.0,1.99, , 
,561.20,1024,28.2,4.12,397.8,561.52,0.0,0.0, , ,561.86,0.0,1.21, , 
,562.18,1056,22.0,3.09,336.6,562.45,0.0,0.0, , ,562.76,0.0,1.05, , 
,563.07,864,23.5,3.09,357.0,563.37,0.0,0.0, , ,563.66,0.0,1.13, , 
,563.93,832,23.5,3.09,357.0,564.21,0.0,0.0, , ,564.53,-7.4,1.09, , 
,564.83,768,23.5,3.09,377.4,565.13,0.0,0.0, , ,565.43,0.0,1.29, , 
,565.72,1088,48.6,8.24,591.6,566.11,0.0,3.1, , ,566.46,-6.3,1.09, , 
,566.79,1664,22.0,3.09,316.2,567.11,0.0,0.0, , ,567.45,-8.2,1.41, , 
,567.81,1344,35.3,4.12,459.0,568.08,0.0,0.0, , ,568.45,0.0,1.33, , 
,568.79,1664,42.7,6.18,520.2,569.14,0.0,3.1, , ,569.47,0.0,2.50, , 
,569.79,1216,28.2,4.12,397.8,570.12,0.0,0.0, , ,570.43,0.0,1.02, , 
,570.73,1120,20.8,3.09,316.2,571.00,0.0,0.0, , ,571.30,0.0,1.17, , 
,571.59,896,22.0,3.09,336.6,571.90,0.0,0.0, , ,572.19,-2.0,1.13, , 
,572.50,704,29.4,4.12,418.2,572.82,0.0,0.0, , ,573.12,-9.4,1.13, , 
,573.40,768,23.5,3.09,377.4,573.71,0.0,0.0, , ,574.01,-13.7,1.33, , 
,574.32,768,25.1,3.09,377.4,574.61,0.0,0.0, , ,574.95,-12.9,1.60, , 
,575.24,800,28.2,3.09,418.2,575.52,0.0,0.0, , ,575.82,-7.4,1.64, , 
,576.11,800,23.5,3.09,377.4,576.43,0.0,0.0, , ,576.73,-7.4,1.37, , 
,577.03,800,23.5,3.09,377.4,577.33,0.0,0.0, , ,577.63,-10.9,1.37, , 
,577.93,800,25.1,3.09,377.4,578.23,0.0,0.0, , ,578.54,-10.5,1.52, , 
,578.83,800,25.1,3.09,377.4,579.12,0.0,0.0, , ,579.40,-9.0,1.56, , 
,579.69,800,25.1,3.09,377.4,580.00,0.0,0.0, , ,580.30,-7.8,1.56, , 
,580.61,800,25.1,3.09,377.4,580.92,0.0,0.0, , ,581.21,-7.0,1.52, , 
,581.50,800,23.5,3.09,377.4,581.81,0.0,0.0, , ,582.11,-6.6,1.52, , 
,582.42,800,23.5,3.09,377.4,582.72,0.0,0.0, , ,583.02,-6.3,1.48, , 
,583.33,800,23.5,3.09,377.4,583.64,0.0,0.0, , ,583.95,-6.6,1.48, , 
,584.25,768,23.5,3.09,377.4,584.54,0.0,0.0, , ,584.84,-6.6,1.48, , 
,585.14,800,23.5,3.09,377.4,585.44,0.0,0.0, , ,585.74,-7.0,1.48, , 
,586.04,800,23.5,3.09,377.4,586.32,0.0,0.0, , ,586.62,-7.4,1.48, , 
,586.91,800,23.5,3.09,377.4,587.21,0.0,0.0, , ,587.50,-7.8,1.48, , 
,587.79,768,23.5,3.09,377.4,588.08,0.0,0.0, , ,588.38,-7.4,1.52, , 
,588.67,800,23.5,3.09,377.4,588.97,0.0,0.0, , ,589.27,-7.0,1.52, , 
,589.57,768,23.5,3.09,377.4,589.86,0.0,0.0, , ,590.16,-7.0,1.48, , 
,590.46,768,23.5,3.09,377.4,590.76,0.0,0.0, , ,591.04,-7.4,1.48, , 
,591.33,800,23.5,3.09,377.4,591.63,0.0,0.0, , ,591.93,-7.8,1.48, , 
,592.23,800,23.5,3.09,377.4,592.51,0.0,0.0, , ,592.81,-7.8,1.48, , 
,593.12,768,23.5,3.09,377.4,593.41,0.0,0.0, , ,593.70,-8.2,1.52, , 
,593.99,800,25.1,3.09,377.4,594.27,0.0,0.0, , ,594.57,-7.8,1.48, , 
,594.86,800,23.5,3.09,377.4,595.16,0.0,0.0, , ,595.46,-8.2,1.48, , 
,595.77,800,25.1,3.09,377.4,596.08,0.0,0.0, , ,596.39,-7.8,1.48, , 
,596.69,800,25.1,3.09,377.4,596.99,0.0,0.0, , ,597.29,-7.4,1.48, , 
,597.58,768,23.5,3.09,377.4,597.88,0.0,0.0, , ,598.18,-7.8,1.48, , 
,598.47,768,23.5,3.09,377.4,598.77,0.0,0.0, , ,599.06,-7.8,1.48, , 
,599.36,768,23.5,3.09,377.4,599.66,0.0,0.0, , ,599.95,-8.2,1.48, , 
,600.25,800,23.5,3.09,377.4,600.55,0.0,0.0, , ,600.85,-8.2,1.45, , 
