Œroda,23,Wrzesieñ,2026,16:13:57:00009-VCID:1C3761778CABCE7337-515A,Wersja VCDS: AKP 23.3.1,Wersja danych: 20230601 DS346.2
047 906 033 L,,1.4l SIMOS3PA   00HS5401,

,Grupa A:,'001,,,,Grupa B:,'002,,,,Grupa C:,'032
,,Obroty silnika,Temperatura,Lambda,Bity binarnie,,Obroty silnika,Obci¹¿enie,Czas wtrysku,Ciœnienie rzecz.,,Lambda,Lambda, , 
,CZAS,,,,,CZAS,,,,,CZAS,,,,
Znacznik,ZAPISU, /min,*C, %,,ZAPISU, /min, %, ms, mbar,ZAPISU, %, %,,
,0.77,0,91.5,0.0,10110111,0.23,0,0.0,0.00,989.4,0.50,99.2,0.0, , 
,1.57,0,91.5,0.0,10110111,1.03,0,0.0,0.00,989.4,1.30,99.2,0.0, , 
,2.38,0,91.5,0.0,10110111,1.85,0,0.0,0.00,989.4,2.11,99.2,0.0, , 
,3.17,0,91.5,0.0,10110111,2.64,0,0.0,0.00,989.4,2.91,99.2,0.0, , 
,3.97,0,91.5,0.0,10110111,3.44,0,0.0,0.00,989.4,3.70,99.2,0.0, , 
,4.76,0,91.5,0.0,10110111,4.24,0,0.0,0.00,989.4,4.50,99.2,0.0, , 
,5.57,0,91.5,0.0,10110111,5.03,0,0.0,0.00,989.4,5.30,99.2,0.0, , 
,6.38,0,91.5,0.0,10110111,5.85,0,0.0,0.00,989.4,6.11,99.2,0.0, , 
,7.17,0,91.5,0.0,10110111,6.64,0,0.0,0.00,989.4,6.91,99.2,0.0, , 
,7.97,0,91.5,0.0,10110111,7.44,0,0.0,0.00,989.4,7.70,99.2,0.0, , 
,8.77,0,91.5,0.0,10110111,8.24,0,0.0,0.00,989.4,8.50,99.2,0.0, , 
,9.60,0,91.5,0.0,10110111,9.04,0,0.0,0.00,989.4,9.32,99.2,0.0, , 
,10.40,0,91.5,0.0,10110111,9.86,0,0.0,0.00,989.4,10.13,99.2,0.0, , 
,11.20,0,91.5,0.0,10110111,10.67,0,0.0,0.00,989.4,10.94,99.2,0.0, , 
,12.01,0,91.5,0.0,10110111,11.47,0,0.0,0.00,989.4,11.73,99.2,0.0, , 
,12.82,192,91.5,0.0,10110111,12.28,0,0.0,0.00,989.4,12.55,99.2,0.0, , 
,13.63,224,91.5,0.0,10110111,13.10,224,82.7,20.60,969.0,13.36,99.2,0.0, , 
,14.45,0,91.5,0.0,10110111,13.90,224,81.2,18.54,948.6,14.18,99.2,0.0, , 
,15.25,0,91.5,0.0,10110111,14.72,0,0.0,18.54,989.4,14.99,99.2,0.0, , 
,16.16,1056,91.5,0.0,10110111,15.58,832,66.3,11.33,867.0,15.86,0.0,0.0, , 
,17.07,896,91.5,0.0,10110111,16.46,960,29.4,4.12,418.2,16.77,0.0,0.0, , 
,18.00,864,91.5,0.0,10110111,17.39,832,32.5,5.15,459.0,17.68,0.0,0.0, , 
,18.94,800,91.5,0.0,10110111,18.32,864,31.0,4.12,438.6,18.64,0.0,0.0, , 
,19.82,832,91.5,0.0,10110111,19.24,800,34.1,5.15,479.4,19.53,0.0,0.0, , 
,20.72,800,90.0,0.0,10110111,20.13,800,32.5,4.12,459.0,20.43,0.0,0.0, , 
,21.60,832,90.0,0.0,10110111,21.02,800,29.4,4.12,438.6,21.31,0.0,0.0, , 
,22.52,800,90.0,0.0,10110111,21.90,800,32.5,4.12,459.0,22.21,0.0,0.0, , 
,23.44,800,88.5,0.0,10110111,22.83,800,31.0,4.12,438.6,23.13,0.0,0.0, , 
,24.30,800,88.5,0.0,10110111,23.72,832,31.0,4.12,438.6,24.02,0.0,0.0, , 
,37.06,928,81.0,0.0,10110111,37.37,928,34.1,5.15,459.0,36.76,0.0,0.0, , 
,37.98,928,81.0,0.0,10110111,38.28,928,34.1,5.15,459.0,37.69,0.0,0.0, , 
,38.86,832,81.0,0.0,10110111,39.15,864,34.1,5.15,459.0,38.56,0.0,0.0, , 
,39.76,832,81.0,0.0,10110111,40.08,832,35.3,5.15,479.4,39.45,0.0,0.0, , 
,40.67,832,81.0,0.0,10110111,40.97,832,34.1,5.15,459.0,40.36,0.0,0.0, , 
,41.56,800,81.0,0.0,10110111,41.87,832,34.1,5.15,459.0,41.27,0.0,0.0, , 
,42.49,832,81.0,0.0,10110111,42.79,832,32.5,5.15,459.0,42.18,0.0,0.0, , 
,43.39,832,81.0,0.0,10110111,43.70,800,34.1,5.15,459.0,43.10,0.0,0.0, , 
,44.29,800,81.0,0.0,10110111,44.58,800,32.5,4.12,459.0,44.00,0.0,0.0, , 
,45.16,800,81.0,0.0,10110111,45.45,800,32.5,4.12,438.6,44.86,0.0,0.0, , 
,46.03,800,82.5,0.0,10110111,46.33,800,32.5,4.12,459.0,45.74,0.0,0.0, , 
,46.92,800,82.5,0.0,10110111,47.21,800,32.5,4.12,438.6,46.62,0.0,0.0, , 
,47.83,800,82.5,0.0,10110111,48.12,800,31.0,4.12,438.6,47.52,0.0,0.0, , 
,48.72,832,82.5,0.0,10110111,49.01,800,31.0,4.12,438.6,48.41,0.0,0.0, , 
,49.63,800,82.5,0.0,10110111,49.93,800,29.4,4.12,438.6,49.32,0.0,0.0, , 
,50.52,800,82.5,0.0,10110111,50.81,800,29.4,4.12,418.2,50.24,0.0,0.0, , 
,51.43,768,82.5,0.0,10110111,51.73,800,29.4,4.12,418.2,51.12,0.0,0.0, , 
,52.34,768,82.5,0.0,10110111,52.64,800,29.4,4.12,438.6,52.03,0.0,0.0, , 
,53.23,768,82.5,0.0,10110111,53.53,768,31.0,4.12,438.6,52.94,0.0,0.0, , 
,54.11,768,82.5,0.0,10110111,54.43,768,29.4,4.12,438.6,53.83,0.0,0.0, , 
,55.05,800,84.0,0.0,10110111,55.36,768,29.4,4.12,438.6,54.73,0.0,0.0, , 
,55.93,768,82.5,0.0,10110111,56.23,768,31.0,4.12,438.6,55.65,0.0,0.0, , 
,56.82,768,82.5,0.0,10110111,57.12,800,31.0,4.12,438.6,56.53,0.0,0.0, , 
,57.73,768,84.0,0.0,10110111,58.03,768,31.0,4.12,438.6,57.43,0.0,0.0, , 
,58.64,768,84.0,0.0,10110111,58.93,800,31.0,4.12,438.6,58.32,0.0,0.0, , 
,59.53,768,84.0,0.0,10110111,59.82,768,32.5,4.12,459.0,59.23,0.0,0.0, , 
,60.42,768,84.0,0.0,10110111,60.71,800,32.5,4.12,459.0,60.13,0.0,0.0, , 
,61.31,768,84.0,0.0,10110111,61.61,800,32.5,4.12,459.0,61.00,0.0,0.0, , 
,62.21,800,84.0,0.0,10110111,62.51,800,31.0,4.12,438.6,61.91,0.0,0.0, , 
,63.12,800,84.0,0.0,10110111,63.42,800,31.0,4.12,438.6,62.81,0.0,0.0, , 
,64.00,800,84.0,0.0,10110111,64.30,768,31.0,4.12,438.6,63.72,0.0,0.0, , 
,64.90,800,84.0,0.0,10110111,65.20,768,32.5,4.12,459.0,64.60,0.0,0.0, , 
,65.80,800,84.0,0.0,10110111,66.10,800,31.0,4.12,438.6,65.50,0.0,0.0, , 
,66.71,768,84.0,0.0,10110111,67.01,768,31.0,4.12,438.6,66.41,0.0,0.0, , 
,67.61,768,84.0,0.0,10110111,67.91,800,32.5,4.12,459.0,67.31,0.0,0.0, , 
,68.51,768,84.0,0.0,10110111,68.82,800,31.0,4.12,438.6,68.20,0.0,0.0, , 
,69.42,800,84.0,0.0,10110111,69.70,800,31.0,4.12,438.6,69.14,0.0,0.0, , 
,70.29,800,84.0,0.0,10110111,70.61,768,31.0,4.12,438.6,70.00,0.0,0.0, , 
,71.22,800,84.0,0.0,10110111,71.52,800,31.0,4.12,438.6,70.92,0.0,0.0, , 
,72.11,768,84.0,0.0,10110111,72.41,800,31.0,4.12,438.6,71.81,0.0,0.0, , 
,73.01,768,84.0,0.0,10110111,73.31,768,34.1,4.12,459.0,72.71,0.0,0.0, , 
,73.92,768,84.0,0.0,10110111,74.21,768,32.5,4.12,459.0,73.63,0.0,0.0, , 
,74.77,768,84.0,0.0,10110111,75.08,800,32.5,4.12,459.0,74.49,0.0,0.0, , 
,75.68,800,84.0,4.3,10111111,75.97,800,32.5,4.12,459.0,75.38,0.0,0.0, , 
,76.56,800,84.0,7.4,10111111,76.86,800,32.5,5.15,438.6,76.26,0.0,0.0, , 
,77.52,1280,85.5,0.0,10101011,77.81,1728,0.0,0.00,438.6,77.14,0.0,0.0, , 
,78.45,832,84.0,0.0,10111111,78.76,864,31.0,4.12,438.6,78.15,0.0,0.0, , 
,79.36,864,85.5,0.0,10111111,79.67,768,28.2,3.09,418.2,79.08,0.0,0.0, , 
,80.27,768,85.5,0.0,10111111,80.57,800,34.1,4.12,459.0,79.96,0.0,0.0, , 
,81.16,768,85.5,1.2,10111111,81.46,800,32.5,4.12,459.0,80.87,0.0,0.0, , 
,82.06,800,85.5,4.7,10111111,82.37,800,32.5,4.12,459.0,81.75,0.0,0.0, , 
,82.96,800,85.5,7.8,10111111,83.26,800,32.5,4.12,459.0,82.66,0.0,0.0, , 
,83.86,800,85.5,10.2,10111111,84.15,800,31.0,4.12,438.6,83.56,0.0,0.0, , 
,84.76,800,85.5,10.5,10111111,85.07,800,31.0,4.12,438.6,84.45,0.0,0.0, , 
,85.67,800,85.5,10.9,10111111,85.97,800,31.0,4.12,438.6,85.37,0.0,0.0, , 
,86.55,800,85.5,10.9,10111111,86.83,768,31.0,4.12,438.6,86.25,0.0,0.0, , 
,87.42,768,85.5,10.5,10111111,87.73,768,31.0,4.12,438.6,87.13,0.0,0.0, , 
,88.36,768,85.5,10.2,10111111,88.66,800,31.0,4.12,438.6,88.04,0.0,0.0, , 
,89.26,768,85.5,9.8,10111111,89.55,800,31.0,4.12,438.6,88.95,0.0,0.0, , 
,90.13,800,85.5,9.4,10111111,90.43,800,31.0,4.12,438.6,89.84,0.0,0.0, , 
,91.05,800,85.5,9.0,10111111,91.34,800,31.0,4.12,438.6,90.73,0.0,0.0, , 
,91.94,800,85.5,9.0,10111111,92.23,768,31.0,4.12,438.6,91.64,0.0,0.0, , 
,92.85,800,85.5,9.4,10111111,93.17,768,31.0,4.12,438.6,92.53,0.0,0.0, , 
,93.76,768,85.5,8.6,10111111,94.08,768,31.0,4.12,438.6,93.46,0.0,0.0, , 
,94.67,768,85.5,8.2,10111111,94.97,800,31.0,4.12,438.6,94.36,0.0,0.0, , 
,95.57,768,85.5,8.2,10111111,95.87,768,31.0,4.12,438.6,95.27,0.0,0.0, , 
,96.47,768,85.5,8.2,10111111,96.76,768,31.0,4.12,438.6,96.17,0.0,0.0, , 
,97.37,768,85.5,8.2,10111111,97.68,800,31.0,4.12,438.6,97.08,0.0,0.0, , 
,98.28,800,85.5,8.6,10111111,98.57,768,31.0,4.12,438.6,97.98,0.0,0.0, , 
,99.18,800,85.5,8.6,10111111,99.49,768,31.0,4.12,438.6,98.87,0.0,0.0, , 
,100.08,800,87.0,8.6,10111111,100.37,768,31.0,4.12,438.6,99.80,0.0,0.0, , 
,100.98,800,87.0,9.0,10111111,101.27,800,31.0,4.12,438.6,100.68,0.0,0.0, , 
,101.88,768,87.0,8.6,10111111,102.17,800,31.0,4.12,438.6,101.57,0.0,0.0, , 
,102.76,800,87.0,9.0,10111111,103.06,800,29.4,4.12,438.6,102.46,0.0,0.0, , 
,103.66,768,87.0,9.0,10111111,103.94,800,31.0,4.12,438.6,103.36,0.0,0.0, , 
,104.54,768,87.0,9.0,10111111,104.84,800,31.0,4.12,438.6,104.23,0.0,0.0, , 
,105.45,800,87.0,9.4,10111111,105.74,768,29.4,4.12,438.6,105.16,0.0,0.0, , 
,106.34,800,87.0,9.4,10111111,106.65,768,31.0,4.12,438.6,106.04,0.0,0.0, , 
,107.26,800,87.0,9.0,10111111,107.56,768,31.0,4.12,438.6,106.96,0.0,0.0, , 
,108.15,768,87.0,8.2,10111111,108.45,768,31.0,4.12,438.6,107.86,0.0,0.0, , 
,109.04,768,87.0,7.8,10111111,109.34,768,31.0,4.12,438.6,108.75,0.0,0.0, , 
,109.94,800,87.0,7.8,10111111,110.23,800,31.0,4.12,438.6,109.63,0.0,0.0, , 
,110.86,800,87.0,8.2,10111111,111.17,800,31.0,4.12,438.6,110.54,0.0,0.0, , 
,111.76,768,87.0,8.6,10111111,112.05,768,31.0,4.12,438.6,111.47,0.0,0.0, , 
,112.64,800,87.0,8.6,10111111,112.92,800,29.4,4.12,438.6,112.35,0.0,0.0, , 
,113.51,800,87.0,8.6,10111111,113.81,768,31.0,4.12,438.6,113.21,0.0,0.0, , 
,114.42,800,87.0,8.2,10111111,114.72,768,31.0,4.12,438.6,114.10,0.0,0.0, , 
,115.30,800,87.0,8.2,10111111,115.58,768,31.0,4.12,438.6,115.02,0.0,0.0, , 
,116.18,768,87.0,8.2,10111111,116.47,800,31.0,4.12,438.6,115.88,0.0,0.0, , 
,117.07,768,87.0,8.6,10111111,117.38,800,31.0,4.12,438.6,116.76,0.0,0.0, , 
,117.94,768,87.0,8.6,10111111,118.23,768,31.0,4.12,438.6,117.66,0.0,0.0, , 
,118.82,800,87.0,8.2,10111111,119.14,768,31.0,4.12,438.6,118.53,0.0,0.0, , 
,119.72,800,87.0,7.8,10111111,120.02,800,31.0,4.12,438.6,119.43,0.0,0.0, , 
,120.61,768,87.0,7.4,10111111,120.93,800,31.0,4.12,438.6,120.31,0.0,0.0, , 
,121.53,800,87.0,7.8,10111111,121.82,800,29.4,4.12,438.6,121.23,0.0,0.0, , 
,122.43,800,87.0,8.2,10111111,122.73,768,31.0,4.12,438.6,122.13,0.0,0.0, , 
,123.32,768,88.5,7.8,10111111,123.63,768,31.0,4.12,438.6,123.03,0.0,0.0, , 
,124.24,768,87.0,7.4,10111111,124.56,800,31.0,4.12,438.6,123.94,0.0,0.0, , 
,125.15,768,87.0,7.0,10111111,125.46,800,31.0,4.12,438.6,124.86,0.0,0.0, , 
,126.04,768,88.5,5.9,10111111,126.34,800,31.0,4.12,438.6,125.74,0.0,0.0, , 
,126.93,800,88.5,5.5,10111111,127.23,800,31.0,4.12,438.6,126.63,0.0,0.0, , 
,127.82,800,88.5,5.9,10111111,128.13,800,31.0,4.12,438.6,127.53,0.0,0.0, , 
,128.75,800,88.5,5.5,10111111,129.05,768,31.0,4.12,438.6,128.45,0.0,0.0, , 
,129.64,800,88.5,5.1,10111111,129.93,768,31.0,4.12,438.6,129.34,0.0,0.0, , 
,130.54,768,88.5,5.1,10111111,130.85,800,31.0,4.12,438.6,130.23,0.0,0.0, , 
,131.44,768,88.5,6.6,10111111,131.73,800,31.0,4.12,438.6,131.16,0.0,0.0, , 
,132.32,768,88.5,7.0,10111111,132.62,800,31.0,4.12,438.6,132.03,0.0,0.0, , 
,133.24,768,88.5,7.0,10111111,133.53,800,31.0,4.12,438.6,132.93,0.0,0.0, , 
,134.14,800,88.5,6.6,10111111,134.42,800,31.0,4.12,438.6,133.84,0.0,0.0, , 
,135.02,800,88.5,6.6,10111111,135.30,800,31.0,4.12,438.6,134.72,0.0,0.0, , 
,135.92,800,88.5,7.0,10111111,136.22,768,31.0,4.12,438.6,135.60,0.0,0.0, , 
,136.80,768,88.5,7.0,10111111,137.10,768,31.0,4.12,438.6,136.51,0.0,0.0, , 
,137.68,768,88.5,7.0,10111111,137.98,800,31.0,4.12,438.6,137.39,0.0,0.0, , 
,138.60,800,88.5,7.4,10111111,138.89,800,31.0,4.12,438.6,138.29,0.0,0.0, , 
,139.49,800,88.5,0.0,10101011,139.89,1600,53.3,7.21,652.8,139.19,0.0,0.0, , 
,140.63,1536,88.5,2.7,10101011,141.00,1376,54.5,8.24,652.8,140.24,0.0,0.0, , 
,141.63,1312,88.5,3.1,10101011,141.94,1216,57.6,8.24,693.6,141.33,0.0,0.0, , 
,142.59,1280,88.5,2.0,10101011,142.91,1472,54.5,8.24,652.8,142.24,0.0,0.0, , 
,143.65,1888,88.5,0.0,10101011,144.01,2080,0.0,0.00,550.8,143.29,0.0,0.0, , 
,144.62,1088,88.5,0.0,10101011,144.93,1248,42.7,7.21,520.2,144.33,0.0,0.0, , 
,145.50,1504,88.5,0.0,10101011,145.82,1376,66.3,10.30,775.2,145.23,0.0,0.0, , 
,146.55,1568,88.5,-0.8,10101011,146.91,1696,62.0,9.27,734.4,146.21,0.0,0.0, , 
,147.65,1888,88.5,2.3,10101011,148.01,1984,63.5,9.27,734.4,147.29,0.0,0.0, , 
,148.69,2176,88.5,2.0,10101001,149.04,2272,71.0,10.30,795.6,148.35,0.0,0.0, , 
,149.71,2528,88.5,0.8,10101001,150.04,2624,73.7,11.33,826.2,149.37,0.0,0.0, , 
,150.70,2144,88.5,0.0,10111101,151.07,1664,0.0,0.00,316.2,150.35,0.0,0.0, , 
,151.74,1824,90.0,0.0,10101011,152.05,1824,29.4,4.12,377.4,151.41,0.0,0.0, , 
,152.75,1824,90.0,0.0,10101011,153.10,1888,65.1,9.27,754.8,152.38,0.0,0.0, , 
,153.82,1984,88.5,0.8,10101001,154.17,2016,63.5,9.27,734.4,153.47,0.0,0.0, , 
,154.86,2080,90.0,2.0,10101001,155.20,2144,65.1,9.27,734.4,154.52,0.0,0.0, , 
,155.88,2208,90.0,-2.3,10101001,156.21,2272,71.0,10.30,795.6,155.55,0.0,0.0, , 
,156.93,2368,90.0,-1.6,10101001,157.29,2432,75.3,11.33,846.6,156.56,0.0,0.0, , 
,157.96,2528,90.0,-2.7,11101001,158.28,2592,73.7,11.33,826.2,157.62,0.0,0.0, , 
,158.93,2688,90.0,-0.8,11101001,159.26,2720,72.2,10.30,795.6,158.60,0.0,0.0, , 
,159.94,2816,90.0,1.2,11101001,160.26,2880,69.4,10.30,775.2,159.59,0.0,0.0, , 
,160.96,2368,90.0,0.0,11111101,161.31,1792,0.0,0.00,295.8,160.62,0.0,0.0, , 
,162.02,2112,90.0,0.0,11101001,162.36,2080,34.1,5.15,397.8,161.65,0.0,0.0, , 
,163.03,2112,90.0,0.0,11101001,163.38,2144,56.1,8.24,652.8,162.70,0.0,0.0, , 
,164.03,2144,90.0,3.9,11101001,164.36,2176,57.6,8.24,673.2,163.70,0.0,0.0, , 
,165.04,2208,90.0,6.3,11101001,165.39,2208,63.5,9.27,714.0,164.70,0.0,0.0, , 
,166.09,2240,90.0,3.9,11101001,166.43,2272,72.2,11.33,795.6,165.75,0.0,0.0, , 
,167.11,2336,90.0,0.0,11101001,167.44,2368,75.3,11.33,846.6,166.77,0.0,0.0, , 
,168.14,2400,90.0,-2.0,11101001,168.47,2432,73.7,11.33,826.2,167.80,0.0,0.0, , 
,169.14,2496,90.0,2.3,11101001,169.47,2496,72.2,10.30,826.2,168.83,0.0,0.0, , 
,170.13,2560,88.5,2.7,11101001,170.46,2592,71.0,10.30,795.6,169.80,0.0,0.0, , 
,171.17,2624,88.5,3.1,11101001,171.51,2656,71.0,10.30,795.6,170.82,0.0,0.0, , 
,172.17,2688,88.5,4.3,11101001,172.49,2720,69.4,10.30,775.2,171.85,0.0,0.0, , 
,173.17,2752,90.0,5.5,11101001,173.50,2784,69.4,10.30,775.2,172.83,0.0,0.0, , 
,174.17,2816,88.5,6.6,11101001,174.53,2816,67.8,10.30,754.8,173.83,0.0,0.0, , 
,175.23,2848,88.5,7.8,11101001,175.59,2912,76.9,11.33,846.6,174.88,0.0,0.0, , 
,176.28,2944,88.5,3.1,11101001,176.74,2976,75.3,11.33,826.2,176.02,0.0,0.0, , 
,177.43,3008,88.5,-0.4,11101001,177.87,3040,72.2,10.30,795.6,177.15,0.0,0.0, , 
,178.55,2208,88.5,0.0,11111101,178.91,1664,0.0,0.00,295.8,178.19,0.0,0.0, , 
,179.49,1152,88.5,0.0,11101011,179.83,2016,22.0,3.09,316.2,179.18,0.0,0.0, , 
,180.47,2272,88.5,0.0,11101001,180.80,2272,29.4,4.12,357.0,180.14,0.0,0.0, , 
,181.46,2240,88.5,0.0,11101001,181.81,2240,53.3,7.21,632.4,181.13,0.0,0.0, , 
,182.49,2240,88.5,4.7,11101001,182.84,2240,54.5,8.24,632.4,182.14,0.0,0.0, , 
,183.50,2240,88.5,8.6,11101001,183.83,2272,53.3,8.24,632.4,183.16,0.0,0.0, , 
,184.49,2272,88.5,10.5,11101001,184.82,2272,53.3,8.24,632.4,184.16,0.0,0.0, , 
,185.49,2272,88.5,12.5,11101001,185.82,2272,53.3,8.24,612.0,185.16,0.0,0.0, , 
,186.50,2272,88.5,12.1,11101001,186.84,2272,53.3,8.24,632.4,186.16,0.0,0.0, , 
,187.50,2272,88.5,8.2,11101001,187.83,2272,50.2,7.21,591.6,187.17,0.0,0.0, , 
,188.49,2272,88.5,10.2,11101001,188.85,2272,42.7,6.18,520.2,188.15,0.0,0.0, , 
,189.52,2272,88.5,10.2,11101001,189.85,2272,44.3,7.21,520.2,189.19,0.0,0.0, , 
,190.53,2272,88.5,11.3,11101001,190.87,2272,44.3,6.18,520.2,190.20,0.0,0.0, , 
,191.55,2272,88.5,10.5,11101001,191.88,2272,42.7,6.18,520.2,191.21,0.0,0.0, , 
,192.54,2272,88.5,10.2,11101001,192.88,2272,42.7,6.18,520.2,192.21,0.0,0.0, , 
,193.57,2272,87.0,10.9,11101001,193.90,2272,42.7,6.18,520.2,193.21,0.0,0.0, , 
,194.57,2272,87.0,10.5,11101001,194.92,2272,44.3,7.21,520.2,194.23,0.0,0.0, , 
,195.60,2272,87.0,11.3,11101001,195.93,2240,44.3,7.21,520.2,195.25,0.0,0.0, , 
,196.61,2240,87.0,11.3,11101001,196.92,2240,44.3,7.21,520.2,196.29,0.0,0.0, , 
,197.60,2240,87.0,10.9,11101001,197.93,2272,45.9,7.21,550.8,197.25,0.0,0.0, , 
,198.60,2240,87.0,11.3,11101001,198.95,2240,23.5,3.09,336.6,198.26,0.0,0.0, , 
,199.63,2240,87.0,-0.8,11101001,199.97,2240,16.1,2.06,244.8,199.31,0.0,0.0, , 
,200.64,2208,87.0,-9.0,11111101,200.98,2208,0.0,0.00,244.8,200.30,0.0,0.0, , 
,201.66,2176,87.0,0.0,11111101,201.99,2176,0.0,0.00,244.8,201.32,0.0,0.0, , 
,202.67,2144,87.0,0.0,11111101,203.03,2144,0.0,0.00,244.8,202.33,0.0,0.0, , 
,203.68,2144,87.0,0.0,11111101,204.02,2144,0.0,0.00,244.8,203.36,0.0,0.0, , 
,204.72,2112,87.0,0.0,11111101,205.05,2112,0.0,0.00,244.8,204.36,0.0,0.0, , 
,205.74,2080,85.5,0.0,11111101,206.07,2080,0.0,0.00,244.8,205.38,0.0,0.0, , 
,206.77,2080,85.5,0.0,11111101,207.10,2080,16.1,2.06,244.8,206.44,0.0,0.0, , 
,207.81,2048,85.5,0.0,11101001,208.15,2048,14.9,2.06,224.4,207.45,0.0,0.0, , 
,208.85,2048,85.5,0.0,11101001,209.19,2080,22.0,3.09,316.2,208.50,0.0,0.0, , 
,209.87,2080,85.5,1.2,11101001,210.22,2048,23.5,3.09,316.2,209.52,0.0,0.0, , 
,210.92,2048,85.5,3.1,11101001,211.26,2048,29.4,4.12,397.8,210.57,0.0,0.0, , 
,211.96,2048,85.5,6.6,11101001,212.32,2048,35.3,5.15,438.6,211.61,0.0,0.0, , 
,213.03,2048,85.5,8.6,11101001,213.38,2048,34.1,5.15,438.6,212.67,0.0,0.0, , 
,214.09,2048,85.5,9.0,11101001,214.42,2048,36.9,5.15,459.0,213.73,0.0,0.0, , 
,215.11,2048,85.5,10.5,11101001,215.46,2016,36.9,6.18,459.0,214.77,0.0,0.0, , 
,216.17,2016,85.5,11.7,11101001,216.53,1984,54.5,8.24,652.8,215.81,0.0,0.0, , 
,217.23,2016,84.0,0.0,11101001,217.59,1984,71.0,11.33,826.2,216.87,0.0,0.0, , 
,218.31,2016,84.0,-5.1,11101001,218.65,2016,78.4,11.33,887.4,217.96,0.0,0.0, , 
,219.37,2048,84.0,-9.0,11101001,219.71,2048,84.3,12.36,948.6,219.00,0.0,0.0, , 
,220.41,2048,84.0,-10.5,11101001,220.74,2048,73.7,11.33,826.2,220.07,0.0,0.0, , 
,221.43,2080,84.0,0.0,11101001,221.78,2080,65.1,9.27,754.8,221.09,0.0,0.0, , 
,222.48,2080,84.0,0.4,11101001,222.83,2080,65.1,9.27,734.4,222.13,0.0,0.0, , 
,223.49,2112,84.0,0.8,11101001,223.86,2080,62.0,9.27,714.0,223.16,0.0,0.0, , 
,224.55,2112,84.0,5.1,11101001,224.88,2112,56.1,8.24,652.8,224.20,0.0,0.0, , 
,225.57,2112,84.0,7.0,11101001,225.95,2112,56.1,8.24,652.8,225.23,0.0,0.0, , 
,226.64,2112,84.0,5.5,11101001,226.99,2112,66.3,10.30,734.4,226.29,0.0,0.0, , 
,227.69,2144,84.0,1.6,11101001,228.03,2144,71.0,10.30,795.6,227.34,0.0,0.0, , 
,228.72,2176,84.0,-1.6,11101001,229.05,2176,71.0,10.30,795.6,228.38,0.0,0.0, , 
,229.72,2208,84.0,-3.5,11101001,230.07,2208,71.0,9.27,795.6,229.38,0.0,0.0, , 
,230.73,2208,84.0,-7.0,11101001,231.09,2240,69.4,10.30,775.2,230.41,0.0,0.0, , 
,231.77,2240,84.0,-2.3,11101001,232.10,2240,69.4,10.30,775.2,231.42,0.0,0.0, , 
,232.79,2240,84.0,2.7,11101001,233.11,2272,69.4,10.30,775.2,232.44,0.0,0.0, , 
,233.80,2272,84.0,3.5,11101001,234.15,2272,67.8,10.30,775.2,233.45,0.0,0.0, , 
,234.77,2304,84.0,7.4,11101001,235.11,2304,67.8,10.30,754.8,234.45,0.0,0.0, , 
,235.77,2304,84.0,0.0,11101001,236.09,2304,54.5,7.21,632.4,235.46,0.0,0.0, , 
,236.76,2240,84.0,0.0,11111101,237.10,1760,0.0,0.00,336.6,236.43,0.0,0.0, , 
,237.73,1024,84.0,0.0,11111111,238.10,1504,23.5,3.09,336.6,237.41,0.0,0.0, , 
,238.77,2496,84.0,0.0,11101001,239.10,2784,17.6,2.06,244.8,238.45,0.0,0.0, , 
,239.80,2784,84.0,0.4,11101001,240.13,2752,35.3,5.15,418.2,239.43,0.0,0.0, , 
,240.80,2784,84.0,0.0,11101001,241.13,2784,57.6,8.24,652.8,240.48,0.0,0.0, , 
,241.78,2816,84.0,8.2,11101001,242.11,2816,60.4,9.27,693.6,241.47,0.0,0.0, , 
,242.83,2816,84.0,13.7,11101001,243.17,2848,59.2,9.27,673.2,242.46,0.0,0.0, , 
,243.84,2880,84.0,16.8,11101001,244.17,2880,57.6,9.27,652.8,243.52,0.0,0.0, , 
,244.81,2880,84.0,17.6,11101001,245.16,2912,50.2,8.24,591.6,244.49,0.0,0.0, , 
,245.96,2912,84.0,19.1,11101001,246.30,2944,42.7,6.18,499.8,245.54,0.0,0.0, , 
,247.02,2944,84.0,19.5,11101001,247.37,2912,32.5,5.15,397.8,246.60,0.0,0.0, , 
,248.03,2912,84.0,15.6,11101001,248.41,2912,29.4,4.12,377.4,247.67,0.0,0.0, , 
,249.12,2912,84.0,16.4,11101001,249.47,2880,25.1,3.09,336.6,248.76,0.0,0.0, , 
,250.17,2848,84.0,10.2,11101001,250.50,2848,17.6,2.06,275.4,249.79,0.0,0.0, , 
,251.17,2848,84.0,2.3,11101001,251.49,2816,17.6,2.06,275.4,250.85,0.0,0.0, , 
,252.16,2784,84.0,-4.3,11101001,252.49,2784,17.6,2.06,275.4,251.83,0.0,0.0, , 
,253.16,2784,84.0,-7.4,11101001,253.51,2752,17.6,2.06,244.8,252.83,0.0,0.0, , 
,254.21,2720,84.0,-8.2,11101001,254.55,2720,17.6,2.06,244.8,253.86,0.0,0.0, , 
,255.23,2688,84.0,-7.8,11101001,255.56,2720,26.7,3.09,336.6,254.88,0.0,0.0, , 
,256.27,2688,84.0,-0.4,11101001,256.59,2688,36.9,5.15,459.0,255.91,0.0,0.0, , 
,257.26,2656,84.0,5.5,11101001,257.59,2656,36.9,5.15,438.6,256.93,0.0,0.0, , 
,258.31,2656,84.0,10.9,11101001,258.65,2656,40.0,6.18,459.0,257.93,0.0,0.0, , 
,259.33,2688,84.0,13.7,11101001,259.68,2656,47.1,7.21,550.8,259.00,0.0,0.0, , 
,260.37,2688,84.0,15.2,11101001,260.73,2720,50.2,8.24,571.2,260.03,0.0,0.0, , 
,261.43,2752,84.0,15.6,11101001,261.79,2752,53.3,8.24,612.0,261.07,0.0,0.0, , 
,262.45,2752,84.0,12.1,11101001,262.78,2784,56.1,9.27,632.4,262.11,0.0,0.0, , 
,263.47,2816,84.0,9.8,11101001,263.80,2816,48.6,7.21,571.2,263.13,0.0,0.0, , 
,264.52,2816,84.0,8.6,11101001,264.88,2848,45.9,7.21,550.8,264.14,0.0,0.0, , 
,265.59,2848,84.0,9.4,11101001,265.92,2848,45.9,7.21,550.8,265.20,0.0,0.0, , 
,266.63,2848,82.5,9.8,11101001,267.00,2880,47.1,7.21,550.8,266.28,0.0,0.0, , 
,267.69,2880,84.0,9.4,11101001,268.04,2880,45.9,7.21,550.8,267.33,0.0,0.0, , 
,268.70,2880,84.0,8.6,11101001,269.02,2912,45.9,7.21,550.8,268.38,0.0,0.0, , 
,269.67,2880,84.0,9.0,11101001,270.00,2880,47.1,7.21,550.8,269.35,0.0,0.0, , 
,270.66,2912,84.0,9.0,11101001,271.00,2912,51.8,8.24,591.6,270.33,0.0,0.0, , 
,271.72,2912,84.0,8.2,11101001,272.10,2912,50.2,7.21,591.6,271.36,0.0,0.0, , 
,272.77,2944,84.0,7.4,11101001,273.14,2944,50.2,7.21,591.6,272.36,0.0,0.0, , 
,273.84,2944,84.0,6.6,11101001,274.19,2944,50.2,7.21,571.2,273.48,0.0,0.0, , 
,274.93,2944,84.0,6.3,11101001,275.30,2976,48.6,7.21,571.2,274.45,0.0,0.0, , 
,275.84,2976,84.0,6.6,11101001,276.14,2976,48.6,7.21,571.2,275.57,0.0,0.0, , 
,277.09,2976,84.0,7.4,11101001,277.57,2976,44.3,6.18,520.2,276.61,0.0,0.0, , 
,278.50,2976,84.0,8.2,11101001,278.97,2976,44.3,6.18,520.2,278.03,0.0,0.0, , 
,279.89,3008,84.0,9.0,11101001,280.15,3008,42.7,6.18,499.8,279.43,0.0,0.0, , 
,280.72,3008,84.0,9.4,11101001,281.19,3008,41.2,6.18,499.8,280.42,0.0,0.0, , 
,281.77,3008,84.0,9.0,11101001,282.21,3008,41.2,6.18,479.4,281.48,0.0,0.0, , 
,282.90,3040,84.0,8.2,11101001,283.30,3040,40.0,6.18,479.4,282.50,0.0,0.0, , 
,283.94,3040,84.0,8.6,11101001,284.31,3072,40.0,6.18,479.4,283.58,0.0,0.0, , 
,285.06,3072,84.0,8.2,11101001,285.41,3072,40.0,6.18,479.4,284.68,0.0,0.0, , 
,286.12,3104,84.0,8.2,11101001,286.47,3104,40.0,6.18,459.0,285.77,0.0,0.0, , 
,287.17,3104,84.0,7.8,11101001,287.55,3104,26.7,4.12,336.6,286.81,0.0,0.0, , 
,288.25,3104,84.0,2.0,11101001,288.60,3072,22.0,3.09,316.2,287.90,0.0,0.0, , 
,289.28,3072,84.0,1.2,11101001,289.62,3072,26.7,4.12,357.0,288.93,0.0,0.0, , 
,290.26,3072,85.5,3.1,11101001,290.58,3072,25.1,3.09,336.6,289.95,0.0,0.0, , 
,291.32,3040,85.5,4.3,11101001,291.67,3040,26.7,3.09,336.6,290.94,0.0,0.0, , 
,292.34,3040,84.0,5.5,11101001,292.71,3072,53.3,8.24,612.0,291.98,0.0,0.0, , 
,293.44,3104,85.5,0.4,11101001,293.77,3136,78.4,11.33,867.0,293.06,0.0,0.0, , 
,294.52,3232,85.5,-5.5,11101001,294.88,3232,88.6,12.36,948.6,294.13,0.0,0.0, , 
,295.60,2912,84.0,0.0,11111101,295.95,2368,0.0,0.00,295.8,295.23,0.0,0.0, , 
,296.68,2208,85.5,0.0,11101001,297.02,2496,36.9,5.15,438.6,296.32,0.0,0.0, , 
,297.71,2496,85.5,1.2,11101001,298.05,2528,50.2,7.21,591.6,297.34,0.0,0.0, , 
,298.75,2528,84.0,0.0,11101001,299.09,2528,79.6,12.36,887.4,298.41,0.0,0.0, , 
,299.77,2528,85.5,0.0,11101001,300.10,2560,65.1,9.27,734.4,299.43,0.0,0.0, , 
,300.79,2560,85.5,-3.9,11101001,301.14,2560,82.7,12.36,907.8,300.45,0.0,0.0, , 
,301.82,2592,85.5,-8.6,11101001,302.15,2592,84.3,12.36,928.2,301.46,0.0,0.0, , 
,302.84,2624,85.5,-8.6,11101001,303.18,2624,75.3,10.30,826.2,302.50,0.0,0.0, , 
,303.85,2624,85.5,0.0,11101001,304.19,2624,69.4,10.30,775.2,303.52,0.0,0.0, , 
,304.88,2656,85.5,3.5,11101001,305.20,2656,69.4,10.30,775.2,304.54,0.0,0.0, , 
,305.90,2656,85.5,5.9,11101001,306.23,2656,54.5,8.24,632.4,305.54,0.0,0.0, , 
,306.89,2656,85.5,11.3,11101001,307.23,2656,53.3,8.24,612.0,306.54,0.0,0.0, , 
,307.93,2656,85.5,13.7,11101001,308.29,2624,51.8,8.24,591.6,307.59,0.0,0.0, , 
,308.97,2624,85.5,14.8,11101001,309.31,2624,51.8,8.24,612.0,308.63,0.0,0.0, , 
,309.96,2624,85.5,14.5,11101001,310.32,2624,53.3,8.24,612.0,309.64,0.0,0.0, , 
,310.99,2592,85.5,12.5,11101001,311.35,2592,53.3,8.24,612.0,310.66,0.0,0.0, , 
,312.03,2592,85.5,8.2,11101001,312.35,2592,53.3,8.24,612.0,311.67,0.0,0.0, , 
,313.05,2560,85.5,7.4,11101001,313.38,2560,54.5,8.24,612.0,312.70,0.0,0.0, , 
,314.07,2560,85.5,6.6,11101001,314.42,2528,54.5,8.24,612.0,313.72,0.0,0.0, , 
,315.08,2528,85.5,6.6,11101001,315.44,2528,54.5,8.24,632.4,314.74,0.0,0.0, , 
,316.13,2496,85.5,0.0,11111101,316.47,2464,20.8,2.06,295.8,315.77,0.0,0.0, , 
,317.16,2432,85.5,0.0,11111101,317.47,2400,0.0,0.00,244.8,316.83,0.0,0.0, , 
,318.13,2368,85.5,0.0,11111101,318.45,2304,0.0,0.00,244.8,317.80,0.0,0.0, , 
,319.09,2272,85.5,0.0,11111101,319.42,2240,0.0,0.00,244.8,318.79,0.0,0.0, , 
,320.11,2208,85.5,0.0,11111101,320.45,2208,0.0,0.00,244.8,319.76,0.0,0.0, , 
,321.14,2144,85.5,0.0,11111101,321.50,2144,0.0,0.00,244.8,320.79,0.0,0.0, , 
,322.19,2112,85.5,0.0,11111101,322.52,2080,0.0,0.00,244.8,321.84,0.0,0.0, , 
,323.20,2048,85.5,0.0,11111101,323.56,2048,0.0,0.00,244.8,322.85,0.0,0.0, , 
,324.25,1984,85.5,0.0,11111101,324.60,1984,0.0,0.00,244.8,323.91,0.0,0.0, , 
,325.32,1952,85.5,0.0,11111111,325.69,1920,0.0,0.00,275.4,324.95,0.0,0.0, , 
,326.38,1888,85.5,0.0,11111111,326.71,1888,0.0,0.00,275.4,326.03,0.0,0.0, , 
,327.42,1856,85.5,0.0,11101011,327.79,1824,17.6,3.09,275.4,327.04,0.0,0.0, , 
,328.50,1792,85.5,0.0,11101011,328.81,1792,19.2,3.09,295.8,328.14,0.0,0.0, , 
,329.51,1760,85.5,6.3,11101011,329.89,1760,23.5,3.09,336.6,329.18,0.0,0.0, , 
,330.63,1760,85.5,11.3,11101011,330.99,1760,29.4,4.12,397.8,330.26,0.0,0.0, , 
,331.72,1760,85.5,14.8,11101011,332.06,1760,31.0,5.15,397.8,331.36,0.0,0.0, , 
,332.80,1728,85.5,17.2,11101011,333.19,1728,31.0,5.15,397.8,332.44,0.0,0.0, , 
,333.91,1728,85.5,18.4,11101011,334.28,1728,31.0,5.15,418.2,333.55,0.0,0.0, , 
,334.99,1696,85.5,15.6,11101011,335.35,1728,32.5,5.15,418.2,334.64,0.0,0.0, , 
,336.05,1696,84.0,15.2,11101011,336.42,1696,32.5,5.15,418.2,335.72,0.0,0.0, , 
,337.17,1696,85.5,15.2,11101011,337.51,1696,32.5,5.15,418.2,336.79,0.0,0.0, , 
,338.26,1696,84.0,15.6,11101011,338.63,1696,32.5,5.15,418.2,337.91,0.0,0.0, , 
,339.36,1664,84.0,15.2,11101011,339.69,1664,32.5,5.15,418.2,339.00,0.0,0.0, , 
,340.40,1664,84.0,15.6,11101011,340.77,1664,32.5,5.15,418.2,340.03,0.0,0.0, , 
,341.45,1664,84.0,16.0,11101011,341.83,1664,28.2,4.12,397.8,341.11,0.0,0.0, , 
,342.55,1664,84.0,16.0,11101011,342.91,1632,22.0,3.09,316.2,342.20,0.0,0.0, , 
,343.61,1632,84.0,11.7,11101011,343.95,1632,22.0,3.09,316.2,343.27,0.0,0.0, , 
,344.65,1600,84.0,11.7,11101011,345.01,1600,22.0,3.09,336.6,344.30,0.0,0.0, , 
,345.76,1600,84.0,16.0,11101011,346.12,1600,23.5,3.09,336.6,345.41,0.0,0.0, , 
,346.84,1568,84.0,16.4,11101011,347.18,1568,23.5,3.09,336.6,346.48,0.0,0.0, , 
,347.89,1536,84.0,15.2,11101011,348.22,1536,23.5,3.09,336.6,347.52,0.0,0.0, , 
,348.92,1536,84.0,14.5,11101011,349.27,1536,23.5,3.09,336.6,348.58,0.0,0.0, , 
,349.91,1536,84.0,14.5,11101011,350.22,1536,23.5,3.09,336.6,349.58,0.0,0.0, , 
,350.86,1536,84.0,14.8,11101011,351.23,1536,23.5,3.09,336.6,350.53,0.0,0.0, , 
,352.01,1504,84.0,14.8,11101011,352.40,1504,23.5,3.09,336.6,351.62,0.0,0.0, , 
,353.14,1536,84.0,15.2,11101011,353.48,1536,23.5,3.09,336.6,352.77,0.0,0.0, , 
,354.19,1536,84.0,15.2,11101011,354.52,1536,23.5,3.09,336.6,353.83,0.0,0.0, , 
,355.20,1536,84.0,16.0,11101011,355.53,1536,23.5,3.09,336.6,354.85,0.0,0.0, , 
,356.24,1536,84.0,15.2,11101011,356.59,1536,23.5,3.09,336.6,355.88,0.0,0.0, , 
,357.27,1536,84.0,15.2,11101011,357.61,1536,23.5,3.09,336.6,356.94,0.0,0.0, , 
,358.30,1536,84.0,15.2,11101011,358.64,1536,23.5,3.09,336.6,357.95,0.0,0.0, , 
,359.40,1504,84.0,14.5,11101011,359.81,1504,23.5,3.09,336.6,359.01,0.0,0.0, , 
,360.44,1504,84.0,13.7,11101011,360.81,1504,23.5,3.09,336.6,360.10,0.0,0.0, , 
,361.42,1504,84.0,13.7,11101011,361.86,1504,23.5,3.09,336.6,361.12,0.0,0.0, , 
,362.46,1472,84.0,13.3,11101011,362.72,1472,23.5,3.09,336.6,362.19,0.0,0.0, , 
,363.40,1472,84.0,13.7,11101011,363.80,1472,23.5,3.09,336.6,363.00,0.0,0.0, , 
,364.46,1472,84.0,13.7,11101011,364.86,1440,25.1,3.09,336.6,364.07,0.0,0.0, , 
,365.62,1440,84.0,14.1,11101011,365.98,1440,28.2,4.12,377.4,365.25,0.0,0.0, , 
,366.72,1440,84.0,16.4,11101011,367.06,1440,31.0,4.12,397.8,366.35,0.0,0.0, , 
,367.69,1504,84.0,15.2,11111111,368.00,1440,0.0,0.00,316.2,367.35,0.0,0.0, , 
,368.64,960,84.0,0.0,11111111,368.91,960,31.0,4.12,438.6,368.29,0.0,0.0, , 
,369.51,1088,84.0,0.0,11111111,369.83,1216,22.0,3.09,336.6,369.20,0.0,0.0, , 
,370.52,1696,84.0,7.4,11101011,370.86,1664,20.8,3.09,316.2,370.15,0.0,0.0, , 
,371.55,1632,84.0,9.4,11101011,371.89,1632,23.5,3.09,336.6,371.22,0.0,0.0, , 
,372.61,1600,84.0,14.1,11101011,372.98,1600,35.3,5.15,459.0,372.26,0.0,0.0, , 
,373.68,1600,84.0,16.8,11101011,374.05,1632,40.0,6.18,499.8,373.34,0.0,0.0, , 
,374.79,1600,84.0,18.8,11101011,375.16,1600,41.2,7.21,499.8,374.41,0.0,0.0, , 
,375.91,1600,82.5,19.5,11101011,376.26,1632,41.2,7.21,520.2,375.54,0.0,0.0, , 
,376.92,1632,84.0,18.8,11101011,377.27,1632,45.9,7.21,571.2,376.59,0.0,0.0, , 
,377.98,1632,82.5,17.2,11101011,378.34,1632,45.9,7.21,571.2,377.62,0.0,0.0, , 
,379.05,1664,82.5,16.0,11101011,379.41,1632,45.9,7.21,550.8,378.69,0.0,0.0, , 
,380.13,1664,82.5,15.6,11101011,380.49,1696,44.3,7.21,550.8,379.76,0.0,0.0, , 
,381.21,1696,82.5,15.2,11101011,381.60,1696,42.7,7.21,520.2,380.86,0.0,0.0, , 
,382.36,1696,82.5,15.2,11101011,382.73,1728,41.2,6.18,520.2,381.98,0.0,0.0, , 
,383.44,1728,82.5,15.2,11101011,383.80,1728,40.0,6.18,499.8,383.07,0.0,0.0, , 
,384.51,1728,82.5,13.3,11101011,384.89,1728,31.0,4.12,397.8,384.15,0.0,0.0, , 
,385.62,1728,82.5,15.2,11101011,385.95,1728,29.4,4.12,397.8,385.25,0.0,0.0, , 
,386.66,1760,82.5,14.5,11101011,387.05,1760,29.4,4.12,397.8,386.32,0.0,0.0, , 
,387.78,1760,82.5,17.6,11101011,388.14,1760,29.4,4.12,397.8,387.41,0.0,0.0, , 
,388.87,1760,82.5,18.0,11101011,389.25,1760,28.2,4.12,377.4,388.49,0.0,0.0, , 
,390.00,1760,82.5,17.6,11101011,390.34,1760,23.5,3.09,336.6,389.63,0.0,0.0, , 
,391.06,1792,82.5,15.2,11101011,391.40,1760,23.5,3.09,336.6,390.69,0.0,0.0, , 
,392.13,1760,82.5,12.9,11101011,392.47,1760,19.2,3.09,295.8,391.78,0.0,0.0, , 
,393.18,1760,82.5,7.0,11101011,393.54,1760,19.2,3.09,295.8,392.81,0.0,0.0, , 
,394.22,1760,82.5,4.3,11101011,394.55,1760,19.2,2.06,295.8,393.88,0.0,0.0, , 
,395.26,1760,82.5,2.7,11101011,395.62,1760,19.2,2.06,295.8,394.91,0.0,0.0, , 
,396.35,1760,82.5,1.6,11101011,396.70,1760,19.2,2.06,295.8,395.99,0.0,0.0, , 
,397.40,1760,82.5,2.0,11111111,397.75,1760,22.0,3.09,316.2,397.05,0.0,0.0, , 
,398.42,1760,82.5,0.0,11111111,398.78,1760,0.0,0.00,316.2,398.08,0.0,0.0, , 
,399.47,1728,82.5,0.0,11111111,399.82,1728,0.0,0.00,316.2,399.12,0.0,0.0, , 
,400.49,1728,82.5,0.0,11111111,400.84,1728,0.0,0.00,316.2,400.15,0.0,0.0, , 
,401.52,1728,82.5,0.0,11111111,401.88,1696,0.0,0.00,316.2,401.18,0.0,0.0, , 
,402.56,1696,82.5,0.0,11111111,402.89,1696,0.0,0.00,316.2,402.21,0.0,0.0, , 
,403.57,1696,82.5,0.0,11111111,403.90,1696,0.0,0.00,316.2,403.24,0.0,0.0, , 
,404.60,1696,82.5,0.0,11111111,404.94,1696,0.0,0.00,316.2,404.26,0.0,0.0, , 
,405.64,1696,82.5,0.0,11111111,405.99,1696,0.0,0.00,316.2,405.29,0.0,0.0, , 
,406.67,1696,82.5,0.0,11111111,407.02,1696,0.0,0.00,316.2,406.33,0.0,0.0, , 
,407.72,1696,82.5,0.0,11111111,408.05,1696,0.0,0.00,316.2,407.38,0.0,0.0, , 
,408.74,1696,82.5,0.0,11111111,409.09,1696,0.0,0.00,316.2,408.40,0.0,0.0, , 
,409.73,1664,82.5,0.0,11111111,410.09,1664,0.0,0.00,316.2,409.40,0.0,0.0, , 
,410.75,1664,82.5,0.0,11111111,411.09,1664,0.0,0.00,316.2,410.43,0.0,0.0, , 
,411.73,1664,82.5,0.0,11111111,412.07,1664,0.0,0.00,316.2,411.41,0.0,0.0, , 
,412.77,1664,82.5,0.0,11111111,413.10,1664,0.0,0.00,316.2,412.41,0.0,0.0, , 
,413.75,1664,82.5,0.0,11111111,414.09,1664,0.0,0.00,316.2,413.42,0.0,0.0, , 
,414.77,1664,82.5,0.0,11111111,415.13,1664,0.0,0.00,316.2,414.41,0.0,0.0, , 
,415.79,1664,82.5,0.0,11111111,416.11,1664,0.0,0.00,316.2,415.48,0.0,0.0, , 
,416.81,1664,82.5,0.0,11111111,417.15,1664,0.0,0.00,316.2,416.45,0.0,0.0, , 
,417.84,1664,82.5,0.0,11111111,418.15,1664,0.0,0.00,316.2,417.49,0.0,0.0, , 
,418.79,1664,81.0,0.0,11111111,419.11,1664,0.0,0.00,316.2,418.47,0.0,0.0, , 
,419.78,1664,81.0,0.0,11111111,420.12,1664,0.0,0.00,316.2,419.45,0.0,0.0, , 
,420.82,1664,81.0,0.0,11111111,421.13,1664,0.0,0.00,316.2,420.48,0.0,0.0, , 
,421.79,1664,81.0,0.0,11111111,422.14,1664,0.0,0.00,316.2,421.45,0.0,0.0, , 
,422.80,1664,81.0,0.0,11111111,423.14,1696,0.0,0.00,316.2,422.48,0.0,0.0, , 
,423.81,1696,81.0,0.0,11111111,424.12,1696,0.0,0.00,316.2,423.47,0.0,0.0, , 
,424.79,1696,81.0,0.0,11111111,425.12,1728,0.0,0.00,316.2,424.45,0.0,0.0, , 
,425.77,1728,81.0,0.0,11111111,426.08,1728,0.0,0.00,316.2,425.44,0.0,0.0, , 
,426.71,1760,81.0,0.0,11111111,427.06,1760,0.0,0.00,316.2,426.40,0.0,0.0, , 
,427.71,1792,81.0,0.0,11111111,428.06,1792,0.0,0.00,295.8,427.40,0.0,0.0, , 
,428.76,1824,81.0,0.0,11111111,429.11,1824,0.0,0.00,295.8,428.42,0.0,0.0, , 
,429.82,1856,81.0,0.0,10111111,430.18,1856,0.0,0.00,295.8,429.45,0.0,0.0, , 
,430.87,1856,81.0,0.0,10111111,431.20,1856,0.0,0.00,295.8,430.51,0.0,0.0, , 
,431.89,1824,81.0,0.0,10111111,432.25,1824,0.0,0.00,295.8,431.55,0.0,0.0, , 
,432.98,1792,81.0,0.0,10111111,433.36,1792,0.0,0.00,295.8,432.61,0.0,0.0, , 
,434.06,1760,81.0,0.0,10111111,434.39,1760,0.0,0.00,316.2,433.71,0.0,0.0, , 
,435.07,1760,79.5,0.0,10111111,435.38,1792,0.0,0.00,316.2,434.73,0.0,0.0, , 
,436.04,1792,79.5,0.0,10111111,436.37,1792,0.0,0.00,295.8,435.70,0.0,0.0, , 
,437.06,1824,79.5,0.0,10111111,437.40,1824,0.0,0.00,295.8,436.70,0.0,0.0, , 
,438.09,1824,79.5,0.0,10111111,438.45,1824,0.0,0.00,295.8,437.75,0.0,0.0, , 
,439.14,1856,79.5,0.0,10111111,439.50,1856,0.0,0.00,295.8,438.79,0.0,0.0, , 
,440.17,1856,79.5,0.0,10111111,440.53,1856,0.0,0.00,295.8,439.83,0.0,0.0, , 
,441.22,1824,79.5,0.0,10111111,441.56,1856,0.0,0.00,295.8,440.88,0.0,0.0, , 
,442.26,1824,79.5,0.0,10111111,442.63,1856,0.0,0.00,295.8,441.90,0.0,0.0, , 
,443.30,1824,79.5,0.0,10111111,443.64,1824,0.0,0.00,295.8,442.97,0.0,0.0, , 
,444.34,1824,79.5,0.0,10111110,444.69,1824,0.0,0.00,295.8,443.98,0.0,0.0, , 
,445.41,1792,79.5,0.0,10111110,445.73,1792,0.0,0.00,295.8,445.03,0.0,0.0, , 
,446.42,1760,79.5,0.0,10111110,446.78,1760,0.0,0.00,316.2,446.10,0.0,0.0, , 
,447.47,1760,79.5,0.0,10111110,447.81,1728,0.0,0.00,316.2,447.12,0.0,0.0, , 
,448.49,1728,79.5,0.0,10111110,448.85,1728,0.0,0.00,316.2,448.14,0.0,0.0, , 
,449.49,1696,79.5,0.0,10111110,449.86,1696,22.0,3.09,316.2,449.16,0.0,0.0, , 
,450.56,1728,79.5,0.0,10101010,450.91,1696,20.8,3.09,295.8,450.21,0.0,0.0, , 
,451.64,1728,78.0,4.7,10101010,451.99,1696,20.8,3.09,295.8,451.28,0.0,0.0, , 
,452.65,1728,78.0,9.4,10101010,452.99,1728,20.8,3.09,295.8,452.31,0.0,0.0, , 
,453.73,1728,78.0,12.5,10111110,454.10,1760,22.0,3.09,316.2,453.35,0.0,0.0, , 
,454.83,1728,78.0,0.0,10111110,455.20,1728,0.0,0.00,316.2,454.47,0.0,0.0, , 
,455.91,1728,78.0,0.0,10101010,456.26,1728,19.2,3.09,295.8,455.55,0.0,0.0, , 
,456.96,1728,78.0,3.1,10101010,457.32,1728,20.8,3.09,295.8,456.60,0.0,0.0, , 
,458.03,1728,78.0,8.6,10101010,458.37,1728,22.0,3.09,316.2,457.68,0.0,0.0, , 
,459.09,1728,78.0,12.1,10101010,459.45,1728,20.8,3.09,295.8,458.72,0.0,0.0, , 
,460.16,1728,78.0,14.5,10101010,460.50,1728,20.8,3.09,295.8,459.81,0.0,0.0, , 
,461.23,1728,78.0,14.8,10101010,461.58,1728,20.8,3.09,295.8,460.87,0.0,0.0, , 
,462.29,1728,78.0,15.2,10101010,462.62,1728,22.0,3.09,316.2,461.93,0.0,0.0, , 
,463.38,1728,78.0,14.8,10101010,463.74,1728,22.0,3.09,316.2,463.01,0.0,0.0, , 
,464.43,1728,78.0,14.5,10101010,464.81,1728,22.0,3.09,316.2,464.10,0.0,0.0, , 
,465.53,1728,78.0,12.9,10101010,465.88,1728,22.0,3.09,316.2,465.17,0.0,0.0, , 
,466.64,1728,78.0,12.1,10101010,467.01,1728,22.0,3.09,316.2,466.24,0.0,0.0, , 
,467.74,1728,78.0,11.7,10111110,468.09,1696,23.5,3.09,336.6,467.39,0.0,0.0, , 
,468.78,1696,78.0,0.0,10111110,469.10,1696,0.0,0.00,316.2,468.42,0.0,0.0, , 
,469.83,1632,78.0,0.0,10111110,470.15,1632,0.0,0.00,316.2,469.46,0.0,0.0, , 
,470.85,1568,78.0,0.0,10111110,471.16,1536,0.0,0.00,336.6,470.50,0.0,0.0, , 
,472.03,1472,78.0,0.0,10111110,472.32,1440,0.0,0.00,336.6,471.59,0.0,0.0, , 
,473.01,1408,78.0,0.0,10111110,473.33,1376,0.0,0.00,336.6,472.69,0.0,0.0, , 
,474.00,1344,78.0,0.0,10111110,474.32,1376,25.1,4.12,357.0,473.66,0.0,0.0, , 
,474.96,1344,78.0,0.0,10111110,475.28,1280,25.1,3.09,336.6,474.62,0.0,0.0, , 
,475.91,1280,78.0,0.0,10111110,476.25,1280,25.1,3.09,357.0,475.59,0.0,0.0, , 
,476.89,1280,78.0,9.0,10111110,477.22,1248,25.1,4.12,357.0,476.57,0.0,0.0, , 
,477.87,1248,78.0,14.8,10111110,478.19,1248,25.1,4.12,357.0,477.55,0.0,0.0, , 
,478.80,1216,78.0,18.8,10111110,479.12,1216,25.1,4.12,357.0,478.50,0.0,0.0, , 
,479.78,1216,78.0,21.5,10111110,480.11,1216,25.1,4.12,357.0,479.44,0.0,0.0, , 
,480.76,1216,78.0,22.7,10111110,481.08,1152,25.1,4.12,357.0,480.43,0.0,0.0, , 
,481.72,1056,78.0,23.0,10111110,482.06,1088,26.7,4.12,377.4,481.40,0.0,0.0, , 
,482.68,1120,78.0,20.7,10111110,482.99,1120,25.1,4.12,357.0,482.38,0.0,0.0, , 
,483.61,1056,78.0,18.4,10111110,483.95,1024,25.1,4.12,357.0,483.29,0.0,0.0, , 
,484.53,928,78.0,16.8,10111110,484.84,896,26.7,4.12,377.4,484.23,0.0,0.0, , 
,485.44,1056,78.0,16.4,10111110,485.72,1280,22.0,3.09,316.2,485.12,0.0,0.0, , 
,486.36,1184,78.0,14.8,10111110,486.67,1184,20.8,3.09,316.2,486.04,0.0,0.0, , 
,487.33,1120,78.0,13.3,10101010,487.67,1088,28.2,4.12,377.4,487.00,0.0,0.0, , 
,488.32,1152,78.0,12.5,10101010,488.65,1152,31.0,4.12,418.2,488.00,0.0,0.0, , 
,489.32,1216,78.0,10.9,10101010,489.65,1248,40.0,6.18,499.8,488.98,0.0,0.0, , 
,490.32,1344,78.0,0.0,10101010,490.61,1440,50.2,7.21,612.0,489.97,0.0,0.0, , 
,491.25,1568,78.0,0.0,10101010,491.64,1696,54.5,8.24,652.8,490.90,0.0,0.0, , 
,492.36,1888,78.0,2.3,10101010,492.71,1984,47.1,6.18,571.2,492.00,0.0,0.0, , 
,493.39,2144,78.0,6.6,10101000,493.74,2240,51.8,7.21,591.6,493.05,0.0,0.0, , 
,494.45,2432,78.0,6.3,10101000,494.82,2560,51.8,7.21,591.6,494.08,0.0,0.0, , 
,495.50,2752,78.0,0.0,10101000,495.83,2272,0.0,0.00,295.8,495.17,0.0,0.0, , 
,496.47,1280,78.0,0.0,10111110,496.82,1024,28.2,5.15,397.8,496.16,0.0,0.0, , 
,497.52,1920,78.0,0.0,10101010,497.87,1952,20.8,3.09,295.8,497.17,0.0,0.0, , 
,498.61,2016,78.0,0.8,10101000,498.95,2048,23.5,3.09,336.6,498.23,0.0,0.0, , 
,499.66,2080,78.0,2.3,10101000,499.99,2112,29.4,4.12,377.4,499.30,0.0,0.0, , 
,500.69,2176,78.0,5.5,10101000,501.01,2208,32.5,5.15,397.8,500.33,0.0,0.0, , 
,501.67,2240,78.0,7.4,10101000,502.02,2272,36.9,5.15,438.6,501.34,0.0,0.0, , 
,502.72,2368,78.0,12.1,10101000,503.05,2400,44.3,7.21,520.2,502.38,0.0,0.0, , 
,503.74,2464,76.5,11.7,10101000,504.10,2528,42.7,6.18,499.8,503.41,0.0,0.0, , 
,504.78,2592,78.0,10.9,10101000,505.12,2624,45.9,7.21,520.2,504.44,0.0,0.0, , 
,505.80,2720,78.0,9.4,10101000,506.14,2784,59.2,9.27,652.8,505.46,0.0,0.0, , 
,506.87,2880,78.0,4.3,11101000,507.27,2912,62.0,9.27,693.6,506.53,0.0,0.0, , 
,507.79,2976,78.0,0.8,11101000,508.12,3008,60.4,8.24,673.2,507.53,0.0,0.0, , 
,508.80,2720,78.0,0.0,11111100,509.15,2176,0.0,0.00,295.8,508.48,0.0,0.0, , 
,509.82,1984,78.0,0.0,11101010,510.16,2208,19.2,3.09,275.4,509.49,0.0,0.0, , 
,510.85,2208,78.0,0.0,11101000,511.19,2208,50.2,7.21,591.6,510.50,0.0,0.0, , 
,511.86,2240,78.0,2.3,11101000,512.19,2240,54.5,8.24,632.4,511.52,0.0,0.0, , 
,512.87,2272,78.0,4.7,11101000,513.18,2304,54.5,8.24,632.4,512.52,0.0,0.0, , 
,513.90,2336,78.0,5.9,11101000,514.23,2336,53.3,8.24,612.0,513.55,0.0,0.0, , 
,514.94,2368,78.0,5.5,11101000,515.31,2368,53.3,8.24,612.0,514.58,0.0,0.0, , 
,516.02,2400,78.0,5.1,11101000,516.36,2400,53.3,7.21,612.0,515.67,0.0,0.0, , 
,517.07,2432,78.0,2.0,11101000,517.41,2432,53.3,8.24,612.0,516.70,0.0,0.0, , 
,518.13,2464,78.0,0.8,11101000,518.49,2496,53.3,7.21,612.0,517.75,0.0,0.0, , 
,519.18,2496,78.0,0.4,11101000,519.54,2496,51.8,7.21,591.6,518.83,0.0,0.0, , 
,520.23,2528,78.0,-0.4,11101000,520.57,2528,51.8,7.21,591.6,519.89,0.0,0.0, , 
,521.25,2592,78.0,-0.8,11101000,521.60,2592,62.0,9.27,693.6,520.91,0.0,0.0, , 
,522.26,2624,78.0,-2.7,11101000,522.59,2656,79.6,11.33,867.0,521.92,0.0,0.0, , 
,523.27,2720,78.0,-11.7,11101000,523.60,2720,84.3,11.33,907.8,522.94,0.0,0.0, , 
,524.25,2784,78.0,-16.4,11101000,524.60,2816,85.5,11.33,928.2,523.93,0.0,0.0, , 
,525.30,2880,78.0,-18.0,11101000,525.60,2912,85.5,11.33,928.2,524.94,0.0,0.0, , 
,526.23,2944,79.5,-18.0,11101000,526.49,2976,85.5,11.33,928.2,525.95,0.0,0.0, , 
,527.19,3040,79.5,-18.8,11101000,527.52,2592,0.0,0.00,295.8,526.76,0.0,0.0, , 
,528.23,1568,79.5,0.0,11111110,528.59,1536,28.2,5.15,377.4,527.86,0.0,0.0, , 
,529.24,2272,79.5,0.0,11101000,529.58,2272,45.9,6.18,520.2,528.91,0.0,0.0, , 
,530.26,2272,79.5,0.0,11101000,530.57,2304,72.2,11.33,775.2,529.92,0.0,0.0, , 
,531.29,2336,79.5,0.0,11101000,531.61,2336,71.0,10.30,775.2,530.92,0.0,0.0, , 
,532.30,2336,79.5,-5.1,11101001,532.65,2368,69.4,9.27,775.2,531.95,0.0,0.0, , 
,533.35,2368,79.5,-0.4,11101000,533.67,2368,57.6,8.24,652.8,532.99,0.0,0.0, , 
,534.37,2368,79.5,0.0,11101001,534.73,2400,54.5,8.24,632.4,534.02,0.0,0.0, , 
,535.38,2400,79.5,-0.4,11101001,535.73,2400,54.5,8.24,612.0,535.07,0.0,0.0, , 
,536.40,2400,79.5,0.0,11101001,536.71,2400,41.2,6.18,479.4,536.06,0.0,0.0, , 
,537.43,2400,79.5,1.2,11101001,537.80,2400,44.3,6.18,520.2,537.07,0.0,0.0, , 
,538.50,2400,81.0,2.7,11101001,538.85,2400,53.3,7.21,612.0,538.15,0.0,0.0, , 
,539.52,2400,81.0,3.5,11101001,539.87,2400,62.0,9.27,693.6,539.19,0.0,0.0, , 
,540.56,2400,81.0,0.4,11101001,540.91,2432,60.4,9.27,673.2,540.22,0.0,0.0, , 
,541.61,2432,81.0,-0.4,11101001,541.98,2432,57.6,8.24,652.8,541.27,0.0,0.0, , 
,542.72,2432,81.0,-1.2,11101001,543.07,2432,54.5,8.24,612.0,542.36,0.0,0.0, , 
,543.78,2432,81.0,0.8,11101001,544.17,2432,48.6,7.21,571.2,543.43,0.0,0.0, , 
,544.89,2432,81.0,3.1,11101001,545.25,2432,48.6,7.21,571.2,544.53,0.0,0.0, , 
,545.94,2432,81.0,3.5,11101001,546.29,2432,48.6,7.21,571.2,545.61,0.0,0.0, , 
,546.98,2432,81.0,3.9,11101001,547.34,2464,48.6,7.21,571.2,546.62,0.0,0.0, , 
,548.05,2464,81.0,3.5,11101001,548.38,2432,48.6,7.21,571.2,547.70,0.0,0.0, , 
,549.08,2464,81.0,3.5,11101001,549.44,2432,48.6,7.21,571.2,548.73,0.0,0.0, , 
,550.16,2464,81.0,3.5,11101001,550.53,2464,48.6,7.21,571.2,549.81,0.0,0.0, , 
,551.20,2464,81.0,3.1,11101001,551.57,2464,48.6,7.21,571.2,550.87,0.0,0.0, , 
,552.30,2464,81.0,3.9,11101001,552.65,2464,48.6,7.21,571.2,551.94,0.0,0.0, , 
,553.35,2464,81.0,3.9,11101001,553.70,2464,48.6,7.21,571.2,553.01,0.0,0.0, , 
,554.41,2464,81.0,3.5,11101001,554.76,2464,42.7,6.18,499.8,554.06,0.0,0.0, , 
,555.47,2432,81.0,3.5,11101001,555.81,2432,41.2,6.18,479.4,555.11,0.0,0.0, , 
,556.49,2432,81.0,3.1,11101001,556.85,2432,42.7,6.18,499.8,556.16,0.0,0.0, , 
,557.56,2432,81.0,2.7,11101001,557.92,2432,41.2,6.18,479.4,557.20,0.0,0.0, , 
,558.64,2432,81.0,3.9,11101001,558.98,2432,41.2,6.18,479.4,558.29,0.0,0.0, , 
,559.68,2432,81.0,3.1,11101001,560.06,2400,42.7,6.18,499.8,559.31,0.0,0.0, , 
,560.74,2432,81.0,2.7,11101001,561.09,2400,56.1,8.24,632.4,560.39,0.0,0.0, , 
,561.76,2432,81.0,2.3,11101001,562.13,2432,54.5,8.24,612.0,561.43,0.0,0.0, , 
,562.82,2432,81.0,3.5,11101001,563.15,2432,53.3,8.24,612.0,562.48,0.0,0.0, , 
,563.87,2432,81.0,3.5,11101001,564.22,2432,38.4,5.15,459.0,563.50,0.0,0.0, , 
,564.89,2432,82.5,3.1,11101001,565.21,2432,38.4,5.15,459.0,564.57,0.0,0.0, , 
,565.92,2400,82.5,2.7,11101001,566.25,2400,38.4,5.15,459.0,565.56,0.0,0.0, , 
,566.93,2400,82.5,3.1,11101001,567.28,2400,38.4,5.15,459.0,566.59,0.0,0.0, , 
,568.00,2400,82.5,4.3,11101001,568.36,2400,40.0,6.18,479.4,567.67,0.0,0.0, , 
,569.01,2400,82.5,4.7,11101001,569.33,2368,47.1,7.21,550.8,568.69,0.0,0.0, , 
,569.98,2400,82.5,5.5,11101001,570.36,2400,47.1,7.21,550.8,569.65,0.0,0.0, , 
,571.04,2400,82.5,6.6,11101001,571.35,2400,48.6,7.21,571.2,570.70,0.0,0.0, , 
,572.10,2400,82.5,6.3,11101001,572.49,2400,48.6,7.21,571.2,571.72,0.0,0.0, , 
,573.15,2400,82.5,5.5,11101001,573.48,2400,48.6,7.21,571.2,572.81,0.0,0.0, , 
,574.21,2400,82.5,5.1,11101001,574.57,2400,48.6,7.21,571.2,573.81,0.0,0.0, , 
,575.26,2400,82.5,4.7,11101001,575.59,2400,48.6,7.21,571.2,574.90,0.0,0.0, , 
,576.33,2400,82.5,3.9,11101001,576.67,2400,48.6,7.21,571.2,575.95,0.0,0.0, , 
,577.39,2400,82.5,4.7,11101001,577.74,2400,48.6,7.21,571.2,577.05,0.0,0.0, , 
,578.39,2400,82.5,4.3,11101001,578.75,2400,47.1,7.21,550.8,578.07,0.0,0.0, , 
,579.47,2400,82.5,3.9,11101001,579.80,2400,48.6,7.21,571.2,579.09,0.0,0.0, , 
,580.47,2400,82.5,3.9,11101001,580.82,2400,50.2,7.21,571.2,580.13,0.0,0.0, , 
,581.53,2400,82.5,2.3,11101001,581.88,2400,59.2,9.27,673.2,581.18,0.0,0.0, , 
,582.56,2400,82.5,0.0,11101001,582.90,2432,59.2,8.24,652.8,582.22,0.0,0.0, , 
,583.58,2432,82.5,-0.4,11101001,583.93,2432,57.6,8.24,652.8,583.26,0.0,0.0, , 
,584.64,2432,82.5,-0.4,11101001,585.00,2432,54.5,8.24,632.4,584.27,0.0,0.0, , 
,585.68,2432,82.5,1.6,11101001,586.04,2464,54.5,8.24,632.4,585.37,0.0,0.0, , 
,586.72,2464,82.5,2.0,11101001,587.07,2464,53.3,8.24,612.0,586.38,0.0,0.0, , 
,587.79,2464,82.5,0.8,11101001,588.14,2464,53.3,7.21,612.0,587.44,0.0,0.0, , 
,588.83,2464,82.5,0.4,11101001,589.18,2464,53.3,7.21,612.0,588.48,0.0,0.0, , 
,589.89,2464,82.5,0.4,11101001,590.24,2496,53.3,8.24,612.0,589.54,0.0,0.0, , 
,590.93,2496,82.5,0.4,11101001,591.29,2496,51.8,7.21,591.6,590.57,0.0,0.0, , 
,592.03,2496,82.5,1.2,11101001,592.39,2496,51.8,7.21,591.6,591.65,0.0,0.0, , 
,593.10,2496,82.5,3.1,11101001,593.43,2496,51.8,8.24,591.6,592.74,0.0,0.0, , 
,594.12,2496,82.5,3.5,11101001,594.45,2496,53.3,8.24,612.0,593.78,0.0,0.0, , 
,595.10,2496,82.5,0.0,11101001,595.44,2464,19.2,2.06,275.4,594.79,0.0,0.0, , 
,596.16,2464,82.5,0.0,11101001,596.52,2464,42.7,6.18,499.8,595.80,0.0,0.0, , 
,597.23,2464,82.5,2.3,11101001,597.58,2432,41.2,6.18,479.4,596.87,0.0,0.0, , 
,598.30,2432,82.5,5.1,11101001,598.64,2432,41.2,6.18,479.4,597.95,0.0,0.0, , 
,599.38,2432,82.5,5.9,11101001,599.72,2432,41.2,6.18,479.4,599.02,0.0,0.0, , 
,600.43,2432,82.5,6.3,11101001,600.78,2432,41.2,6.18,479.4,600.08,0.0,0.0, , 
,601.46,2400,82.5,6.3,11101001,601.81,2400,41.2,6.18,499.8,601.12,0.0,0.0, , 
,602.51,2400,82.5,6.6,11101001,602.85,2400,41.2,6.18,499.8,602.15,0.0,0.0, , 
,603.49,2400,82.5,6.3,11101001,603.82,2400,41.2,6.18,479.4,603.17,0.0,0.0, , 
,604.56,2400,82.5,6.3,11101001,604.94,2400,41.2,6.18,479.4,604.22,0.0,0.0, , 
,605.62,2368,82.5,4.3,11101001,605.97,2368,35.3,5.15,418.2,605.28,0.0,0.0, , 
,606.66,2336,82.5,4.3,11101001,606.99,2368,29.4,4.12,377.4,606.32,0.0,0.0, , 
,607.68,2336,82.5,4.7,11101001,608.02,2336,29.4,4.12,377.4,607.33,0.0,0.0, , 
,608.70,2304,82.5,4.3,11101001,609.01,2304,31.0,4.12,397.8,608.34,0.0,0.0, , 
,609.69,2272,82.5,4.3,11101001,610.02,2240,32.5,4.12,397.8,609.36,0.0,0.0, , 
,610.71,2240,82.5,3.1,11101001,611.04,2208,41.2,6.18,499.8,610.36,0.0,0.0, , 
,611.73,2176,82.5,5.5,11101001,612.07,2176,41.2,6.18,499.8,611.37,0.0,0.0, , 
,612.72,2144,82.5,7.4,11101001,613.06,2112,41.2,6.18,499.8,612.40,0.0,0.0, , 
,613.72,2080,82.5,5.5,11101001,614.07,2048,31.0,4.12,397.8,613.38,0.0,0.0, , 
,614.77,2016,82.5,4.3,11101001,615.12,2016,35.3,5.15,438.6,614.43,0.0,0.0, , 
,615.84,1984,82.5,3.1,11101001,616.18,1984,34.1,4.12,418.2,615.48,0.0,0.0, , 
,616.89,1952,82.5,3.9,11101011,617.27,1952,34.1,5.15,438.6,616.54,0.0,0.0, , 
,618.00,1952,82.5,3.9,11101011,618.36,1952,35.3,5.15,438.6,617.64,0.0,0.0, , 
,619.08,1952,82.5,5.5,11101011,619.45,1984,41.2,6.18,499.8,618.73,0.0,0.0, , 
,620.15,1984,82.5,9.4,11101001,620.52,1984,42.7,6.18,520.2,619.81,0.0,0.0, , 
,621.26,2016,82.5,9.8,11101001,621.62,2048,41.2,6.18,499.8,620.88,0.0,0.0, , 
,622.32,2080,82.5,10.2,11101001,622.66,2080,44.3,6.18,520.2,621.97,0.0,0.0, , 
,623.35,2144,82.5,9.0,11101001,623.67,2144,48.6,7.21,571.2,623.01,0.0,0.0, , 
,624.37,2176,82.5,5.9,11101001,624.72,2176,63.5,9.27,714.0,624.03,0.0,0.0, , 
,625.37,2240,82.5,-4.3,11101001,625.71,2240,69.4,9.27,775.2,625.05,0.0,0.0, , 
,626.38,2272,84.0,-4.7,11101001,626.71,2272,69.4,10.30,775.2,626.04,0.0,0.0, , 
,627.40,2304,82.5,-3.5,11101001,627.73,2304,69.4,10.30,775.2,627.06,0.0,0.0, , 
,628.42,2336,82.5,-0.8,11101001,628.76,2336,69.4,10.30,754.8,628.08,0.0,0.0, , 
,629.44,2336,82.5,0.0,11101001,629.79,2368,57.6,8.24,652.8,629.09,0.0,0.0, , 
,630.45,2368,82.5,2.3,11101001,630.80,2368,57.6,8.24,652.8,630.12,0.0,0.0, , 
,631.49,2368,82.5,4.7,11101001,631.84,2368,57.6,8.24,652.8,631.13,0.0,0.0, , 
,632.59,2400,82.5,7.0,11101001,632.96,2400,56.1,8.24,652.8,632.22,0.0,0.0, , 
,633.61,2400,82.5,6.6,11101001,633.97,2400,56.1,8.24,652.8,633.28,0.0,0.0, , 
,634.66,2400,82.5,7.0,11101001,635.00,2400,56.1,8.24,632.4,634.31,0.0,0.0, , 
,635.71,2432,82.5,7.0,11101001,636.04,2432,56.1,8.24,632.4,635.37,0.0,0.0, , 
,636.73,2432,82.5,5.9,11101001,637.09,2432,56.1,8.24,632.4,636.39,0.0,0.0, , 
,637.81,2432,82.5,5.5,11101001,638.17,2432,56.1,8.24,632.4,637.46,0.0,0.0, , 
,638.88,2432,82.5,6.3,11101001,639.24,2432,56.1,8.24,632.4,638.50,0.0,0.0, , 
,639.94,2432,82.5,5.5,11101001,640.30,2464,54.5,8.24,632.4,639.58,0.0,0.0, , 
,641.02,2464,82.5,3.5,11101001,641.39,2464,54.5,8.24,632.4,640.66,0.0,0.0, , 
,642.12,2464,82.5,3.9,11101001,642.50,2464,54.5,8.24,632.4,641.76,0.0,0.0, , 
,643.20,2464,82.5,3.9,11101001,643.55,2464,54.5,8.24,632.4,642.85,0.0,0.0, , 
,644.27,2496,82.5,4.3,11101001,644.61,2496,54.5,8.24,632.4,643.91,0.0,0.0, , 
,645.31,2496,82.5,2.0,11101001,645.68,2496,54.5,8.24,632.4,644.95,0.0,0.0, , 
,646.38,2496,82.5,2.3,11101001,646.73,2496,54.5,8.24,612.0,646.04,0.0,0.0, , 
,647.44,2496,82.5,2.3,11101001,647.78,2496,56.1,8.24,632.4,647.11,0.0,0.0, , 
,648.44,2496,82.5,1.6,11101001,648.78,2528,56.1,8.24,632.4,648.10,0.0,0.0, , 
,649.48,2496,82.5,1.6,11101001,649.81,2528,57.6,8.24,652.8,649.12,0.0,0.0, , 
,650.51,2528,84.0,1.6,11101001,650.84,2528,57.6,8.24,652.8,650.15,0.0,0.0, , 
,651.55,2528,84.0,1.6,11101001,651.89,2528,57.6,8.24,652.8,651.18,0.0,0.0, , 
,652.60,2528,84.0,1.2,11101001,652.94,2528,57.6,8.24,652.8,652.23,0.0,0.0, , 
,653.62,2528,84.0,0.8,11101001,653.97,2528,57.6,8.24,652.8,653.28,0.0,0.0, , 
,654.66,2560,84.0,1.2,11101001,655.00,2560,56.1,8.24,632.4,654.31,0.0,0.0, , 
,655.67,2560,84.0,2.0,11101001,656.00,2560,56.1,8.24,632.4,655.33,0.0,0.0, , 
,656.68,2560,84.0,1.6,11101001,656.99,2560,56.1,8.24,632.4,656.35,0.0,0.0, , 
,657.63,2560,84.0,1.2,11101001,657.98,2560,56.1,8.24,632.4,657.32,0.0,0.0, , 
,658.66,2560,84.0,1.6,11101001,659.00,2560,56.1,8.24,632.4,658.31,0.0,0.0, , 
,659.71,2560,84.0,1.6,11101001,660.03,2592,56.1,8.24,632.4,659.35,0.0,0.0, , 
,660.71,2592,84.0,1.2,11101001,661.04,2592,56.1,8.24,632.4,660.37,0.0,0.0, , 
,661.71,2592,84.0,2.0,11101001,662.06,2592,54.5,8.24,632.4,661.38,0.0,0.0, , 
,662.72,2592,84.0,2.0,11101001,663.07,2592,53.3,8.24,612.0,662.39,0.0,0.0, , 
,663.71,2592,84.0,3.9,11101001,664.04,2592,51.8,8.24,591.6,663.38,0.0,0.0, , 
,664.71,2592,84.0,4.7,11101001,665.06,2592,51.8,7.21,591.6,664.37,0.0,0.0, , 
,665.74,2592,84.0,4.3,11101001,666.05,2592,51.8,7.21,591.6,665.41,0.0,0.0, , 
,666.71,2592,84.0,5.1,11101001,667.05,2592,51.8,7.21,591.6,666.37,0.0,0.0, , 
,667.75,2592,84.0,4.7,11101001,668.09,2592,51.8,7.21,591.6,667.39,0.0,0.0, , 
,668.72,2592,84.0,4.7,11101001,669.03,2592,51.8,7.21,591.6,668.41,0.0,0.0, , 
,669.70,2592,84.0,4.7,11101001,670.06,2624,51.8,7.21,591.6,669.35,0.0,0.0, , 
,670.71,2624,84.0,4.3,11101001,671.05,2592,50.2,7.21,571.2,670.39,0.0,0.0, , 
,671.74,2592,84.0,3.9,11101001,672.08,2592,50.2,7.21,591.6,671.41,0.0,0.0, , 
,672.75,2592,84.0,3.5,11101001,673.07,2592,50.2,7.21,571.2,672.43,0.0,0.0, , 
,673.77,2592,84.0,4.3,11101001,674.11,2592,50.2,7.21,591.6,673.43,0.0,0.0, , 
,674.85,2592,84.0,3.9,11101001,675.17,2592,50.2,7.21,591.6,674.50,0.0,0.0, , 
,675.81,2592,84.0,3.5,11101001,676.14,2592,50.2,7.21,591.6,675.49,0.0,0.0, , 
,676.82,2592,84.0,3.9,11101001,677.14,2592,50.2,7.21,571.2,676.49,0.0,0.0, , 
,677.81,2592,84.0,4.3,11101001,678.13,2592,50.2,7.21,591.6,677.48,0.0,0.0, , 
,678.82,2592,84.0,4.3,11101001,679.14,2592,50.2,7.21,591.6,678.48,0.0,0.0, , 
,679.82,2592,84.0,3.9,11101001,680.15,2592,50.2,7.21,591.6,679.48,0.0,0.0, , 
,680.83,2592,84.0,3.9,11101001,681.17,2592,50.2,7.21,591.6,680.50,0.0,0.0, , 
,681.86,2592,84.0,4.7,11101001,682.21,2592,50.2,7.21,591.6,681.52,0.0,0.0, , 
,682.88,2592,84.0,3.9,11101001,683.20,2592,50.2,7.21,591.6,682.52,0.0,0.0, , 
,683.90,2592,84.0,3.9,11101001,684.23,2592,50.2,7.21,591.6,683.56,0.0,0.0, , 
,684.89,2592,84.0,4.3,11101001,685.24,2592,50.2,7.21,591.6,684.56,0.0,0.0, , 
,685.89,2592,84.0,4.3,11101001,686.24,2592,50.2,7.21,591.6,685.57,0.0,0.0, , 
,686.90,2592,84.0,4.3,11101001,687.24,2592,50.2,7.21,591.6,686.57,0.0,0.0, , 
,687.89,2592,84.0,3.9,11101001,688.22,2592,50.2,7.21,591.6,687.56,0.0,0.0, , 
,688.85,2592,84.0,5.9,11101001,689.21,2592,66.3,10.30,734.4,688.53,0.0,0.0, , 
,689.85,2592,84.0,0.0,11101001,690.16,2592,45.9,6.18,550.8,689.54,0.0,0.0, , 
,690.83,2592,84.0,3.1,11101001,691.17,2592,38.4,5.15,459.0,690.49,0.0,0.0, , 
,691.82,2592,84.0,4.7,11101001,692.15,2560,38.4,5.15,459.0,691.51,0.0,0.0, , 
,692.80,2560,84.0,6.6,11101001,693.13,2560,36.9,5.15,459.0,692.47,0.0,0.0, , 
,693.83,2560,84.0,6.3,11101001,694.17,2560,36.9,5.15,438.6,693.48,0.0,0.0, , 
,694.86,2528,84.0,5.1,11101001,695.20,2528,38.4,5.15,459.0,694.51,0.0,0.0, , 
,695.91,2528,84.0,5.1,11101001,696.25,2528,38.4,5.15,459.0,695.55,0.0,0.0, , 
,696.93,2496,84.0,4.7,11101001,697.27,2496,41.2,6.18,479.4,696.61,0.0,0.0, , 
,697.92,2496,84.0,2.3,11101001,698.25,2496,51.8,7.21,591.6,697.61,0.0,0.0, , 
,698.94,2496,84.0,3.1,11101001,699.28,2496,51.8,8.24,591.6,698.60,0.0,0.0, , 
,699.93,2496,84.0,4.3,11101001,700.28,2496,51.8,7.21,591.6,699.61,0.0,0.0, , 
,700.96,2496,84.0,4.7,11101001,701.29,2496,51.8,7.21,591.6,700.60,0.0,0.0, , 
,701.98,2496,84.0,4.7,11101001,702.34,2496,48.6,7.21,571.2,701.63,0.0,0.0, , 
,703.00,2496,84.0,4.7,11101001,703.35,2496,47.1,7.21,550.8,702.66,0.0,0.0, , 
,704.05,2496,84.0,5.5,11101001,704.40,2496,47.1,7.21,550.8,703.70,0.0,0.0, , 
,705.03,2496,84.0,5.1,11101001,705.35,2496,48.6,7.21,571.2,704.72,0.0,0.0, , 
,706.07,2496,84.0,5.1,11101001,706.43,2496,48.6,7.21,571.2,705.70,0.0,0.0, , 
,707.11,2496,84.0,5.1,11101001,707.46,2496,48.6,7.21,571.2,706.76,0.0,0.0, , 
,708.10,2496,84.0,4.7,11101001,708.47,2496,48.6,7.21,571.2,707.77,0.0,0.0, , 
,709.16,2496,84.0,5.9,11101001,709.51,2496,48.6,7.21,571.2,708.81,0.0,0.0, , 
,710.25,2496,84.0,5.9,11101001,710.61,2464,48.6,7.21,550.8,709.87,0.0,0.0, , 
,711.30,2464,84.0,6.6,11101001,711.67,2464,47.1,7.21,550.8,710.96,0.0,0.0, , 
,712.41,2464,84.0,6.6,11101001,712.76,2464,47.1,7.21,550.8,712.04,0.0,0.0, , 
,713.45,2464,84.0,7.0,11101001,713.82,2464,47.1,7.21,550.8,713.11,0.0,0.0, , 
,714.52,2464,84.0,6.6,11101001,714.88,2464,47.1,7.21,550.8,714.18,0.0,0.0, , 
,715.58,2464,84.0,7.0,11101001,715.93,2464,47.1,7.21,550.8,715.23,0.0,0.0, , 
,716.66,2464,84.0,6.3,11101001,717.00,2432,31.0,4.12,397.8,716.28,0.0,0.0, , 
,717.73,2432,84.0,5.1,11101001,718.07,2432,31.0,4.12,397.8,717.36,0.0,0.0, , 
,718.76,2400,84.0,4.7,11101001,719.11,2400,31.0,4.12,397.8,718.42,0.0,0.0, , 
,719.80,2400,84.0,4.7,11101001,720.14,2368,32.5,4.12,397.8,719.47,0.0,0.0, , 
,720.82,2368,84.0,3.9,11101001,721.15,2368,32.5,5.15,397.8,720.48,0.0,0.0, , 
,721.82,2368,84.0,3.5,11101001,722.14,2336,32.5,4.12,418.2,721.49,0.0,0.0, , 
,722.81,2336,84.0,3.9,11101001,723.14,2336,32.5,5.15,418.2,722.48,0.0,0.0, , 
,723.83,2304,84.0,2.3,11101001,724.18,2304,34.1,5.15,418.2,723.49,0.0,0.0, , 
,724.84,2304,84.0,3.5,11101001,725.19,2272,34.1,5.15,418.2,724.50,0.0,0.0, , 
,725.85,2272,84.0,4.7,11101001,726.18,2272,34.1,5.15,418.2,725.53,0.0,0.0, , 
,726.85,2272,84.0,3.5,11101001,727.17,2272,34.1,5.15,418.2,726.52,0.0,0.0, , 
,727.85,2240,84.0,2.7,11101001,728.18,2240,34.1,5.15,418.2,727.51,0.0,0.0, , 
,728.87,2240,84.0,2.0,11101001,729.20,2208,34.1,5.15,418.2,728.53,0.0,0.0, , 
,729.91,2208,84.0,1.6,11101001,730.27,2208,31.0,4.12,397.8,729.56,0.0,0.0, , 
,730.96,2208,84.0,1.6,11101001,731.30,2208,31.0,4.12,397.8,730.61,0.0,0.0, , 
,732.00,2176,84.0,1.2,11101001,732.36,2176,31.0,4.12,397.8,731.65,0.0,0.0, , 
,733.02,2176,84.0,4.3,11101001,733.34,2176,35.3,5.15,438.6,732.69,0.0,0.0, , 
,734.02,2144,84.0,3.9,11101001,734.37,2144,29.4,4.12,377.4,733.69,0.0,0.0, , 
,735.03,2144,84.0,2.0,11101001,735.38,2112,17.6,2.06,275.4,734.70,0.0,0.0, , 
,736.06,2112,84.0,-10.9,11101001,736.43,2080,17.6,2.06,275.4,735.72,0.0,0.0, , 
,737.13,2048,84.0,-13.7,11101001,737.49,2048,29.4,3.09,377.4,736.78,0.0,0.0, , 
,738.17,2048,84.0,-10.2,11101001,738.53,2048,41.2,5.15,499.8,737.84,0.0,0.0, , 
,739.24,2016,84.0,-2.3,11101001,739.60,2016,41.2,5.15,499.8,738.88,0.0,0.0, , 
,740.30,2016,84.0,0.4,11101001,740.65,2016,32.5,4.12,418.2,739.96,0.0,0.0, , 
,741.35,1984,84.0,2.7,11101001,741.71,1984,28.2,4.12,377.4,741.00,0.0,0.0, , 
,742.40,1952,84.0,3.9,11101011,742.77,1952,28.2,4.12,377.4,742.05,0.0,0.0, , 
,743.48,1920,84.0,5.9,11101011,743.85,1920,29.4,4.12,377.4,743.12,0.0,0.0, , 
,744.60,1888,84.0,6.6,11101011,744.96,1888,31.0,4.12,397.8,744.23,0.0,0.0, , 
,745.71,1856,84.0,6.3,11101011,746.09,1856,31.0,4.12,397.8,745.32,0.0,0.0, , 
,746.81,1824,82.5,6.6,11101011,747.18,1792,34.1,5.15,418.2,746.45,0.0,0.0, , 
,747.81,1696,82.5,0.0,11111111,748.13,1280,0.0,0.00,357.0,747.49,0.0,0.0, , 
,748.76,1184,84.0,0.0,11111111,749.10,1280,25.1,4.12,357.0,748.44,0.0,0.0, , 
,749.77,2208,84.0,0.0,11101001,750.12,2112,19.2,2.06,275.4,749.44,0.0,0.0, , 
,750.77,2080,82.5,-0.8,11101001,751.11,2080,22.0,3.09,316.2,750.45,0.0,0.0, , 
,751.81,2016,82.5,0.4,11101001,752.16,2016,38.4,5.15,479.4,751.46,0.0,0.0, , 
,752.88,1984,82.5,1.2,11101011,753.24,1984,40.0,5.15,479.4,752.52,0.0,0.0, , 
,753.99,1952,82.5,4.3,11101011,754.36,1920,40.0,5.15,479.4,753.61,0.0,0.0, , 
,755.10,1920,82.5,6.6,11101011,755.48,1888,42.7,6.18,499.8,754.73,0.0,0.0, , 
,756.22,1888,82.5,6.6,11101011,756.58,1888,54.5,8.24,632.4,755.84,0.0,0.0, , 
,757.30,1888,82.5,3.1,11101011,757.66,1888,62.0,9.27,714.0,756.95,0.0,0.0, , 
,758.38,1888,82.5,2.3,11101011,758.75,1888,63.5,9.27,714.0,758.03,0.0,0.0, , 
,759.47,1920,82.5,1.2,11101011,759.83,1920,62.0,9.27,714.0,759.11,0.0,0.0, , 
,760.56,1920,82.5,-0.4,11101011,760.91,1920,62.0,9.27,714.0,760.19,0.0,0.0, , 
,761.63,1920,82.5,0.4,11101011,762.01,1952,62.0,9.27,714.0,761.27,0.0,0.0, , 
,762.72,1920,82.5,2.0,11101011,763.09,1952,59.2,8.24,693.6,762.36,0.0,0.0, , 
,763.82,1952,82.5,0.0,11101011,764.19,1952,44.3,6.18,520.2,763.45,0.0,0.0, , 
,764.91,1920,82.5,5.1,11101011,765.30,1920,44.3,6.18,520.2,764.54,0.0,0.0, , 
,766.02,1920,82.5,7.8,11101011,766.39,1952,44.3,6.18,550.8,765.66,0.0,0.0, , 
,767.12,1952,82.5,9.8,11101011,767.47,1952,44.3,6.18,520.2,766.75,0.0,0.0, , 
,768.20,1952,82.5,9.0,11101011,768.54,1952,40.0,6.18,479.4,767.82,0.0,0.0, , 
,769.27,1920,82.5,7.4,11101011,769.63,1952,36.9,5.15,459.0,768.91,0.0,0.0, , 
,770.35,1952,82.5,7.4,11101011,770.72,1952,35.3,5.15,438.6,770.00,0.0,0.0, , 
,771.45,1952,82.5,3.1,11101011,771.82,1920,20.8,3.09,295.8,771.07,0.0,0.0, , 
,772.55,1920,82.5,-2.7,11101011,772.91,1920,23.5,3.09,336.6,772.19,0.0,0.0, , 
,773.64,1920,82.5,-2.3,11101011,774.02,1888,26.7,3.09,357.0,773.27,0.0,0.0, , 
,774.74,1888,82.5,-1.2,11101011,775.10,1888,26.7,3.09,357.0,774.38,0.0,0.0, , 
,775.85,1888,82.5,2.7,11101011,776.25,1888,26.7,3.09,357.0,775.49,0.0,0.0, , 
,776.97,1888,82.5,5.9,11101011,777.33,1888,36.9,5.15,459.0,776.61,0.0,0.0, , 
,778.06,1920,82.5,7.8,11101011,778.44,1920,41.2,6.18,499.8,777.70,0.0,0.0, , 
,779.16,1920,82.5,8.6,11101011,779.51,1920,40.0,6.18,479.4,778.80,0.0,0.0, , 
,780.25,1920,82.5,8.2,11101011,780.60,1920,40.0,6.18,479.4,779.88,0.0,0.0, , 
,781.32,1952,82.5,7.8,11101011,781.71,1952,38.4,5.15,479.4,780.97,0.0,0.0, , 
,782.42,1952,82.5,6.3,11101011,782.80,1952,38.4,5.15,479.4,782.06,0.0,0.0, , 
,783.53,1984,82.5,5.5,11101011,783.89,1984,35.3,5.15,438.6,783.16,0.0,0.0, , 
,784.61,1984,82.5,5.1,11101011,784.97,1984,36.9,5.15,459.0,784.25,0.0,0.0, , 
,785.68,1984,82.5,4.7,11101011,786.04,1984,35.3,5.15,438.6,785.32,0.0,0.0, , 
,786.77,1984,82.5,4.3,11101001,787.14,1984,36.9,5.15,459.0,786.40,0.0,0.0, , 
,787.86,2016,82.5,3.9,11101001,788.22,2016,36.9,5.15,459.0,787.51,0.0,0.0, , 
,788.93,2016,82.5,4.7,11101001,789.28,2016,34.1,5.15,438.6,788.58,0.0,0.0, , 
,789.98,2016,82.5,2.3,11101001,790.31,2016,34.1,4.12,418.2,789.62,0.0,0.0, , 
,791.02,2016,82.5,1.6,11101001,791.39,2016,34.1,4.12,438.6,790.65,0.0,0.0, , 
,792.10,2016,82.5,3.5,11101001,792.46,2016,34.1,5.15,438.6,791.74,0.0,0.0, , 
,793.15,2016,82.5,4.7,11101001,793.51,2016,34.1,4.12,418.2,792.81,0.0,0.0, , 
,794.22,2016,82.5,3.1,11101001,794.56,2016,25.1,3.09,336.6,793.88,0.0,0.0, , 
,795.27,2016,82.5,0.4,11101001,795.63,2016,25.1,3.09,336.6,794.91,0.0,0.0, , 
,796.35,1984,82.5,0.0,11101001,796.69,1984,25.1,3.09,336.6,796.01,0.0,0.0, , 
,797.38,1984,82.5,0.0,11101001,797.74,1984,25.1,3.09,336.6,797.04,0.0,0.0, , 
,798.47,1984,82.5,0.4,11101011,798.83,1984,26.7,3.09,357.0,798.10,0.0,0.0, , 
,799.54,1952,82.5,2.0,11101011,799.90,1984,26.7,3.09,357.0,799.20,0.0,0.0, , 
,800.63,1952,82.5,2.7,11101011,801.01,1952,26.7,4.12,357.0,800.26,0.0,0.0, , 
,801.71,1952,82.5,3.1,11101011,802.08,1952,28.2,4.12,377.4,801.35,0.0,0.0, , 
,802.80,1920,82.5,4.3,11101011,803.16,1952,28.2,4.12,377.4,802.44,0.0,0.0, , 
,803.88,1920,82.5,4.7,11101011,804.25,1920,28.2,4.12,377.4,803.51,0.0,0.0, , 
,804.98,1920,82.5,5.1,11101011,805.33,1920,29.4,4.12,377.4,804.60,0.0,0.0, , 
,806.05,1920,82.5,5.1,11101011,806.41,1920,42.7,6.18,499.8,805.68,0.0,0.0, , 
,807.13,1952,82.5,7.8,11101011,807.49,1952,44.3,6.18,520.2,806.76,0.0,0.0, , 
,808.21,1952,82.5,7.0,11101011,808.55,1984,29.4,4.12,397.8,807.84,0.0,0.0, , 
,809.27,1952,82.5,3.9,11101011,809.63,1952,26.7,4.12,357.0,808.91,0.0,0.0, , 
,810.36,1952,82.5,3.5,11101011,810.71,1952,29.4,4.12,377.4,809.99,0.0,0.0, , 
,811.43,1952,82.5,3.5,11101011,811.80,1952,31.0,4.12,397.8,811.08,0.0,0.0, , 
,812.52,1952,82.5,3.5,11101011,812.88,1952,31.0,4.12,397.8,812.15,0.0,0.0, , 
,813.60,1952,82.5,2.7,11101011,813.97,1952,31.0,4.12,397.8,813.23,0.0,0.0, , 
,814.68,1952,82.5,2.7,11101011,815.05,1952,32.5,4.12,397.8,814.33,0.0,0.0, , 
,815.76,1952,82.5,4.7,11101011,816.11,1952,42.7,6.18,520.2,815.40,0.0,0.0, , 
,816.84,1984,82.5,7.4,11101011,817.20,1984,42.7,6.18,499.8,816.46,0.0,0.0, , 
,817.90,1984,82.5,9.0,11101001,818.26,1984,41.2,6.18,499.8,817.55,0.0,0.0, , 
,819.00,2016,82.5,7.8,11101001,819.35,2016,40.0,6.18,479.4,818.63,0.0,0.0, , 
,820.07,2016,82.5,7.0,11101001,820.43,2016,40.0,5.15,479.4,819.72,0.0,0.0, , 
,821.13,2016,82.5,4.3,11101001,821.47,2016,38.4,5.15,479.4,820.78,0.0,0.0, , 
,822.17,2048,82.5,3.5,11101001,822.53,2048,40.0,5.15,479.4,821.83,0.0,0.0, , 
,823.26,2048,82.5,3.5,11101001,823.60,2048,38.4,5.15,479.4,822.89,0.0,0.0, , 
,824.31,2048,82.5,2.7,11101001,824.67,2080,28.2,4.12,377.4,823.96,0.0,0.0, , 
,825.37,2080,82.5,2.0,11101001,825.71,2048,28.2,4.12,377.4,825.02,0.0,0.0, , 
,826.41,2048,82.5,1.6,11101001,826.77,2048,31.0,4.12,397.8,826.07,0.0,0.0, , 
,827.46,2048,82.5,3.9,11101001,827.81,2048,31.0,4.12,397.8,827.11,0.0,0.0, , 
,828.50,2048,82.5,4.3,11101001,828.84,2048,31.0,4.12,397.8,828.15,0.0,0.0, , 
,829.55,2048,82.5,6.3,11101001,829.89,2048,40.0,6.18,479.4,829.20,0.0,0.0, , 
,830.62,2080,82.5,7.0,11101001,830.97,2080,42.7,6.18,499.8,830.25,0.0,0.0, , 
,831.68,2080,82.5,8.2,11101001,832.03,2080,41.2,6.18,499.8,831.33,0.0,0.0, , 
,832.71,2112,82.5,7.4,11101001,833.05,2112,41.2,6.18,499.8,832.36,0.0,0.0, , 
,833.76,2080,82.5,6.6,11101001,834.11,2112,40.0,6.18,479.4,833.40,0.0,0.0, , 
,834.80,2112,82.5,6.6,11101001,835.15,2144,40.0,5.15,479.4,834.45,0.0,0.0, , 
,835.85,2112,82.5,4.3,11101001,836.20,2112,26.7,4.12,357.0,835.50,0.0,0.0, , 
,836.89,2112,82.5,-0.4,11101001,837.25,2112,25.1,3.09,336.6,836.54,0.0,0.0, , 
,837.94,2112,82.5,-2.0,11101001,838.27,2112,23.5,3.09,336.6,837.59,0.0,0.0, , 
,838.96,2080,82.5,-3.9,11101001,839.31,2080,25.1,3.09,336.6,838.62,0.0,0.0, , 
,840.03,2080,82.5,-4.7,11101001,840.37,2048,25.1,3.09,336.6,839.68,0.0,0.0, , 
,841.07,2048,82.5,-5.5,11101001,841.42,2048,25.1,3.09,336.6,840.70,0.0,0.0, , 
,842.12,2048,82.5,-2.7,11101001,842.49,2016,25.1,3.09,336.6,841.77,0.0,0.0, , 
,843.18,2016,82.5,0.4,11101001,843.56,1984,26.7,3.09,357.0,842.83,0.0,0.0, , 
,844.29,1984,82.5,0.8,11101011,844.63,1952,19.2,2.06,295.8,843.92,0.0,0.0, , 
,845.36,1952,82.5,-10.2,11101011,845.73,1920,16.1,2.06,275.4,844.98,0.0,0.0, , 
,846.42,1888,82.5,-11.7,11111111,846.80,1888,0.0,0.00,295.8,846.09,0.0,0.0, , 
,847.46,1824,82.5,0.0,11111111,847.83,1792,0.0,0.00,316.2,847.12,0.0,0.0, , 
,848.60,1760,82.5,0.0,11101011,848.96,1760,20.8,3.09,295.8,848.21,0.0,0.0, , 
,849.68,1760,82.5,0.0,11101011,850.02,1728,23.5,3.09,336.6,849.33,0.0,0.0, , 
,850.68,1536,82.5,0.0,11111111,851.01,1120,25.1,4.12,357.0,850.38,0.0,0.0, , 
,851.65,1248,82.5,0.0,11101011,851.98,1952,22.0,3.09,316.2,851.34,0.0,0.0, , 
,852.66,2208,82.5,-2.3,11101001,853.00,2208,17.6,2.06,244.8,852.32,0.0,0.0, , 
,853.71,2144,82.5,-3.5,11101001,854.08,2144,22.0,3.09,295.8,853.35,0.0,0.0, , 
,854.77,2112,82.5,-0.8,11101001,855.10,2112,36.9,5.15,459.0,854.43,0.0,0.0, , 
,855.76,2144,82.5,4.3,11101001,856.11,2144,40.0,5.15,479.4,855.43,0.0,0.0, , 
,856.78,2176,82.5,8.2,11101001,857.12,2176,40.0,6.18,479.4,856.44,0.0,0.0, , 
,857.80,2208,82.5,9.0,11101001,858.14,2208,35.3,5.15,438.6,857.45,0.0,0.0, , 
,858.81,2208,82.5,6.3,11101001,859.14,2208,17.6,2.06,275.4,858.47,0.0,0.0, , 
,859.80,2208,82.5,-2.7,11111101,860.15,2144,16.1,2.06,244.8,859.48,0.0,0.0, , 
,860.84,2112,82.5,0.0,11111101,861.18,2080,0.0,0.00,244.8,860.48,0.0,0.0, , 
,861.88,2048,82.5,0.0,11111101,862.24,1984,0.0,0.00,244.8,861.52,0.0,0.0, , 
,862.94,1824,82.5,0.0,11111111,863.32,1760,0.0,0.00,295.8,862.58,0.0,0.0, , 
,864.00,1696,82.5,0.0,11111111,864.34,1664,0.0,0.00,316.2,863.66,0.0,0.0, , 
,865.05,1600,82.5,0.0,11101011,865.41,1600,31.0,4.12,397.8,864.68,0.0,0.0, , 
,866.11,1632,82.5,5.5,11101011,866.46,1632,45.9,7.21,550.8,865.76,0.0,0.0, , 
,867.20,1664,82.5,0.0,11101011,867.54,1696,48.6,7.21,591.6,866.82,0.0,0.0, , 
,868.26,1728,82.5,7.4,11101011,868.61,1728,35.3,5.15,459.0,867.88,0.0,0.0, , 
,869.35,1728,82.5,10.2,11101011,869.69,1696,25.1,3.09,357.0,868.99,0.0,0.0, , 
,870.42,1696,82.5,10.9,11101011,870.79,1728,31.0,4.12,397.8,870.04,0.0,0.0, , 
,871.56,1696,82.5,11.7,11101011,871.92,1728,31.0,4.12,397.8,871.18,0.0,0.0, , 
,872.65,1728,82.5,12.5,11101011,873.04,1728,29.4,4.12,397.8,872.28,0.0,0.0, , 
,873.79,1696,82.5,10.2,11101011,874.15,1728,26.7,4.12,357.0,873.42,0.0,0.0, , 
,874.86,1728,82.5,10.5,11101011,875.22,1728,31.0,4.12,397.8,874.51,0.0,0.0, , 
,875.94,1728,82.5,8.6,11101011,876.29,1728,22.0,3.09,316.2,875.58,0.0,0.0, , 
,876.98,1696,82.5,6.6,11111111,877.31,1664,22.0,3.09,316.2,876.64,0.0,0.0, , 
,878.03,1600,82.5,8.2,11111111,878.38,1536,23.5,3.09,336.6,877.68,0.0,0.0, , 
,879.18,1408,82.5,10.5,11111111,879.52,1376,23.5,3.09,336.6,878.84,0.0,0.0, , 
,880.18,1280,82.5,9.8,11111111,880.49,1216,23.5,3.09,357.0,879.84,0.0,0.0, , 
,881.12,1120,82.5,12.9,11111111,881.43,1088,26.7,4.12,377.4,880.81,0.0,0.0, , 
,882.07,1056,82.5,16.0,11111111,882.40,1056,26.7,4.12,377.4,881.75,0.0,0.0, , 
,883.02,1056,82.5,14.5,11111111,883.34,1024,26.7,4.12,377.4,882.71,0.0,0.0, , 
,883.95,1024,82.5,14.1,11111111,884.23,1024,25.1,4.12,357.0,883.64,0.0,0.0, , 
,884.89,960,82.5,13.3,11111111,885.19,928,26.7,4.12,377.4,884.58,0.0,0.0, , 
,885.78,928,82.5,12.5,11111111,886.07,928,25.1,4.12,377.4,885.48,0.0,0.0, , 
,886.68,928,82.5,11.7,11111111,887.00,928,25.1,4.12,377.4,886.37,0.0,0.0, , 
,887.59,864,82.5,10.9,11111111,887.89,800,23.5,3.09,377.4,887.30,0.0,0.0, , 
,888.47,768,82.5,10.5,11111111,888.77,768,29.4,4.12,418.2,888.19,0.0,0.0, , 
,889.37,800,82.5,7.8,11111111,889.67,768,28.2,4.12,418.2,889.06,0.0,0.0, , 
,890.28,768,82.5,6.3,11111111,890.58,768,28.2,4.12,418.2,889.98,0.0,0.0, , 
,891.20,768,82.5,5.9,11111111,891.48,800,28.2,4.12,418.2,890.88,0.0,0.0, , 
,892.07,768,82.5,6.6,11111111,892.38,800,28.2,4.12,418.2,891.79,0.0,0.0, , 
,892.98,800,82.5,7.0,11111111,893.26,800,28.2,4.12,397.8,892.68,0.0,0.0, , 
,893.85,768,82.5,7.4,11111111,894.14,800,28.2,4.12,418.2,893.56,0.0,0.0, , 
,894.72,800,82.5,7.0,11111111,895.03,768,28.2,4.12,418.2,894.43,0.0,0.0, , 
,895.62,800,84.0,6.6,11111111,895.94,800,28.2,4.12,397.8,895.33,0.0,0.0, , 
,896.55,768,84.0,6.3,11111111,896.86,768,26.7,4.12,397.8,896.24,0.0,0.0, , 
,897.45,768,84.0,4.3,11111111,897.74,800,26.7,3.09,397.8,897.16,0.0,0.0, , 
,898.36,736,84.0,-0.8,10101011,898.68,800,34.1,4.12,479.4,898.03,0.0,0.0, , 
,899.28,1120,84.0,-2.3,10111111,899.59,1088,23.5,3.09,357.0,899.00,0.0,0.0, , 
,900.19,896,84.0,1.2,10101011,900.50,928,29.4,4.12,418.2,899.89,0.0,0.0, , 
,901.14,1216,84.0,5.5,10101011,901.49,1344,26.7,4.12,377.4,900.82,0.0,0.0, , 
,902.12,1248,84.0,0.0,10101011,902.49,1696,71.0,11.33,826.2,901.80,0.0,0.0, , 
,903.19,1760,84.0,0.0,10101011,903.48,1344,78.4,12.36,887.4,902.83,0.0,0.0, , 
,904.19,2016,84.0,0.0,11101001,904.53,2272,53.3,5.15,673.2,903.84,0.0,0.0, , 
,905.18,1312,84.0,0.0,11101011,905.49,1248,34.1,5.15,438.6,904.84,0.0,0.0, , 
,906.13,1184,84.0,0.0,11101011,906.45,1216,51.8,8.24,612.0,905.79,0.0,0.0, , 
,907.08,1312,84.0,0.0,11101011,907.44,1408,72.2,11.33,846.6,906.77,0.0,0.0, , 
,908.14,1600,84.0,0.0,11101011,908.52,1664,44.3,5.15,550.8,907.79,0.0,0.0, , 
,909.29,1696,84.0,3.5,11101011,909.66,1696,34.1,4.12,418.2,908.90,0.0,0.0, , 
,910.34,1696,84.0,5.5,11101011,910.72,1696,35.3,5.15,459.0,909.99,0.0,0.0, , 
,911.45,1728,84.0,6.6,11101011,911.81,1728,23.5,3.09,336.6,911.09,0.0,0.0, , 
,912.52,1664,84.0,5.5,11101011,912.87,1664,22.0,3.09,316.2,912.18,0.0,0.0, , 
,913.58,1568,84.0,5.1,11101011,913.95,1600,34.1,5.15,438.6,913.21,0.0,0.0, , 
,914.64,1568,84.0,8.6,11101011,915.01,1600,59.2,9.27,693.6,914.28,0.0,0.0, , 
,915.71,1728,84.0,0.0,11101011,916.06,1792,63.5,9.27,734.4,915.37,0.0,0.0, , 
,916.77,1888,84.0,3.9,11101011,917.12,1952,59.2,8.24,673.2,916.41,0.0,0.0, , 
,917.82,2048,84.0,6.3,11101001,918.19,2080,59.2,8.24,673.2,917.47,0.0,0.0, , 
,918.85,2208,84.0,6.6,11101001,919.20,2272,67.8,10.30,754.8,918.52,0.0,0.0, , 
,919.88,2400,84.0,3.5,11101001,920.25,2464,67.8,10.30,754.8,919.53,0.0,0.0, , 
,920.93,2592,84.0,3.5,11101001,921.27,2656,65.1,9.27,714.0,920.58,0.0,0.0, , 
,921.96,2816,84.0,5.1,11101001,922.30,2784,0.0,0.00,479.4,921.61,0.0,0.0, , 
,923.00,1792,84.0,0.0,11111111,923.38,1824,26.7,4.12,357.0,922.63,0.0,0.0, , 
,924.09,1728,84.0,0.0,11101011,924.46,1696,42.7,5.15,520.2,923.76,0.0,0.0, , 
,925.15,1632,84.0,10.5,11101011,925.52,1600,26.7,4.12,357.0,924.80,0.0,0.0, , 
,926.23,1536,84.0,10.5,11101011,926.48,1504,25.1,3.09,357.0,925.86,0.0,0.0, , 
,927.12,1440,84.0,10.9,11101011,927.46,1408,31.0,4.12,397.8,926.75,0.0,0.0, , 
,928.16,1376,84.0,0.0,11101011,928.48,1376,71.0,10.30,846.6,927.80,0.0,0.0, , 
,929.09,1408,84.0,0.0,11111111,929.50,1472,23.5,3.09,336.6,928.79,0.0,0.0, , 
,930.19,1280,84.0,3.1,11111111,930.50,1088,25.1,3.09,357.0,929.86,0.0,0.0, , 
,931.17,1056,84.0,4.7,11111111,931.44,1440,23.5,3.09,336.6,930.84,0.0,0.0, , 
,932.08,1312,84.0,9.8,11101011,932.38,1280,26.7,4.12,357.0,931.76,0.0,0.0, , 
,933.04,1248,85.5,14.5,11101011,933.37,1248,42.7,6.18,520.2,932.71,0.0,0.0, , 
,934.01,1280,85.5,0.0,11101011,934.35,1344,65.1,9.27,775.2,933.69,0.0,0.0, , 
,934.95,1472,85.5,0.0,11101011,935.31,1568,75.3,11.33,867.0,934.66,0.0,0.0, , 
,936.03,1728,85.5,-1.2,11101011,936.38,1792,66.3,9.27,754.8,935.67,0.0,0.0, , 
,937.05,1824,85.5,0.0,11101011,937.43,1792,40.0,4.12,479.4,936.72,0.0,0.0, , 
,938.16,1824,85.5,8.2,11101011,938.51,1856,54.5,7.21,652.8,937.78,0.0,0.0, , 
,939.24,1984,85.5,16.4,11101011,939.59,2016,63.5,9.27,734.4,938.88,0.0,0.0, , 
,940.29,2112,85.5,14.1,11101001,940.62,2176,69.4,10.30,775.2,939.93,0.0,0.0, , 
,941.28,2272,85.5,14.1,11101001,941.62,2336,66.3,9.27,754.8,940.95,0.0,0.0, , 
,942.30,2432,85.5,14.8,11101001,942.65,2528,69.4,10.30,775.2,941.93,0.0,0.0, , 
,943.27,2656,85.5,10.5,11101001,943.61,2720,75.3,11.33,826.2,942.97,0.0,0.0, , 
,944.26,2752,85.5,0.0,11111101,944.59,2304,0.0,0.00,295.8,943.94,0.0,0.0, , 
,945.34,1792,85.5,0.0,11101011,945.70,1760,42.7,6.18,520.2,944.96,0.0,0.0, , 
,946.43,1728,85.5,0.0,11101011,946.78,1760,81.2,11.33,928.2,946.06,0.0,0.0, , 
,947.47,1824,85.5,0.0,11101011,947.84,1856,82.7,11.33,928.2,947.11,0.0,0.0, , 
,948.58,1920,85.5,-2.7,11101011,948.94,1952,81.2,11.33,907.8,948.21,0.0,0.0, , 
,949.64,2016,85.5,-0.8,11101001,950.00,2048,71.0,9.27,795.6,949.29,0.0,0.0, , 
,950.69,2048,85.5,0.0,11101001,951.05,2080,59.2,8.24,673.2,950.34,0.0,0.0, , 
,951.75,2080,85.5,0.0,11101001,952.08,2048,48.6,7.21,571.2,951.38,0.0,0.0, , 
,952.79,2048,85.5,6.3,11101001,953.15,2048,42.7,6.18,520.2,952.43,0.0,0.0, , 
,953.85,2048,85.5,9.4,11101001,954.18,2048,44.3,6.18,520.2,953.50,0.0,0.0, , 
,954.89,2016,85.5,10.2,11101001,955.25,2016,42.7,6.18,520.2,954.55,0.0,0.0, , 
,955.95,2016,85.5,10.9,11101001,956.31,1984,0.0,0.00,418.2,955.60,0.0,0.0, , 
,956.90,1088,85.5,0.0,11111111,957.21,1056,28.2,4.12,397.8,956.60,0.0,0.0, , 
,957.85,1184,85.5,0.0,11111111,958.18,1120,22.0,3.09,336.6,957.54,0.0,0.0, , 
,958.82,928,85.5,0.0,11111111,959.15,832,26.7,3.09,397.8,958.51,0.0,0.0, , 
,959.78,864,85.5,0.8,11111111,960.08,896,28.2,3.09,397.8,959.46,0.0,0.0, , 
,960.72,896,85.5,3.9,11111111,961.04,896,28.2,4.12,397.8,960.39,0.0,0.0, , 
,961.66,896,85.5,7.4,11111111,961.97,896,28.2,4.12,397.8,961.36,0.0,0.0, , 
,962.61,896,85.5,9.8,11111111,962.91,864,28.2,4.12,397.8,962.29,0.0,0.0, , 
,963.57,896,85.5,11.3,11111111,963.91,928,28.2,4.12,397.8,963.24,0.0,0.0, , 
,964.60,992,85.5,12.1,11101011,964.95,960,34.1,5.15,438.6,964.25,0.0,0.0, , 
,965.48,960,85.5,0.0,11101011,965.79,992,45.9,6.18,571.2,965.22,0.0,0.0, , 
,966.43,1088,85.5,0.0,11101011,966.78,1152,60.4,9.27,714.0,966.10,0.0,0.0, , 
,967.43,1312,87.0,-1.2,11101011,967.78,1376,53.3,7.21,632.4,967.10,0.0,0.0, , 
,968.50,1504,85.5,1.6,11101011,968.85,1568,51.8,7.21,632.4,968.13,0.0,0.0, , 
,969.56,1696,87.0,5.5,11101011,969.88,1760,48.6,7.21,591.6,969.21,0.0,0.0, , 
,970.63,1888,87.0,9.8,11101011,971.01,1952,44.3,7.21,550.8,970.27,0.0,0.0, , 
,971.73,2048,87.0,12.9,11101001,972.08,2080,41.2,6.18,499.8,971.37,0.0,0.0, , 
,972.74,2176,85.5,11.7,11101001,973.07,2208,40.0,6.18,479.4,972.41,0.0,0.0, , 
,973.75,2304,85.5,10.9,11101001,974.08,2336,48.6,7.21,571.2,973.41,0.0,0.0, , 
,974.73,2432,85.5,10.5,11101001,975.06,2176,0.0,0.00,316.2,974.40,0.0,0.0, , 
,975.71,1120,85.5,0.0,11111111,976.01,992,28.2,4.12,397.8,975.44,0.0,0.0, , 
,976.63,1152,87.0,0.0,11111111,976.94,1152,23.5,4.12,357.0,976.33,0.0,0.0, , 
,977.54,1024,87.0,0.0,11111111,977.85,928,23.5,3.09,357.0,977.25,0.0,0.0, , 
,978.43,864,85.5,0.8,11111111,978.73,864,28.2,3.09,397.8,978.15,0.0,0.0, , 
,979.32,896,85.5,4.3,11111111,979.61,896,28.2,4.12,397.8,979.01,0.0,0.0, , 
,980.22,896,85.5,7.4,11111111,980.52,896,28.2,4.12,397.8,979.90,0.0,0.0, , 
,981.14,896,85.5,9.8,11111111,981.45,896,28.2,4.12,397.8,980.83,0.0,0.0, , 
,982.06,896,85.5,10.2,11111111,982.36,896,26.7,4.12,397.8,981.75,0.0,0.0, , 
,982.96,896,85.5,10.2,11111111,983.28,896,26.7,4.12,397.8,982.67,0.0,0.0, , 
,983.88,896,85.5,10.2,11111111,984.19,896,26.7,4.12,397.8,983.58,0.0,0.0, , 
,984.79,864,85.5,10.2,11111111,985.09,864,28.2,4.12,397.8,984.50,0.0,0.0, , 
,985.71,864,87.0,10.2,11111111,986.02,864,28.2,4.12,418.2,985.40,0.0,0.0, , 
,986.63,896,87.0,9.4,11111111,986.95,864,28.2,4.12,397.8,986.32,0.0,0.0, , 
,987.56,864,87.0,8.6,11111111,987.87,864,29.4,4.12,418.2,987.26,0.0,0.0, , 
,988.50,896,87.0,7.8,11111111,988.81,896,28.2,4.12,397.8,988.18,0.0,0.0, , 
,989.40,832,87.0,7.4,11111111,989.70,800,26.7,4.12,397.8,989.11,0.0,0.0, , 
,990.31,768,87.0,7.4,11111111,990.60,800,29.4,4.12,438.6,990.00,0.0,0.0, , 
,991.22,800,87.0,7.4,11111111,991.51,800,28.2,4.12,418.2,990.93,0.0,0.0, , 
,992.09,800,87.0,7.4,11111111,992.39,800,28.2,4.12,418.2,991.81,0.0,0.0, , 
,992.99,800,87.0,8.6,11111111,993.30,800,28.2,4.12,418.2,992.69,0.0,0.0, , 
,993.90,800,87.0,9.0,11111111,994.20,800,28.2,4.12,418.2,993.60,0.0,0.0, , 
,994.81,800,87.0,9.4,11111111,995.13,800,28.2,4.12,418.2,994.51,0.0,0.0, , 
,995.72,768,87.0,9.4,11111111,996.01,800,28.2,4.12,418.2,995.43,0.0,0.0, , 
,996.62,704,87.0,10.5,11101011,996.92,768,36.9,5.15,499.8,996.34,0.0,0.0, , 
,997.53,832,87.0,10.5,11101011,997.82,704,36.9,5.15,499.8,997.23,0.0,0.0, , 
,998.44,832,87.0,0.0,11111111,998.74,928,34.1,4.12,479.4,998.14,0.0,0.0, , 
,999.35,768,87.0,0.0,11111111,999.65,800,31.0,4.12,438.6,999.04,0.0,0.0, , 
,1000.25,768,87.0,0.8,11111111,1000.53,800,32.5,4.12,459.0,999.93,0.0,0.0, , 
,1001.12,800,87.0,3.5,11111111,1001.42,800,31.0,4.12,438.6,1000.82,0.0,0.0, , 
,1002.04,800,87.0,5.5,11111111,1002.34,800,29.4,4.12,438.6,1001.73,0.0,0.0, , 
,1002.97,800,87.0,6.6,11111111,1003.26,768,29.4,4.12,438.6,1002.65,0.0,0.0, , 
,1003.86,928,87.0,7.0,11111111,1004.17,928,31.0,4.12,438.6,1003.56,0.0,0.0, , 
,1004.76,896,87.0,7.0,11111111,1005.08,896,29.4,4.12,418.2,1004.47,0.0,0.0, , 
,1005.69,896,87.0,7.4,11111111,1006.01,864,29.4,4.12,418.2,1005.39,0.0,0.0, , 
,1006.61,832,87.0,7.4,11111111,1006.91,832,32.5,5.15,459.0,1006.31,0.0,0.0, , 
,1007.54,864,87.0,5.5,11111111,1007.85,864,32.5,4.12,438.6,1007.23,0.0,0.0, , 
,1008.45,896,87.0,3.9,11111111,1008.75,896,31.0,4.12,438.6,1008.16,0.0,0.0, , 
,1009.36,928,87.0,4.3,11111111,1009.66,896,29.4,4.12,418.2,1009.06,0.0,0.0, , 
,1010.28,896,87.0,6.3,11111111,1010.59,928,31.0,4.12,438.6,1009.97,0.0,0.0, , 
,1011.22,928,87.0,7.8,11111111,1011.52,896,26.7,4.12,397.8,1010.91,0.0,0.0, , 
,1012.12,768,87.0,7.8,11111111,1012.41,768,29.4,4.12,438.6,1011.82,0.0,0.0, , 
,1013.01,800,87.0,7.8,11111111,1013.31,800,29.4,4.12,418.2,1012.70,0.0,0.0, , 
,1013.89,800,87.0,7.4,11111111,1014.19,800,29.4,4.12,418.2,1013.60,0.0,0.0, , 
,1014.78,800,87.0,7.4,11111111,1015.08,800,29.4,4.12,418.2,1014.48,0.0,0.0, , 
,1015.69,800,87.0,7.8,11111111,1015.99,768,28.2,4.12,418.2,1015.39,0.0,0.0, , 
,1016.61,800,87.0,7.8,11111111,1016.90,800,28.2,4.12,418.2,1016.29,0.0,0.0, , 
,1017.49,800,87.0,7.4,11111111,1017.80,800,28.2,4.12,418.2,1017.20,0.0,0.0, , 
,1018.40,800,87.0,7.4,10111111,1018.71,800,28.2,4.12,418.2,1018.10,0.0,0.0, , 
,1019.30,800,87.0,7.0,10111111,1019.60,800,28.2,4.12,418.2,1019.01,0.0,0.0, , 
,1020.20,800,87.0,6.6,10111111,1020.48,800,28.2,4.12,418.2,1019.90,0.0,0.0, , 
,1021.07,800,87.0,6.6,10111111,1021.37,800,28.2,4.12,418.2,1020.78,0.0,0.0, , 
,1021.98,800,88.5,6.6,10111111,1022.28,800,28.2,4.12,418.2,1021.68,0.0,0.0, , 
