Niedziela,23,Sierpień,2026,18:24:09:00009-VCID:1C3761778CABCE7337-515A,Wersja VCDS: AKP 23.3.1,Wersja danych: 20230601 DS346.2
047 906 033 L,,1.4l SIMOS3PA   00HS5401,

,Grupa A:,'001,,,,Grupa B:,'002,,,,Grupa C:,'032
,,Obroty silnika,Temperatura,Lambda,Bity binarnie,,Obroty silnika,Obciążenie,Czas wtrysku,Ciśnienie rzecz.,,Lambda,Lambda, , 
,CZAS,,,,,CZAS,,,,,CZAS,,,,
Znacznik,ZAPISU, /min,*C, %,,ZAPISU, /min, %, ms, mbar,ZAPISU, %, %,,
,0.30,768,94.5,3.1,00111111,0.61,768,26.7,3.09,397.8,0.01,-2.3,0.0, , 
,1.21,800,94.5,3.1,00111111,1.50,800,26.7,3.09,397.8,0.91,-1.6,0.0, , 
,2.11,800,94.5,3.1,00111111,2.41,800,26.7,3.09,397.8,1.82,-1.6,0.0, , 
,3.00,800,93.0,3.1,00111111,3.30,800,26.7,3.09,397.8,2.70,-1.6,0.0, , 
,3.90,800,93.0,2.7,00111111,4.19,800,26.7,3.09,397.8,3.60,-0.8,0.0, , 
,4.80,800,93.0,2.7,00111111,5.10,768,26.7,3.09,397.8,4.51,-0.8,0.0, , 
,5.70,800,93.0,2.7,00111111,5.99,800,26.7,3.09,397.8,5.39,-0.8,0.0, , 
,6.58,800,93.0,2.3,00111111,6.88,800,26.7,3.09,397.8,6.29,-0.8,0.0, , 
,7.47,800,93.0,2.3,00111111,7.78,800,25.1,3.09,397.8,7.18,-0.8,0.0, , 
,8.37,800,93.0,2.3,00111111,8.68,800,25.1,3.09,397.8,8.08,-0.8,0.0, , 
,9.27,800,93.0,1.6,00111111,9.57,800,25.1,3.09,397.8,8.97,-0.8,0.0, , 
,10.17,800,91.5,1.6,00111111,10.47,768,25.1,3.09,397.8,9.86,-0.8,0.0, , 
,11.07,800,91.5,2.0,00111111,11.37,800,25.1,3.09,397.8,10.77,-0.8,0.0, , 
,12.00,768,91.5,2.0,00111111,12.30,800,25.1,3.09,397.8,11.69,-0.8,0.0, , 
,12.90,768,91.5,2.0,00111111,13.20,800,25.1,3.09,397.8,12.59,0.0,0.0, , 
,13.81,768,91.5,2.0,00111111,14.11,768,25.1,3.09,397.8,13.51,0.0,0.0, , 
,14.71,768,91.5,2.0,00111111,15.00,768,25.1,3.09,397.8,14.40,0.0,0.0, , 
,15.59,800,91.5,2.0,00111111,15.89,800,25.1,3.09,397.8,15.30,0.0,0.0, , 
,16.48,768,91.5,2.0,00111111,16.79,768,25.1,3.09,397.8,16.19,0.0,0.0, , 
,17.40,800,91.5,2.0,00111111,17.70,768,25.1,3.09,397.8,17.09,0.0,0.0, , 
,18.30,800,91.5,2.0,00111111,18.60,768,25.1,3.09,397.8,18.01,0.0,0.0, , 
,19.22,800,91.5,1.6,00111111,19.54,768,26.7,3.09,397.8,18.91,0.0,0.0, , 
,20.15,800,91.5,1.2,00111111,20.44,768,25.1,3.09,397.8,19.84,0.0,0.0, , 
,21.05,800,91.5,0.8,00111111,21.34,768,25.1,3.09,397.8,20.74,0.0,0.0, , 
,21.94,768,90.0,0.8,00111111,22.25,768,26.7,3.09,397.8,21.65,0.0,0.0, , 
,22.83,800,90.0,0.8,00111111,23.13,800,26.7,3.09,397.8,22.54,0.0,0.0, , 
,23.73,768,90.0,0.8,00111111,24.04,768,25.1,3.09,397.8,23.42,0.0,0.0, , 
,24.64,768,90.0,1.2,00111111,24.95,800,26.7,3.09,397.8,24.34,0.0,0.0, , 
,25.55,800,90.0,1.2,00111111,25.84,768,25.1,3.09,397.8,25.26,0.0,0.0, , 
,26.44,768,90.0,1.2,00111111,26.74,768,26.7,3.09,397.8,26.15,0.0,0.0, , 
,27.34,768,90.0,1.2,00111111,27.65,768,26.7,3.09,397.8,27.04,0.0,0.0, , 
,28.24,800,90.0,1.2,00111111,28.55,768,25.1,3.09,397.8,27.94,0.0,0.0, , 
,29.17,800,90.0,0.8,00111111,29.48,768,25.1,3.09,397.8,28.84,0.0,0.0, , 
,30.08,800,90.0,0.8,00111111,30.37,800,25.1,3.09,397.8,29.80,0.0,0.0, , 
,30.98,768,90.0,0.8,00111111,31.27,800,26.7,3.09,397.8,30.68,0.0,0.0, , 
,31.87,768,90.0,0.8,00111111,32.17,768,25.1,3.09,397.8,31.57,0.0,0.0, , 
,32.76,800,90.0,0.8,00111111,33.04,800,26.7,3.09,397.8,32.46,0.0,0.0, , 
,33.63,800,91.5,0.8,00111111,33.92,768,26.7,3.09,397.8,33.34,0.0,0.0, , 
,34.52,768,90.0,0.8,00111111,34.82,768,25.1,3.09,397.8,34.22,0.0,0.0, , 
,35.38,800,91.5,0.4,00111111,35.68,800,25.1,3.09,397.8,35.10,0.0,0.0, , 
,36.27,768,91.5,0.4,00111111,36.57,768,26.7,3.09,397.8,35.97,0.0,0.0, , 
,37.15,800,91.5,0.4,00111111,37.45,800,26.7,3.09,397.8,36.86,0.0,0.0, , 
,38.06,800,91.5,0.8,00111111,38.35,800,26.7,3.09,397.8,37.75,0.0,0.0, , 
,38.94,800,91.5,0.8,00111111,39.24,800,25.1,3.09,397.8,38.65,0.0,0.0, , 
,39.83,768,91.5,0.8,00111111,40.14,768,26.7,3.09,397.8,39.53,0.0,0.0, , 
,40.77,800,91.5,1.2,00111111,41.07,800,25.1,3.09,397.8,40.45,0.0,0.0, , 
,41.68,800,91.5,0.8,00111111,41.98,800,25.1,3.09,397.8,41.37,0.0,0.0, , 
,42.61,768,91.5,0.4,00111111,42.91,800,25.1,3.09,397.8,42.30,0.0,0.0, , 
,43.52,768,91.5,0.8,00111111,43.82,768,25.1,3.09,397.8,43.21,0.0,0.0, , 
,44.43,768,91.5,0.4,00111111,44.72,768,26.7,3.09,397.8,44.12,0.0,0.0, , 
,45.32,800,91.5,0.4,00111111,45.62,800,25.1,3.09,397.8,45.02,0.0,0.0, , 
,46.22,768,91.5,0.4,00111111,46.52,768,26.7,3.09,397.8,45.92,0.0,0.0, , 
,47.10,800,91.5,0.8,00111111,47.39,768,26.7,3.09,397.8,46.82,0.0,0.0, , 
,47.96,800,91.5,1.2,00111111,48.26,800,25.1,3.09,397.8,47.68,0.0,0.0, , 
,48.86,800,91.5,1.2,00111111,49.17,768,25.1,3.09,397.8,48.56,0.0,0.0, , 
,49.81,768,91.5,1.2,00111111,50.11,800,25.1,3.09,397.8,49.48,0.0,0.0, , 
,50.71,768,91.5,1.2,00111111,51.01,768,25.1,3.09,397.8,50.41,0.0,0.0, , 
,51.61,800,91.5,1.2,00111111,51.91,768,25.1,3.09,397.8,51.30,0.0,0.0, , 
,52.51,768,91.5,1.2,00111111,52.81,768,25.1,3.09,397.8,52.21,0.0,0.0, , 
,53.41,800,91.5,1.2,00111111,53.70,768,25.1,3.09,397.8,53.11,0.0,0.0, , 
,54.29,800,91.5,1.2,00111111,54.57,768,25.1,3.09,397.8,53.99,0.0,0.0, , 
,55.15,800,91.5,1.6,00111111,55.44,768,25.1,3.09,397.8,54.86,0.0,0.0, , 
,56.04,768,91.5,1.2,00111111,56.33,800,25.1,3.09,397.8,55.74,0.0,0.0, , 
,56.92,800,91.5,1.6,00111111,57.23,800,25.1,3.09,397.8,56.63,0.0,0.0, , 
,57.83,768,91.5,1.6,00111111,58.13,800,26.7,3.09,397.8,57.54,0.0,0.0, , 
,58.74,800,91.5,1.6,00111111,59.04,768,25.1,3.09,397.8,58.43,0.0,0.0, , 
,59.64,800,93.0,1.6,00111111,59.94,768,25.1,3.09,397.8,59.34,0.0,0.0, , 
,60.53,800,91.5,1.6,00111111,60.82,800,25.1,3.09,397.8,60.24,0.0,0.0, , 
,61.42,768,91.5,1.2,00111111,61.71,768,25.1,3.09,397.8,61.13,0.0,0.0, , 
,62.30,800,91.5,1.6,00111111,62.60,800,25.1,3.09,397.8,62.01,0.0,0.0, , 
,63.22,800,91.5,1.6,00111111,63.52,768,25.1,3.09,397.8,62.91,0.0,0.0, , 
,64.11,800,91.5,1.6,00111111,64.42,800,25.1,3.09,397.8,63.82,0.0,0.0, , 
,65.06,768,91.5,1.6,00111111,65.37,768,25.1,3.09,397.8,64.73,0.0,0.0, , 
,65.97,800,93.0,1.6,00111111,66.27,768,25.1,3.09,397.8,65.66,0.0,0.0, , 
,66.86,800,93.0,1.2,00111111,67.15,768,25.1,3.09,397.8,66.57,0.0,0.0, , 
,67.73,768,93.0,1.6,00111111,68.04,768,26.7,3.09,397.8,67.44,0.0,0.0, , 
,68.60,736,93.0,1.6,00101011,68.88,672,31.0,4.12,438.6,68.31,0.0,0.0, , 
,69.43,576,93.0,0.0,00100011,69.73,736,40.0,5.15,550.8,69.15,0.0,0.0, , 
,70.39,896,93.0,-2.7,00101011,70.68,704,28.2,3.09,418.2,70.09,0.0,0.0, , 
,71.25,512,93.0,0.0,00100011,71.55,608,44.3,6.18,591.6,70.95,0.8,0.0, , 
,72.15,704,93.0,0.0,00101011,72.43,576,44.3,5.15,571.2,71.86,0.0,0.0, , 
,73.02,928,93.0,-1.6,00111111,73.33,896,28.2,3.09,397.8,72.70,0.0,0.0, , 
,73.96,896,93.0,-0.4,00111111,74.25,896,26.7,3.09,397.8,73.65,0.0,0.0, , 
,74.83,800,93.0,2.0,00111111,75.13,768,25.1,3.09,397.8,74.54,0.0,0.0, , 
,75.75,1120,93.0,0.0,00101011,76.05,1440,40.0,5.15,520.2,75.42,0.0,0.0, , 
,76.69,928,93.0,0.0,00101011,76.99,768,59.2,8.24,714.0,76.36,0.0,0.0, , 
,77.60,1056,93.0,0.0,00111111,77.92,1184,28.2,3.09,397.8,77.30,0.0,0.0, , 
,78.54,1248,93.0,1.2,00111111,78.87,1216,23.5,3.09,336.6,78.24,0.0,0.0, , 
,79.53,1024,93.0,0.8,00111111,79.85,928,22.0,3.09,357.0,79.19,0.0,0.0, , 
,80.43,768,93.0,-0.8,00111111,80.76,736,26.7,3.09,397.8,80.14,0.0,0.0, , 
,81.37,768,93.0,-2.3,00111111,81.67,800,26.7,3.09,397.8,81.07,0.0,0.0, , 
,82.28,768,93.0,-3.1,00111111,82.59,768,28.2,3.09,418.2,81.98,0.0,0.0, , 
,83.21,800,93.0,-1.2,00111111,83.51,800,26.7,3.09,397.8,82.89,0.0,0.0, , 
,84.11,800,93.0,0.8,00111111,84.42,800,26.7,3.09,397.8,83.81,0.0,0.0, , 
,85.04,800,93.0,2.0,00111111,85.32,800,26.7,3.09,397.8,84.73,0.0,0.0, , 
,85.93,800,93.0,2.3,00111111,86.23,800,26.7,3.09,397.8,85.63,0.0,0.0, , 
,86.83,800,93.0,2.3,00111111,87.13,800,26.7,3.09,397.8,86.54,0.0,0.0, , 
,87.72,800,93.0,2.3,00111111,88.02,800,26.7,3.09,397.8,87.42,0.0,0.0, , 
,88.64,768,93.0,2.0,00111111,88.95,800,26.7,3.09,397.8,88.33,0.0,0.0, , 
,89.57,800,93.0,1.6,00111111,89.86,768,26.7,3.09,397.8,89.27,0.0,0.0, , 
,90.45,800,94.5,1.6,00111111,90.76,768,25.1,3.09,397.8,90.15,0.0,0.0, , 
,91.37,800,93.0,1.6,00111111,91.69,800,25.1,3.09,397.8,91.06,0.0,0.0, , 
,92.29,800,94.5,1.6,00111111,92.59,800,25.1,3.09,397.8,91.99,0.0,0.0, , 
,93.20,800,94.5,1.6,00111111,93.52,768,25.1,3.09,397.8,92.90,0.0,0.0, , 
,94.11,768,94.5,2.0,00111111,94.40,800,25.1,3.09,397.8,93.82,0.0,0.0, , 
,94.99,768,94.5,2.3,00111111,95.28,800,25.1,3.09,397.8,94.69,0.0,0.0, , 
,95.88,800,94.5,2.3,00111111,96.18,800,25.1,3.09,397.8,95.58,0.0,0.0, , 
,96.75,800,94.5,2.0,00111111,97.05,768,25.1,3.09,397.8,96.46,0.0,0.0, , 
,97.65,768,94.5,2.0,00111111,97.94,768,25.1,3.09,397.8,97.35,0.0,0.0, , 
,98.54,768,94.5,2.0,00111111,98.82,768,25.1,3.09,397.8,98.24,0.0,0.0, , 
,99.41,800,94.5,2.3,00111111,99.71,800,25.1,3.09,377.4,99.10,0.0,0.0, , 
,100.31,800,94.5,2.3,00111111,100.61,800,25.1,3.09,377.4,100.01,0.0,0.0, , 
,101.20,768,94.5,2.3,00111111,101.49,800,25.1,3.09,377.4,100.91,0.0,0.0, , 
,102.07,800,94.5,2.3,00111111,102.37,800,25.1,3.09,397.8,101.79,0.0,0.0, , 
,102.97,800,94.5,2.3,00111111,103.25,768,25.1,3.09,397.8,102.67,0.0,0.0, , 
,103.87,768,94.5,2.7,00111111,104.17,768,25.1,3.09,377.4,103.56,0.0,0.0, , 
,104.79,768,94.5,2.3,00111111,105.10,768,25.1,3.09,377.4,104.48,0.0,0.0, , 
,105.71,768,94.5,2.0,00111111,106.00,768,25.1,3.09,377.4,105.41,0.0,0.0, , 
,106.60,768,94.5,2.0,00111111,106.91,800,25.1,3.09,397.8,106.30,0.0,0.0, , 
,107.52,768,94.5,2.0,00111111,107.83,800,25.1,3.09,377.4,107.22,0.0,0.0, , 
,108.42,768,94.5,2.3,00111111,108.74,768,25.1,3.09,377.4,108.13,0.0,0.0, , 
,109.33,768,94.5,2.3,00111111,109.63,800,25.1,3.09,377.4,109.03,0.0,0.0, , 
,110.23,800,94.5,2.3,00111111,110.54,768,25.1,3.09,377.4,109.93,0.0,0.0, , 
,111.12,768,94.5,2.0,00111111,111.43,800,25.1,3.09,397.8,110.82,0.0,0.0, , 
,112.02,800,94.5,2.3,00111111,112.32,800,25.1,3.09,397.8,111.73,0.0,0.0, , 
,112.93,800,94.5,2.3,00111111,113.22,768,25.1,3.09,397.8,112.61,0.0,0.0, , 
,113.83,768,94.5,2.3,00111111,114.13,768,25.1,3.09,377.4,113.53,0.0,0.0, , 
,114.74,768,94.5,2.0,00111111,115.03,768,25.1,3.09,397.8,114.43,0.0,0.0, , 
,115.64,768,94.5,1.6,00111111,115.95,800,25.1,3.09,397.8,115.33,0.0,0.0, , 
,116.56,768,94.5,2.0,00111111,116.87,800,26.7,3.09,397.8,116.26,0.0,0.0, , 
,117.51,768,94.5,2.3,00111111,117.79,768,26.7,3.09,397.8,117.20,0.0,0.0, , 
,118.40,768,94.5,2.3,00111111,118.70,800,26.7,3.09,397.8,118.09,0.0,0.0, , 
,119.31,800,94.5,2.0,00111111,119.62,800,26.7,3.09,397.8,119.01,0.0,0.0, , 
,120.22,800,94.5,2.3,00111111,120.52,768,26.7,3.09,397.8,119.92,0.0,0.0, , 
,121.12,768,96.0,2.7,00111111,121.43,768,26.7,3.09,397.8,120.81,0.0,0.0, , 
,122.04,800,94.5,2.7,00111111,122.34,768,26.7,3.09,397.8,121.73,0.0,0.0, , 
,122.94,800,94.5,2.7,00111111,123.23,768,26.7,3.09,397.8,122.64,0.0,0.0, , 
,123.85,800,94.5,2.7,00111111,124.14,800,26.7,3.09,397.8,123.54,0.0,0.0, , 
,124.75,800,94.5,2.7,00111111,125.05,800,26.7,3.09,397.8,124.44,0.0,0.0, , 
,125.66,768,94.5,2.3,00111111,125.94,768,26.7,3.09,397.8,125.36,0.0,0.0, , 
,126.53,800,94.5,2.7,00111111,126.83,800,25.1,3.09,397.8,126.23,0.0,0.0, , 
,127.43,800,94.5,2.7,00111111,127.73,800,25.1,3.09,397.8,127.13,0.0,0.0, , 
,128.33,800,94.5,2.7,00111111,128.63,768,25.1,3.09,397.8,128.04,0.0,0.0, , 
,129.23,768,94.5,2.7,00111111,129.53,768,25.1,3.09,397.8,128.94,0.0,0.0, , 
,130.14,768,96.0,2.7,00111111,130.43,768,26.7,3.09,397.8,129.83,0.0,0.0, , 
,131.03,768,94.5,2.7,00111111,131.33,768,25.1,3.09,397.8,130.72,0.0,0.0, , 
,131.93,768,94.5,2.7,00111111,132.23,768,26.7,3.09,397.8,131.63,0.0,0.0, , 
,132.86,768,94.5,2.7,00111111,133.16,768,26.7,3.09,397.8,132.56,0.0,0.0, , 
,133.74,768,94.5,2.3,00111111,134.03,768,26.7,3.09,397.8,133.46,0.0,0.0, , 
,134.66,800,94.5,2.7,00111111,134.96,800,26.7,3.09,397.8,134.34,0.0,0.0, , 
,135.55,768,96.0,2.7,00111111,135.84,768,26.7,3.09,397.8,135.25,0.0,0.0, , 
,136.43,800,94.5,2.7,00111111,136.73,768,26.7,3.09,397.8,136.15,0.0,0.0, , 
,137.33,768,94.5,2.7,00111111,137.63,768,26.7,3.09,397.8,137.04,0.0,0.0, , 
,138.22,800,94.5,2.7,00111111,138.51,800,26.7,3.09,397.8,137.92,0.0,0.0, , 
,139.08,800,94.5,2.3,00111111,139.38,800,25.1,3.09,397.8,138.79,0.0,0.0, , 
,139.97,800,94.5,2.0,00111111,140.26,800,25.1,3.09,397.8,139.68,0.0,0.0, , 
,140.86,800,94.5,1.6,00111111,141.17,800,25.1,3.09,377.4,140.56,0.0,0.0, , 
,141.78,800,94.5,2.0,00111111,142.08,800,25.1,3.09,397.8,141.47,0.0,0.0, , 
,142.67,800,94.5,2.0,00111111,142.97,800,25.1,3.09,397.8,142.38,0.0,0.0, , 
,143.56,800,94.5,2.3,00111111,143.86,800,25.1,3.09,377.4,143.26,0.0,0.0, , 
,144.46,800,93.0,2.7,00111111,144.76,800,25.1,3.09,377.4,144.16,0.0,0.0, , 
,145.35,768,93.0,2.3,00111111,145.64,800,25.1,3.09,397.8,145.05,0.0,0.0, , 
,146.26,800,93.0,2.3,00111111,146.55,768,25.1,3.09,397.8,145.95,0.0,0.0, , 
,147.16,800,93.0,2.7,00111111,147.46,800,25.1,3.09,397.8,146.86,0.0,0.0, , 
,148.07,800,93.0,3.1,00111111,148.36,800,25.1,3.09,397.8,147.76,0.0,0.0, , 
,148.96,800,93.0,2.7,00111111,149.26,800,25.1,3.09,397.8,148.66,0.0,0.0, , 
,149.86,800,93.0,2.7,00111111,150.16,800,25.1,3.09,377.4,149.56,0.0,0.0, , 
,150.75,768,93.0,2.7,00111111,151.05,800,25.1,3.09,397.8,150.46,0.0,0.0, , 
,151.65,800,91.5,2.7,00111111,151.94,800,25.1,3.09,377.4,151.34,0.0,0.0, , 
,152.51,768,93.0,2.7,00111111,152.81,800,25.1,3.09,397.8,152.22,0.0,0.0, , 
,153.41,800,91.5,2.7,00111111,153.71,800,25.1,3.09,397.8,153.11,0.0,0.0, , 
,154.31,800,91.5,2.7,00111111,154.62,800,25.1,3.09,397.8,154.01,0.0,0.0, , 
,155.24,800,91.5,2.7,00111111,155.54,768,25.1,3.09,397.8,154.94,0.0,0.0, , 
,156.14,800,91.5,2.7,00111111,156.44,800,25.1,3.09,377.4,155.83,0.0,0.0, , 
,157.04,800,91.5,2.7,00111111,157.34,800,25.1,3.09,397.8,156.74,0.0,0.0, , 
,157.94,800,91.5,3.1,00111111,158.24,800,25.1,3.09,397.8,157.65,0.0,0.0, , 
,158.83,768,91.5,3.1,00111111,159.13,800,25.1,3.09,397.8,158.53,0.0,0.0, , 
,159.74,800,91.5,3.1,00111111,160.03,800,25.1,3.09,397.8,159.44,0.0,0.0, , 
,160.64,800,91.5,3.1,00111111,160.95,800,25.1,3.09,397.8,160.34,0.0,0.0, , 
,161.57,768,91.5,3.1,00111111,161.89,768,25.1,3.09,397.8,161.27,0.0,0.0, , 
,162.51,800,91.5,3.1,00111111,162.81,800,25.1,3.09,377.4,162.20,0.0,0.0, , 
,163.42,768,91.5,3.1,00111111,163.73,800,25.1,3.09,377.4,163.12,0.0,0.0, , 
,164.31,800,91.5,2.7,00111111,164.61,768,25.1,3.09,377.4,164.02,0.0,0.0, , 
,165.20,800,91.5,2.7,00111111,165.50,768,25.1,3.09,377.4,164.91,0.0,0.0, , 
,166.09,768,91.5,2.3,00111111,166.40,800,25.1,3.09,377.4,165.80,0.0,0.0, , 
,167.01,768,91.5,2.3,00111111,167.32,768,25.1,3.09,377.4,166.70,0.0,0.0, , 
,167.93,800,91.5,2.0,00111111,168.23,768,25.1,3.09,377.4,167.61,0.0,0.0, , 
,168.82,768,91.5,2.0,00111111,169.14,768,25.1,3.09,377.4,168.54,0.0,0.0, , 
,169.72,800,91.5,2.0,00111111,170.01,768,25.1,3.09,377.4,169.43,0.0,0.0, , 
,170.60,768,91.5,2.3,00111111,170.88,800,25.1,3.09,377.4,170.31,0.0,0.0, , 
,171.48,800,91.5,2.3,00111111,171.79,768,25.1,3.09,377.4,171.17,0.0,0.0, , 
,172.38,800,91.5,2.3,00111111,172.69,768,25.1,3.09,377.4,172.08,0.0,0.0, , 
,173.28,800,91.5,2.3,00111111,173.57,800,25.1,3.09,377.4,172.99,0.0,0.0, , 
,174.16,768,91.5,2.3,00111111,174.46,800,25.1,3.09,377.4,173.86,0.0,0.0, , 
,175.05,768,93.0,2.0,00111111,175.35,768,25.1,3.09,377.4,174.75,0.0,0.0, , 
,175.95,768,91.5,2.0,00111111,176.26,800,25.1,3.09,377.4,175.64,0.0,0.0, , 
,176.85,768,93.0,2.0,00111111,177.14,768,25.1,3.09,377.4,176.56,0.0,0.0, , 
,177.75,768,93.0,2.0,00111111,178.05,768,25.1,3.09,397.8,177.45,0.0,0.0, , 
,178.64,768,91.5,2.3,00111111,178.94,768,25.1,3.09,377.4,178.34,0.0,0.0, , 
,179.51,800,93.0,2.3,00111111,179.82,800,25.1,3.09,377.4,179.22,0.0,0.0, , 
,180.39,800,93.0,2.0,00111111,180.68,800,25.1,3.09,377.4,180.10,0.0,0.0, , 
,181.28,800,93.0,2.0,00111111,181.58,800,25.1,3.09,377.4,180.97,0.0,0.0, , 
,182.17,768,93.0,1.6,00111111,182.47,768,25.1,3.09,377.4,181.88,0.0,0.0, , 
,183.07,800,93.0,1.6,00111111,183.37,768,25.1,3.09,377.4,182.77,0.0,0.0, , 
,183.94,768,93.0,1.6,00111111,184.23,768,25.1,3.09,377.4,183.66,0.0,0.0, , 
,184.82,768,93.0,1.6,00111111,185.11,768,25.1,3.09,377.4,184.54,0.0,0.0, , 
,185.68,768,93.0,2.0,00111111,185.98,768,25.1,3.09,377.4,185.40,0.0,0.0, , 
,186.61,768,93.0,2.0,00111111,186.92,768,25.1,3.09,377.4,186.30,0.0,0.0, , 
,187.53,800,93.0,2.0,00111111,187.83,800,25.1,3.09,377.4,187.23,0.0,0.0, , 
,188.43,768,93.0,2.0,00111111,188.72,800,25.1,3.09,377.4,188.12,0.0,0.0, , 
,189.33,800,93.0,2.3,00111111,189.62,800,25.1,3.09,377.4,189.02,0.0,0.0, , 
,190.21,800,93.0,2.3,00111111,190.51,800,23.5,3.09,377.4,189.93,0.0,0.0, , 
,191.12,768,93.0,2.0,00111111,191.42,800,23.5,3.09,377.4,190.81,0.0,0.0, , 
,191.99,768,94.5,2.0,00111111,192.30,800,25.1,3.09,377.4,191.71,0.0,0.0, , 
,192.89,800,93.0,1.6,00111111,193.19,800,25.1,3.09,377.4,192.60,0.0,0.0, , 
,193.80,768,93.0,1.2,00111111,194.11,800,23.5,3.09,377.4,193.49,0.0,0.0, , 
,194.73,768,93.0,1.2,00111111,195.03,768,25.1,3.09,377.4,194.42,0.0,0.0, , 
,195.63,768,93.0,1.6,00111111,195.92,800,25.1,3.09,377.4,195.33,0.0,0.0, , 
,196.52,768,93.0,2.0,00111111,196.81,800,25.1,3.09,377.4,196.22,0.0,0.0, , 
,197.42,800,94.5,2.3,00111111,197.72,800,25.1,3.09,377.4,197.11,0.0,0.0, , 
,198.32,768,93.0,2.3,00111111,198.62,800,25.1,3.09,377.4,198.02,0.0,0.0, , 
,199.22,768,94.5,2.0,00111111,199.51,800,25.1,3.09,377.4,198.92,0.0,0.0, , 
,200.12,768,94.5,2.0,00111111,200.41,800,23.5,3.09,377.4,199.82,0.0,0.0, , 
,201.01,800,94.5,2.0,00111111,201.30,768,25.1,3.09,377.4,200.71,0.0,0.0, , 
,201.89,800,94.5,2.0,00111111,202.19,800,25.1,3.09,377.4,201.60,0.0,0.0, , 
,202.79,800,94.5,2.0,00111111,203.10,800,25.1,3.09,377.4,202.48,0.0,0.0, , 
,203.69,768,94.5,2.3,00111111,203.99,768,25.1,3.09,377.4,203.39,0.0,0.0, , 
,204.58,768,94.5,2.0,00111111,204.88,768,25.1,3.09,397.8,204.28,0.0,0.0, , 
,205.47,768,94.5,2.3,00111111,205.77,800,25.1,3.09,377.4,205.18,0.0,0.0, , 
,206.39,800,94.5,2.3,00111111,206.68,768,25.1,3.09,377.4,206.08,0.0,0.0, , 
,207.27,800,94.5,2.0,00111111,207.55,768,25.1,3.09,377.4,206.97,0.0,0.0, , 
,208.13,800,94.5,1.6,00111111,208.42,800,25.1,3.09,377.4,207.84,0.0,0.0, , 
,209.00,800,94.5,2.0,00111111,209.30,768,25.1,3.09,397.8,208.71,0.0,0.0, , 
,209.89,800,94.5,2.3,00111111,210.20,800,25.1,3.09,377.4,209.60,0.0,0.0, , 
,210.79,768,94.5,2.0,00111111,211.08,800,25.1,3.09,377.4,210.50,0.0,0.0, , 
,211.69,800,94.5,2.0,00111111,211.97,768,25.1,3.09,377.4,211.39,0.0,0.0, , 
,212.57,800,94.5,1.6,00111111,212.86,800,25.1,3.09,377.4,212.26,0.0,0.0, , 
,213.46,768,94.5,1.6,00111111,213.74,768,25.1,3.09,377.4,213.16,0.0,0.0, , 
,214.32,768,94.5,1.2,00111111,214.63,800,25.1,3.09,377.4,214.03,0.0,0.0, , 
,215.24,768,94.5,1.2,00111111,215.55,800,25.1,3.09,377.4,214.93,0.0,0.0, , 
,216.14,800,94.5,1.6,00111111,216.44,768,25.1,3.09,377.4,215.84,0.0,0.0, , 
,217.05,768,94.5,1.2,00111111,217.33,768,25.1,3.09,377.4,216.74,0.0,0.0, , 
,217.92,800,94.5,1.2,00111111,218.22,768,25.1,3.09,377.4,217.63,0.0,0.0, , 
,218.82,768,94.5,1.2,00111111,219.12,800,25.1,3.09,377.4,218.52,0.0,0.0, , 
,219.71,768,94.5,1.6,00111111,220.02,800,25.1,3.09,377.4,219.42,0.0,0.0, , 
,220.63,768,94.5,1.6,00111111,220.94,800,25.1,3.09,377.4,220.32,0.0,0.0, , 
,221.52,800,94.5,1.6,00111111,221.82,768,25.1,3.09,377.4,221.24,0.0,0.0, , 
,222.38,800,94.5,1.6,00111111,222.67,800,25.1,3.09,377.4,222.10,0.0,0.0, , 
,223.27,800,94.5,1.6,00111111,223.57,800,25.1,3.09,377.4,222.97,0.0,0.0, , 
,224.17,768,94.5,1.2,00111111,224.47,800,25.1,3.09,377.4,223.86,0.0,0.0, , 
,225.05,800,94.5,1.2,00111111,225.35,800,23.5,3.09,377.4,224.77,0.0,0.0, , 
,225.95,800,94.5,1.2,00111111,226.25,800,23.5,3.09,377.4,225.65,0.0,0.0, , 
,226.86,800,94.5,1.6,00111111,227.16,800,25.1,3.09,377.4,226.55,0.0,0.0, , 
,227.77,768,94.5,1.6,00111111,228.08,800,25.1,3.09,377.4,227.47,0.0,0.0, , 
,228.71,800,94.5,1.6,00111111,229.01,800,25.1,3.09,377.4,228.40,0.0,0.0, , 
,229.62,800,94.5,1.6,00111111,229.93,768,25.1,3.09,397.8,229.33,0.0,0.0, , 
,230.54,800,94.5,1.6,00111111,230.83,800,25.1,3.09,377.4,230.24,0.0,0.0, , 
,231.44,800,94.5,2.0,00111111,231.74,800,25.1,3.09,377.4,231.13,0.0,0.0, , 
,232.34,768,94.5,2.0,00111111,232.66,768,25.1,3.09,377.4,232.05,0.0,0.0, , 
,233.26,768,94.5,1.6,00111111,233.55,768,25.1,3.09,397.8,232.96,0.0,0.0, , 
,234.15,768,94.5,2.0,00111111,234.44,768,25.1,3.09,397.8,233.85,0.0,0.0, , 
,235.04,768,94.5,2.7,00111111,235.35,768,25.1,3.09,397.8,234.73,0.0,0.0, , 
,235.94,768,94.5,2.0,00111111,236.25,800,25.1,3.09,397.8,235.64,0.0,0.0, , 
,236.86,768,96.0,1.6,00111111,237.16,800,25.1,3.09,397.8,236.56,0.0,0.0, , 
,237.76,800,96.0,2.0,00111111,238.05,768,25.1,3.09,397.8,237.45,0.0,0.0, , 
,238.65,800,94.5,2.0,00111111,238.96,800,25.1,3.09,397.8,238.35,0.0,0.0, , 
,239.55,800,94.5,2.0,00111111,239.85,800,25.1,3.09,397.8,239.25,0.0,0.0, , 
,240.45,800,94.5,2.3,00111111,240.75,768,25.1,3.09,397.8,240.14,0.0,0.0, , 
,241.32,800,96.0,2.3,00111111,241.63,768,25.1,3.09,397.8,241.04,0.0,0.0, , 
,242.25,800,96.0,2.3,00111111,242.54,768,25.1,3.09,377.4,241.92,0.0,0.0, , 
,243.14,800,96.0,2.3,00111111,243.45,800,25.1,3.09,377.4,242.84,0.0,0.0, , 
,244.04,768,96.0,2.3,00111111,244.34,768,25.1,3.09,397.8,243.74,0.0,0.0, , 
,244.95,768,96.0,2.3,00111111,245.25,768,25.1,3.09,397.8,244.64,0.0,0.0, , 
,245.83,768,96.0,2.3,00111111,246.13,800,25.1,3.09,397.8,245.54,0.0,0.0, , 
,246.73,800,96.0,2.3,00111111,247.03,800,25.1,3.09,397.8,246.42,0.0,0.0, , 
,247.63,768,96.0,2.3,00111111,247.93,800,25.1,3.09,397.8,247.33,0.0,0.0, , 
,248.53,800,96.0,2.3,00111111,248.83,768,25.1,3.09,397.8,248.23,0.0,0.0, , 
,249.43,800,96.0,2.7,00111111,249.73,800,25.1,3.09,397.8,249.12,0.0,0.0, , 
,250.34,768,96.0,2.7,00111111,250.64,800,25.1,3.09,397.8,250.04,0.0,0.0, , 
,251.25,768,96.0,2.7,00111111,251.54,768,25.1,3.09,397.8,250.94,0.0,0.0, , 
,252.15,800,96.0,2.7,00111111,252.45,768,25.1,3.09,397.8,251.85,0.0,0.0, , 
,253.07,800,94.5,2.3,00111111,253.37,800,25.1,3.09,397.8,252.76,0.0,0.0, , 
,253.97,768,94.5,2.3,00111111,254.29,768,25.1,3.09,397.8,253.68,0.0,0.0, , 
,254.87,800,94.5,2.3,00111111,255.17,768,25.1,3.09,397.8,254.58,0.0,0.0, , 
,255.77,800,94.5,2.0,00111111,256.06,800,25.1,3.09,397.8,255.47,0.0,0.0, , 
,256.67,768,94.5,2.3,00111111,256.98,800,25.1,3.09,397.8,256.36,0.0,0.0, , 
,257.56,800,94.5,2.7,00111111,257.87,800,25.1,3.09,397.8,257.27,0.0,0.0, , 
,258.47,768,94.5,2.7,00111111,258.76,800,25.1,3.09,397.8,258.18,0.0,0.0, , 
,259.36,768,94.5,2.7,00111111,259.67,768,25.1,3.09,397.8,259.06,0.0,0.0, , 
,260.27,800,94.5,2.3,00111111,260.57,800,25.1,3.09,377.4,259.97,0.0,0.0, , 
,261.17,800,94.5,2.3,00111111,261.48,800,25.1,3.09,377.4,260.87,0.0,0.0, , 
,262.09,800,94.5,2.3,00111111,262.39,800,25.1,3.09,377.4,261.79,0.0,0.0, , 
,262.99,800,94.5,2.3,00111111,263.28,800,25.1,3.09,377.4,262.70,0.0,0.0, , 
,263.86,768,94.5,2.0,00111111,264.15,768,25.1,3.09,377.4,263.57,0.0,0.0, , 
,264.74,768,94.5,2.0,00111111,265.02,768,25.1,3.09,377.4,264.44,0.0,0.0, , 
,265.62,800,94.5,2.0,00111111,265.92,800,23.5,3.09,377.4,265.32,0.0,0.0, , 
,266.52,800,93.0,2.0,00111111,266.82,768,25.1,3.09,377.4,266.22,0.0,0.0, , 
,267.41,800,93.0,2.0,00111111,267.71,768,25.1,3.09,377.4,267.10,0.0,0.0, , 
,268.30,768,93.0,2.3,00111111,268.59,768,25.1,3.09,377.4,268.00,0.0,0.0, , 
,269.21,800,93.0,2.7,00111111,269.51,800,25.1,3.09,377.4,268.90,0.0,0.0, , 
,270.10,800,93.0,2.7,00111111,270.39,800,25.1,3.09,377.4,269.81,0.0,0.0, , 
,271.01,800,93.0,2.7,00111111,271.31,800,25.1,3.09,377.4,270.69,0.0,0.0, , 
,271.90,800,91.5,2.7,00111111,272.20,768,25.1,3.09,377.4,271.60,0.0,0.0, , 
,272.80,800,91.5,2.7,00111111,273.10,768,25.1,3.09,377.4,272.50,0.0,0.0, , 
,273.70,800,91.5,2.3,00111111,274.00,768,25.1,3.09,377.4,273.40,0.0,0.0, , 
,274.61,768,91.5,2.3,00111111,274.90,768,25.1,3.09,377.4,274.30,0.0,0.0, , 
,275.51,768,91.5,2.3,00111111,275.82,768,25.1,3.09,377.4,275.20,0.0,0.0, , 
,276.41,800,91.5,2.3,00111111,276.69,800,25.1,3.09,377.4,276.11,0.0,0.0, , 
,277.26,768,91.5,2.7,00111111,277.56,800,23.5,3.09,377.4,276.97,0.0,0.0, , 
,278.18,800,91.5,2.7,00111111,278.48,768,23.5,3.09,377.4,277.87,0.0,0.0, , 
,279.09,800,91.5,2.3,00111111,279.39,768,23.5,3.09,377.4,278.79,0.0,0.0, , 
,279.99,768,91.5,2.7,00111111,280.30,768,23.5,3.09,377.4,279.69,0.0,0.0, , 
,280.89,768,91.5,2.7,00111111,281.20,800,25.1,3.09,377.4,280.60,0.0,0.0, , 
,281.80,800,91.5,2.3,00111111,282.10,800,25.1,3.09,377.4,281.50,0.0,0.0, , 
,282.71,768,91.5,2.3,00111111,283.00,800,25.1,3.09,377.4,282.41,0.0,0.0, , 
,283.61,768,91.5,2.7,00111111,283.91,768,23.5,3.09,377.4,283.31,0.0,0.0, , 
,284.50,800,91.5,2.3,00111111,284.81,768,25.1,3.09,377.4,284.21,0.0,0.0, , 
,285.41,800,91.5,2.3,00111111,285.72,768,25.1,3.09,377.4,285.11,0.0,0.0, , 
,286.32,800,91.5,2.3,00111111,286.61,768,23.5,3.09,377.4,286.01,0.0,0.0, , 
,287.20,800,91.5,2.3,00111111,287.52,768,23.5,3.09,377.4,286.91,0.0,0.0, , 
,288.12,768,91.5,2.3,00111111,288.43,768,25.1,3.09,377.4,287.81,0.0,0.0, , 
,289.02,768,91.5,2.3,00111111,289.34,800,23.5,3.09,377.4,288.72,0.0,0.0, , 
,289.92,768,91.5,2.3,00111111,290.22,800,25.1,3.09,377.4,289.63,0.0,0.0, , 
,290.82,800,91.5,2.3,00111111,291.11,800,23.5,3.09,377.4,290.53,0.0,0.0, , 
,291.69,800,91.5,2.3,00111111,291.99,768,23.5,3.09,377.4,291.40,0.0,0.0, , 
,292.58,800,91.5,2.3,00111111,292.89,800,23.5,3.09,377.4,292.29,0.0,0.0, , 
,293.48,800,93.0,2.3,00111111,293.79,768,23.5,3.09,377.4,293.18,0.0,0.0, , 
,294.39,800,91.5,2.3,00111111,294.69,800,23.5,3.09,377.4,294.08,0.0,0.0, , 
,295.29,768,93.0,2.0,00111111,295.58,768,25.1,3.09,377.4,294.99,0.0,0.0, , 
,296.17,768,93.0,2.3,00111111,296.47,768,25.1,3.09,377.4,295.88,0.0,0.0, , 
,297.06,768,93.0,2.3,00111111,297.36,768,25.1,3.09,377.4,296.77,0.0,0.0, , 
,297.94,800,93.0,2.3,00111111,298.23,768,25.1,3.09,397.8,297.65,0.0,0.0, , 
,298.83,800,93.0,2.7,00111111,299.13,800,25.1,3.09,377.4,298.53,0.0,0.0, , 
,299.72,800,93.0,3.1,00111111,300.02,800,25.1,3.09,377.4,299.42,0.0,0.0, , 
,300.61,800,93.0,3.1,00111111,300.90,800,25.1,3.09,377.4,300.32,0.0,0.0, , 
,301.51,800,93.0,0.8,00111111,301.83,800,23.5,3.09,377.4,301.22,0.0,0.0, , 
,302.42,800,93.0,-7.8,00111111,302.72,768,23.5,3.09,377.4,302.13,0.0,0.0, , 
,303.33,768,93.0,-12.1,00111111,303.65,768,25.1,3.09,377.4,303.02,0.0,0.0, , 
,304.22,800,93.0,-12.1,00111111,304.52,800,25.1,3.09,377.4,303.93,0.0,0.0, , 
,305.11,800,93.0,-10.9,00111111,305.40,800,25.1,3.09,377.4,304.82,0.0,0.0, , 
,305.97,800,93.0,-10.5,00111111,306.27,800,25.1,3.09,377.4,305.68,0.0,0.0, , 
,306.86,800,93.0,-10.9,00111111,307.16,800,25.1,3.09,377.4,306.57,0.0,0.0, , 
,307.75,800,93.0,-12.5,00111111,308.05,768,25.1,3.09,377.4,307.46,0.0,0.0, , 
,308.63,768,93.0,-12.9,00111111,308.93,768,25.1,3.09,377.4,308.34,0.0,0.0, , 
,309.50,800,94.5,-11.7,00111111,309.80,768,25.1,3.09,377.4,309.21,0.0,0.0, , 
,310.40,768,93.0,-9.8,00111111,310.69,800,25.1,3.09,377.4,310.09,0.0,0.0, , 
,311.29,768,93.0,-7.8,00111111,311.58,768,25.1,3.09,397.8,310.99,0.0,0.0, , 
,312.17,768,93.0,-6.3,00111111,312.47,800,25.1,3.09,377.4,311.88,0.0,0.0, , 
,313.06,800,94.5,-5.5,00111111,313.36,800,25.1,3.09,377.4,312.77,0.0,0.0, , 
,313.96,800,94.5,-5.1,00111111,314.25,800,25.1,3.09,377.4,313.66,0.0,0.0, , 
,314.86,800,94.5,-5.1,00111111,315.15,800,25.1,3.09,377.4,314.56,0.0,0.0, , 
,315.76,800,94.5,-5.1,00111111,316.08,768,25.1,3.09,377.4,315.45,0.0,0.0, , 
,316.68,800,94.5,-5.1,00111111,316.97,768,25.1,3.09,377.4,316.38,0.0,0.0, , 
,317.58,800,94.5,-5.1,00111111,317.87,768,23.5,3.09,377.4,317.28,0.0,0.0, , 
,318.47,768,94.5,-5.5,00111111,318.77,800,23.5,3.09,377.4,318.18,0.0,0.0, , 
,319.36,768,94.5,-5.9,00111111,319.66,768,23.5,3.09,377.4,319.07,0.0,0.0, , 
,320.24,768,94.5,-6.3,00111111,320.53,800,25.1,3.09,377.4,319.95,0.0,0.0, , 
,321.12,800,94.5,-6.3,00111111,321.43,800,25.1,3.09,377.4,320.82,0.0,0.0, , 
,322.03,800,94.5,-5.9,00111111,322.34,800,25.1,3.09,377.4,321.74,0.0,0.0, , 
,322.95,768,94.5,-5.9,00111111,323.26,768,25.1,3.09,377.4,322.64,0.0,0.0, , 
,323.87,768,94.5,-6.3,00111111,324.17,768,25.1,3.09,377.4,323.57,0.0,0.0, , 
,324.77,768,94.5,-6.6,00111111,325.07,768,25.1,3.09,377.4,324.47,0.0,0.0, , 
,325.66,768,94.5,-6.3,00111111,325.94,800,25.1,3.09,377.4,325.36,0.0,0.0, , 
,326.56,768,94.5,-6.6,00111111,326.87,768,25.1,3.09,377.4,326.23,0.0,0.0, , 
,327.49,800,94.5,-6.6,00111111,327.79,768,25.1,3.09,377.4,327.19,0.0,0.0, , 
,328.36,768,94.5,-6.6,00111111,328.66,768,25.1,3.09,377.4,328.07,0.0,0.0, , 
,329.26,768,94.5,-6.6,00111111,329.58,768,25.1,3.09,377.4,328.96,0.0,0.0, , 
,330.19,800,94.5,-6.6,00111111,330.47,800,23.5,3.09,377.4,329.87,0.0,0.0, , 
,331.07,768,94.5,-7.0,00111111,331.36,800,23.5,3.09,377.4,330.77,0.0,0.0, , 
,331.95,800,94.5,-7.0,00111111,332.26,800,23.5,3.09,377.4,331.66,0.0,0.0, , 
,332.85,800,94.5,-7.0,00111111,333.13,800,23.5,3.09,377.4,332.58,0.0,0.0, , 
,333.71,800,94.5,-7.0,00111111,334.00,800,23.5,3.09,377.4,333.43,0.0,0.0, , 
,334.61,800,94.5,-7.0,00111111,334.91,800,23.5,3.09,377.4,334.30,0.0,0.0, , 
,335.50,800,94.5,-7.0,00111111,335.80,800,25.1,3.09,377.4,335.21,0.0,0.0, , 
,336.38,800,94.5,-7.0,00111111,336.66,800,23.5,3.09,377.4,336.10,0.0,0.0, , 
,337.26,768,94.5,-7.0,00111111,337.57,800,25.1,3.09,377.4,336.97,0.0,0.0, , 
,338.17,768,94.5,-7.0,00111111,338.46,768,25.1,3.09,377.4,337.86,0.0,0.0, , 
,339.05,800,94.5,-7.4,00111111,339.34,800,23.5,3.09,377.4,338.75,0.0,0.0, , 
,339.97,768,94.5,-7.4,00111111,340.27,800,23.5,3.09,377.4,339.66,0.0,0.0, , 
,340.87,800,94.5,-7.4,00111111,341.17,800,23.5,3.09,377.4,340.58,0.0,0.0, , 
,341.78,800,94.5,-7.4,00111111,342.08,800,23.5,3.09,377.4,341.48,0.0,0.0, , 
,342.67,800,94.5,-7.0,00111111,342.97,800,23.5,3.09,377.4,342.38,0.0,0.0, , 
,343.57,800,94.5,-7.0,00111111,343.86,800,25.1,3.09,377.4,343.27,0.0,0.0, , 
,344.46,800,94.5,-7.0,00111111,344.76,800,23.5,3.09,377.4,344.16,0.0,0.0, , 
,345.33,768,94.5,-7.4,00111111,345.62,800,23.5,3.09,377.4,345.04,0.0,0.0, , 
,346.20,768,94.5,-7.4,00111111,346.49,768,23.5,3.09,377.4,345.90,0.0,0.0, , 
,347.10,768,94.5,-7.4,00111111,347.40,768,25.1,3.09,377.4,346.80,0.0,0.0, , 
,348.01,768,94.5,-7.4,00111111,348.30,768,25.1,3.09,377.4,347.71,0.0,0.0, , 
,348.88,768,94.5,-7.4,00111111,349.17,768,25.1,3.09,377.4,348.59,0.0,0.0, , 
,349.78,800,94.5,-7.4,00111111,350.08,768,25.1,3.09,377.4,349.47,0.0,0.0, , 
,350.68,768,94.5,-7.4,00111111,350.97,800,23.5,3.09,377.4,350.38,0.0,0.0, , 
,351.58,768,96.0,-7.0,00111111,351.89,768,23.5,3.09,377.4,351.28,0.0,0.0, , 
,352.47,768,96.0,-7.0,00111111,352.75,800,25.1,3.09,397.8,352.17,0.0,0.0, , 
,353.37,768,96.0,-7.0,00111111,353.68,800,25.1,3.09,397.8,353.05,0.0,0.0, , 
,354.31,768,96.0,-7.0,00111111,354.62,768,25.1,3.09,377.4,353.98,0.0,0.0, , 
,355.22,768,96.0,-7.8,00111111,355.52,768,25.1,3.09,397.8,354.91,0.0,0.0, , 
,356.12,800,96.0,-8.2,00111111,356.42,800,25.1,3.09,397.8,355.82,0.0,0.0, , 
,357.00,768,96.0,-8.2,00111111,357.30,768,25.1,3.09,397.8,356.71,0.0,0.0, , 
,357.89,800,96.0,-7.4,00111111,358.18,768,25.1,3.09,397.8,357.59,0.0,0.0, , 
,358.79,800,96.0,-7.0,00111111,359.10,768,25.1,3.09,377.4,358.48,0.0,0.0, , 
,359.71,768,96.0,-7.0,00111111,360.01,768,25.1,3.09,397.8,359.40,0.0,0.0, , 
,360.61,800,96.0,-6.6,00111111,360.90,768,25.1,3.09,397.8,360.31,0.0,0.0, , 
,361.50,800,94.5,-6.6,00111111,361.82,768,25.1,3.09,397.8,361.20,0.0,0.0, , 
,362.41,800,96.0,-6.6,00111111,362.70,768,25.1,3.09,397.8,362.11,0.0,0.0, , 
,363.30,800,96.0,-6.6,00111111,363.60,768,25.1,3.09,397.8,363.01,0.0,0.0, , 
,364.20,768,96.0,-6.6,00111111,364.51,768,25.1,3.09,377.4,363.89,0.0,0.0, , 
,365.11,768,96.0,-7.0,00111111,365.42,768,25.1,3.09,397.8,364.82,0.0,0.0, , 
,366.02,768,96.0,-7.0,00111111,366.32,768,25.1,3.09,397.8,365.72,0.0,0.0, , 
,366.92,768,96.0,-7.0,00111111,367.21,768,25.1,3.09,397.8,366.62,0.0,0.0, , 
,367.82,768,96.0,-7.0,00111111,368.11,768,25.1,3.09,397.8,367.51,0.0,0.0, , 
,368.72,800,96.0,-7.4,00111111,369.02,768,25.1,3.09,397.8,368.41,0.0,0.0, , 
,369.63,800,96.0,-7.8,00111111,369.93,768,25.1,3.09,397.8,369.32,0.0,0.0, , 
,370.49,800,96.0,-7.8,00111111,370.77,800,25.1,3.09,397.8,370.21,0.0,0.0, , 
,371.38,800,96.0,-7.8,00111111,371.66,800,25.1,3.09,397.8,371.07,0.0,0.0, , 
,372.23,800,96.0,-7.8,00111111,372.52,768,25.1,3.09,397.8,371.94,0.0,0.0, , 
,373.13,800,96.0,-7.8,00111111,373.43,800,25.1,3.09,397.8,372.81,0.0,0.0, , 
,374.04,800,94.5,-7.8,00111111,374.34,768,25.1,3.09,397.8,373.73,0.0,0.0, , 
,374.95,800,94.5,-7.8,00111111,375.24,768,25.1,3.09,397.8,374.65,0.0,0.0, , 
,375.84,800,94.5,-7.8,00111111,376.14,800,25.1,3.09,397.8,375.54,0.0,0.0, , 
,376.73,800,94.5,-8.2,00111111,377.03,768,25.1,3.09,397.8,376.44,0.0,0.0, , 
,377.65,800,94.5,-7.8,00111111,377.94,800,25.1,3.09,397.8,377.34,0.0,0.0, , 
,378.53,800,94.5,-7.4,00111111,378.82,800,25.1,3.09,397.8,378.23,0.0,0.0, , 
,379.43,800,94.5,-7.4,00111111,379.72,800,25.1,3.09,377.4,379.11,0.0,0.0, , 
,380.31,800,94.5,-7.4,00111111,380.61,800,25.1,3.09,377.4,380.02,0.0,0.0, , 
,381.20,800,94.5,-7.4,00111111,381.49,800,25.1,3.09,377.4,380.91,0.0,0.0, , 
,382.07,800,93.0,-7.4,00111111,382.36,800,25.1,3.09,377.4,381.79,0.0,0.0, , 
,382.96,800,94.5,-8.2,00111111,383.25,768,25.1,3.09,377.4,382.66,0.0,0.0, , 
,383.86,800,94.5,-8.2,00111111,384.17,800,25.1,3.09,377.4,383.57,0.0,0.0, , 
,384.77,800,94.5,-8.2,00111111,385.09,800,25.1,3.09,377.4,384.47,0.0,0.0, , 
,385.70,800,94.5,-8.2,00111111,386.02,800,23.5,3.09,377.4,385.39,0.0,0.0, , 
,386.62,768,93.0,-8.2,00111111,386.93,800,25.1,3.09,377.4,386.32,0.0,0.0, , 
,387.51,800,93.0,-8.6,00111111,387.81,800,25.1,3.09,377.4,387.22,0.0,0.0, , 
,388.42,800,93.0,-8.6,00111111,388.73,800,25.1,3.09,377.4,388.12,0.0,0.0, , 
,389.35,768,93.0,-9.0,00111111,389.64,800,23.5,3.09,377.4,389.05,0.0,0.0, , 
,390.25,768,93.0,-9.4,00111111,390.56,768,23.5,3.09,377.4,389.95,0.0,0.0, , 
,391.16,768,93.0,-9.4,00111111,391.45,768,25.1,3.09,377.4,390.86,0.0,0.0, , 
,392.05,768,93.0,-9.4,00111111,392.35,768,25.1,3.09,377.4,391.75,0.0,0.0, , 
,392.92,800,91.5,-9.4,00111111,393.22,800,25.1,3.09,377.4,392.63,0.0,0.0, , 
,393.82,800,91.5,-9.0,00111111,394.11,800,25.1,3.09,377.4,393.51,0.0,0.0, , 
,394.70,768,91.5,-8.6,00111111,394.99,768,25.1,3.09,397.8,394.41,0.0,0.0, , 
,395.58,800,91.5,-8.6,00111111,395.87,800,25.1,3.09,377.4,395.28,0.0,0.0, , 
,396.49,800,91.5,-8.6,00111111,396.78,768,25.1,3.09,377.4,396.19,0.0,0.0, , 
,397.37,800,91.5,-8.6,00111111,397.67,800,25.1,3.09,377.4,397.07,0.0,0.0, , 
,398.26,800,91.5,-9.0,00111111,398.57,800,23.5,3.09,377.4,397.96,0.0,0.0, , 
,399.17,800,91.5,-9.0,00111111,399.47,800,23.5,3.09,377.4,398.87,0.0,0.0, , 
,400.06,768,91.5,-9.4,00111111,400.37,768,25.1,3.09,377.4,399.77,0.0,0.0, , 
,401.00,800,91.5,-9.8,00111111,401.30,800,23.5,3.09,377.4,400.67,0.0,0.0, , 
,401.91,768,91.5,-9.8,00111111,402.22,800,25.1,3.09,377.4,401.61,0.0,0.0, , 
,402.83,768,91.5,-9.4,00111111,403.13,800,23.5,3.09,377.4,402.52,0.0,0.0, , 
,403.72,768,91.5,-9.4,00111111,404.02,768,23.5,3.09,377.4,403.43,0.0,0.0, , 
,404.62,800,91.5,-9.4,00111111,404.94,768,25.1,3.09,377.4,404.31,0.0,0.0, , 
,405.55,768,91.5,-9.4,00111111,405.84,768,25.1,3.09,377.4,405.25,0.0,0.0, , 
,406.47,800,91.5,-9.4,00111111,406.78,800,25.1,3.09,377.4,406.16,0.0,0.0, , 
,407.39,800,91.5,-9.0,00111111,407.69,800,25.1,3.09,377.4,407.08,0.0,0.0, , 
,408.29,768,93.0,-9.0,00111111,408.60,768,23.5,3.09,377.4,407.98,0.0,0.0, , 
,409.20,768,93.0,-8.6,00111111,409.50,768,23.5,3.09,377.4,408.90,0.0,0.0, , 
,410.11,800,93.0,-8.6,00111111,410.41,800,23.5,3.09,377.4,409.81,0.0,0.0, , 
,411.02,800,93.0,-8.6,00111111,411.32,800,23.5,3.09,377.4,410.72,0.0,0.0, , 
,411.92,800,93.0,-9.0,00111111,412.22,768,23.5,3.09,377.4,411.62,0.0,0.0, , 
,412.82,800,93.0,-9.0,00111111,413.11,800,23.5,3.09,377.4,412.52,0.0,0.0, , 
,413.71,768,93.0,-9.0,00111111,414.00,800,23.5,3.09,377.4,413.41,0.0,0.0, , 
,414.58,800,93.0,-8.6,00111111,414.87,800,23.5,3.09,377.4,414.30,0.0,0.0, , 
,415.46,768,93.0,-8.6,00111111,415.76,800,23.5,3.09,377.4,415.18,0.0,0.0, , 
,416.36,800,93.0,-8.6,00111111,416.66,768,25.1,3.09,377.4,416.06,0.0,0.0, , 
,417.25,800,93.0,-8.6,00111111,417.55,800,25.1,3.09,377.4,416.96,0.0,0.0, , 
,418.13,800,93.0,-8.6,00111111,418.42,800,25.1,3.09,377.4,417.84,0.0,0.0, , 
,419.03,768,93.0,-8.6,00111111,419.33,768,23.5,3.09,377.4,418.73,0.0,0.0, , 
,419.93,768,93.0,-8.6,00111111,420.22,768,23.5,3.09,377.4,419.63,0.0,0.0, , 
,420.87,800,93.0,-8.6,00111111,421.18,800,23.5,3.09,377.4,420.54,0.0,0.0, , 
,421.76,800,93.0,-8.6,00111111,422.07,800,23.5,3.09,377.4,421.47,0.0,0.0, , 
,422.68,768,93.0,-8.6,00111111,422.97,768,23.5,3.09,377.4,422.37,0.0,0.0, , 
,423.57,800,93.0,-9.0,00111111,423.86,768,25.1,3.09,377.4,423.27,0.0,0.0, , 
,424.44,768,94.5,-9.4,00111111,424.72,768,25.1,3.09,377.4,424.16,0.0,0.0, , 
,425.32,768,94.5,-9.4,00111111,425.61,768,25.1,3.09,377.4,425.02,0.0,0.0, , 
,426.23,768,94.5,-9.4,00111111,426.53,800,25.1,3.09,377.4,425.92,0.0,0.0, , 
,427.12,768,94.5,-9.0,00111111,427.43,768,25.1,3.09,377.4,426.83,0.0,0.0, , 
,428.01,768,94.5,-9.0,00111111,428.32,768,25.1,3.09,377.4,427.72,0.0,0.0, , 
,428.92,768,94.5,-9.0,00111111,429.22,768,23.5,3.09,377.4,428.61,0.0,0.0, , 
,429.81,768,94.5,-9.4,00111111,430.11,768,23.5,3.09,377.4,429.51,0.0,0.0, , 
,430.72,768,94.5,-9.8,00111111,431.02,768,23.5,3.09,377.4,430.42,0.0,0.0, , 
,431.61,768,94.5,-10.2,00111111,431.92,768,25.1,3.09,377.4,431.32,0.0,0.0, , 
,432.51,800,94.5,-10.2,00111111,432.79,800,23.5,3.09,377.4,432.21,0.0,0.0, , 
,433.36,800,94.5,-10.2,00111111,433.66,800,23.5,3.09,377.4,433.07,0.0,0.0, , 
,434.26,768,94.5,-10.2,00111111,434.57,800,23.5,3.09,377.4,433.95,0.0,0.0, , 
,435.16,800,94.5,-9.8,00111111,435.45,800,23.5,3.09,377.4,434.86,0.0,0.0, , 
,436.07,800,94.5,-9.8,00111111,436.36,768,23.5,3.09,377.4,435.76,0.0,0.0, , 
,436.96,800,94.5,-10.2,00111111,437.25,800,25.1,3.09,377.4,436.66,0.0,0.0, , 
,437.84,800,94.5,-9.8,00111111,438.14,800,25.1,3.09,377.4,437.54,0.0,0.0, , 
,438.74,768,94.5,-9.8,00111111,439.03,768,23.5,3.09,377.4,438.44,0.0,0.0, , 
,439.64,800,96.0,-9.8,00111111,439.93,768,25.1,3.09,377.4,439.34,0.0,0.0, , 
,440.53,800,94.5,-9.8,00111111,440.84,768,23.5,3.09,377.4,440.22,0.0,0.0, , 
,441.44,800,94.5,-10.2,00111111,441.73,800,23.5,3.09,377.4,441.15,0.0,0.0, , 
,442.33,800,94.5,-10.5,00111111,442.62,800,23.5,3.09,377.4,442.02,0.0,0.0, , 
,443.24,768,94.5,-10.5,00111111,443.53,800,23.5,3.09,377.4,442.94,0.0,0.0, , 
,444.14,768,94.5,-10.5,00111111,444.44,800,23.5,3.09,377.4,443.83,0.0,0.0, , 
,445.04,768,94.5,-10.5,00111111,445.35,800,23.5,3.09,377.4,444.73,0.0,0.0, , 
,445.94,768,94.5,-10.2,00111111,446.24,800,23.5,3.09,377.4,445.64,0.0,0.0, , 
,446.85,800,94.5,-10.2,00111111,447.15,800,25.1,3.09,377.4,446.54,0.0,0.0, , 
,447.75,800,94.5,-10.2,00111111,448.04,800,23.5,3.09,377.4,447.46,0.0,0.0, , 
,448.64,768,94.5,-10.2,00111111,448.94,768,23.5,3.09,377.4,448.34,0.0,0.0, , 
,449.54,768,94.5,-9.8,00111111,449.85,800,23.5,3.09,377.4,449.24,0.0,0.0, , 
,450.46,800,94.5,-9.4,00111111,450.76,800,25.1,3.09,377.4,450.16,0.0,0.0, , 
,451.37,800,94.5,-9.4,00111111,451.67,800,23.5,3.09,377.4,451.07,0.0,0.0, , 
,452.27,800,94.5,-9.4,00111111,452.57,800,23.5,3.09,377.4,451.97,0.0,0.0, , 
,453.18,768,94.5,-9.8,00111111,453.50,768,23.5,3.09,377.4,452.87,0.0,0.0, , 
,454.10,800,94.5,-10.2,00111111,454.39,800,23.5,3.09,377.4,453.81,0.0,0.0, , 
,455.00,768,94.5,-10.2,00111111,455.30,768,23.5,3.09,377.4,454.70,0.0,0.0, , 
,455.94,800,94.5,-10.2,00111111,456.25,800,23.5,3.09,377.4,455.62,0.0,0.0, , 
,456.85,800,94.5,-9.8,00111111,457.13,768,23.5,3.09,377.4,456.55,0.0,0.0, , 
,457.72,768,94.5,-9.8,00111111,458.02,768,25.1,3.09,377.4,457.43,0.0,0.0, , 
,458.63,768,94.5,-9.8,00111111,458.93,800,25.1,3.09,377.4,458.32,0.0,0.0, , 
,459.54,800,96.0,-9.4,00111111,459.81,800,25.1,3.09,377.4,459.23,0.0,0.0, , 
,460.42,800,96.0,-9.4,00111111,460.73,800,23.5,3.09,377.4,460.11,0.0,0.0, , 
,461.34,800,94.5,-9.4,00111111,461.65,768,25.1,3.09,397.8,461.04,0.0,0.0, , 
,462.25,800,96.0,-9.4,00111111,462.55,800,25.1,3.09,397.8,461.95,0.0,0.0, , 
,463.14,800,96.0,-8.6,00111111,463.45,800,25.1,3.09,397.8,462.85,0.0,0.0, , 
,464.05,768,96.0,-9.0,00111111,464.35,768,25.1,3.09,397.8,463.75,0.0,0.0, , 
,464.96,800,96.0,-9.4,00111111,465.26,768,25.1,3.09,397.8,464.65,0.0,0.0, , 
,465.86,768,96.0,-9.4,00111111,466.17,768,25.1,3.09,397.8,465.56,0.0,0.0, , 
,466.76,768,96.0,-8.6,00111111,467.07,768,25.1,3.09,397.8,466.46,0.0,0.0, , 
,467.69,800,96.0,-8.6,00111111,467.99,800,25.1,3.09,397.8,467.37,0.0,0.0, , 
,468.60,768,96.0,-8.6,00111111,468.89,768,25.1,3.09,397.8,468.30,0.0,0.0, , 
,469.50,800,96.0,-8.6,00111111,469.81,768,25.1,3.09,397.8,469.20,0.0,0.0, , 
,470.41,800,96.0,-8.6,00111111,470.70,800,25.1,3.09,397.8,470.11,0.0,0.0, , 
,471.31,800,96.0,-8.6,00111111,471.61,768,25.1,3.09,397.8,471.02,0.0,0.0, , 
,472.20,800,96.0,-8.2,00111111,472.49,768,25.1,3.09,397.8,471.90,0.0,0.0, , 
,473.06,768,96.0,-8.2,00111111,473.36,800,25.1,3.09,397.8,472.77,0.0,0.0, , 
,473.96,768,96.0,-8.6,00111111,474.26,800,25.1,3.09,397.8,473.66,0.0,0.0, , 
,474.88,800,96.0,-8.6,00111111,475.17,800,25.1,3.09,397.8,474.57,0.0,0.0, , 
,475.78,800,96.0,-8.6,00111111,476.09,768,25.1,3.09,397.8,475.48,0.0,0.0, , 
,476.70,800,96.0,-8.2,00111111,476.99,800,25.1,3.09,397.8,476.40,0.0,0.0, , 
,477.59,800,96.0,-8.2,00111111,477.92,768,25.1,3.09,377.4,477.29,0.0,0.0, , 
,478.53,768,96.0,-7.8,00111111,478.82,768,25.1,3.09,397.8,478.23,0.0,0.0, , 
,479.38,800,96.0,-8.6,00111111,479.67,800,25.1,3.09,397.8,479.10,0.0,0.0, , 
,480.28,768,96.0,-8.6,00111111,480.59,800,25.1,3.09,397.8,479.97,0.0,0.0, , 
,481.20,800,97.5,-8.2,00111111,481.50,800,25.1,3.09,397.8,480.90,0.0,0.0, , 
,482.10,800,96.0,-7.8,00111111,482.39,800,25.1,3.09,397.8,481.79,0.0,0.0, , 
,483.00,800,96.0,-7.8,00111111,483.30,800,25.1,3.09,397.8,482.70,0.0,0.0, , 
,483.89,768,96.0,-7.8,00111111,484.19,800,25.1,3.09,397.8,483.59,0.0,0.0, , 
,484.78,800,96.0,-7.8,00111111,485.08,800,25.1,3.09,397.8,484.47,0.0,0.0, , 
,485.67,800,96.0,-7.8,00111111,485.97,768,25.1,3.09,397.8,485.38,0.0,0.0, , 
,486.58,800,94.5,-7.4,00111111,486.88,800,25.1,3.09,397.8,486.28,0.0,0.0, , 
,487.47,768,94.5,-7.0,00111111,487.77,800,25.1,3.09,397.8,487.17,0.0,0.0, , 
,488.39,800,94.5,-6.6,00111111,488.68,768,25.1,3.09,377.4,488.08,0.0,0.0, , 
,489.28,800,94.5,-7.4,00111111,489.57,800,25.1,3.09,377.4,488.98,0.0,0.0, , 
,490.17,800,94.5,-8.2,00111111,490.47,800,25.1,3.09,377.4,489.86,0.0,0.0, , 
,491.06,800,94.5,-8.6,00111111,491.35,800,23.5,3.09,377.4,490.77,0.0,0.0, , 
,491.96,800,94.5,-8.6,00111111,492.24,800,23.5,3.09,377.4,491.65,0.0,0.0, , 
,492.85,768,94.5,-9.0,00111111,493.15,800,23.5,3.09,377.4,492.55,0.0,0.0, , 
,493.74,800,94.5,-9.0,00111111,494.03,800,23.5,3.09,377.4,493.45,0.0,0.0, , 
,494.63,800,94.5,-9.4,00111111,494.91,800,23.5,3.09,377.4,494.33,0.0,0.0, , 
,495.50,800,94.5,-9.4,00111111,495.80,800,23.5,3.09,377.4,495.21,0.0,0.0, , 
,496.40,768,94.5,-9.8,00111111,496.70,768,23.5,3.09,377.4,496.09,0.0,0.0, , 
,497.32,800,93.0,-9.4,00111111,497.65,800,23.5,3.09,377.4,497.01,0.0,0.0, , 
,498.24,800,93.0,-9.4,00111111,498.53,768,23.5,3.09,377.4,497.95,0.0,0.0, , 
,499.14,800,93.0,-9.0,00111111,499.44,800,23.5,3.09,377.4,498.84,0.0,0.0, , 
,500.02,768,93.0,-8.6,00111111,500.31,768,23.5,3.09,377.4,499.72,0.0,0.0, , 
,500.91,768,93.0,-8.2,00111111,501.20,800,25.1,3.09,377.4,500.61,0.0,0.0, , 
,501.81,800,93.0,-7.8,00111111,502.09,768,25.1,3.09,377.4,501.50,0.0,0.0, , 
,502.68,768,93.0,-5.9,00111111,502.98,800,26.7,3.09,397.8,502.37,0.0,0.0, , 
,503.58,768,93.0,-0.4,00111111,503.88,800,25.1,3.09,397.8,503.28,0.0,0.0, , 
,504.45,800,93.0,1.6,00111111,504.76,800,25.1,3.09,377.4,504.16,0.0,0.0, , 
,505.38,768,93.0,2.0,00111111,505.67,768,25.1,3.09,377.4,505.08,0.0,0.0, , 
,506.26,800,91.5,1.6,00111111,506.57,768,25.1,3.09,377.4,505.97,0.0,0.0, , 
,507.14,800,91.5,1.2,00111111,507.44,800,23.5,3.09,377.4,506.85,0.0,0.0, , 
,508.03,800,91.5,0.4,00111111,508.34,800,25.1,3.09,377.4,507.74,0.0,0.0, , 
,508.94,768,91.5,-0.4,00111111,509.24,800,23.5,3.09,377.4,508.64,0.0,0.0, , 
,509.83,768,91.5,-0.8,00111111,510.14,800,25.1,3.09,377.4,509.54,0.0,0.0, , 
,510.77,800,91.5,-1.2,00111111,511.06,768,23.5,3.09,377.4,510.46,0.0,0.0, , 
,511.64,768,93.0,-0.8,00111111,511.94,768,25.1,3.09,377.4,511.36,0.0,0.0, , 
,512.54,800,91.5,-0.8,00111111,512.84,800,25.1,3.09,377.4,512.23,0.0,0.0, , 
,513.46,768,91.5,-0.4,00111111,513.75,768,25.1,3.09,377.4,513.16,0.0,0.0, , 
,514.33,768,91.5,-0.4,00111111,514.63,800,25.1,3.09,377.4,514.04,0.0,0.0, , 
,515.22,800,91.5,-0.4,00111111,515.52,800,25.1,3.09,377.4,514.92,0.0,0.0, , 
,516.11,800,91.5,-0.4,00111111,516.41,800,23.5,3.09,377.4,515.82,0.0,0.0, , 
,516.98,768,93.0,-0.8,00111111,517.28,768,25.1,3.09,377.4,516.69,0.0,0.0, , 
,517.87,768,93.0,-0.8,00111111,518.17,800,23.5,3.09,377.4,517.57,0.0,0.0, , 
,518.78,800,93.0,-0.4,00111111,519.08,800,25.1,3.09,377.4,518.48,0.0,0.0, , 
,519.67,768,93.0,0.0,00111111,519.98,768,25.1,3.09,377.4,519.37,0.0,0.0, , 
,520.59,768,93.0,0.0,00111111,520.89,800,25.1,3.09,377.4,520.29,0.0,0.0, , 
,521.49,800,93.0,0.0,00111111,521.77,768,25.1,3.09,377.4,521.19,0.0,0.0, , 
,522.35,800,93.0,0.0,00111111,522.65,800,25.1,3.09,377.4,522.07,0.0,0.0, , 
,523.26,768,93.0,0.4,00111111,523.57,800,25.1,3.09,377.4,522.95,0.0,0.0, , 
,524.17,768,93.0,0.4,00111111,524.48,800,25.1,3.09,377.4,523.86,0.0,0.0, , 
,525.08,768,93.0,0.4,00111111,525.38,800,25.1,3.09,377.4,524.78,0.0,0.0, , 
,525.97,768,93.0,0.8,00111111,526.27,800,23.5,3.09,377.4,525.67,0.0,0.0, , 
,526.86,800,93.0,0.8,00111111,527.17,800,23.5,3.09,377.4,526.57,0.0,0.0, , 
,527.80,768,93.0,0.8,00111111,528.08,768,25.1,3.09,377.4,527.48,0.0,0.0, , 
,528.67,800,93.0,0.8,00111111,528.97,800,23.5,3.09,377.4,528.37,0.0,0.0, , 
,529.54,768,93.0,0.8,00111111,529.84,800,23.5,3.09,377.4,529.26,0.0,0.0, , 
,530.43,768,93.0,1.2,00111111,530.74,768,23.5,3.09,377.4,530.14,0.0,0.0, , 
,531.33,768,93.0,1.2,00111111,531.63,800,23.5,3.09,377.4,531.03,0.0,0.0, , 
,532.23,768,94.5,1.2,00111111,532.56,768,23.5,3.09,377.4,531.93,0.0,0.0, , 
,533.18,800,93.0,1.2,00111111,533.50,800,23.5,3.09,377.4,532.87,0.0,0.0, , 
,534.10,800,94.5,0.8,00111111,534.40,800,23.5,3.09,377.4,533.80,0.0,0.0, , 
,535.00,800,93.0,0.8,00111111,535.30,800,23.5,3.09,377.4,534.70,0.0,0.0, , 
,535.88,768,94.5,0.8,00111111,536.18,768,23.5,3.09,377.4,535.60,0.0,0.0, , 
,536.79,800,94.5,0.8,00111111,537.09,800,23.5,3.09,377.4,536.50,0.0,0.0, , 
,537.71,800,94.5,0.8,00111111,537.99,768,23.5,3.09,377.4,537.40,0.0,0.0, , 
,538.58,800,94.5,1.2,00111111,538.88,800,23.5,3.09,377.4,538.28,0.0,0.0, , 
,539.47,800,94.5,0.8,00111111,539.77,768,25.1,3.09,377.4,539.18,0.0,0.0, , 
,540.37,800,94.5,0.8,00111111,540.66,768,23.5,3.09,377.4,540.08,0.0,0.0, , 
,541.26,800,94.5,1.2,00111111,541.57,768,25.1,3.09,377.4,540.96,0.0,0.0, , 
,542.16,800,94.5,1.2,00111111,542.46,800,23.5,3.09,377.4,541.86,0.0,0.0, , 
,543.07,768,93.0,1.6,00111111,543.36,800,23.5,3.09,377.4,542.77,0.0,0.0, , 
,543.95,768,94.5,1.6,00111111,544.25,768,23.5,3.09,377.4,543.66,0.0,0.0, , 
,544.87,800,94.5,1.2,00111111,545.19,800,23.5,3.09,377.4,544.56,0.0,0.0, , 
,545.77,800,94.5,1.2,00111111,546.07,768,23.5,3.09,377.4,545.49,0.0,0.0, , 
,546.69,800,94.5,1.2,00111111,546.97,800,23.5,3.09,377.4,546.37,0.0,0.0, , 
,547.56,800,94.5,1.2,00111111,547.86,800,23.5,3.09,377.4,547.26,0.0,0.0, , 
,548.45,768,96.0,1.2,00111111,548.76,800,23.5,3.09,377.4,548.16,0.0,0.0, , 
,549.36,800,94.5,1.6,00111111,549.66,768,23.5,3.09,377.4,549.07,0.0,0.0, , 
,550.25,800,94.5,1.6,00111111,550.54,800,23.5,3.09,377.4,549.95,0.0,0.0, , 
,551.14,768,94.5,1.6,00111111,551.45,768,23.5,3.09,377.4,550.84,0.0,0.0, , 
,552.05,768,94.5,1.6,00111111,552.36,800,23.5,3.09,377.4,551.75,0.0,0.0, , 
,552.97,800,94.5,2.0,00111111,553.26,768,23.5,3.09,377.4,552.67,0.0,0.0, , 
,553.86,800,94.5,2.0,00111111,554.15,768,23.5,3.09,377.4,553.56,0.0,0.0, , 
,554.74,768,94.5,2.3,00111111,555.04,768,23.5,3.09,377.4,554.46,0.0,0.0, , 
,555.63,800,94.5,2.7,00111111,555.92,800,23.5,3.09,377.4,555.33,0.0,0.0, , 
,556.52,768,94.5,2.7,00111111,556.83,768,23.5,3.09,377.4,556.22,0.0,0.0, , 
,557.42,800,94.5,2.7,00111111,557.71,800,23.5,3.09,377.4,557.13,0.0,0.0, , 
,558.28,768,94.5,3.1,00111111,558.59,768,23.5,3.09,377.4,558.00,0.0,0.0, , 
,559.20,800,96.0,3.1,00111111,559.50,800,23.5,3.09,377.4,558.89,0.0,0.0, , 
,560.07,768,96.0,3.1,00111111,560.36,768,23.5,3.09,377.4,559.78,0.0,0.0, , 
,560.95,768,96.0,3.1,00111111,561.25,800,23.5,3.09,377.4,560.66,0.0,0.0, , 
,561.87,768,96.0,2.7,00111111,562.18,768,23.5,3.09,377.4,561.56,0.0,0.0, , 
,562.78,800,96.0,2.7,00111111,563.08,800,23.5,3.09,377.4,562.47,0.0,0.0, , 
,563.67,768,96.0,2.7,00111111,563.98,768,23.5,3.09,377.4,563.37,0.0,0.0, , 
,564.59,768,96.0,2.7,00111111,564.90,800,23.5,3.09,377.4,564.28,0.0,0.0, , 
,565.50,768,96.0,2.7,00111111,565.81,768,25.1,3.09,377.4,565.20,0.0,0.0, , 
,566.42,768,96.0,3.1,00111111,566.72,800,25.1,3.09,397.8,566.12,0.0,0.0, , 
,567.33,768,96.0,3.5,00111111,567.63,768,25.1,3.09,377.4,567.02,0.0,0.0, , 
,568.21,768,96.0,3.1,00111111,568.52,768,25.1,3.09,397.8,567.93,0.0,0.0, , 
,569.10,768,96.0,2.7,00111111,569.38,768,25.1,3.09,397.8,568.82,0.0,0.0, , 
,569.97,768,96.0,3.1,00111111,570.27,768,25.1,3.09,397.8,569.67,0.0,0.0, , 
,570.86,800,96.0,3.5,00111111,571.15,800,25.1,3.09,397.8,570.57,0.0,0.0, , 
,571.73,800,96.0,3.5,00111111,572.03,800,25.1,3.09,377.4,571.44,0.0,0.0, , 
,572.63,800,96.0,3.5,00111111,572.92,768,25.1,3.09,397.8,572.33,0.0,0.0, , 
,573.51,800,96.0,3.1,00111111,573.82,800,25.1,3.09,377.4,573.22,0.0,0.0, , 
,574.42,800,96.0,3.1,00111111,574.71,800,25.1,3.09,377.4,574.13,0.0,0.0, , 
,575.32,768,96.0,2.7,00111111,575.61,768,25.1,3.09,377.4,575.02,0.0,0.0, , 
,576.20,800,96.0,2.7,00111111,576.50,800,25.1,3.09,397.8,575.91,0.0,0.0
