Niedziela,23,Sierpień,2026,18:04:33:00009-VCID:1C3761778CABCE7337-515A,Wersja VCDS: AKP 23.3.1,Wersja danych: 20230601 DS346.2
047 906 033 L,,1.4l SIMOS3PA   00HS5401,

,Grupa A:,'001,,,,Grupa B:,'002,,,,Grupa C:,'033
,,Obroty silnika,Temperatura,Lambda,Bity binarnie,,Obroty silnika,Obciążenie,Czas wtrysku,Ciśnienie rzecz.,,Lambda,Napięcie, , 
,CZAS,,,,,CZAS,,,,,CZAS,,,,
Znacznik,ZAPISU, /min,*C, %,,ZAPISU, /min, %, ms, mbar,ZAPISU, %, V,,
,0.53,0,19.5,0.0,00110110,0.01,0,0.0,0.00,989.4,0.26,0.0,1.48, , 
,1.34,0,19.5,0.0,00110110,0.80,0,0.0,0.00,989.4,1.08,0.0,1.48, , 
,2.14,0,19.5,0.0,00110110,1.61,0,0.0,0.00,989.4,1.87,0.0,1.48, , 
,2.94,0,19.5,0.0,00110110,2.40,0,0.0,0.00,989.4,2.67,0.0,1.48, , 
,3.75,0,19.5,0.0,00110110,3.22,0,0.0,0.00,989.4,3.48,0.0,1.48, , 
,4.58,0,19.5,0.0,00110110,4.02,0,0.0,0.00,989.4,4.30,0.0,1.48, , 
,5.37,0,19.5,0.0,00110110,4.84,0,0.0,0.00,989.4,5.11,0.0,1.48, , 
,6.17,0,19.5,0.0,00110110,5.64,0,0.0,0.00,989.4,5.90,0.0,1.48, , 
,6.97,0,19.5,0.0,00110110,6.44,0,0.0,0.00,989.4,6.70,0.0,1.48, , 
,7.76,0,19.5,0.0,00110110,7.23,0,0.0,0.00,989.4,7.50,0.0,1.48, , 
,8.58,0,19.5,0.0,00110110,8.03,0,0.0,0.00,989.4,8.30,0.0,1.48, , 
,9.37,0,19.5,0.0,00110110,8.84,0,0.0,0.00,989.4,9.11,0.0,1.48, , 
,10.17,0,19.5,0.0,00110110,9.64,0,0.0,0.00,989.4,9.90,0.0,1.48, , 
,10.97,192,19.5,0.0,00110110,10.44,0,0.0,0.00,989.4,10.70,0.0,1.48, , 
,11.87,1184,19.5,0.0,00110110,11.23,192,100.0,57.68,989.4,11.53,0.0,1.48, , 
,12.86,1152,19.5,0.0,00110110,12.19,1216,50.2,10.30,571.2,12.54,0.0,1.48, , 
,13.84,1152,19.5,0.0,00110110,13.17,1184,41.2,8.24,479.4,13.51,0.0,1.48, , 
,14.87,1152,19.5,0.0,00110110,14.17,1152,41.2,8.24,479.4,14.52,0.0,1.48, , 
,15.86,1152,19.5,0.0,00110110,15.20,1152,41.2,8.24,479.4,15.53,0.0,1.48, , 
,16.82,1184,19.5,0.0,00110110,16.17,1152,40.0,7.21,459.0,16.50,0.0,1.48, , 
,17.83,1184,19.5,0.0,00110110,17.16,1152,40.0,7.21,459.0,17.51,0.0,1.48, , 
,18.83,1152,19.5,0.0,00110110,18.15,1152,40.0,6.18,459.0,18.50,0.0,1.48, , 
,19.86,1152,19.5,0.0,00110110,19.17,1184,38.4,6.18,459.0,19.52,0.0,1.48, , 
,20.79,1152,19.5,0.0,00110110,20.17,1152,38.4,6.18,459.0,20.48,0.0,1.48, , 
,21.79,1152,19.5,0.0,00110110,21.10,1152,38.4,6.18,438.6,21.44,0.0,1.48, , 
,22.78,1152,19.5,0.0,00110110,22.11,1120,38.4,6.18,459.0,22.44,0.0,1.48, , 
,23.75,1152,19.5,0.0,00110110,23.11,1120,38.4,5.15,459.0,23.42,0.0,1.48, , 
,24.71,1120,19.5,0.0,00110110,24.08,1120,38.4,5.15,459.0,24.39,0.0,1.48, , 
,25.67,1120,19.5,0.0,00110110,25.03,1088,40.0,5.15,459.0,25.35,0.0,1.48, , 
,26.64,1120,19.5,0.0,00110110,25.98,1120,40.0,5.15,459.0,26.30,0.0,1.48, , 
,27.55,1120,19.5,0.0,00110110,26.95,1120,41.2,6.18,479.4,27.25,0.0,1.48, , 
,28.51,1088,19.5,0.0,00110110,27.87,1088,44.3,6.18,499.8,28.20,0.0,1.48, , 
,29.51,1088,21.0,0.0,00110110,28.82,1120,45.9,6.18,520.2,29.17,0.0,1.48, , 
,30.50,1120,21.0,0.0,00110110,29.86,1088,47.1,6.18,550.8,30.18,0.0,1.48, , 
,31.46,1120,21.0,0.0,00110110,30.82,1088,50.2,6.18,571.2,31.14,0.0,1.48, , 
,32.41,1120,21.0,0.0,00110110,31.78,1120,51.8,7.21,571.2,32.09,0.0,1.48, , 
,33.40,1088,21.0,0.0,00110110,32.74,1152,51.8,7.21,591.6,33.08,0.0,1.48, , 
,34.40,1120,21.0,0.0,00110110,33.73,1120,54.5,7.21,612.0,34.08,0.0,1.48, , 
,35.40,1152,21.0,0.0,00110110,34.73,1152,54.5,7.21,612.0,35.06,0.0,1.48, , 
,36.38,1120,21.0,0.0,00110110,35.73,1120,54.5,7.21,612.0,36.06,0.0,1.48, , 
,37.37,1152,21.0,0.0,00110110,36.72,1120,54.5,7.21,612.0,37.05,0.0,1.52, , 
,38.36,1152,21.0,0.0,00110110,37.70,1152,53.3,7.21,591.6,38.02,0.0,1.52, , 
,39.31,1152,21.0,0.0,00110110,38.67,1152,53.3,7.21,591.6,38.98,0.0,1.60, , 
,40.25,1152,21.0,0.0,00110110,39.62,1152,53.3,7.21,591.6,39.95,0.0,1.64, , 
,41.23,1152,21.0,0.0,00110110,40.56,1152,51.8,7.21,591.6,40.88,0.0,1.72, , 
,42.19,1152,22.5,2.0,00111110,41.56,1152,51.8,7.21,591.6,41.88,0.0,1.72, , 
,43.19,1152,22.5,7.0,00111110,42.52,1152,51.8,7.21,591.6,42.84,5.5,1.68, , 
,44.16,1152,22.5,9.4,00111110,43.50,1152,51.8,7.21,571.2,43.83,8.6,1.56, , 
,45.15,1184,22.5,10.2,00111110,44.49,1152,50.2,7.21,571.2,44.83,9.8,1.52, , 
,46.15,1152,22.5,10.2,00111110,45.49,1152,50.2,7.21,571.2,45.81,10.2,1.48, , 
,47.12,1152,22.5,10.2,00111110,46.48,1152,48.6,7.21,550.8,46.80,10.2,1.48, , 
,48.10,1152,22.5,9.8,00111110,47.44,1152,48.6,7.21,550.8,47.76,10.2,1.48, , 
,49.16,1152,22.5,9.8,00111110,48.45,1152,47.1,7.21,550.8,48.82,9.8,1.48, , 
,50.13,1152,22.5,9.4,00111110,49.49,1184,47.1,7.21,550.8,49.83,9.4,1.45, , 
,51.16,1152,22.5,9.0,00111110,50.47,1152,47.1,7.21,520.2,50.82,9.4,1.48, , 
,52.16,1152,24.0,8.6,00111110,51.50,1152,45.9,6.18,520.2,51.83,9.0,1.45, , 
,53.13,1152,24.0,9.0,00111110,52.48,1152,45.9,6.18,520.2,52.81,8.6,1.48, , 
,54.11,1152,24.0,9.4,00111110,53.48,1152,45.9,6.18,520.2,53.80,9.4,1.48, , 
,55.09,1152,24.0,9.4,00111110,54.43,1152,45.9,6.18,520.2,54.77,9.4,1.48, , 
,56.12,1152,24.0,9.4,00111110,55.42,1120,44.3,6.18,520.2,55.74,9.4,1.45, , 
,57.16,1120,24.0,9.0,00111110,56.48,1120,44.3,6.18,499.8,56.83,9.0,1.48, , 
,58.19,1120,24.0,8.6,00111110,57.51,1120,42.7,6.18,499.8,57.84,9.0,1.48, , 
,59.20,1120,25.5,8.6,00111110,58.52,1120,42.7,6.18,479.4,58.86,8.6,1.48, , 
,60.21,1120,25.5,8.6,00111110,59.53,1120,41.2,6.18,479.4,59.87,8.6,1.48, , 
,61.23,1120,25.5,8.6,00111110,60.56,1088,41.2,6.18,479.4,60.88,8.6,1.48, , 
,62.17,1120,25.5,8.6,00111110,61.55,1120,41.2,6.18,479.4,61.85,8.6,1.48, , 
,63.18,1120,25.5,8.6,00111110,62.51,1120,41.2,6.18,479.4,62.85,8.6,1.45, , 
,64.16,1120,25.5,8.2,00111110,63.51,1120,41.2,6.18,479.4,63.85,8.2,1.45, , 
,65.12,1120,25.5,8.2,00111110,64.48,1120,41.2,6.18,479.4,64.81,8.2,1.48, , 
,66.17,1120,27.0,8.2,00111110,65.46,1120,40.0,6.18,479.4,65.82,8.2,1.48, , 
,67.11,1120,27.0,8.6,00111110,66.48,1120,40.0,6.18,479.4,66.80,8.6,1.48, , 
,68.07,1120,27.0,8.6,00111110,67.44,1120,40.0,5.15,459.0,67.75,8.6,1.45, , 
,69.03,1120,27.0,8.2,00111110,68.40,1120,40.0,5.15,459.0,68.72,8.2,1.45, , 
,70.01,1120,27.0,8.2,00111110,69.35,1120,40.0,5.15,459.0,69.68,8.2,1.45, , 
,70.95,1088,27.0,7.8,00111110,70.33,1120,38.4,5.15,459.0,70.64,8.2,1.45, , 
,71.94,1120,27.0,8.2,00111110,71.27,1088,38.4,5.15,459.0,71.62,7.8,1.48, , 
,72.91,1088,27.0,8.2,00111110,72.24,1120,38.4,5.15,459.0,72.58,8.2,1.48, , 
,73.91,1088,27.0,7.4,00111110,73.25,1088,36.9,5.15,438.6,73.58,7.8,1.45, , 
,74.87,1088,28.5,7.4,00111110,74.21,1088,36.9,5.15,438.6,74.54,7.4,1.45, , 
,75.81,1056,28.5,7.0,00111110,75.19,1088,36.9,5.15,438.6,75.50,7.0,1.45, , 
,76.77,1088,28.5,6.6,00111110,76.12,1088,36.9,5.15,438.6,76.45,7.0,1.45, , 
,77.76,1088,28.5,6.3,00111110,77.10,1088,35.3,5.15,438.6,77.43,6.3,1.45, , 
,78.73,1088,28.5,6.3,00111110,78.07,1088,35.3,5.15,418.2,78.41,5.9,1.48, , 
,79.73,1088,28.5,6.3,00111110,79.07,1088,35.3,5.15,438.6,79.41,6.3,1.48, , 
,80.72,1056,28.5,6.3,00111110,80.05,1088,35.3,5.15,418.2,80.38,6.3,1.48, , 
,81.68,1056,30.0,5.9,00111110,81.03,1056,35.3,5.15,418.2,81.35,5.9,1.45, , 
,82.64,1056,30.0,5.5,00111110,82.00,1056,34.1,5.15,418.2,82.33,5.5,1.48, , 
,83.61,1056,30.0,5.9,00111110,82.97,1088,35.3,5.15,438.6,83.28,5.9,1.52, , 
,84.58,1056,30.0,6.6,00111110,83.92,1088,35.3,5.15,418.2,84.23,6.3,1.52, , 
,85.56,1056,30.0,7.4,00111110,84.91,1056,35.3,5.15,438.6,85.22,7.0,1.52, , 
,86.59,1056,30.0,7.8,00111110,85.89,1056,36.9,5.15,438.6,86.25,7.8,1.52, , 
,87.59,1088,30.0,8.2,00111110,86.91,1088,36.9,5.15,438.6,87.26,8.2,1.48, , 
,88.55,1056,31.5,8.2,00111110,87.91,1056,36.9,5.15,438.6,88.23,8.2,1.48, , 
,89.48,1056,31.5,8.2,00111110,88.85,1056,36.9,5.15,438.6,89.17,8.2,1.48, , 
,90.44,1056,31.5,8.2,00111110,89.80,1056,36.9,5.15,459.0,90.11,8.2,1.48, , 
,91.39,1056,31.5,8.2,00111110,90.75,1056,36.9,5.15,459.0,91.06,8.6,1.48, , 
,92.36,1056,31.5,8.6,00111110,91.72,1024,38.4,5.15,459.0,92.03,8.2,1.48, , 
,93.31,1056,31.5,8.2,00111110,92.68,1056,38.4,5.15,459.0,93.00,8.6,1.48, , 
,94.27,1024,33.0,7.8,00111110,93.64,1056,38.4,5.15,459.0,93.97,8.2,1.45, , 
,95.24,1024,33.0,7.8,00111110,94.58,1024,38.4,5.15,459.0,94.90,7.8,1.45, , 
,96.19,1024,33.0,7.8,00111110,95.56,1024,38.4,5.15,459.0,95.87,7.8,1.48, , 
,97.18,1024,33.0,7.8,00111110,96.51,1024,38.4,5.15,459.0,96.85,7.8,1.48, , 
,98.15,1024,33.0,7.8,00111110,97.51,992,40.0,5.15,459.0,97.83,7.8,1.48, , 
,99.09,1024,33.0,8.2,00111110,98.47,1024,40.0,5.15,479.4,98.77,7.8,1.45, , 
,100.05,1024,33.0,7.8,00111110,99.41,1024,38.4,5.15,459.0,99.73,8.2,1.48, , 
,101.06,1024,34.5,8.2,00111110,100.39,1024,38.4,5.15,459.0,100.71,8.2,1.48, , 
,102.06,992,34.5,8.2,00111110,101.39,992,40.0,6.18,479.4,101.70,8.2,1.48, , 
,102.98,1024,34.5,8.2,00111110,102.33,1024,40.0,6.18,479.4,102.62,8.2,1.45, , 
,103.94,1024,34.5,7.8,00111110,103.32,1024,40.0,6.18,479.4,103.64,8.2,1.48, , 
,104.91,992,34.5,8.2,00111110,104.29,992,41.2,6.18,479.4,104.62,8.2,1.48, , 
,105.86,992,34.5,8.2,00111110,105.25,1024,41.2,6.18,479.4,105.53,8.2,1.48, , 
,106.81,992,34.5,8.2,00111110,106.13,992,41.2,6.18,479.4,106.49,8.2,1.45, , 
,107.72,992,34.5,7.8,00111110,107.08,992,40.0,6.18,479.4,107.43,7.8,1.45, , 
,108.52,960,36.0,7.8,00111110,107.98,992,41.2,6.18,479.4,108.25,7.8,1.48, , 
,109.51,992,36.0,7.4,00111110,108.81,992,40.0,5.15,479.4,109.17,7.4,1.48, , 
,110.59,992,36.0,7.0,00111110,109.87,992,40.0,5.15,479.4,110.23,7.0,1.48, , 
,111.56,960,36.0,6.6,00111110,110.95,992,40.0,5.15,479.4,111.30,6.6,1.48, , 
,112.50,960,36.0,7.0,00111110,111.82,992,40.0,5.15,479.4,112.18,7.0,1.48, , 
,113.41,992,36.0,7.0,00111110,112.76,992,40.0,5.15,479.4,113.12,7.0,1.48, , 
,114.37,960,36.0,7.4,00111110,113.77,960,40.0,5.15,479.4,114.08,7.4,1.48, , 
,115.29,960,37.5,7.0,00111110,114.69,960,40.0,5.15,479.4,114.98,7.0,1.48, , 
,116.25,960,37.5,7.0,00111110,115.64,960,40.0,5.15,479.4,115.97,7.0,1.48, , 
,117.19,960,37.5,7.4,00111110,116.58,960,40.0,5.15,479.4,116.92,7.4,1.48, , 
,118.17,960,37.5,7.4,00111110,117.50,960,40.0,5.15,479.4,117.84,7.4,1.48, , 
,119.10,960,37.5,7.4,00111110,118.44,960,40.0,5.15,479.4,118.78,7.4,1.48, , 
,120.05,960,37.5,7.4,00111110,119.42,960,40.0,5.15,479.4,119.74,7.4,1.48, , 
,120.99,960,37.5,7.4,00111110,120.35,960,41.2,5.15,479.4,120.68,7.0,1.48, , 
,121.96,960,37.5,7.0,00111110,121.31,960,40.0,5.15,479.4,121.64,7.0,1.48, , 
,122.95,960,39.0,7.4,00111110,122.29,960,40.0,5.15,479.4,122.62,7.0,1.41, , 
,123.93,928,39.0,7.4,00111110,123.29,928,38.4,5.15,479.4,123.62,7.4,1.41, , 
,124.88,928,39.0,7.4,00111110,124.27,928,38.4,5.15,459.0,124.57,7.4,1.41, , 
,125.86,928,39.0,7.8,00111110,125.21,928,38.4,5.15,459.0,125.54,7.8,1.45, , 
,126.78,928,39.0,7.4,00111110,126.17,928,38.4,5.15,479.4,126.47,7.8,1.41, , 
,127.71,928,39.0,7.8,00111110,127.07,928,38.4,5.15,459.0,127.41,7.4,1.45, , 
,128.64,928,39.0,8.2,00111110,128.02,928,38.4,5.15,459.0,128.32,8.2,1.45, , 
,129.57,928,39.0,8.2,00111110,128.95,928,38.4,5.15,459.0,129.26,8.2,1.41, , 
,130.54,896,40.5,8.2,00111110,129.88,928,38.4,5.15,459.0,130.21,8.2,1.45, , 
,131.48,928,40.5,8.2,00111110,130.86,928,38.4,5.15,459.0,131.16,8.2,1.41, , 
,132.41,928,40.5,8.2,00111110,131.79,928,36.9,5.15,459.0,132.09,8.2,1.41, , 
,133.35,928,40.5,8.2,00111110,132.71,896,38.4,5.15,459.0,133.03,8.2,1.41, , 
,134.28,928,40.5,8.2,00111110,133.67,928,38.4,5.15,459.0,133.98,8.2,1.41, , 
,135.21,928,40.5,8.2,00111110,134.58,896,36.9,5.15,459.0,134.87,8.2,1.41, , 
,136.16,928,40.5,8.2,00111110,135.54,896,36.9,5.15,459.0,135.86,8.2,1.41, , 
,137.12,928,40.5,7.8,00111110,136.48,896,36.9,5.15,459.0,136.80,8.2,1.41, , 
,138.08,896,40.5,7.8,00111110,137.43,896,36.9,5.15,459.0,137.76,7.8,1.41, , 
,139.02,896,42.0,7.8,00111110,138.40,896,36.9,5.15,459.0,138.71,7.8,1.41, , 
,139.97,896,42.0,7.4,00111110,139.33,896,36.9,5.15,459.0,139.63,7.8,1.37, , 
,140.91,928,42.0,7.4,00111110,140.29,896,36.9,5.15,459.0,140.61,7.4,1.45, , 
,141.85,896,42.0,7.4,00111110,141.23,896,36.9,5.15,459.0,141.56,7.4,1.45, , 
,142.78,928,42.0,7.4,00111110,142.17,896,36.9,5.15,459.0,142.47,7.4,1.41, , 
,143.70,896,42.0,7.4,00111110,143.09,896,36.9,5.15,459.0,143.39,7.4,1.41, , 
,144.59,896,42.0,7.8,00111110,144.00,896,35.3,5.15,459.0,144.30,7.4,1.45, , 
,145.54,896,42.0,7.8,00111110,144.92,896,36.9,5.15,459.0,145.23,7.8,1.45, , 
,146.48,896,42.0,8.2,00111110,145.85,896,36.9,5.15,459.0,146.18,8.2,1.45, , 
,147.40,896,43.5,8.2,00111110,146.80,928,35.3,5.15,459.0,147.11,8.2,1.41, , 
,148.35,896,43.5,7.8,00111110,147.71,928,35.3,5.15,459.0,148.03,7.8,1.41, , 
,149.31,896,43.5,7.0,00111110,148.65,896,35.3,5.15,438.6,148.98,7.0,1.41, , 
,150.31,896,43.5,6.3,00111110,149.65,896,35.3,5.15,459.0,149.98,6.6,1.41, , 
,151.24,896,43.5,6.3,00111110,150.62,896,35.3,5.15,438.6,150.94,6.3,1.45, , 
,152.16,896,43.5,6.6,00111110,151.55,896,35.3,5.15,438.6,151.86,6.3,1.45, , 
,153.09,896,43.5,6.6,00111110,152.45,896,35.3,5.15,438.6,152.77,6.6,1.45, , 
,154.03,896,43.5,7.0,00111110,153.39,896,35.3,5.15,438.6,153.70,7.0,1.41, , 
,154.95,896,43.5,7.0,00111110,154.33,896,35.3,5.15,438.6,154.64,7.0,1.45, , 
,155.90,896,43.5,7.4,00111110,155.27,896,34.1,5.15,438.6,155.57,7.4,1.45, , 
,156.84,896,43.5,6.6,00111110,156.23,896,34.1,5.15,438.6,156.54,7.0,1.41, , 
,157.81,896,43.5,6.6,00111110,157.16,896,34.1,5.15,438.6,157.49,6.6,1.45, , 
,158.76,896,45.0,6.6,00111110,158.14,896,34.1,5.15,438.6,158.45,6.6,1.41, , 
,159.67,864,45.0,6.3,00111110,159.07,864,34.1,5.15,438.6,159.37,6.3,1.41, , 
,160.57,896,45.0,5.5,00111110,159.97,896,34.1,4.12,438.6,160.27,5.9,1.41, , 
,161.50,864,45.0,5.9,00111110,160.87,864,34.1,4.12,438.6,161.18,5.5,1.45, , 
,162.41,896,45.0,5.9,00111110,161.80,896,34.1,5.15,438.6,162.10,5.9,1.45, , 
,163.36,896,45.0,6.3,00111110,162.73,896,34.1,5.15,438.6,163.05,6.3,1.45, , 
,164.28,896,45.0,6.6,00111110,163.66,864,34.1,5.15,438.6,163.96,6.3,1.45, , 
,165.21,896,45.0,7.0,00111110,164.59,896,34.1,4.12,438.6,164.91,6.6,1.48, , 
,166.12,896,45.0,7.0,00111110,165.52,896,34.1,4.12,438.6,165.81,7.0,1.45, , 
,167.08,832,45.0,7.0,00111110,166.45,896,34.1,4.12,438.6,166.78,7.0,1.45, , 
,168.03,832,46.5,7.0,00111110,167.39,832,34.1,5.15,438.6,167.71,7.4,1.41, , 
,168.92,800,46.5,6.6,00111110,168.31,832,34.1,4.12,438.6,168.61,6.6,1.41, , 
,169.83,832,46.5,6.3,00111110,169.21,864,34.1,5.15,438.6,169.53,6.3,1.41, , 
,170.77,832,46.5,6.6,00111110,170.15,832,34.1,5.15,438.6,170.47,6.3,1.41, , 
,171.71,832,46.5,7.0,00111110,171.10,832,35.3,5.15,459.0,171.42,7.0,1.45, , 
,172.61,832,46.5,7.0,00111110,172.02,832,34.1,5.15,438.6,172.32,7.0,1.41, , 
,173.52,832,46.5,7.0,00111110,172.92,832,34.1,5.15,438.6,173.23,7.0,1.41, , 
,174.44,832,46.5,7.4,00111110,173.80,832,34.1,5.15,438.6,174.12,7.4,1.41, , 
,175.38,832,46.5,7.0,00111110,174.74,832,34.1,4.12,438.6,175.06,7.0,1.41, , 
,176.27,832,46.5,7.0,00111110,175.67,832,34.1,4.12,438.6,175.97,7.0,1.41, , 
,177.20,832,46.5,7.0,00111110,176.59,832,34.1,4.12,438.6,176.89,7.0,1.41, , 
,178.10,832,46.5,7.0,00111110,177.51,832,34.1,4.12,438.6,177.81,7.0,1.41, , 
,179.04,832,46.5,7.4,00111110,178.42,832,34.1,4.12,438.6,178.73,7.4,1.41, , 
,179.98,832,46.5,7.0,00111110,179.36,832,34.1,4.12,438.6,179.67,7.0,1.41, , 
,180.87,832,46.5,6.6,00111110,180.27,832,32.5,4.12,438.6,180.57,6.6,1.41, , 
,181.78,800,48.0,6.3,00111110,181.17,832,34.1,4.12,438.6,181.48,6.6,1.41, , 
,182.67,832,48.0,5.9,00111110,182.08,832,34.1,4.12,438.6,182.37,5.9,1.45, , 
,183.55,800,48.0,6.3,00111110,182.95,832,34.1,4.12,438.6,183.25,5.9,1.48, , 
,184.43,832,48.0,6.3,00111110,183.84,832,34.1,4.12,438.6,184.14,6.3,1.45, , 
,185.34,832,48.0,5.9,00111110,184.73,832,34.1,4.12,438.6,185.04,5.9,1.41, , 
,186.26,832,48.0,5.9,00111110,185.65,832,34.1,4.12,438.6,185.95,5.9,1.48, , 
,187.17,800,48.0,5.9,00111110,186.55,832,32.5,4.12,438.6,186.85,5.9,1.45, , 
,188.10,832,48.0,5.5,00111110,187.48,832,34.1,4.12,438.6,187.80,5.5,1.41, , 
,188.98,800,48.0,5.5,00111110,188.41,832,34.1,4.12,438.6,188.69,5.1,1.45, , 
,189.88,832,48.0,6.3,00111110,189.28,800,34.1,4.12,438.6,189.58,6.3,1.48, , 
,190.76,832,48.0,6.6,00111110,190.17,832,34.1,4.12,438.6,190.47,6.6,1.45, , 
,191.67,832,48.0,7.0,00111110,191.06,832,34.1,4.12,438.6,191.35,6.6,1.45, , 
,192.59,832,48.0,7.0,00111110,191.98,832,34.1,4.12,438.6,192.28,7.0,1.41, , 
,193.53,832,49.5,6.6,00111110,192.91,832,34.1,4.12,438.6,193.23,6.6,1.41, , 
,194.46,800,49.5,6.3,00111110,193.84,832,34.1,4.12,438.6,194.14,6.3,1.41, , 
,195.38,832,49.5,6.3,00111110,194.75,832,34.1,4.12,438.6,195.06,6.3,1.45, , 
,196.31,832,49.5,6.6,00111110,195.70,832,34.1,4.12,438.6,196.00,6.6,1.45, , 
,197.24,832,49.5,6.3,00111110,196.63,832,34.1,4.12,438.6,196.93,6.3,1.41, , 
,198.14,800,49.5,6.6,00111110,197.55,832,34.1,4.12,438.6,197.84,6.6,1.45, , 
,199.06,800,49.5,6.3,00111110,198.45,800,34.1,4.12,438.6,198.75,6.6,1.41, , 
,199.97,800,49.5,6.3,00111110,199.36,832,34.1,5.15,438.6,199.65,6.3,1.45, , 
,200.87,800,49.5,6.6,00111110,200.26,832,34.1,4.12,438.6,200.57,6.6,1.45, , 
,201.82,832,49.5,7.0,00111110,201.19,800,34.1,4.12,438.6,201.49,6.6,1.45, , 
,202.75,800,49.5,7.0,00111110,202.14,832,34.1,4.12,438.6,202.44,7.0,1.41, , 
,203.66,832,49.5,7.0,00111110,203.05,832,34.1,4.12,438.6,203.36,7.0,1.45, , 
,204.59,832,49.5,7.0,00111110,203.96,832,34.1,4.12,438.6,204.27,7.0,1.45, , 
,205.52,832,49.5,7.0,00111110,204.90,832,32.5,4.12,438.6,205.22,7.0,1.45, , 
,206.43,832,49.5,7.0,00111110,205.84,832,34.1,4.12,438.6,206.14,7.0,1.41, , 
,207.36,832,51.0,7.0,00111110,206.73,800,34.1,4.12,438.6,207.04,7.0,1.41, , 
,208.27,800,51.0,7.0,00111110,207.66,832,34.1,4.12,438.6,207.95,7.0,1.45, , 
,209.17,832,51.0,7.0,00111110,208.56,800,34.1,4.12,438.6,208.87,7.0,1.45, , 
,210.10,832,51.0,7.0,00111110,209.49,800,34.1,4.12,438.6,209.80,7.0,1.41, , 
,211.00,800,51.0,6.6,00111110,210.41,832,34.1,4.12,438.6,210.71,6.6,1.45, , 
,211.85,800,51.0,6.6,00111110,211.28,832,34.1,4.12,438.6,211.57,6.6,1.45, , 
,212.77,800,51.0,6.3,00111110,212.15,800,34.1,4.12,438.6,212.46,6.6,1.45, , 
,213.66,832,51.0,6.6,00111110,213.05,800,34.1,4.12,438.6,213.35,6.3,1.45, , 
,214.54,800,51.0,6.6,00111110,213.95,800,34.1,4.12,438.6,214.24,6.6,1.45, , 
,215.48,832,51.0,7.0,00111110,214.85,832,34.1,4.12,438.6,215.17,7.0,1.45, , 
,216.40,832,51.0,7.4,00111110,215.79,832,34.1,5.15,438.6,216.09,7.4,1.45, , 
,217.32,832,51.0,7.0,00111110,216.70,832,34.1,5.15,438.6,217.01,7.4,1.41, , 
,218.25,832,51.0,7.0,00111110,217.63,832,34.1,4.12,438.6,217.93,7.0,1.41, , 
,219.17,800,52.5,7.0,00111110,218.54,832,34.1,4.12,438.6,218.85,7.0,1.41, , 
,220.09,800,52.5,7.0,00111110,219.46,832,34.1,4.12,438.6,219.78,7.0,1.45, , 
,220.97,832,52.5,7.0,00111110,220.39,800,34.1,4.12,438.6,220.68,7.4,1.45, , 
,221.87,832,52.5,7.0,00111110,221.25,832,34.1,4.12,438.6,221.56,7.0,1.45, , 
,222.81,832,52.5,6.6,00111110,222.18,832,32.5,4.12,438.6,222.50,6.6,1.41, , 
,223.70,832,52.5,6.6,00111110,223.12,800,34.1,4.12,438.6,223.41,6.6,1.45, , 
,224.61,800,52.5,6.6,00111110,224.00,800,34.1,4.12,438.6,224.30,6.6,1.45, , 
,225.53,832,52.5,7.0,00111110,224.90,832,34.1,4.12,438.6,225.23,6.6,1.45, , 
,226.44,832,52.5,7.0,00111110,225.84,832,34.1,4.12,438.6,226.14,6.6,1.41, , 
,227.36,832,52.5,7.0,00111110,226.73,832,34.1,4.12,438.6,227.04,7.0,1.45, , 
,228.23,832,52.5,7.0,00111110,227.65,800,34.1,4.12,438.6,227.94,7.0,1.45, , 
,229.13,800,52.5,7.0,00111110,228.52,832,34.1,5.15,438.6,228.82,7.0,1.45, , 
,230.05,832,52.5,7.4,00111110,229.42,800,32.5,4.12,438.6,229.74,7.0,1.48, , 
,230.93,800,52.5,7.0,00111110,230.35,832,34.1,4.12,438.6,230.64,7.0,1.41, , 
,231.87,800,52.5,6.6,00111110,231.24,832,34.1,4.12,438.6,231.57,6.6,1.45, , 
,232.80,832,52.5,7.4,00111110,232.19,832,34.1,4.12,438.6,232.50,7.0,1.48, , 
,233.68,832,54.0,7.0,00111110,233.08,800,34.1,4.12,438.6,233.37,7.0,1.45, , 
,234.62,832,54.0,7.0,00111110,233.99,832,34.1,4.12,438.6,234.30,7.0,1.45, , 
,235.54,832,54.0,6.6,00111110,234.94,800,32.5,4.12,438.6,235.23,6.6,1.45, , 
,236.47,832,54.0,7.0,00111110,235.84,832,34.1,4.12,438.6,236.15,7.0,1.45, , 
,237.39,800,54.0,6.6,00111110,236.78,800,34.1,4.12,438.6,237.08,6.6,1.45, , 
,238.29,832,54.0,7.0,00111110,237.69,832,32.5,4.12,438.6,237.99,7.0,1.45, , 
,239.21,800,54.0,6.6,00111110,238.61,800,32.5,4.12,438.6,238.91,7.0,1.45, , 
,240.14,800,54.0,6.6,00111110,239.52,800,34.1,4.12,438.6,239.82,6.6,1.45, , 
,241.04,832,54.0,7.0,00111110,240.44,832,34.1,4.12,438.6,240.73,6.6,1.48, , 
,241.96,800,54.0,7.0,00111110,241.34,800,34.1,4.12,438.6,241.65,7.0,1.45, , 
,242.88,800,54.0,7.0,00111110,242.27,800,34.1,4.12,438.6,242.57,7.0,1.45, , 
,243.78,832,54.0,6.6,00111110,243.17,800,34.1,4.12,438.6,243.48,7.0,1.45, , 
,244.71,800,54.0,6.6,00111110,244.09,800,34.1,4.12,438.6,244.40,6.6,1.45, , 
,245.64,832,54.0,6.3,00111110,245.02,800,34.1,4.12,438.6,245.33,6.6,1.41, , 
,246.58,832,54.0,6.6,00111110,245.95,832,34.1,4.12,438.6,246.26,6.6,1.45, , 
,247.49,800,55.5,6.6,00111110,246.88,800,34.1,4.12,438.6,247.18,6.6,1.45, , 
,248.42,800,55.5,6.3,00111110,247.80,800,32.5,4.12,438.6,248.12,6.6,1.45, , 
,249.36,800,55.5,5.9,00111110,248.74,800,34.1,4.12,438.6,249.05,5.9,1.45, , 
,250.26,832,55.5,5.9,00111110,249.65,800,34.1,4.12,438.6,249.95,5.9,1.48, , 
,251.17,800,55.5,6.6,00111110,250.55,800,34.1,4.12,438.6,250.86,6.3,1.45, , 
,252.09,800,55.5,7.0,00111110,251.47,800,34.1,4.12,438.6,251.78,7.0,1.48, , 
,252.97,800,55.5,7.0,00111110,252.39,832,32.5,4.12,438.6,252.67,7.0,1.41, , 
,253.87,832,55.5,7.0,00111110,253.26,832,34.1,4.12,438.6,253.56,7.0,1.41, , 
,254.77,832,55.5,6.6,00111110,254.18,832,34.1,4.12,438.6,254.48,7.0,1.45, , 
,255.68,800,55.5,6.6,00111110,255.08,800,34.1,4.12,438.6,255.38,6.6,1.45, , 
,256.58,832,55.5,7.0,00111110,255.99,832,34.1,5.15,459.0,256.28,7.0,1.48, , 
,257.48,800,55.5,7.0,00111110,256.88,800,32.5,4.12,438.6,257.17,7.0,1.45, , 
,258.37,832,55.5,7.4,00111110,257.80,832,34.1,5.15,438.6,258.08,7.4,1.48, , 
,259.30,832,55.5,7.4,00111110,258.69,800,34.1,4.12,438.6,259.00,7.4,1.48, , 
,260.22,800,55.5,6.6,00111110,259.60,832,32.5,4.12,438.6,259.91,6.6,1.41, , 
,261.12,832,55.5,6.6,00111110,260.52,832,34.1,4.12,438.6,260.83,6.6,1.45, , 
,261.98,800,57.0,6.6,00111110,261.41,832,32.5,4.12,438.6,261.70,6.6,1.48, , 
,262.91,800,57.0,7.4,00111110,262.29,800,34.1,4.12,438.6,262.61,7.0,1.45, , 
,263.79,800,57.0,7.8,00111110,263.21,832,34.1,5.15,438.6,263.51,7.4,1.45, , 
,264.71,800,57.0,7.4,00111110,264.09,800,34.1,5.15,438.6,264.39,7.8,1.45, , 
,265.64,832,57.0,7.8,00111110,265.03,800,34.1,5.15,459.0,265.32,7.8,1.48, , 
,266.54,800,57.0,7.0,00111110,265.93,832,32.5,4.12,438.6,266.24,7.0,1.45, , 
,267.44,800,57.0,7.0,00111110,266.83,800,32.5,4.12,438.6,267.14,7.0,1.45, , 
,268.34,832,57.0,6.3,00111110,267.73,832,32.5,4.12,438.6,268.04,6.6,1.45, , 
,269.25,800,57.0,6.3,00111110,268.65,832,34.1,4.12,438.6,268.96,6.3,1.45, , 
,270.12,800,57.0,6.3,00111110,269.53,800,34.1,4.12,459.0,269.83,6.3,1.48, , 
,271.02,800,57.0,6.3,00111110,270.40,800,34.1,4.12,438.6,270.71,6.3,1.48, , 
,271.95,800,57.0,7.0,00111110,271.32,800,34.1,4.12,438.6,271.65,7.0,1.48, , 
,272.88,800,57.0,7.0,00111110,272.26,832,32.5,4.12,438.6,272.58,7.0,1.45, , 
,273.80,800,57.0,6.6,00111110,273.20,800,34.1,4.12,438.6,273.51,6.6,1.45, , 
,274.71,832,57.0,6.6,00111110,274.10,832,34.1,4.12,438.6,274.40,6.6,1.45, , 
,275.62,832,57.0,6.6,00111110,275.02,800,34.1,4.12,438.6,275.31,6.6,1.45, , 
,276.54,800,57.0,6.6,00111110,275.93,800,34.1,4.12,438.6,276.23,6.3,1.45, , 
,277.44,800,58.5,6.6,00111110,276.84,832,34.1,4.12,438.6,277.14,6.6,1.45, , 
,278.34,800,58.5,6.6,00111110,277.73,800,32.5,4.12,438.6,278.05,6.6,1.45, , 
,279.23,800,58.5,6.3,00111110,278.64,800,32.5,4.12,438.6,278.93,6.3,1.45, , 
,280.09,832,58.5,5.9,00111110,279.51,800,32.5,4.12,438.6,279.80,5.9,1.45, , 
,280.98,800,58.5,5.5,00111110,280.38,832,32.5,4.12,438.6,280.68,5.5,1.45, , 
,281.91,800,58.5,5.9,00111110,281.30,800,34.1,4.12,438.6,281.60,5.9,1.48, , 
,282.82,832,58.5,6.3,00111110,282.22,800,32.5,4.12,438.6,282.52,6.3,1.48, , 
,283.74,800,58.5,7.0,00111110,283.11,832,32.5,4.12,438.6,283.43,6.6,1.48, , 
,284.63,800,58.5,7.0,00111110,284.04,800,34.1,4.12,438.6,284.33,7.0,1.48, , 
,285.50,832,58.5,7.0,00111110,284.92,800,32.5,4.12,438.6,285.20,6.6,1.45, , 
,286.37,800,58.5,6.6,00111110,285.79,832,32.5,4.12,438.6,286.08,6.6,1.45, , 
,287.26,832,58.5,6.6,00111110,286.65,800,32.5,4.12,438.6,286.95,6.6,1.45, , 
,288.19,800,58.5,6.6,00111110,287.57,832,32.5,4.12,438.6,287.88,6.6,1.45, , 
,289.09,800,58.5,6.6,00111110,288.47,832,32.5,4.12,438.6,288.78,6.6,1.45, , 
,289.96,800,58.5,6.3,00111110,289.38,800,32.5,4.12,438.6,289.67,6.6,1.45, , 
,290.88,800,58.5,6.6,00111110,290.26,800,32.5,4.12,438.6,290.57,6.6,1.45, , 
,291.77,800,58.5,6.6,00111110,291.18,800,32.5,4.12,438.6,291.49,6.6,1.45, , 
,292.66,800,58.5,6.6,00111110,292.07,832,32.5,4.12,438.6,292.38,6.6,1.45, , 
,293.56,800,58.5,6.6,00111110,292.97,800,32.5,4.12,438.6,293.27,6.6,1.45, , 
,294.48,800,60.0,6.6,00111110,293.85,800,32.5,4.12,438.6,294.17,6.6,1.45, , 
,295.38,800,60.0,6.6,00111110,294.79,832,32.5,4.12,438.6,295.09,6.6,1.45, , 
,296.30,800,60.0,6.6,00111110,295.68,800,32.5,4.12,438.6,295.98,6.6,1.45, , 
,297.20,832,60.0,7.4,00111110,296.59,800,34.1,4.12,438.6,296.89,7.0,1.48, , 
,298.15,800,60.0,7.0,00111110,297.50,832,32.5,4.12,438.6,297.82,7.0,1.45, , 
,299.06,800,60.0,6.6,00111110,298.46,800,32.5,4.12,438.6,298.77,7.0,1.45, , 
,299.97,800,60.0,6.3,00111110,299.36,832,32.5,4.12,438.6,299.67,6.3,1.45, , 
,300.86,800,60.0,6.3,00111110,300.26,800,32.5,4.12,438.6,300.55,6.3,1.45, , 
,301.75,800,60.0,6.3,00111110,301.16,832,32.5,4.12,438.6,301.45,6.3,1.45, , 
,302.70,800,60.0,6.3,00111110,302.07,800,32.5,4.12,438.6,302.39,6.3,1.48, , 
,303.63,800,60.0,6.6,00111110,303.02,800,32.5,4.12,438.6,303.31,6.6,1.48, , 
,304.52,800,60.0,7.0,00111110,303.92,800,34.1,4.12,459.0,304.22,7.0,1.48, , 
,305.41,832,60.0,6.6,00111110,304.80,800,32.5,4.12,438.6,305.10,6.6,1.45, , 
,306.33,800,60.0,6.3,00111110,305.71,800,34.1,4.12,438.6,306.03,6.3,1.45, , 
,307.20,800,60.0,6.3,00111110,306.63,800,32.5,4.12,438.6,306.91,6.3,1.45, , 
,308.14,800,60.0,5.9,00111110,307.51,800,32.5,4.12,438.6,307.84,5.9,1.45, , 
,309.02,800,60.0,6.3,00111110,308.44,800,34.1,4.12,459.0,308.73,6.3,1.48, , 
,309.91,800,60.0,6.3,00111110,309.32,800,32.5,4.12,438.6,309.63,6.3,1.45, , 
,310.84,800,60.0,6.3,00111110,310.23,832,34.1,4.12,438.6,310.54,6.3,1.45, , 
,311.72,800,61.5,5.9,00111110,311.12,800,32.5,4.12,438.6,311.42,5.9,1.45, , 
,312.62,800,61.5,5.9,00111110,312.01,800,32.5,4.12,438.6,312.31,5.9,1.48, , 
,313.50,800,61.5,6.3,00111110,312.93,800,34.1,4.12,459.0,313.21,6.3,1.48, , 
,314.42,800,61.5,6.3,00111110,313.79,800,32.5,4.12,438.6,314.10,6.3,1.48, , 
,315.32,800,61.5,6.3,00111110,314.73,832,34.1,4.12,459.0,315.03,6.3,1.45, , 
,316.21,800,61.5,6.3,00111110,315.61,800,32.5,4.12,438.6,315.90,6.3,1.45, , 
,317.14,800,61.5,6.3,00111110,316.53,800,32.5,4.12,438.6,316.84,6.3,1.45, , 
,318.04,800,61.5,5.9,00111110,317.44,800,32.5,4.12,438.6,317.75,5.9,1.45, , 
,318.95,800,61.5,5.5,00111110,318.34,832,32.5,4.12,438.6,318.64,5.5,1.45, , 
,319.85,800,61.5,5.9,00111110,319.26,800,32.5,4.12,438.6,319.55,5.5,1.48, , 
,320.78,800,61.5,6.3,00111110,320.17,800,32.5,4.12,438.6,320.48,5.9,1.45, , 
,321.69,832,61.5,6.3,00111110,321.09,800,32.5,4.12,438.6,321.39,6.3,1.45, , 
,322.63,800,61.5,5.9,00111110,321.99,800,32.5,4.12,438.6,322.32,5.9,1.45, , 
,323.54,800,63.0,5.5,00111110,322.92,800,32.5,4.12,438.6,323.23,5.9,1.45, , 
,324.45,800,63.0,5.9,00111110,323.86,800,34.1,4.12,459.0,324.15,5.5,1.45, , 
,325.39,800,63.0,5.9,00111110,324.74,800,32.5,4.12,438.6,325.07,5.9,1.45, , 
,326.29,800,63.0,5.5,00111110,325.68,800,32.5,4.12,438.6,325.99,5.9,1.45, , 
,327.14,800,63.0,5.1,00111110,326.58,800,32.5,4.12,438.6,326.85,5.5,1.45, , 
,328.03,800,63.0,4.7,00111110,327.42,800,32.5,4.12,438.6,327.73,5.1,1.45, , 
,328.89,800,63.0,5.1,00111110,328.32,800,32.5,4.12,438.6,328.61,5.1,1.48, , 
,329.78,800,63.0,5.1,00111110,329.20,800,34.1,4.12,438.6,329.49,5.1,1.48, , 
,330.69,800,63.0,5.5,00111110,330.07,800,32.5,4.12,438.6,330.39,5.5,1.48, , 
,331.57,800,63.0,5.5,00111110,330.97,800,32.5,4.12,438.6,331.27,5.5,1.48, , 
,332.47,800,63.0,5.9,00111110,331.86,800,34.1,4.12,459.0,332.16,5.5,1.48, , 
,333.39,800,63.0,6.3,00111110,332.78,800,34.1,4.12,459.0,333.09,6.3,1.48, , 
,334.31,832,63.0,6.3,00111110,333.71,800,32.5,4.12,438.6,334.02,6.3,1.48, , 
,335.21,800,63.0,6.6,00111110,334.61,800,32.5,4.12,438.6,334.91,6.6,1.45, , 
,336.15,800,63.0,6.3,00111110,335.51,800,32.5,4.12,438.6,335.82,6.3,1.48, , 
,337.08,800,63.0,6.3,00111110,336.46,832,32.5,4.12,438.6,336.78,6.3,1.45, , 
,337.99,800,63.0,6.3,00111110,337.38,800,32.5,4.12,438.6,337.67,6.3,1.45, , 
,338.90,800,63.0,6.3,00111110,338.28,800,32.5,4.12,438.6,338.60,6.3,1.45, , 
,339.80,832,63.0,5.9,00111110,339.21,800,32.5,4.12,438.6,339.50,5.9,1.45, , 
,340.71,800,64.5,5.9,00111110,340.09,800,32.5,4.12,438.6,340.40,5.9,1.45, , 
,341.59,800,64.5,5.9,00111110,340.99,800,32.5,4.12,438.6,341.29,5.9,1.45, , 
,342.49,800,64.5,5.5,00111110,341.88,800,32.5,4.12,438.6,342.19,5.5,1.45, , 
,343.39,800,64.5,5.5,00111110,342.77,800,32.5,4.12,438.6,343.07,5.5,1.48, , 
,344.29,800,64.5,5.9,00111110,343.66,800,32.5,4.12,438.6,343.97,5.9,1.48, , 
,345.23,800,64.5,5.9,00111110,344.61,768,32.5,4.12,438.6,344.91,5.9,1.48, , 
,346.15,800,64.5,5.9,00111110,345.54,832,32.5,4.12,438.6,345.85,5.9,1.48, , 
,347.03,800,64.5,6.3,00111110,346.45,800,32.5,4.12,438.6,346.73,6.3,1.48, , 
,347.97,800,64.5,5.9,00111110,347.34,800,32.5,4.12,438.6,347.65,5.9,1.45, , 
,348.86,800,64.5,5.9,00111110,348.27,800,32.5,4.12,438.6,348.56,5.9,1.45, , 
,349.74,800,64.5,5.5,00111110,349.16,800,32.5,4.12,438.6,349.45,5.5,1.45, , 
,350.68,800,64.5,5.1,00111110,350.04,832,32.5,4.12,438.6,350.37,5.1,1.45, , 
,351.57,800,64.5,5.1,00111110,350.99,800,32.5,4.12,438.6,351.27,5.1,1.45, , 
,352.47,800,64.5,5.1,00111110,351.87,768,32.5,4.12,438.6,352.17,5.1,1.48, , 
,353.39,800,64.5,5.1,00111110,352.78,800,32.5,4.12,438.6,353.09,5.1,1.48, , 
,354.28,800,64.5,5.1,00111110,353.70,800,32.5,4.12,438.6,353.99,5.1,1.48, , 
,355.16,800,66.0,5.5,00111110,354.58,800,32.5,4.12,438.6,354.88,5.5,1.48, , 
,356.04,800,66.0,5.9,00111110,355.46,800,32.5,4.12,438.6,355.75,5.9,1.48, , 
,356.96,800,66.0,6.3,00111110,356.36,832,32.5,4.12,438.6,356.66,6.3,1.45, , 
,357.90,800,66.0,5.9,00111110,357.26,800,32.5,4.12,438.6,357.58,5.9,1.45, , 
,358.86,800,66.0,5.5,00111110,358.21,800,32.5,4.12,438.6,358.54,5.5,1.45, , 
,359.76,800,66.0,5.1,00111110,359.16,800,32.5,4.12,438.6,359.46,5.1,1.45, , 
,360.69,800,66.0,5.5,00111110,360.08,800,32.5,4.12,438.6,360.39,5.5,1.48, , 
,361.57,800,66.0,5.1,00111110,360.99,800,32.5,4.12,438.6,361.28,5.5,1.45, , 
,362.49,800,66.0,5.1,00111110,361.89,800,32.5,4.12,438.6,362.20,5.1,1.45, , 
,363.37,832,66.0,5.1,00111110,362.78,800,32.5,4.12,459.0,363.07,5.1,1.45, , 
,364.25,800,66.0,5.5,00111110,363.67,800,32.5,4.12,438.6,363.96,5.5,1.48, , 
,365.16,800,66.0,5.9,00111110,364.55,800,32.5,4.12,459.0,364.86,5.9,1.48, , 
,366.07,800,66.0,6.3,00111110,365.45,800,32.5,4.12,459.0,365.77,5.9,1.48, , 
,366.97,800,66.0,6.3,00111110,366.40,800,34.1,4.12,459.0,366.69,6.3,1.48, , 
,367.87,800,66.0,5.9,00111110,367.27,800,32.5,4.12,438.6,367.56,5.9,1.45, , 
,368.80,800,66.0,5.9,00111110,368.19,800,32.5,4.12,459.0,368.49,5.9,1.45, , 
,369.70,800,66.0,5.5,00111110,369.10,800,32.5,4.12,438.6,369.40,5.9,1.45, , 
,370.64,800,66.0,5.5,00111110,370.00,800,34.1,4.12,459.0,370.33,5.5,1.45, , 
,371.53,800,67.5,5.5,00111110,370.94,800,32.5,4.12,438.6,371.23,5.5,1.45, , 
,372.42,800,67.5,5.1,00111110,371.82,800,32.5,4.12,438.6,372.12,5.1,1.45, , 
,373.34,800,67.5,5.5,00111110,372.73,800,32.5,4.12,438.6,373.04,5.1,1.48, , 
,374.23,800,67.5,5.5,00111110,373.64,800,32.5,4.12,459.0,373.93,5.5,1.48, , 
,375.17,800,67.5,5.5,00111110,374.55,800,32.5,4.12,459.0,374.85,5.5,1.45, , 
,376.08,800,67.5,5.5,00111110,375.47,800,32.5,4.12,438.6,375.78,5.9,1.45, , 
,376.96,800,67.5,5.5,00111110,376.37,800,32.5,4.12,459.0,376.66,5.5,1.45, , 
,377.86,800,67.5,4.7,00111110,377.24,800,32.5,4.12,438.6,377.56,5.1,1.45, , 
,378.80,800,67.5,4.7,00111110,378.17,800,32.5,4.12,459.0,378.48,4.7,1.48, , 
,379.72,832,67.5,5.5,00111110,379.09,800,32.5,4.12,459.0,379.40,5.1,1.48, , 
,380.61,800,67.5,5.5,00111110,380.01,800,32.5,4.12,459.0,380.31,5.5,1.45, , 
,381.52,800,67.5,5.9,00111110,380.90,800,32.5,4.12,459.0,381.21,5.5,1.48, , 
,382.48,800,67.5,5.5,00111110,381.82,800,32.5,4.12,459.0,382.15,5.5,1.45, , 
,383.40,832,67.5,5.5,00111110,382.78,800,32.5,4.12,459.0,383.11,5.5,1.45, , 
,384.32,800,67.5,5.5,00111110,383.72,800,32.5,4.12,459.0,384.01,5.5,1.45, , 
,385.24,800,67.5,5.1,00111110,384.62,800,32.5,4.12,459.0,384.93,5.5,1.48, , 
,386.15,800,67.5,5.1,00111110,385.56,800,32.5,4.12,438.6,385.85,5.1,1.45, , 
,387.10,800,67.5,5.1,00111110,386.46,800,32.5,4.12,438.6,386.78,5.1,1.48, , 
,387.99,800,67.5,5.1,00111110,387.39,800,32.5,4.12,438.6,387.67,5.1,1.45, , 
,388.87,800,67.5,5.1,00111110,388.28,800,32.5,4.12,438.6,388.58,5.1,1.45, , 
,389.75,800,67.5,5.1,00111110,389.16,800,32.5,4.12,438.6,389.43,5.1,1.48, , 
,390.64,800,67.5,5.1,00111110,390.04,800,32.5,4.12,438.6,390.34,5.1,1.45, , 
,391.52,800,69.0,5.1,00111110,390.96,800,32.5,4.12,459.0,391.23,5.1,1.45, , 
,392.41,800,69.0,5.1,00111110,391.82,800,32.5,4.12,438.6,392.13,4.7,1.45, , 
,393.32,768,69.0,5.1,00111110,392.73,800,32.5,4.12,438.6,393.03,5.1,1.48, , 
,394.25,800,69.0,4.7,00111110,393.63,768,32.5,4.12,438.6,393.93,4.7,1.45, , 
,395.21,800,69.0,4.7,00111110,394.56,800,32.5,4.12,438.6,394.89,4.7,1.48, , 
,396.14,800,69.0,4.7,00111110,395.52,768,32.5,4.12,438.6,395.84,4.7,1.48, , 
,397.06,800,69.0,4.3,00111110,396.44,800,32.5,4.12,438.6,396.76,4.3,1.45, , 
,397.97,800,69.0,4.3,00111110,397.36,800,32.5,4.12,438.6,397.66,4.3,1.45, , 
,398.87,800,69.0,4.3,00111110,398.28,800,32.5,4.12,459.0,398.57,4.3,1.48, , 
,399.77,800,69.0,4.7,00111110,399.17,800,32.5,4.12,459.0,399.47,4.3,1.48, , 
,400.69,800,69.0,5.5,00111110,400.09,800,32.5,4.12,459.0,400.39,5.1,1.48, , 
,401.58,800,69.0,5.9,00111110,401.00,800,32.5,4.12,459.0,401.29,5.5,1.48, , 
,402.51,800,69.0,5.9,00111110,401.89,768,32.5,4.12,459.0,402.19,5.5,1.45, , 
,403.39,800,69.0,5.9,00111110,402.79,800,32.5,4.12,459.0,403.09,5.9,1.45, , 
,404.31,800,69.0,5.9,00111110,403.68,800,32.5,4.12,438.6,403.99,5.9,1.48, , 
,405.23,800,69.0,5.9,00111110,404.61,800,32.5,4.12,438.6,404.93,5.9,1.48, , 
,406.17,800,69.0,6.3,00111110,405.54,800,32.5,4.12,459.0,405.86,6.3,1.45, , 
,407.07,800,69.0,5.9,00111110,406.47,800,32.5,4.12,438.6,406.77,5.9,1.45, , 
,407.99,800,69.0,6.3,00111110,407.37,832,32.5,4.12,438.6,407.67,6.3,1.45, , 
,408.87,800,69.0,6.3,00111110,408.29,800,32.5,4.12,438.6,408.57,6.3,1.45, , 
,409.75,800,69.0,5.9,00111110,409.17,800,32.5,4.12,438.6,409.46,5.9,1.45, , 
,410.67,800,70.5,5.9,00111110,410.05,800,32.5,4.12,438.6,410.35,5.9,1.45, , 
,411.55,800,70.5,5.9,00111110,410.97,800,32.5,4.12,438.6,411.25,5.9,1.48, , 
,412.44,800,70.5,5.5,00111110,411.84,800,32.5,4.12,438.6,412.14,5.9,1.45, , 
,413.35,768,70.5,5.5,00111110,412.74,800,32.5,4.12,438.6,413.05,5.5,1.45, , 
,414.24,800,70.5,5.9,00111110,413.63,800,32.5,4.12,438.6,413.94,5.9,1.48, , 
,415.14,800,70.5,6.3,00111110,414.54,800,32.5,4.12,438.6,414.84,6.3,1.48, , 
,416.05,800,70.5,6.3,00111110,415.43,800,31.0,4.12,438.6,415.74,5.9,1.45, , 
,416.97,800,70.5,5.9,00111110,416.34,800,32.5,4.12,438.6,416.65,5.9,1.45, , 
,417.85,800,70.5,6.3,00111110,417.27,800,32.5,4.12,438.6,417.56,5.9,1.45, , 
,418.75,800,70.5,6.3,00111110,418.16,800,32.5,4.12,438.6,418.45,6.3,1.48, , 
,419.66,800,70.5,6.6,00111110,419.05,800,31.0,4.12,438.6,419.35,6.6,1.48, , 
,420.53,800,70.5,6.3,00111110,419.94,800,31.0,4.12,438.6,420.24,6.3,1.45, , 
,421.42,800,70.5,6.3,00111110,420.83,800,31.0,4.12,438.6,421.12,6.3,1.45, , 
,422.33,800,70.5,5.9,00111110,421.73,800,32.5,4.12,438.6,422.04,5.9,1.45, , 
,423.23,768,70.5,5.5,00111110,422.63,800,32.5,4.12,438.6,422.92,5.5,1.45, , 
,424.16,800,70.5,5.5,00111110,423.53,800,32.5,4.12,438.6,423.86,5.5,1.48, , 
,425.07,768,70.5,5.9,00111110,424.48,800,32.5,4.12,438.6,424.77,5.5,1.48, , 
,426.00,800,70.5,6.3,00111110,425.38,768,32.5,4.12,438.6,425.70,6.3,1.48, , 
,426.89,800,70.5,6.3,00111110,426.30,800,32.5,4.12,438.6,426.59,6.3,1.45, , 
,427.80,800,70.5,6.3,00111110,427.18,800,32.5,4.12,438.6,427.50,6.3,1.45, , 
,428.69,800,72.0,5.9,00111110,428.09,800,31.0,4.12,438.6,428.39,5.9,1.45, , 
,429.57,800,70.5,6.3,00111110,428.98,768,32.5,4.12,438.6,429.27,6.3,1.48, , 
,430.46,800,72.0,5.9,00111110,429.87,800,32.5,4.12,438.6,430.15,6.3,1.45, , 
,431.35,800,72.0,5.9,00111110,430.74,800,31.0,4.12,438.6,431.06,5.9,1.45, , 
,432.24,800,72.0,5.9,00111110,431.64,800,31.0,4.12,438.6,431.94,5.9,1.45, , 
,433.14,800,72.0,5.9,00111110,432.55,800,32.5,4.12,438.6,432.86,5.9,1.45, , 
,434.07,768,72.0,5.9,00111110,433.46,768,31.0,4.12,438.6,433.77,5.9,1.45, , 
,434.95,768,72.0,5.5,00111110,434.35,800,31.0,4.12,438.6,434.65,5.5,1.45, , 
,435.88,800,72.0,5.1,00111110,435.24,768,31.0,4.12,438.6,435.56,5.5,1.45, , 
,436.78,800,72.0,4.7,00111110,436.19,800,32.5,4.12,438.6,436.49,4.7,1.45, , 
,437.69,800,72.0,5.1,00111110,437.08,800,32.5,4.12,438.6,437.38,5.1,1.48, , 
,438.60,800,72.0,5.1,00111110,437.99,800,32.5,4.12,438.6,438.28,5.1,1.45, , 
,439.51,800,72.0,4.7,00111110,438.91,800,32.5,4.12,438.6,439.22,4.7,1.48, , 
,440.41,800,72.0,4.7,00111110,439.81,800,32.5,4.12,438.6,440.12,4.7,1.48, , 
,441.35,800,72.0,5.1,00111110,440.71,800,31.0,4.12,438.6,441.02,4.7,1.48, , 
,442.24,800,72.0,4.7,00111110,441.65,800,32.5,4.12,438.6,441.95,4.7,1.48, , 
,443.16,768,72.0,4.7,00111110,442.54,800,32.5,4.12,438.6,442.85,5.1,1.48, , 
,444.04,800,72.0,4.7,00111110,443.44,800,32.5,4.12,438.6,443.74,5.1,1.45, , 
,444.97,832,73.5,5.1,00111110,444.34,800,32.5,4.12,438.6,444.65,5.1,1.45, , 
,445.85,800,73.5,4.3,00111110,445.27,800,31.0,4.12,438.6,445.56,4.7,1.45, , 
,446.74,800,73.5,4.7,00111110,446.13,800,32.5,4.12,438.6,446.45,4.3,1.48, , 
,447.64,800,73.5,4.7,00111110,447.04,800,32.5,4.12,438.6,447.34,4.7,1.48, , 
,448.57,768,73.5,4.3,00111110,447.94,768,31.0,4.12,438.6,448.24,4.3,1.45, , 
,449.44,800,73.5,4.3,00111110,448.88,800,32.5,4.12,438.6,449.15,4.3,1.48, , 
,450.38,800,73.5,4.3,00111110,449.75,800,31.0,4.12,438.6,450.08,4.3,1.48, , 
,451.32,800,73.5,4.3,00111110,450.69,800,31.0,4.12,438.6,450.99,4.3,1.45, , 
,452.24,800,73.5,4.7,00111110,451.62,800,32.5,4.12,438.6,451.92,4.7,1.48, , 
,453.13,800,73.5,4.7,00111110,452.54,800,32.5,4.12,438.6,452.83,4.7,1.48, , 
,454.04,800,73.5,5.1,00111110,453.44,800,32.5,4.12,438.6,453.75,5.1,1.48, , 
,454.93,800,73.5,5.1,00111110,454.34,800,31.0,4.12,438.6,454.63,5.1,1.48, , 
,455.84,800,73.5,5.1,00111110,455.23,768,31.0,4.12,438.6,455.53,5.1,1.48, , 
,456.74,800,73.5,5.1,00111110,456.12,800,31.0,4.12,438.6,456.42,5.1,1.48, , 
,457.62,800,73.5,5.1,00111110,457.02,768,31.0,4.12,438.6,457.31,5.1,1.48, , 
,458.52,800,73.5,4.7,00111110,457.92,800,32.5,4.12,438.6,458.23,4.7,1.45, , 
,459.44,800,73.5,5.1,00111110,458.83,800,32.5,4.12,438.6,459.13,5.1,1.48, , 
,460.33,800,73.5,4.7,00111110,459.74,800,31.0,4.12,438.6,460.03,5.1,1.45, , 
,461.26,800,75.0,5.1,00111110,460.64,800,32.5,4.12,438.6,460.96,5.1,1.48, , 
,462.15,800,73.5,5.5,00111110,461.56,800,31.0,4.12,438.6,461.85,5.5,1.48, , 
,463.07,800,73.5,5.9,00111110,462.47,768,31.0,4.12,438.6,462.77,5.5,1.48, , 
,463.97,800,73.5,5.5,00111110,463.36,800,31.0,4.12,438.6,463.66,5.5,1.45, , 
,464.91,800,73.5,5.1,00111110,464.28,800,31.0,4.12,438.6,464.60,5.1,1.45, , 
,465.80,768,75.0,5.1,00111110,465.21,800,31.0,4.12,438.6,465.51,5.1,1.48, , 
,466.70,768,75.0,4.7,00111110,466.09,768,32.5,4.12,438.6,466.40,4.7,1.48, , 
,467.59,800,75.0,5.1,00111110,466.99,800,32.5,4.12,438.6,467.30,4.7,1.48, , 
,468.47,800,75.0,5.5,00111110,467.88,800,32.5,4.12,438.6,468.16,5.1,1.52, , 
,469.38,800,75.0,5.5,00111110,468.78,800,31.0,4.12,438.6,469.10,5.5,1.48, , 
,470.30,800,75.0,5.5,00111110,469.69,800,31.0,4.12,438.6,469.99,5.5,1.45, , 
,471.21,800,75.0,5.5,00111110,470.60,800,31.0,4.12,438.6,470.90,5.5,1.45, , 
,472.14,768,75.0,5.1,00111110,471.52,800,31.0,4.12,438.6,471.83,5.1,1.45, , 
,473.05,800,75.0,5.5,00111110,472.45,800,32.5,4.12,438.6,472.75,5.5,1.48, , 
,473.93,800,75.0,5.1,00111110,473.34,800,31.0,4.12,438.6,473.63,5.1,1.48, , 
,474.85,768,75.0,5.5,00111110,474.24,768,31.0,4.12,438.6,474.54,5.5,1.48, , 
,475.78,800,75.0,5.9,00111110,475.16,800,31.0,4.12,438.6,475.47,5.9,1.48, , 
,476.71,768,75.0,5.5,00111110,476.08,800,31.0,4.12,438.6,476.39,5.9,1.45, , 
,477.60,800,75.0,5.5,00111110,477.01,800,31.0,4.12,438.6,477.30,5.5,1.48, , 
,478.49,800,75.0,5.5,00111110,477.90,800,31.0,4.12,438.6,478.19,5.5,1.48, , 
,479.39,800,75.0,5.5,00111110,478.79,768,31.0,4.12,438.6,479.08,5.5,1.48, , 
,480.33,800,75.0,5.1,00111110,479.71,800,31.0,4.12,438.6,480.02,5.1,1.45, , 
,481.20,800,75.0,4.7,00111110,480.62,800,31.0,4.12,438.6,480.90,5.1,1.45, , 
,482.07,768,76.5,4.7,00111110,481.50,768,31.0,4.12,438.6,481.78,4.7,1.48, , 
,482.99,768,75.0,5.1,00111110,482.37,768,31.0,4.12,438.6,482.68,5.1,1.48, , 
,483.91,800,75.0,5.1,00111110,483.30,800,31.0,4.12,438.6,483.60,5.1,1.45, , 
,484.81,800,75.0,5.1,00111110,484.21,800,32.5,4.12,438.6,484.51,5.1,1.48, , 
,485.70,800,76.5,5.1,00111110,485.09,800,31.0,4.12,438.6,485.39,5.1,1.45, , 
,486.63,800,76.5,5.1,00111110,486.02,800,32.5,4.12,438.6,486.32,5.1,1.45, , 
,487.54,800,76.5,5.5,00111110,486.93,768,32.5,4.12,438.6,487.23,5.1,1.48, , 
,488.43,800,76.5,5.5,00111110,487.84,800,32.5,4.12,438.6,488.14,5.5,1.45, , 
,489.33,800,76.5,5.5,00111110,488.74,800,31.0,4.12,438.6,489.04,5.5,1.45, , 
,490.23,768,76.5,5.1,00111110,489.63,768,31.0,4.12,438.6,489.93,5.1,1.45, , 
,491.12,800,76.5,5.5,00111110,490.52,800,31.0,4.12,438.6,490.82,5.5,1.45, , 
,491.99,800,76.5,5.5,00111110,491.41,800,31.0,4.12,438.6,491.70,5.5,1.45, , 
,492.87,800,76.5,5.5,00111110,492.27,800,31.0,4.12,438.6,492.56,5.5,1.45, , 
,493.76,768,76.5,5.1,00111110,493.16,768,31.0,4.12,438.6,493.46,5.1,1.45, , 
,494.65,800,76.5,5.5,00111110,494.06,768,31.0,4.12,438.6,494.35,5.5,1.45, , 
,495.54,768,76.5,5.5,00111110,494.95,800,31.0,4.12,438.6,495.24,5.5,1.48, , 
,496.41,800,76.5,5.5,00111110,495.82,800,31.0,4.12,438.6,496.13,5.5,1.45, , 
,497.30,800,76.5,5.5,00111110,496.71,800,32.5,4.12,438.6,497.01,5.5,1.45, , 
,498.21,800,76.5,5.1,00111110,497.59,800,32.5,4.12,438.6,497.89,5.5,1.45, , 
,499.14,800,76.5,5.1,00111110,498.52,800,31.0,4.12,438.6,498.84,5.1,1.45, , 
,500.05,800,76.5,5.1,00111110,499.44,800,31.0,4.12,438.6,499.74,5.1,1.45, , 
,500.96,768,76.5,5.1,00111110,500.35,800,31.0,4.12,438.6,500.66,5.1,1.45, , 
,501.85,800,76.5,5.1,00111110,501.26,768,32.5,4.12,438.6,501.56,5.1,1.45, , 
,502.74,800,76.5,5.1,00111110,502.15,768,31.0,4.12,438.6,502.44,5.1,1.45, , 
,503.60,800,78.0,5.1,00111110,503.04,800,32.5,4.12,438.6,503.32,5.1,1.45, , 
,504.50,800,78.0,5.1,00111110,503.90,800,32.5,4.12,459.0,504.19,5.1,1.45, , 
,505.39,800,78.0,5.1,00111110,504.79,800,32.5,4.12,438.6,505.10,5.1,1.45, , 
,506.30,768,78.0,5.5,00111110,505.70,800,32.5,4.12,438.6,506.00,5.1,1.48, , 
,507.20,768,78.0,5.1,00111110,506.60,800,32.5,4.12,459.0,506.89,5.5,1.45, , 
,508.10,768,78.0,5.5,00111110,507.49,768,32.5,4.12,459.0,507.80,5.5,1.48, , 
,508.99,768,78.0,5.1,00111110,508.40,768,32.5,4.12,438.6,508.69,5.5,1.45, , 
,509.88,800,78.0,5.1,00111110,509.28,800,32.5,4.12,459.0,509.59,5.1,1.45, , 
,510.76,768,78.0,5.1,00111110,510.18,800,32.5,4.12,438.6,510.48,5.1,1.48, , 
,511.66,800,78.0,5.1,00111110,511.07,768,31.0,4.12,438.6,511.36,5.1,1.48, , 
,512.56,800,78.0,5.1,00111110,511.97,800,32.5,4.12,438.6,512.26,5.1,1.45, , 
,513.48,800,78.0,5.1,00111110,512.88,800,31.0,4.12,438.6,513.19,5.1,1.48, , 
,514.39,768,78.0,5.5,00111110,513.79,768,32.5,4.12,438.6,514.09,5.5,1.45, , 
,515.27,800,78.0,5.5,00111110,514.68,768,32.5,4.12,459.0,514.96,5.5,1.48, , 
,516.14,800,78.0,5.5,00111110,515.55,800,31.0,4.12,438.6,515.84,5.5,1.45, , 
,517.05,768,78.0,5.1,00111110,516.44,800,31.0,4.12,438.6,516.75,5.5,1.45, , 
,517.94,800,78.0,5.1,00111110,517.35,800,32.5,4.12,459.0,517.64,5.1,1.45, , 
,518.84,768,78.0,4.7,00111110,518.24,768,31.0,4.12,438.6,518.53,4.7,1.45, , 
,519.75,768,78.0,4.7,00111110,519.13,800,31.0,4.12,438.6,519.44,4.7,1.45, , 
,520.67,768,78.0,4.7,00111110,520.06,800,31.0,4.12,438.6,520.37,4.7,1.45, , 
,521.55,768,79.5,5.1,00111110,520.96,768,31.0,4.12,438.6,521.26,5.1,1.48, , 
,522.47,768,78.0,4.7,00111110,521.88,768,31.0,4.12,438.6,522.18,4.7,1.45, , 
,523.35,768,78.0,5.1,00111110,522.77,768,31.0,4.12,438.6,523.06,4.7,1.48, , 
,524.27,768,78.0,5.1,00111110,523.65,768,31.0,4.12,438.6,523.96,5.1,1.45, , 
,525.18,768,78.0,5.1,00111110,524.57,768,32.5,4.12,459.0,524.87,5.1,1.48, , 
,526.10,800,78.0,5.5,00111110,525.48,800,32.5,4.12,438.6,525.78,5.5,1.48, , 
,527.00,800,78.0,5.1,00111110,526.40,768,32.5,4.12,459.0,526.70,5.5,1.45, , 
,527.89,800,78.0,5.1,00111110,527.29,768,32.5,4.12,438.6,527.59,5.1,1.45, , 
,528.80,768,79.5,5.1,00111110,528.20,800,31.0,4.12,438.6,528.49,5.1,1.45, , 
,529.70,800,79.5,5.1,00111110,529.10,768,32.5,4.12,459.0,529.39,5.1,1.45, , 
,530.59,768,79.5,5.1,00111110,530.00,768,31.0,4.12,438.6,530.29,5.1,1.45, , 
,531.48,800,79.5,5.1,00111110,530.88,768,31.0,4.12,438.6,531.19,5.1,1.45, , 
,532.39,768,79.5,5.1,00111110,531.77,800,31.0,4.12,438.6,532.08,5.1,1.45, , 
,533.30,800,79.5,5.5,00111110,532.70,800,31.0,4.12,438.6,533.00,5.5,1.48, , 
,534.23,800,79.5,5.5,00111110,533.61,800,31.0,4.12,438.6,533.92,5.5,1.45, , 
,535.15,800,79.5,4.7,00111110,534.53,800,32.5,4.12,438.6,534.85,5.1,1.45, , 
,536.07,768,79.5,4.7,00111110,535.44,768,31.0,4.12,438.6,535.75,4.7,1.45, , 
,536.96,800,79.5,5.1,00111111,536.36,800,31.0,4.12,438.6,536.66,5.1,1.48, , 
,537.85,800,79.5,5.1,00111111,537.25,800,31.0,4.12,438.6,537.55,5.1,1.48, , 
,538.74,800,79.5,5.1,00111111,538.14,800,31.0,4.12,438.6,538.44,5.1,1.45, , 
,539.64,768,79.5,4.7,00111111,539.03,768,31.0,4.12,438.6,539.34,5.1,1.45, , 
,540.56,800,79.5,4.7,00111111,539.95,800,31.0,4.12,438.6,540.25,4.7,1.45, , 
,541.47,768,79.5,4.7,00111111,540.87,768,31.0,4.12,438.6,541.17,4.7,1.45, , 
,542.38,768,79.5,5.1,00111111,541.77,768,32.5,4.12,438.6,542.07,5.1,1.48, , 
,543.27,800,79.5,5.1,00111111,542.68,768,31.0,4.12,438.6,542.98,5.1,1.45, , 
,544.19,800,79.5,5.1,00111111,543.58,768,31.0,4.12,438.6,543.88,5.1,1.45, , 
,545.09,800,79.5,4.7,00111111,544.51,768,32.5,4.12,438.6,544.81,4.7,1.45, , 
,545.98,768,79.5,4.3,00111111,545.38,768,31.0,4.12,438.6,545.67,4.7,1.45, , 
,546.87,800,79.5,4.7,00111111,546.29,768,31.0,4.12,438.6,546.59,4.7,1.45, , 
,547.74,768,81.0,4.7,00111111,547.15,800,31.0,4.12,438.6,547.44,4.7,1.45, , 
,548.65,768,81.0,5.1,00111111,548.03,800,32.5,4.12,438.6,548.35,4.7,1.48, , 
,549.53,800,81.0,5.1,00111111,548.95,800,31.0,4.12,438.6,549.23,5.1,1.45, , 
,550.45,768,81.0,4.7,00111111,549.84,768,32.5,4.12,438.6,550.14,4.7,1.45, , 
,551.36,800,81.0,5.1,00111111,550.74,800,31.0,4.12,438.6,551.06,5.1,1.48, , 
,552.28,768,81.0,4.7,00111111,551.67,768,31.0,4.12,438.6,551.97,4.7,1.45, , 
,553.20,800,81.0,5.1,00111111,552.59,800,31.0,4.12,438.6,552.89,5.1,1.45, , 
,554.10,800,81.0,5.9,00111111,553.50,800,32.5,4.12,438.6,553.79,5.5,1.52, , 
,555.00,800,81.0,5.9,00111111,554.41,800,31.0,4.12,438.6,554.71,5.9,1.45, , 
,555.90,800,81.0,5.5,00111111,555.30,800,31.0,4.12,438.6,555.62,5.9,1.45, , 
,556.81,800,81.0,5.1,00111111,556.19,800,31.0,4.12,438.6,556.51,5.1,1.45, , 
,557.68,768,81.0,4.7,00111111,557.09,800,31.0,4.12,438.6,557.37,4.7,1.41, , 
,558.58,800,81.0,4.3,00111111,557.98,800,31.0,4.12,438.6,558.28,4.3,1.45, , 
,559.52,800,81.0,4.3,00111111,558.89,768,31.0,4.12,438.6,559.21,4.3,1.45, , 
,560.42,800,81.0,4.7,00111111,559.83,768,32.5,4.12,438.6,560.12,4.7,1.48, , 
,561.32,800,81.0,4.7,00111111,560.72,800,31.0,4.12,438.6,561.02,4.7,1.45, , 
,562.23,800,81.0,4.7,00111111,561.63,800,31.0,4.12,438.6,561.93,4.7,1.45, , 
,563.13,800,81.0,4.7,00111111,562.51,768,31.0,4.12,438.6,562.82,4.7,1.45, , 
,564.03,800,81.0,5.1,00111111,563.43,800,31.0,4.12,438.6,563.72,5.1,1.48, , 
,564.93,800,81.0,5.1,00111111,564.34,768,31.0,4.12,438.6,564.63,5.1,1.45, , 
,565.82,800,81.0,5.1,00111111,565.22,800,31.0,4.12,438.6,565.51,5.1,1.45, , 
,566.70,800,81.0,4.7,00111111,566.12,800,31.0,4.12,438.6,566.41,4.7,1.45, , 
,567.63,768,81.0,4.7,00111111,566.99,800,31.0,4.12,438.6,567.30,4.7,1.45, , 
,568.52,768,82.5,4.7,00111111,567.93,768,31.0,4.12,438.6,568.22,4.7,1.48, , 
,569.41,800,81.0,4.7,00111111,568.84,800,32.5,4.12,459.0,569.12,4.7,1.48, , 
,570.33,800,81.0,4.7,00111111,569.72,800,32.5,4.12,438.6,570.03,4.7,1.45, , 
,571.26,768,82.5,4.7,00111111,570.64,800,31.0,4.12,438.6,570.96,4.7,1.45, , 
,572.18,800,82.5,4.7,00111111,571.56,800,31.0,4.12,438.6,571.88,4.7,1.45, , 
,573.06,800,82.5,5.1,00111111,572.46,800,31.0,4.12,438.6,572.76,5.1,1.48, , 
,573.95,768,82.5,5.1,00111111,573.38,768,31.0,4.12,438.6,573.67,5.1,1.45, , 
,574.84,800,82.5,4.7,00111111,574.24,800,31.0,4.12,438.6,574.54,4.7,1.45, , 
,575.77,800,82.5,4.3,00111111,575.14,800,31.0,4.12,438.6,575.46,4.3,1.45, , 
,576.67,800,82.5,4.3,00111111,576.06,768,31.0,4.12,438.6,576.36,4.3,1.45, , 
,577.58,800,82.5,4.3,00111111,576.98,768,31.0,4.12,438.6,577.27,4.3,1.45, , 
,578.46,768,82.5,3.9,00111111,577.87,768,31.0,4.12,438.6,578.16,3.9,1.45, , 
,579.32,800,82.5,4.3,00111111,578.75,768,31.0,4.12,438.6,579.04,4.3,1.48, , 
,580.21,768,82.5,4.3,00111111,579.62,768,31.0,4.12,438.6,579.91,4.3,1.45, , 
,581.10,800,82.5,4.7,00111111,580.51,800,31.0,4.12,438.6,580.80,4.7,1.48, , 
,581.99,800,82.5,4.7,00111111,581.41,800,31.0,4.12,438.6,581.71,4.7,1.45, , 
,582.88,800,82.5,4.7,00111111,582.29,800,31.0,4.12,438.6,582.59,4.7,1.45, , 
,583.79,800,82.5,4.3,00111111,583.18,800,31.0,4.12,438.6,583.49,4.7,1.45, , 
,584.68,800,82.5,4.3,00111111,584.08,800,31.0,4.12,438.6,584.38,4.3,1.45, , 
,585.57,800,82.5,4.3,00111111,584.98,800,31.0,4.12,438.6,585.27,4.3,1.45, , 
,586.46,800,82.5,4.7,00111111,585.85,800,31.0,4.12,438.6,586.17,4.3,1.45, , 
,587.39,800,82.5,4.7,00111111,586.77,800,31.0,4.12,438.6,587.08,4.7,1.45, , 
,588.31,800,82.5,4.7,00111111,587.71,800,31.0,4.12,438.6,588.01,4.3,1.45, , 
,589.18,800,82.5,4.7,00111111,588.59,800,31.0,4.12,438.6,588.88,4.7,1.45, , 
,590.08,800,84.0,4.7,00111111,589.47,800,31.0,4.12,438.6,589.79,4.7,1.45, , 
,590.99,800,82.5,4.7,00111111,590.38,768,31.0,4.12,438.6,590.68,4.7,1.45, , 
,591.87,800,82.5,4.7,00111111,591.28,800,31.0,4.12,438.6,591.59,4.7,1.45, , 
,592.78,800,82.5,4.3,00111111,592.18,800,31.0,4.12,438.6,592.48,4.7,1.45, , 
,593.67,800,84.0,4.3,00111111,593.08,800,31.0,4.12,438.6,593.38,4.3,1.48, , 
,594.59,800,84.0,4.3,00111111,594.00,800,31.0,4.12,438.6,594.30,4.3,1.45, , 
,595.49,800,84.0,4.3,00111111,594.89,768,31.0,4.12,438.6,595.18,4.3,1.48, , 
,596.40,800,84.0,4.3,00111111,595.79,800,31.0,4.12,438.6,596.08,4.3,1.45, , 
,597.31,768,84.0,4.3,00111111,596.72,768,31.0,4.12,438.6,597.02,4.3,1.45, , 
,598.22,800,84.0,3.9,00111111,597.61,768,29.4,4.12,438.6,597.92,4.3,1.45, , 
,599.12,768,84.0,3.9,00111111,598.52,800,29.4,4.12,438.6,598.82,3.9,1.45, , 
,600.02,768,84.0,3.9,00111111,599.42,768,29.4,4.12,438.6,599.71,3.9,1.45, , 
,600.94,768,84.0,3.5,00111111,600.33,768,31.0,4.12,438.6,600.63,3.5,1.45, , 
,601.82,800,84.0,3.5,00111111,601.23,768,31.0,4.12,438.6,601.52,3.5,1.45, , 
,602.71,768,84.0,3.9,00111111,602.12,768,31.0,4.12,438.6,602.42,3.9,1.48, , 
,603.60,800,84.0,4.3,00111111,603.00,768,31.0,4.12,438.6,603.30,4.3,1.48, , 
,604.52,800,84.0,4.7,00111111,603.89,800,31.0,4.12,438.6,604.21,4.3,1.48, , 
,605.42,800,84.0,4.7,00111111,604.82,800,31.0,4.12,438.6,605.11,4.7,1.45, , 
,606.30,800,84.0,4.7,00111111,605.71,800,31.0,4.12,438.6,606.01,4.7,1.45, , 
,607.19,768,84.0,4.3,00111111,606.60,800,29.4,4.12,438.6,606.90,4.7,1.45, , 
,608.10,800,84.0,4.3,00111111,607.51,768,29.4,4.12,438.6,607.80,4.3,1.45, , 
,609.02,768,84.0,4.3,00111111,608.41,768,29.4,4.12,438.6,608.72,4.3,1.45, , 
,609.96,800,84.0,4.3,00111111,609.34,768,31.0,4.12,438.6,609.64,4.3,1.45, , 
,610.87,800,84.0,4.3,00111111,610.27,800,29.4,4.12,438.6,610.57,4.3,1.45, , 
,611.75,800,84.0,4.3,00111111,611.15,800,29.4,4.12,418.2,611.45,4.3,1.45, , 
,612.66,800,84.0,3.9,00111111,612.06,800,29.4,4.12,438.6,612.37,4.3,1.45, , 
,613.56,800,84.0,4.3,00111111,612.96,800,29.4,4.12,438.6,613.26,4.3,1.48, , 
,614.45,800,84.0,4.3,00111111,613.85,800,29.4,4.12,438.6,614.16,4.3,1.48, , 
,615.36,800,84.0,4.3,00111111,614.75,800,29.4,4.12,438.6,615.05,4.3,1.45, , 
,616.30,800,84.0,4.3,00111111,615.69,768,29.4,4.12,438.6,616.00,4.3,1.45, , 
,617.18,800,84.0,4.3,00111111,616.58,800,29.4,4.12,438.6,616.88,4.3,1.45, , 
,618.10,768,85.5,4.3,00111111,617.51,768,29.4,4.12,438.6,617.80,4.3,1.48, , 
,619.00,800,85.5,4.7,00111111,618.40,768,29.4,4.12,438.6,618.70,4.3,1.48, , 
,619.90,768,85.5,4.7,00111111,619.31,800,29.4,4.12,438.6,619.60,5.1,1.48, , 
,620.80,800,85.5,5.1,00111111,620.20,800,29.4,4.12,438.6,620.49,5.1,1.48, , 
,621.68,768,85.5,5.1,00111111,621.10,800,29.4,4.12,418.2,621.40,5.1,1.48, , 
,622.57,768,85.5,5.1,00111111,621.98,800,29.4,4.12,418.2,622.27,5.1,1.45, , 
,623.45,768,85.5,5.1,00111111,622.87,800,29.4,4.12,438.6,623.17,5.1,1.45, , 
,624.34,800,85.5,5.1,00111111,623.74,800,29.4,4.12,438.6,624.04,5.1,1.48, , 
,625.24,800,84.0,5.1,00111111,624.63,800,29.4,4.12,418.2,624.94,5.1,1.45, , 
,626.14,768,85.5,5.1,00111111,625.54,800,29.4,4.12,418.2,625.83,5.1,1.45, , 
,627.07,768,85.5,5.5,00111111,626.44,768,29.4,4.12,438.6,626.75,5.1,1.48, , 
,627.96,768,85.5,5.9,00111111,627.37,768,29.4,4.12,418.2,627.66,5.9,1.48, , 
,628.85,768,85.5,5.5,00111111,628.26,768,29.4,4.12,418.2,628.56,5.5,1.45, , 
,629.76,768,85.5,5.5,00111111,629.15,800,29.4,4.12,418.2,629.46,5.5,1.48, , 
,630.67,800,85.5,5.9,00111111,630.07,768,29.4,4.12,438.6,630.38,5.9,1.48, , 
,631.58,768,85.5,5.9,00111111,630.99,768,29.4,4.12,438.6,631.29,5.9,1.45, , 
,632.46,768,85.5,5.9,00111111,631.87,768,29.4,4.12,438.6,632.17,5.9,1.45, , 
,633.37,800,85.5,5.5,00111111,632.76,800,29.4,4.12,438.6,633.05,5.5,1.45, , 
,634.24,800,85.5,5.1,00111111,633.67,768,29.4,4.12,438.6,633.95,5.1,1.45, , 
,635.15,800,84.0,5.1,00111111,634.54,800,29.4,4.12,438.6,634.84,5.1,1.45, , 
,636.04,800,84.0,5.5,00111111,635.45,800,29.4,4.12,418.2,635.74,5.5,1.48, , 
,636.93,800,84.0,5.5,00111111,636.33,800,29.4,4.12,418.2,636.63,5.5,1.45, , 
,637.82,800,84.0,5.5,00111111,637.22,800,29.4,4.12,438.6,637.52,5.5,1.45, , 
,638.69,768,84.0,5.5,00111111,638.10,800,29.4,4.12,418.2,638.40,5.5,1.45, , 
,639.60,768,84.0,5.5,00111111,639.00,768,29.4,4.12,438.6,639.31,5.5,1.48, , 
,640.51,800,84.0,5.9,00111111,639.89,800,29.4,4.12,418.2,640.21,5.9,1.48, , 
,641.40,800,84.0,6.3,00111111,640.81,768,29.4,4.12,438.6,641.10,6.3,1.48, , 
,642.29,768,82.5,6.3,00111111,641.69,768,29.4,4.12,418.2,641.98,6.3,1.45, , 
,643.19,768,82.5,6.3,00111111,642.59,768,29.4,4.12,418.2,642.88,6.3,1.45, , 
,644.10,800,82.5,6.3,00111111,643.49,800,29.4,4.12,418.2,643.80,6.3,1.45, , 
,644.99,800,82.5,6.3,00111111,644.40,768,29.4,4.12,438.6,644.68,6.3,1.45, , 
,645.89,800,82.5,6.3,00111111,645.29,768,29.4,4.12,418.2,645.58,6.3,1.45, , 
,646.79,800,82.5,6.3,00111111,646.19,768,29.4,4.12,438.6,646.49,6.3,1.45, , 
,647.71,800,81.0,6.6,00111111,647.08,768,29.4,4.12,438.6,647.40,6.3,1.48, , 
,648.61,800,81.0,6.6,00111111,648.02,768,29.4,4.12,438.6,648.31,6.6,1.48, , 
,649.53,768,81.0,6.3,00111111,648.91,800,29.4,4.12,418.2,649.23,6.6,1.45, , 
,650.42,800,81.0,5.9,00111111,649.82,800,29.4,4.12,438.6,650.11,6.3,1.45, , 
,651.30,800,81.0,5.9,00111111,650.71,800,29.4,4.12,418.2,651.01,5.9,1.48, , 
,652.22,768,81.0,5.9,00111111,651.61,800,29.4,4.12,438.6,651.91,6.3,1.45, , 
,653.11,800,79.5,6.3,00111111,652.51,768,29.4,4.12,438.6,652.81,6.3,1.48, , 
,654.02,800,79.5,6.6,00111111,653.42,800,29.4,4.12,418.2,653.74,6.6,1.48, , 
,654.91,800,79.5,6.6,00111111,654.32,800,29.4,4.12,418.2,654.62,6.6,1.45, , 
,655.81,800,79.5,5.9,00111111,655.21,800,29.4,4.12,418.2,655.52,6.3,1.41, , 
,656.70,768,79.5,5.9,00111111,656.09,800,29.4,4.12,418.2,656.39,5.9,1.45, , 
,657.58,768,79.5,6.3,00111110,656.99,800,29.4,4.12,418.2,657.29,6.3,1.48, , 
,658.47,800,79.5,5.9,00111110,657.88,800,29.4,4.12,418.2,658.18,5.9,1.45, , 
,659.36,800,79.5,5.9,00111110,658.77,800,29.4,4.12,418.2,659.06,5.9,1.45, , 
,660.27,800,79.5,5.9,00111110,659.68,768,29.4,4.12,418.2,659.97,5.9,1.45, , 
,661.17,768,79.5,5.9,00111110,660.57,768,29.4,4.12,418.2,660.87,5.9,1.48, , 
,662.03,768,79.5,6.3,00111110,661.44,768,29.4,4.12,418.2,661.73,6.3,1.45, , 
,662.93,768,78.0,6.3,00111110,662.34,768,29.4,4.12,418.2,662.63,6.3,1.45, , 
,663.83,768,78.0,6.3,00111110,663.22,768,29.4,4.12,418.2,663.53,6.3,1.45, , 
,664.73,800,78.0,6.3,00111110,664.13,768,29.4,4.12,418.2,664.43,6.3,1.45, , 
,665.62,768,78.0,5.9,00111110,665.02,800,29.4,4.12,418.2,665.33,5.9,1.45, , 
,666.53,768,78.0,6.3,00111110,665.91,768,29.4,4.12,438.6,666.22,6.3,1.48, , 
,667.45,800,79.5,6.3,00111110,666.83,768,29.4,4.12,418.2,667.15,6.3,1.45, , 
,668.31,768,78.0,6.3,00111110,667.73,768,29.4,4.12,418.2,668.01,6.3,1.45, , 
,669.20,768,78.0,5.9,00111110,668.61,800,29.4,4.12,418.2,668.92,5.9,1.45, , 
,670.07,800,78.0,5.9,00111110,669.48,800,29.4,4.12,418.2,669.77,5.9,1.45, , 
,670.98,768,79.5,5.9,00111110,670.37,800,29.4,4.12,418.2,670.68,5.5,1.45, , 
,671.89,800,79.5,5.9,00111110,671.27,768,29.4,4.12,418.2,671.57,5.9,1.48, , 
,672.77,800,79.5,6.3,00111110,672.18,768,29.4,4.12,418.2,672.48,5.9,1.48, , 
,673.67,800,79.5,5.9,00111110,673.07,800,29.4,4.12,418.2,673.36,6.3,1.45, , 
,674.57,800,79.5,6.3,00111110,673.98,768,29.4,4.12,418.2,674.28,6.3,1.48, , 
,675.46,800,79.5,6.3,00111110,674.87,768,29.4,4.12,418.2,675.16,6.3,1.45, , 
,676.36,800,79.5,5.9,00111110,675.76,800,29.4,4.12,418.2,676.05,6.3,1.45, , 
,677.26,800,79.5,5.5,00111110,676.67,800,29.4,4.12,418.2,676.96,5.9,1.45, , 
,678.13,800,79.5,5.9,00111110,677.54,768,29.4,4.12,418.2,677.83,5.9,1.48, , 
,679.02,800,79.5,5.9,00111110,678.42,800,29.4,4.12,418.2,678.71,5.9,1.45, , 
,679.92,800,79.5,5.9,00111110,679.31,800,29.4,4.12,418.2,679.61,5.9,1.45, , 
,680.81,800,79.5,5.5,00111111,680.22,800,29.4,4.12,418.2,680.53,5.5,1.45, , 
,681.71,768,79.5,5.1,00111111,681.11,800,29.4,4.12,418.2,681.42,5.1,1.45, , 
,682.61,800,79.5,5.5,00111111,682.02,800,29.4,4.12,418.2,682.33,5.5,1.48, , 
,683.52,800,79.5,5.1,00111111,682.91,800,29.4,4.12,418.2,683.22,5.5,1.45, , 
,684.45,768,79.5,5.5,00111111,683.84,768,29.4,4.12,418.2,684.15,5.5,1.48, , 
,685.36,800,79.5,5.5,00111111,684.75,768,29.4,4.12,418.2,685.07,5.5,1.45, , 
,686.26,768,81.0,5.1,00111111,685.66,768,29.4,4.12,418.2,685.96,5.1,1.45, , 
,687.14,800,81.0,5.5,00111111,686.54,800,29.4,4.12,418.2,686.83,5.5,1.48, , 
,688.04,800,81.0,6.3,00111111,687.44,800,28.2,4.12,418.2,687.74,5.9,1.48, , 
,688.93,768,81.0,6.6,00111111,688.33,800,29.4,4.12,418.2,688.63,6.6,1.48, , 
,689.79,800,81.0,6.3,00111111,689.22,800,28.2,4.12,418.2,689.51,6.3,1.45, , 
,690.70,800,81.0,5.9,00111111,690.08,800,29.4,4.12,418.2,690.39,5.9,1.45, , 
,691.62,800,81.0,5.1,00111111,691.00,800,29.4,4.12,418.2,691.32,5.5,1.45, , 
,692.53,768,81.0,5.1,00111111,691.91,800,29.4,4.12,418.2,692.24,5.1,1.45, , 
,693.44,768,81.0,5.1,00111111,692.84,800,29.4,4.12,418.2,693.13,5.5,1.48, , 
,694.33,800,81.0,5.5,00111111,693.73,768,29.4,4.12,418.2,694.02,5.1,1.48, , 
,695.26,768,81.0,5.1,00111111,694.66,768,29.4,4.12,418.2,694.96,5.1,1.45, , 
,696.15,768,81.0,5.5,00111111,695.56,800,29.4,4.12,418.2,695.84,5.1,1.45, , 
,697.06,768,82.5,5.5,00111111,696.46,800,29.4,4.12,418.2,696.76,5.5,1.45, , 
,697.96,768,82.5,5.5,00111111,697.36,768,29.4,4.12,418.2,697.66,5.5,1.45, , 
,698.82,800,82.5,5.5,00111111,698.26,768,29.4,4.12,418.2,698.54,5.5,1.48, , 
,699.73,800,82.5,5.5,00111111,699.12,800,29.4,4.12,418.2,699.42,5.5,1.45, , 
,700.64,768,82.5,5.5,00111111,700.03,800,28.2,4.12,418.2,700.34,5.5,1.45, , 
,701.52,800,82.5,5.5,00111111,700.93,768,29.4,4.12,418.2,701.23,5.5,1.48, , 
,702.41,800,82.5,5.1,00111111,701.82,800,29.4,4.12,418.2,702.11,5.5,1.45, , 
,703.32,800,82.5,5.1,00111111,702.71,768,29.4,4.12,418.2,703.00,4.7,1.45, , 
,704.22,768,82.5,5.1,00111111,703.62,768,29.4,4.12,418.2,703.92,5.1,1.48, , 
,705.12,768,82.5,5.5,00111111,704.52,768,29.4,4.12,418.2,704.81,5.5,1.48, , 
,706.04,800,82.5,5.9,00111111,705.42,800,29.4,4.12,418.2,705.72,5.9,1.45, , 
,706.92,800,82.5,5.5,00111111,706.34,800,29.4,4.12,418.2,706.62,5.5,1.45, , 
,707.82,768,82.5,5.5,00111111,707.21,768,29.4,4.12,418.2,707.52,5.5,1.45, , 
,708.74,768,82.5,5.1,00111111,708.12,800,29.4,4.12,418.2,708.43,5.1,1.45, , 
,709.64,768,82.5,5.1,00111111,709.04,800,29.4,4.12,418.2,709.34,4.7,1.45, , 
,710.58,800,82.5,5.1,00111111,709.96,768,29.4,4.12,418.2,710.27,5.1,1.45, , 
,711.51,800,82.5,5.1,00111111,710.89,800,29.4,4.12,418.2,711.19,5.1,1.45, , 
,712.41,800,82.5,5.1,00111111,711.80,800,29.4,4.12,418.2,712.11,5.1,1.45, , 
,713.32,768,84.0,5.1,00111111,712.70,800,29.4,4.12,418.2,713.00,5.1,1.45, , 
,714.22,768,84.0,4.7,00111111,713.63,800,29.4,4.12,418.2,713.93,4.7,1.45, , 
,715.13,768,84.0,5.5,00111111,714.53,768,29.4,4.12,418.2,714.84,5.1,1.48, , 
,715.98,800,84.0,5.5,00111111,715.42,768,29.4,4.12,418.2,715.70,5.5,1.45, , 
,716.85,768,84.0,5.5,00111111,716.27,768,29.4,4.12,418.2,716.56,5.5,1.48, , 
,717.77,768,84.0,5.5,00111111,717.15,800,29.4,4.12,418.2,717.47,5.5,1.45, , 
,718.67,800,84.0,5.5,00111111,718.06,768,29.4,4.12,418.2,718.36,5.5,1.45, , 
,719.59,768,84.0,5.1,00111111,718.99,800,29.4,4.12,418.2,719.29,5.1,1.45, , 
,720.49,800,84.0,5.5,00111111,719.89,800,29.4,4.12,418.2,720.20,5.5,1.48, , 
,721.39,800,84.0,5.1,00111111,720.79,768,29.4,4.12,418.2,721.09,5.1,1.45, , 
,722.29,800,84.0,5.1,00111111,721.69,800,29.4,4.12,418.2,721.99,5.1,1.45, , 
,723.22,800,84.0,5.1,00111111,722.58,800,29.4,4.12,418.2,722.89,5.1,1.48, , 
,724.13,768,84.0,5.1,00111111,723.53,768,29.4,4.12,418.2,723.84,5.1,1.45, , 
,725.03,800,84.0,5.5,00111111,724.42,768,29.4,4.12,418.2,724.72,5.1,1.48, , 
,725.93,768,84.0,5.5,00111111,725.34,800,29.4,4.12,418.2,725.63,5.5,1.45, , 
,726.84,800,84.0,5.1,00111111,726.23,800,29.4,4.12,418.2,726.54,5.1,1.45, , 
,727.73,800,84.0,5.1,00111111,727.13,800,29.4,4.12,418.2,727.43,5.1,1.48, , 
,728.62,800,84.0,5.1,00111111,728.03,800,29.4,4.12,418.2,728.32,5.1,1.45, , 
,729.55,768,84.0,5.1,00111111,728.93,800,29.4,4.12,418.2,729.22,5.1,1.45, , 
,730.45,800,85.5,5.1,00111111,729.87,800,29.4,4.12,418.2,730.15,5.1,1.45, , 
,731.37,800,84.0,5.5,00111111,730.75,800,29.4,4.12,418.2,731.07,5.5,1.48, , 
,732.27,800,85.5,5.5,00111111,731.67,768,29.4,4.12,418.2,731.96,5.5,1.45, , 
,733.15,768,85.5,5.5,00111111,732.57,768,29.4,4.12,418.2,732.87,5.5,1.45, , 
,734.06,768,85.5,5.9,00111111,733.46,768,29.4,4.12,438.6,733.75,5.9,1.48, , 
,734.96,768,85.5,5.9,00111111,734.36,800,29.4,4.12,418.2,734.66,5.9,1.45, , 
,735.85,768,85.5,5.9,00111111,735.26,768,29.4,4.12,418.2,735.56,5.9,1.45, , 
,736.76,768,85.5,5.9,00111111,736.15,800,29.4,4.12,418.2,736.45,5.9,1.45, , 
,737.66,800,85.5,5.9,00111111,737.05,800,29.4,4.12,418.2,737.35,5.9,1.45, , 
,738.57,768,85.5,5.9,00111111,737.97,800,28.2,4.12,418.2,738.27,5.9,1.45, , 
,739.47,800,85.5,5.9,00111111,738.87,768,29.4,4.12,418.2,739.17,5.9,1.45, , 
,740.40,800,85.5,5.9,00111111,739.78,800,29.4,4.12,418.2,740.08,5.9,1.45, , 
,741.29,800,85.5,5.9,00111111,740.70,800,28.2,4.12,418.2,740.99,5.9,1.45, , 
,742.17,768,85.5,5.9,00111111,741.59,800,29.4,4.12,418.2,741.88,5.9,1.45, , 
,743.03,800,85.5,5.9,00111111,742.44,800,28.2,4.12,418.2,742.74,5.9,1.45, , 
,743.94,768,85.5,5.9,00111111,743.33,768,29.4,4.12,418.2,743.63,5.9,1.45, , 
,744.82,800,85.5,6.3,00111111,744.24,800,29.4,4.12,418.2,744.54,5.9,1.45, , 
,745.72,800,85.5,6.3,00111111,745.12,768,29.4,4.12,418.2,745.43,6.3,1.45, , 
,746.62,768,85.5,5.9,00111111,746.02,768,28.2,4.12,418.2,746.32,5.9,1.45, , 
,747.52,768,85.5,6.3,00111111,746.91,768,29.4,4.12,418.2,747.22,5.9,1.48, , 
,748.43,768,85.5,5.9,00111111,747.81,800,28.2,4.12,418.2,748.11,5.9,1.45, , 
,749.32,768,85.5,5.9,00111111,748.74,768,28.2,4.12,418.2,749.02,5.9,1.45, , 
,750.22,800,85.5,5.5,00111111,749.61,768,28.2,4.12,418.2,749.91,5.9,1.45, , 
,751.11,768,87.0,5.9,00111111,750.52,768,29.4,4.12,418.2,750.81,5.5,1.45, , 
,752.04,800,87.0,5.9,00111111,751.42,768,29.4,4.12,418.2,751.72,5.9,1.48, , 
,752.92,800,87.0,5.5,00111111,752.32,768,28.2,4.12,418.2,752.62,5.5,1.45, , 
,753.76,768,87.0,5.5,00111111,753.20,800,28.2,4.12,418.2,753.48,5.5,1.45, , 
,754.62,800,87.0,5.9,00111111,754.06,800,29.4,4.12,418.2,754.34,5.9,1.48, , 
,755.53,800,85.5,5.9,00111111,754.92,800,29.4,4.12,418.2,755.22,5.9,1.45, , 
,756.43,800,87.0,5.9,00111111,755.84,800,28.2,4.12,418.2,756.13,5.9,1.45, , 
,757.32,800,87.0,5.9,00111111,756.73,800,28.2,4.12,418.2,757.02,5.9,1.45, , 
,758.19,800,87.0,5.9,00111111,757.60,800,29.4,4.12,418.2,757.89,5.9,1.48, , 
,759.09,800,87.0,5.9,00111111,758.50,800,28.2,4.12,418.2,758.80,5.9,1.45, , 
,760.00,768,87.0,6.3,00111111,759.40,768,29.4,4.12,418.2,759.70,6.3,1.48, , 
,760.93,800,87.0,6.3,00111111,760.33,800,28.2,4.12,418.2,760.63,6.3,1.48, , 
,761.81,800,87.0,6.3,00111111,761.22,800,28.2,4.12,418.2,761.51,6.3,1.45, , 
,762.66,768,87.0,6.3,00111111,762.09,800,28.2,4.12,418.2,762.37,6.3,1.45, , 
,763.59,768,87.0,6.3,00111111,762.97,768,29.4,4.12,418.2,763.28,6.3,1.45, , 
,764.49,800,87.0,6.3,00111111,763.88,800,28.2,4.12,418.2,764.19,6.3,1.45, , 
,765.39,800,87.0,6.3,00111111,764.79,800,28.2,4.12,418.2,765.08,6.3,1.45, , 
,766.27,768,85.5,6.3,00111111,765.68,800,28.2,4.12,418.2,765.98,6.3,1.45, , 
,767.17,800,85.5,6.6,00111111,766.57,800,28.2,4.12,418.2,766.86,6.6,1.45, , 
,768.08,800,85.5,6.6,00111111,767.46,800,28.2,4.12,418.2,767.77,6.6,1.45, , 
,768.98,800,85.5,6.3,00111111,768.38,800,28.2,4.12,418.2,768.68,6.6,1.45, , 
,769.89,768,85.5,6.6,00111111,769.27,800,28.2,4.12,418.2,769.59,6.3,1.45, , 
,770.78,768,85.5,6.6,00111111,770.18,800,28.2,4.12,418.2,770.47,6.6,1.48, , 
,771.68,800,85.5,7.0,00111111,771.08,768,29.4,4.12,418.2,771.40,6.6,1.45, , 
,772.57,768,85.5,7.0,00111111,771.98,800,28.2,4.12,418.2,772.27,7.0,1.45, , 
,773.47,800,85.5,7.0,00111111,772.87,800,28.2,4.12,418.2,773.17,7.0,1.45, , 
,774.38,800,85.5,6.6,00111111,773.77,800,28.2,4.12,418.2,774.08,6.6,1.45, , 
,775.27,768,84.0,6.6,00111111,774.68,800,28.2,4.12,418.2,774.98,6.6,1.45, , 
,776.17,768,84.0,6.6,00111111,775.57,768,28.2,4.12,418.2,775.88,6.6,1.45, , 
,777.08,768,84.0,6.3,00111111,776.47,800,28.2,4.12,418.2,776.78,6.3,1.45, , 
,777.96,768,84.0,6.3,00111111,777.37,768,28.2,4.12,418.2,777.66,6.3,1.45, , 
,778.84,768,84.0,6.3,00111111,778.26,800,28.2,4.12,418.2,778.56,6.3,1.45, , 
,779.73,800,84.0,6.3,00111111,779.13,768,28.2,4.12,418.2,779.43,6.3,1.45, , 
,780.64,768,84.0,6.3,00111111,780.04,800,28.2,4.12,418.2,780.34,6.3,1.45, , 
,781.56,800,84.0,6.3,00111111,780.94,800,28.2,4.12,418.2,781.25,6.3,1.45, , 
,782.47,768,84.0,6.3,00111111,781.87,768,28.2,4.12,418.2,782.17,6.3,1.48, , 
,783.36,768,84.0,6.3,00111111,782.77,768,28.2,4.12,418.2,783.07,6.3,1.45, , 
,784.28,800,84.0,6.6,00111111,783.68,768,28.2,4.12,418.2,783.98,6.6,1.48, , 
,785.17,800,84.0,6.6,00111111,784.58,768,29.4,4.12,418.2,784.87,6.6,1.45, , 
,786.06,768,84.0,6.6,00111111,785.47,768,29.4,4.12,418.2,785.76,6.6,1.45, , 
,786.97,800,82.5,6.3,00111111,786.35,768,29.4,4.12,418.2,786.66,6.3,1.45, , 
,787.88,800,82.5,5.9,00111111,787.27,768,28.2,4.12,418.2,787.58,5.9,1.45, , 
,788.81,800,82.5,5.9,00111111,788.19,800,29.4,4.12,418.2,788.50,5.9,1.45, , 
,789.72,800,82.5,6.3,00111111,789.10,800,28.2,4.12,418.2,789.40,6.3,1.48, , 
,790.64,800,82.5,5.9,00111111,790.04,800,28.2,4.12,418.2,790.34,5.9,1.45, , 
,791.57,768,82.5,5.9,00111111,790.96,800,28.2,4.12,418.2,791.27,5.9,1.45, , 
,792.47,800,82.5,6.3,00111111,791.86,800,28.2,4.12,418.2,792.16,6.3,1.48, , 
,793.38,768,82.5,6.3,00111111,792.78,768,28.2,4.12,418.2,793.08,6.3,1.45, , 
,794.31,768,82.5,6.3,00111111,793.68,800,28.2,4.12,418.2,793.99,6.3,1.45, , 
,795.24,800,82.5,6.3,00111111,794.61,768,29.4,4.12,418.2,794.92,6.3,1.45, , 
,796.14,800,82.5,5.9,00111111,795.54,800,28.2,4.12,418.2,795.84,5.9,1.45, , 
,797.04,800,82.5,5.9,00111111,796.42,800,28.2,4.12,418.2,796.72,5.9,1.45, , 
,797.92,800,82.5,5.9,00111111,797.32,800,29.4,4.12,418.2,797.61,5.9,1.45, , 
,798.80,768,82.5,5.9,00111111,798.21,768,28.2,4.12,418.2,798.51,5.9,1.48, , 
,799.72,768,82.5,6.3,00111111,799.10,800,29.4,4.12,418.2,799.41,6.3,1.45, , 
,800.63,800,82.5,6.3,00111111,800.03,800,29.4,4.12,418.2,800.34,6.3,1.45, , 
,801.55,800,84.0,6.3,00111111,800.94,800,28.2,4.12,418.2,801.24,6.3,1.48, , 
,802.44,800,84.0,6.3,00111111,801.84,800,28.2,4.12,418.2,802.14,6.3,1.45, , 
,803.33,800,84.0,6.3,00111111,802.74,800,28.2,4.12,418.2,803.04,6.3,1.45, , 
,804.27,768,84.0,6.3,00111111,803.64,800,28.2,4.12,418.2,803.97,6.3,1.45, , 
,805.17,800,84.0,6.3,00111111,804.56,800,28.2,4.12,418.2,804.86,6.3,1.45, , 
,806.07,768,84.0,6.3,00111111,805.47,800,28.2,4.12,418.2,805.77,5.9,1.45, , 
,806.98,800,84.0,6.3,00111111,806.37,768,28.2,4.12,418.2,806.68,6.3,1.45, , 
,807.88,768,84.0,5.9,00111111,807.26,800,28.2,4.12,418.2,807.57,5.9,1.45, , 
,808.77,800,84.0,6.3,00111111,808.18,800,28.2,4.12,418.2,808.48,6.3,1.45, , 
,809.68,800,84.0,6.6,00111111,809.08,800,28.2,4.12,418.2,809.39,6.3,1.48, , 
,810.59,768,84.0,6.6,00111111,809.99,768,28.2,4.12,418.2,810.30,6.6,1.45, , 
,811.47,800,84.0,6.6,00111111,810.88,768,29.4,4.12,418.2,811.18,6.6,1.45, , 
,812.34,800,84.0,6.3,00111111,811.76,800,28.2,4.12,418.2,812.04,6.6,1.45, , 
,813.23,800,84.0,5.9,00111111,812.63,800,28.2,4.12,418.2,812.93,6.3,1.45, , 
,814.12,800,84.0,5.5,00111111,813.52,800,28.2,4.12,418.2,813.82,5.9,1.45, , 
,815.02,768,84.0,5.5,00111111,814.42,800,28.2,4.12,418.2,814.71,5.5,1.45, , 
,815.92,800,84.0,5.9,00111111,815.33,800,28.2,4.12,418.2,815.63,5.5,1.45, , 
,816.83,800,84.0,5.9,00111111,816.22,800,28.2,4.12,418.2,816.52,5.9,1.45, , 
,817.71,800,84.0,5.9,00111111,817.14,768,28.2,4.12,418.2,817.42,5.9,1.45, , 
,818.60,768,84.0,5.5,00111111,818.01,800,28.2,4.12,418.2,818.31,5.5,1.45, , 
,819.53,800,84.0,5.5,00111111,818.91,768,28.2,4.12,418.2,819.22,5.5,1.45, , 
,820.45,768,84.0,5.9,00111111,819.85,800,28.2,4.12,418.2,820.15,5.9,1.48, , 
,821.35,800,84.0,5.9,00111111,820.75,800,28.2,4.12,418.2,821.06,5.9,1.48, , 
,822.26,768,85.5,5.9,00111111,821.65,800,28.2,4.12,418.2,821.95,5.9,1.45, , 
,823.12,800,85.5,5.9,00111111,822.54,800,28.2,4.12,418.2,822.84,5.9,1.48, , 
,823.99,800,85.5,5.9,00111111,823.40,800,28.2,4.12,418.2,823.70,5.9,1.45, , 
,824.89,800,85.5,6.3,00111111,824.29,800,28.2,4.12,418.2,824.59,5.9,1.48, , 
,825.81,768,85.5,6.3,00111111,825.21,800,28.2,4.12,418.2,825.50,6.3,1.45, , 
,826.71,768,85.5,6.3,00111111,826.11,800,28.2,4.12,418.2,826.40,6.3,1.45, , 
,827.60,800,85.5,6.3,00111111,827.00,800,28.2,4.12,418.2,827.31,6.3,1.45, , 
,828.53,800,85.5,6.6,00111111,827.92,800,28.2,4.12,418.2,828.22,6.6,1.48, , 
,829.44,800,85.5,6.3,00111111,828.83,800,28.2,4.12,418.2,829.15,6.6,1.45, , 
,830.35,768,85.5,6.3,00111111,829.75,800,28.2,4.12,418.2,830.06,6.3,1.45, , 
,831.24,800,85.5,6.3,00111111,830.64,768,28.2,4.12,418.2,830.95,6.3,1.45, , 
,832.14,768,85.5,5.9,00111111,831.54,800,28.2,4.12,418.2,831.83,5.9,1.45, , 
,833.06,768,85.5,5.9,00111111,832.46,800,28.2,4.12,418.2,832.76,5.9,1.45, , 
,833.93,768,85.5,5.9,00111111,833.34,768,28.2,4.12,418.2,833.64,5.9,1.45, , 
,834.84,768,85.5,5.9,00111111,834.23,800,28.2,4.12,418.2,834.54,5.9,1.45, , 
,835.75,768,85.5,6.3,00111111,835.14,800,28.2,4.12,418.2,835.44,5.9,1.48, , 
,836.69,768,85.5,6.6,00111111,836.07,800,28.2,4.12,418.2,836.38,6.6,1.48, , 
,837.62,768,85.5,6.3,00111111,837.00,800,28.2,4.12,418.2,837.32,6.6,1.45, , 
,838.51,800,85.5,6.6,00111111,837.92,768,28.2,4.12,418.2,838.21,6.3,1.45, , 
,839.43,800,85.5,6.3,00111111,838.81,800,28.2,4.12,418.2,839.11,6.3,1.45, , 
,840.34,800,87.0,6.3,00111111,839.74,768,28.2,4.12,418.2,840.04,6.3,1.45, , 
,841.23,800,85.5,6.3,00111111,840.63,800,28.2,4.12,418.2,840.93,6.3,1.45, , 
,842.14,800,85.5,6.6,00111111,841.53,800,28.2,4.12,418.2,841.83,6.3,1.48, , 
,843.04,768,85.5,6.3,00111111,842.45,800,28.2,4.12,418.2,842.74,6.3,1.45, , 
,843.95,800,85.5,6.6,00111111,843.35,800,28.2,4.12,418.2,843.65,6.6,1.45, , 
,844.87,800,85.5,6.3,00111111,844.27,800,28.2,4.12,418.2,844.57,6.3,1.45, , 
,845.79,800,87.0,5.9,00111111,845.16,800,28.2,3.09,397.8,845.47,5.9,1.45, , 
,846.70,768,85.5,5.9,00111111,846.10,800,28.2,4.12,418.2,846.40,5.9,1.45, , 
,847.59,768,87.0,5.9,00111111,846.99,800,28.2,4.12,418.2,847.29,5.9,1.45, , 
,848.48,768,87.0,5.9,00111111,847.88,800,28.2,4.12,418.2,848.18,5.9,1.48, , 
,849.35,800,87.0,5.9,00111111,848.79,800,28.2,4.12,418.2,849.07,5.9,1.45, , 
,850.25,768,87.0,6.3,00111111,849.65,768,28.2,4.12,418.2,849.95,6.3,1.48, , 
,851.15,800,87.0,6.3,00111111,850.56,800,28.2,4.12,418.2,850.85,6.3,1.45, , 
,852.06,768,87.0,6.3,00111111,851.45,800,28.2,3.09,418.2,851.75,6.3,1.45, , 
,852.95,800,87.0,6.3,00111111,852.35,800,28.2,4.12,418.2,852.64,6.3,1.45, , 
,853.86,800,87.0,6.3,00111111,853.26,800,28.2,4.12,418.2,853.56,6.3,1.45, , 
,854.81,768,87.0,5.9,00111111,854.19,800,28.2,4.12,418.2,854.50,5.9,1.45, , 
,855.70,800,87.0,6.3,00111111,855.10,800,28.2,4.12,418.2,855.40,6.3,1.48, , 
,856.59,800,87.0,5.9,00111111,855.99,800,28.2,4.12,418.2,856.28,5.9,1.45, , 
,857.48,768,87.0,5.9,00111111,856.88,768,28.2,4.12,418.2,857.19,5.9,1.45, , 
,858.38,768,87.0,6.3,00111111,857.78,768,28.2,4.12,418.2,858.08,5.9,1.48, , 
,859.29,800,87.0,5.9,00111111,858.69,768,28.2,3.09,418.2,858.99,5.9,1.45, , 
,860.17,768,87.0,5.9,00111111,859.58,800,28.2,4.12,418.2,859.88,5.9,1.45, , 
,861.06,768,87.0,5.9,00111111,860.47,800,28.2,4.12,418.2,860.77,5.9,1.45, , 
,861.97,800,87.0,6.3,00111111,861.36,768,28.2,4.12,418.2,861.67,5.9,1.48, , 
,862.86,800,87.0,6.3,00111111,862.26,768,28.2,4.12,418.2,862.55,6.3,1.48, , 
,863.76,800,87.0,6.3,00111111,863.17,768,28.2,4.12,418.2,863.46,6.3,1.45, , 
,864.63,768,87.0,6.3,00111111,864.06,768,28.2,4.12,418.2,864.34,6.3,1.45, , 
,865.53,800,87.0,6.3,00111111,864.93,768,28.2,4.12,418.2,865.23,6.3,1.45, , 
,866.46,768,87.0,5.9,00111111,865.83,800,28.2,3.09,418.2,866.14,5.9,1.45, , 
,867.36,768,87.0,5.5,00111111,866.76,768,28.2,3.09,418.2,867.06,5.9,1.45, , 
,868.31,768,87.0,5.5,00111111,867.69,768,28.2,3.09,418.2,867.99,5.5,1.45, , 
,869.20,800,87.0,5.9,00111111,868.61,800,28.2,4.12,418.2,868.90,5.9,1.48, , 
,870.11,800,87.0,5.9,00111111,869.50,768,28.2,4.12,418.2,869.80,5.9,1.48, , 
,871.00,768,87.0,5.9,00111111,870.41,800,28.2,4.12,418.2,870.71,5.9,1.45, , 
,871.90,800,87.0,5.9,00111111,871.30,800,28.2,4.12,418.2,871.60,5.9,1.45, , 
,872.79,800,87.0,5.9,00111111,872.20,800,28.2,4.12,418.2,872.50,5.9,1.45, , 
,873.68,800,87.0,5.9,00111111,873.09,768,28.2,3.09,418.2,873.39,5.9,1.45, , 
,874.55,768,87.0,5.5,00111111,873.96,800,28.2,3.09,418.2,874.26,5.9,1.45, , 
,875.45,768,87.0,5.5,00111111,874.85,800,28.2,4.12,418.2,875.16,5.5,1.45, , 
,876.36,800,87.0,5.9,00111111,875.74,768,28.2,4.12,418.2,876.06,5.5,1.48, , 
,877.29,768,87.0,6.3,00111111,876.66,800,28.2,4.12,418.2,876.97,5.9,1.48, , 
,878.20,800,87.0,6.3,00111111,877.58,768,28.2,4.12,418.2,877.89,6.3,1.45, , 
,879.08,800,87.0,6.3,00111111,878.49,768,28.2,4.12,418.2,878.79,6.3,1.45, , 
,879.99,768,87.0,6.3,00111111,879.39,768,28.2,4.12,418.2,879.70,6.3,1.45, , 
,880.88,768,87.0,5.9,00111111,880.29,768,28.2,3.09,418.2,880.59,5.9,1.45, , 
,881.79,768,87.0,5.9,00111111,881.19,768,28.2,3.09,418.2,881.49,5.9,1.45, , 
,882.70,768,87.0,6.3,00111111,882.09,768,28.2,3.09,418.2,882.39,6.3,1.45, , 
,883.55,800,87.0,6.3,00111111,882.98,768,28.2,4.12,418.2,883.26,6.3,1.45, , 
,884.46,768,87.0,5.9,00111111,883.85,768,28.2,4.12,418.2,884.16,5.9,1.45, , 
,885.39,768,87.0,5.5,00111111,884.78,800,28.2,4.12,418.2,885.08,5.9,1.45, , 
,886.28,768,87.0,5.5,00111111,885.69,768,28.2,4.12,418.2,885.99,5.5,1.45, , 
,887.17,800,87.0,5.5,00111111,886.59,768,28.2,4.12,418.2,886.87,5.5,1.45, , 
,888.08,800,87.0,5.5,00111111,887.46,768,28.2,3.09,418.2,887.77,5.5,1.45, , 
,888.99,768,87.0,5.9,00111111,888.38,768,28.2,3.09,418.2,888.68,5.9,1.48, , 
,889.89,800,87.0,5.9,00111111,889.29,800,28.2,4.12,418.2,889.59,5.9,1.45, , 
,890.80,800,87.0,5.9,00111111,890.20,768,28.2,4.12,418.2,890.49,5.9,1.45, , 
,891.69,800,87.0,5.9,00111111,891.10,800,28.2,4.12,418.2,891.40,5.9,1.45, , 
,892.58,768,87.0,5.9,00111111,892.01,800,28.2,4.12,418.2,892.29,5.9,1.45, , 
,893.49,768,87.0,5.9,00111111,892.89,768,28.2,4.12,418.2,893.19,5.9,1.45, , 
,894.39,800,88.5,5.9,00111111,893.79,768,28.2,4.12,418.2,894.09,5.9,1.45, , 
,895.28,800,88.5,5.9,00111111,894.68,768,28.2,3.09,418.2,894.98,5.9,1.45, , 
,896.19,800,88.5,5.5,00111111,895.58,800,28.2,4.12,418.2,895.89,5.9,1.45, , 
,897.10,800,88.5,5.5,00111111,896.50,800,28.2,3.09,418.2,896.81,5.5,1.45, , 
,898.00,800,87.0,5.5,00111111,897.40,800,28.2,4.12,418.2,897.69,5.5,1.45, , 
,898.90,800,87.0,5.5,00111111,898.31,800,28.2,4.12,418.2,898.60,5.5,1.45, , 
,899.83,800,88.5,5.5,00111111,899.20,800,28.2,4.12,418.2,899.52,5.5,1.45, , 
,900.72,800,88.5,5.5,00111111,900.13,768,28.2,4.12,418.2,900.43,5.5,1.45, , 
,901.64,768,88.5,5.5,00111111,901.02,800,28.2,4.12,418.2,901.34,5.5,1.45, , 
,902.55,800,88.5,5.9,00111111,901.94,768,28.2,4.12,418.2,902.25,5.5,1.48, , 
,903.49,768,88.5,5.9,00111111,902.86,800,28.2,4.12,418.2,903.18,5.9,1.48, , 
,904.38,768,88.5,6.3,00111111,903.79,768,28.2,3.09,418.2,904.09,6.3,1.48, , 
,905.26,768,88.5,5.9,00111111,904.68,768,28.2,3.09,418.2,904.98,6.3,1.45, , 
,906.16,800,88.5,5.9,00111111,905.55,800,28.2,4.12,418.2,905.86,5.9,1.45, , 
,907.06,768,88.5,5.9,00111111,906.46,768,28.2,3.09,418.2,906.77,5.9,1.45, , 
,907.95,768,88.5,5.9,00111111,907.35,768,28.2,4.12,418.2,907.63,5.9,1.48, , 
,908.89,768,88.5,5.9,00111111,908.25,800,28.2,4.12,418.2,908.58,5.9,1.45, , 
,909.81,768,88.5,5.5,00111111,909.22,800,28.2,4.12,418.2,909.51,5.9,1.45, , 
,910.70,768,88.5,5.9,00111111,910.10,800,28.2,4.12,418.2,910.40,5.5,1.45, , 
,911.63,800,88.5,5.9,00111111,911.00,800,28.2,4.12,418.2,911.33,5.9,1.45, , 
,912.55,768,88.5,5.9,00111111,911.94,800,28.2,3.09,418.2,912.24,5.9,1.45, , 
,913.45,768,88.5,5.9,00111111,912.85,800,28.2,4.12,418.2,913.15,5.9,1.45, , 
,914.33,800,88.5,5.5,00111111,913.74,800,28.2,3.09,418.2,914.04,5.5,1.45, , 
,915.24,800,88.5,5.9,00111111,914.64,800,28.2,4.12,418.2,914.94,5.9,1.45, , 
,916.11,800,88.5,5.9,00111111,915.53,800,28.2,4.12,418.2,915.82,5.9,1.45, , 
,917.03,800,88.5,5.9,00111111,916.43,800,28.2,4.12,418.2,916.72,5.9,1.45, , 
,917.90,800,88.5,5.9,00111111,917.32,768,28.2,4.12,418.2,917.60,5.9,1.45, , 
,918.79,768,88.5,5.9,00111111,918.20,768,28.2,3.09,397.8,918.49,5.9,1.45, , 
,919.69,800,88.5,5.9,00111111,919.08,800,26.7,3.09,397.8,919.40,5.9,1.45, , 
,920.59,800,88.5,5.9,00111111,920.01,768,26.7,3.09,397.8,920.31,5.9,1.45, , 
,921.47,768,88.5,5.9,00111111,920.87,800,26.7,3.09,397.8,921.17,5.9,1.45, , 
,922.39,800,88.5,5.9,00111111,921.79,768,28.2,3.09,397.8,922.09,5.9,1.45, , 
,923.27,768,88.5,5.9,00111111,922.69,768,28.2,3.09,418.2,922.98,5.9,1.45, , 
,924.18,768,88.5,6.3,00111111,923.58,768,28.2,3.09,397.8,923.88,5.9,1.48, , 
,925.08,768,88.5,6.3,00111111,924.49,768,28.2,3.09,418.2,924.79,6.3,1.48, , 
,925.98,768,88.5,6.3,00111111,925.39,800,28.2,3.09,418.2,925.69,6.3,1.45, , 
,926.88,768,88.5,6.3,00111111,926.27,768,26.7,3.09,397.8,926.58,6.3,1.48, , 
,927.79,800,88.5,6.3,00111111,927.19,800,26.7,3.09,397.8,927.49,6.3,1.45, , 
,928.72,800,88.5,6.3,00111111,928.10,800,28.2,4.12,397.8,928.41,6.3,1.45, , 
,929.62,768,90.0,6.3,00111111,929.02,800,26.7,3.09,397.8,929.32,6.3,1.45, , 
,930.52,768,88.5,6.3,00111111,929.91,768,26.7,3.09,397.8,930.21,6.3,1.48, , 
,931.41,800,88.5,6.6,00111111,930.82,768,28.2,4.12,418.2,931.12,6.6,1.48, , 
,932.29,768,88.5,6.6,00111111,931.70,800,26.7,3.09,397.8,931.99,6.6,1.45, , 
,933.21,800,88.5,6.6,00111111,932.58,800,28.2,3.09,418.2,932.90,6.6,1.48, , 
,934.12,768,88.5,7.0,00111111,933.52,800,26.7,3.09,397.8,933.84,6.6,1.48, , 
,935.01,800,88.5,7.0,00111111,934.42,800,28.2,4.12,418.2,934.71,7.0,1.45, , 
,935.92,800,88.5,7.0,00111111,935.30,800,26.7,3.09,397.8,935.61,7.0,1.45, , 
,936.81,800,88.5,7.0,00111111,936.21,800,26.7,4.12,397.8,936.51,7.0,1.45, , 
,937.71,800,88.5,7.0,00111111,937.11,800,26.7,4.12,397.8,937.41,7.0,1.45, , 
,938.60,800,88.5,7.0,00111111,938.01,800,26.7,4.12,397.8,938.30,7.0,1.45, , 
,939.48,768,88.5,6.6,00111111,938.90,800,26.7,3.09,397.8,939.20,6.6,1.45, , 
,940.36,800,88.5,7.0,00111111,939.77,768,26.7,3.09,397.8,940.06,7.0,1.45, , 
,941.27,768,88.5,7.0,00111111,940.66,800,26.7,3.09,397.8,940.97,7.0,1.45, , 
,942.20,800,88.5,6.6,00111111,941.58,800,26.7,3.09,397.8,941.89,6.6,1.45, , 
,943.10,768,88.5,6.6,00111111,942.50,800,26.7,3.09,397.8,942.80,6.6,1.45, , 
,944.00,800,88.5,6.3,00111111,943.40,800,26.7,3.09,397.8,943.70,6.3,1.45, , 
,944.91,768,88.5,6.3,00111111,944.30,800,26.7,3.09,397.8,944.60,6.3,1.48, , 
,945.81,768,88.5,6.6,00111111,945.20,768,26.7,3.09,397.8,945.49,6.6,1.48, , 
,946.74,800,88.5,6.6,00111111,946.12,800,26.7,3.09,397.8,946.43,6.6,1.45, , 
,947.66,768,88.5,6.6,00111111,947.04,768,26.7,3.09,397.8,947.35,6.6,1.45, , 
,948.58,768,88.5,6.6,00111111,947.97,800,26.7,3.09,397.8,948.27,6.6,1.45, , 
,949.49,800,88.5,6.3,00111111,948.90,800,26.7,3.09,397.8,949.19,6.6,1.45, , 
,950.38,800,88.5,6.3,00111111,949.78,800,28.2,3.09,397.8,950.07,6.6,1.45, , 
,951.27,800,88.5,6.3,00111111,950.68,768,28.2,3.09,418.2,950.98,6.3,1.45, , 
,952.19,800,90.0,6.3,00111111,951.58,800,26.7,3.09,397.8,951.90,6.3,1.45, , 
,953.08,800,90.0,6.6,00111111,952.49,800,26.7,4.12,397.8,952.78,6.6,1.48, , 
,954.00,800,88.5,7.0,00111111,953.37,768,26.7,3.09,397.8,953.68,7.0,1.48, , 
,954.90,768,88.5,6.6,00111111,954.30,800,26.7,3.09,397.8,954.60,7.0,1.45, , 
,955.79,800,88.5,6.6,00111111,955.20,800,26.7,3.09,397.8,955.49,6.6,1.45, , 
,956.70,768,88.5,6.6,00111111,956.09,800,26.7,3.09,397.8,956.39,6.6,1.45, , 
,957.60,768,90.0,6.6,00111111,957.01,800,26.7,3.09,397.8,957.30,6.6,1.45, , 
,958.50,800,90.0,6.3,00111111,957.90,768,26.7,3.09,397.8,958.20,6.6,1.45, , 
,959.40,800,88.5,6.3,00111111,958.82,800,26.7,3.09,397.8,959.12,6.3,1.45, , 
,960.26,800,88.5,6.3,00111111,959.69,800,26.7,3.09,397.8,959.98,6.3,1.45, , 
,961.15,768,88.5,6.6,00111111,960.55,768,26.7,3.09,397.8,960.85,6.3,1.45, , 
,962.05,768,88.5,6.6,00111111,961.46,768,26.7,3.09,397.8,961.76,6.6,1.48, , 
,962.99,768,88.5,6.6,00111111,962.36,800,26.7,3.09,397.8,962.67,6.6,1.45, , 
,963.85,768,88.5,7.0,00111111,963.28,768,26.7,3.09,397.8,963.56,7.0,1.45, , 
,964.74,800,90.0,7.0,00111111,964.14,800,26.7,3.09,397.8,964.45,7.0,1.45, , 
,965.65,800,90.0,7.0,00111111,965.04,768,26.7,3.09,397.8,965.35,7.0,1.45, , 
,966.54,768,90.0,7.0,00111111,965.95,768,26.7,3.09,397.8,966.25,7.0,1.45, , 
,967.41,800,90.0,7.0,00111111,966.82,768,26.7,4.12,397.8,967.11,7.0,1.45, , 
,968.32,800,90.0,6.6,00111111,967.71,800,26.7,3.09,397.8,968.02,6.6,1.45, , 
,969.21,800,90.0,6.6,00111111,968.63,800,26.7,3.09,397.8,968.92,6.6,1.45, , 
,970.12,768,90.0,6.6,00111111,969.51,800,26.7,3.09,397.8,969.82,6.6,1.45, , 
,971.02,768,90.0,6.6,00111111,970.43,800,26.7,3.09,397.8,970.73,6.6,1.45, , 
,971.91,800,90.0,6.6,00111111,971.32,768,26.7,3.09,397.8,971.62,6.6,1.45, , 
,972.82,800,90.0,6.3,00111111,972.22,768,26.7,3.09,397.8,972.52,6.3,1.45, , 
,973.72,800,90.0,6.3,00111111,973.12,800,26.7,3.09,397.8,973.42,6.3,1.45, , 
,974.59,768,90.0,5.9,00111111,974.03,768,26.7,3.09,397.8,974.31,5.9,1.45, , 
,975.48,768,90.0,6.3,00111111,974.88,800,26.7,3.09,397.8,975.19,6.3,1.48, , 
,976.38,800,90.0,6.6,00111111,975.78,800,26.7,3.09,397.8,976.09,6.6,1.48, , 
,977.28,800,90.0,7.0,00111111,976.68,800,28.2,3.09,397.8,976.97,6.6,1.45, , 
,978.17,800,90.0,6.6,00111111,977.56,800,28.2,3.09,397.8,977.86,6.6,1.45, , 
,979.07,800,90.0,6.6,00111111,978.47,800,26.7,3.09,397.8,978.79,6.6,1.45, , 
,979.97,800,90.0,6.6,00111111,979.36,800,26.7,4.12,397.8,979.66,6.6,1.45, , 
,980.85,800,90.0,6.3,00111111,980.26,800,26.7,3.09,397.8,980.55,6.3,1.45, , 
,981.75,800,90.0,6.3,00111111,981.15,800,26.7,3.09,397.8,981.45,5.9,1.45, , 
,982.66,800,90.0,6.3,00111111,982.05,800,26.7,3.09,397.8,982.35,6.3,1.48, , 
,983.59,768,90.0,6.6,00111111,982.96,800,26.7,3.09,397.8,983.27,6.6,1.48, , 
,984.49,800,90.0,6.6,00111111,983.89,768,26.7,3.09,397.8,984.19,6.6,1.45, , 
,985.40,768,90.0,6.3,00111111,984.80,768,26.7,3.09,397.8,985.10,6.3,1.45, , 
,986.32,800,90.0,6.3,00111111,985.69,800,26.7,3.09,397.8,986.01,6.3,1.45, , 
,987.22,768,90.0,6.6,00111111,986.62,768,26.7,3.09,397.8,986.92,6.3,1.48, , 
,988.14,800,90.0,6.6,00111111,987.54,768,26.7,3.09,397.8,987.83,6.6,1.45, , 
,989.04,768,90.0,6.6,00111111,988.43,800,26.7,3.09,397.8,988.73,6.6,1.45, , 
,989.96,800,90.0,6.6,00111111,989.35,768,26.7,3.09,397.8,989.66,6.6,1.48, , 
,990.86,768,90.0,6.6,00111111,990.26,768,26.7,3.09,397.8,990.55,6.6,1.45, , 
,991.79,800,90.0,6.3,00111111,991.16,800,26.7,3.09,397.8,991.47,6.6,1.45, , 
,992.69,768,90.0,6.3,00111111,992.09,800,26.7,3.09,397.8,992.38,6.3,1.45, , 
,993.54,800,90.0,6.3,00111111,992.98,800,26.7,3.09,397.8,993.26,6.3,1.45, , 
,994.43,768,90.0,6.3,00111111,993.83,768,26.7,3.09,397.8,994.14,6.3,1.45, , 
,995.32,800,90.0,6.6,00111111,994.73,800,26.7,3.09,397.8,995.02,6.6,1.48, , 
,996.20,800,90.0,6.6,00111111,995.60,800,26.7,3.09,397.8,995.90,6.6,1.45, , 
,997.07,768,90.0,6.6,00111111,996.48,800,26.7,3.09,397.8,996.77,6.6,1.48, , 
,997.97,768,90.0,6.6,00111111,997.37,800,26.7,3.09,397.8,997.66,6.6,1.45, , 
,998.89,768,90.0,6.6,00111111,998.27,768,26.7,3.09,397.8,998.58,6.6,1.45, , 
,999.81,768,90.0,6.3,00111111,999.21,800,26.7,3.09,397.8,999.51,6.3,1.41, , 
,1000.70,800,90.0,5.9,00111111,1000.11,768,26.7,3.09,397.8,1000.41,5.9,1.45, , 
,1001.60,768,90.0,5.9,00111111,1000.99,768,26.7,3.09,397.8,1001.30,5.9,1.45, , 
,1002.52,768,90.0,5.9,00111111,1001.91,768,26.7,3.09,397.8,1002.21,5.9,1.45, , 
,1003.42,768,90.0,5.9,00111111,1002.82,768,26.7,3.09,397.8,1003.11,5.9,1.45, , 
,1004.31,768,90.0,5.9,00111111,1003.72,800,26.7,3.09,397.8,1004.02,5.9,1.45, , 
,1005.17,768,90.0,5.9,00111111,1004.59,768,26.7,3.09,397.8,1004.88,5.9,1.45, , 
,1006.05,768,90.0,6.3,00111111,1005.46,768,26.7,3.09,397.8,1005.75,6.3,1.48, , 
,1006.94,768,90.0,6.3,00111111,1006.35,800,26.7,3.09,397.8,1006.64,6.3,1.45, , 
,1007.85,800,90.0,5.9,00111111,1007.25,800,26.7,3.09,397.8,1007.55,6.3,1.45, , 
,1008.76,768,90.0,6.3,00111111,1008.15,768,26.7,3.09,397.8,1008.45,5.9,1.48, , 
,1009.63,800,90.0,6.3,00111111,1009.05,800,26.7,3.09,397.8,1009.34,6.3,1.45, , 
,1010.54,800,90.0,6.3,00111111,1009.94,768,26.7,3.09,397.8,1010.23,6.3,1.48, , 
,1011.45,800,90.0,6.3,00111111,1010.83,768,26.7,3.09,397.8,1011.14,6.3,1.45, , 
,1012.35,800,90.0,6.3,00111111,1011.74,800,26.7,3.09,397.8,1012.05,6.6,1.45, , 
,1013.27,800,90.0,6.3,00111111,1012.65,800,26.7,3.09,397.8,1012.95,6.3,1.45, , 
,1014.16,800,90.0,6.3,00111111,1013.57,768,26.7,3.09,397.8,1013.86,6.3,1.45, , 
,1015.05,768,90.0,5.9,00111111,1014.48,800,26.7,3.09,397.8,1014.76,6.3,1.45, , 
,1015.93,800,90.0,5.9,00111111,1015.35,768,26.7,3.09,418.2,1015.64,6.3,1.45, , 
,1016.84,768,90.0,6.3,00111111,1016.22,800,26.7,3.09,397.8,1016.54,6.3,1.48, , 
,1017.73,768,90.0,6.3,00111111,1017.13,768,26.7,3.09,397.8,1017.43,6.3,1.48, , 
,1018.63,800,90.0,6.3,00111111,1018.04,800,26.7,3.09,397.8,1018.33,6.3,1.48, , 
,1019.49,832,90.0,7.8,00101011,1018.92,800,26.7,3.09,397.8,1019.20,7.0,1.45, , 
,1020.53,1920,88.5,0.0,00101011,1019.84,1056,44.3,6.18,550.8,1020.17,0.0,1.17, , 
,1021.61,1888,90.0,-5.1,00101011,1020.89,1824,38.4,5.15,479.4,1021.24,-4.3,1.45, , 
,1022.55,960,90.0,0.0,00111111,1021.94,1792,0.0,0.00,377.4,1022.26,0.0,3.05, , 
,1023.46,896,90.0,0.0,00111111,1022.83,992,28.2,4.12,397.8,1023.15,0.0,1.80, , 
,1024.39,864,90.0,0.0,00111111,1023.77,864,26.7,3.09,377.4,1024.09,0.0,1.48, , 
,1025.32,864,90.0,2.0,00111111,1024.70,864,26.7,3.09,397.8,1025.01,0.8,1.60, , 
,1026.24,768,90.0,3.9,00111111,1025.63,896,28.2,3.09,397.8,1025.94,3.1,1.56, , 
,1027.10,768,90.0,4.7,00111111,1026.52,768,28.2,3.09,418.2,1026.82,4.7,1.48, , 
,1027.99,800,90.0,6.6,00101011,1027.39,800,28.2,4.12,418.2,1027.69,5.1,1.52, , 
,1028.90,1280,90.0,9.8,00101011,1028.28,896,34.1,5.15,459.0,1028.59,9.0,1.48, , 
,1029.94,1184,90.0,6.6,00101011,1029.24,1376,36.9,5.15,479.4,1029.58,7.0,1.33, , 
,1030.88,960,90.0,0.0,00111111,1030.26,960,47.1,7.21,591.6,1030.58,8.2,1.45, , 
,1031.87,1056,90.0,0.0,00111111,1031.22,1216,28.2,3.09,397.8,1031.54,0.0,1.37, , 
,1032.77,832,90.0,1.6,00111111,1032.15,960,25.1,3.09,377.4,1032.46,1.2,1.52, , 
,1033.70,864,90.0,3.1,00111111,1033.08,864,26.7,3.09,397.8,1033.40,2.3,1.56, , 
,1034.61,768,90.0,3.9,00111111,1034.00,800,25.1,3.09,397.8,1034.31,3.9,1.52, , 
,1035.50,800,90.0,3.5,00111111,1034.90,800,28.2,3.09,418.2,1035.20,3.5,1.41, , 
,1036.42,768,90.0,3.5,00111111,1035.80,800,28.2,3.09,418.2,1036.11,3.5,1.48, , 
,1037.33,800,90.0,3.9,00111111,1036.74,800,28.2,3.09,418.2,1037.04,3.9,1.48, , 
,1038.24,800,90.0,4.7,00111111,1037.64,800,28.2,3.09,418.2,1037.94,4.7,1.48, , 
,1039.14,768,90.0,5.5,00111111,1038.53,800,26.7,3.09,397.8,1038.83,5.1,1.48, , 
,1040.04,800,90.0,5.5,00111111,1039.44,800,28.2,3.09,418.2,1039.74,5.5,1.48, , 
,1040.93,800,91.5,5.9,00111111,1040.34,800,26.7,3.09,397.8,1040.64,5.9,1.48, , 
,1041.84,800,91.5,5.5,00111111,1041.22,800,26.7,3.09,397.8,1041.52,5.5,1.45, , 
,1042.74,800,90.0,5.5,00111111,1042.14,800,26.7,3.09,397.8,1042.43,5.5,1.48, , 
,1043.65,800,91.5,5.9,00111111,1043.05,800,26.7,3.09,397.8,1043.35,5.5,1.48, , 
,1044.54,800,91.5,6.3,00111111,1043.95,800,26.7,3.09,397.8,1044.24,6.3,1.48, , 
,1045.44,800,91.5,7.0,00111111,1044.84,800,26.7,3.09,397.8,1045.15,7.0,1.48, , 
,1046.35,800,91.5,7.4,00111111,1045.75,800,26.7,3.09,397.8,1046.05,7.4,1.48, , 
,1047.30,800,91.5,7.4,00111111,1046.67,768,26.7,3.09,397.8,1046.99,7.4,1.48, , 
,1048.21,768,91.5,7.0,00111111,1047.61,768,26.7,3.09,397.8,1047.92,7.0,1.45, , 
,1049.08,768,91.5,6.6,00111111,1048.51,800,26.7,3.09,397.8,1048.79,6.6,1.45, , 
,1049.98,768,91.5,5.9,00111111,1049.38,800,26.7,3.09,397.8,1049.68,6.3,1.45, , 
,1050.88,768,91.5,5.5,00111111,1050.28,768,26.7,3.09,397.8,1050.58,5.5,1.45, , 
,1051.75,800,91.5,5.9,00111111,1051.18,800,26.7,3.09,397.8,1051.47,5.5,1.48, , 
,1052.65,800,91.5,5.9,00111111,1052.05,800,26.7,3.09,397.8,1052.35,5.9,1.48, , 
,1053.53,800,91.5,6.3,00111111,1052.95,800,26.7,3.09,397.8,1053.24,6.3,1.48, , 
,1054.41,768,91.5,6.3,00111111,1053.81,800,26.7,3.09,397.8,1054.10,6.3,1.48, , 
,1055.33,800,91.5,6.3,00111111,1054.73,800,26.7,3.09,397.8,1055.03,6.3,1.45, , 
,1056.24,800,91.5,6.3,00111111,1055.63,800,28.2,3.09,397.8,1055.93,6.3,1.45, , 
,1057.13,800,91.5,6.3,00111111,1056.54,768,28.2,3.09,397.8,1056.84,6.3,1.48, , 
,1058.02,800,91.5,6.3,00111111,1057.43,800,28.2,4.12,397.8,1057.73,6.3,1.48, , 
,1058.94,800,91.5,6.3,00111111,1058.33,800,26.7,3.09,397.8,1058.64,6.3,1.48, , 
,1059.84,800,91.5,6.3,00111111,1059.25,800,26.7,4.12,397.8,1059.56,6.3,1.48, , 
,1060.72,800,91.5,6.3,00111111,1060.12,800,26.7,3.09,397.8,1060.42,6.3,1.48, , 
,1061.63,800,91.5,6.3,00111111,1061.03,800,26.7,3.09,397.8,1061.34,6.3,1.48, , 
,1062.53,800,91.5,6.3,00111111,1061.93,800,26.7,3.09,397.8,1062.24,6.3,1.45, , 
,1063.41,800,91.5,6.3,00111111,1062.82,800,26.7,3.09,397.8,1063.12,6.3,1.45, , 
,1064.29,800,91.5,6.3,00111111,1063.70,800,26.7,3.09,397.8,1063.99,6.3,1.45, , 
,1065.18,768,91.5,6.3,00111111,1064.59,800,26.7,3.09,397.8,1064.88,6.3,1.48, , 
,1066.08,800,91.5,6.6,00111111,1065.48,800,26.7,3.09,397.8,1065.78,6.6,1.48, , 
,1066.99,768,91.5,6.6,00111111,1066.38,768,26.7,3.09,397.8,1066.69,6.6,1.48, , 
,1067.88,768,91.5,6.6,00111111,1067.28,768,26.7,3.09,397.8,1067.59,6.6,1.48, , 
,1068.78,768,91.5,6.6,00111111,1068.19,800,26.7,3.09,397.8,1068.48,6.6,1.48, , 
,1069.71,800,91.5,6.6,00111111,1069.08,800,26.7,3.09,397.8,1069.39,6.6,1.45, , 
,1070.61,800,91.5,6.6,00111111,1070.01,800,26.7,3.09,397.8,1070.31,6.6,1.48, , 
,1071.51,800,91.5,6.3,00111111,1070.92,800,26.7,3.09,397.8,1071.21,6.6,1.45, , 
,1072.41,800,91.5,6.6,00111111,1071.82,800,26.7,3.09,397.8,1072.12,6.6,1.48, , 
,1073.35,768,91.5,6.6,00111111,1072.72,768,26.7,3.09,397.8,1073.03,6.6,1.48, , 
,1074.27,800,91.5,6.6,00111111,1073.66,800,26.7,3.09,397.8,1073.96,6.3,1.45, , 
,1075.16,768,91.5,6.6,00111111,1074.57,768,26.7,3.09,397.8,1074.87,6.6,1.48, , 
,1076.07,768,91.5,6.6,00111111,1075.47,800,26.7,3.09,397.8,1075.77,6.6,1.48, , 
,1076.98,800,91.5,6.6,00111111,1076.36,800,26.7,3.09,397.8,1076.68,6.6,1.48, , 
,1077.89,768,91.5,6.6,00111111,1077.28,800,26.7,3.09,397.8,1077.59,6.6,1.48, , 
,1078.76,768,91.5,6.6,00111111,1078.17,800,26.7,3.09,397.8,1078.46,6.6,1.45, , 
,1079.65,768,91.5,7.0,00111111,1079.05,768,26.7,3.09,397.8,1079.35,6.6,1.48, , 
,1080.58,800,91.5,7.0,00111111,1079.96,800,26.7,3.09,397.8,1080.27,7.0,1.48, , 
,1081.48,800,91.5,7.0,00111111,1080.88,800,26.7,3.09,397.8,1081.18,7.0,1.48, , 
,1082.39,768,91.5,6.6,00111111,1081.79,800,26.7,3.09,397.8,1082.09,7.0,1.45, , 
,1083.28,768,91.5,7.0,00111111,1082.69,800,26.7,3.09,397.8,1082.99,6.6,1.48, , 
,1084.19,768,91.5,7.0,00111111,1083.59,768,26.7,3.09,397.8,1083.88,7.0,1.48, , 
,1085.10,800,91.5,7.0,00111111,1084.51,768,26.7,3.09,397.8,1084.81,7.0,1.45, , 
,1086.00,800,91.5,7.0,00111111,1085.40,800,26.7,3.09,397.8,1085.69,6.6,1.45, , 
,1086.91,768,91.5,7.0,00111111,1086.30,800,26.7,3.09,397.8,1086.60,7.0,1.45, , 
,1087.82,800,91.5,7.0,00111111,1087.22,768,26.7,3.09,397.8,1087.53,7.0,1.48, , 
,1088.71,800,91.5,7.0,00111111,1088.14,800,26.7,3.09,397.8,1088.42,7.0,1.48, , 
,1089.63,800,91.5,7.0,00111111,1089.02,768,26.7,3.09,397.8,1089.32,7.0,1.48, , 
,1090.53,800,91.5,7.0,00111111,1089.94,800,26.7,3.09,397.8,1090.23,7.0,1.48, , 
,1091.46,800,91.5,7.0,00111111,1090.84,800,26.7,3.09,397.8,1091.15,7.0,1.48, , 
,1092.38,800,91.5,7.0,00111111,1091.78,800,26.7,3.09,397.8,1092.08,7.0,1.48, , 
,1093.27,768,91.5,6.6,00111111,1092.68,800,26.7,3.09,397.8,1092.97,7.0,1.45, , 
,1094.13,800,91.5,6.6,00111111,1093.56,768,26.7,3.09,397.8,1093.84,6.6,1.45, , 
,1095.03,800,91.5,6.6,00111111,1094.43,800,26.7,3.09,397.8,1094.73,6.6,1.45, , 
,1095.92,800,91.5,6.6,00111111,1095.34,800,26.7,3.09,397.8,1095.62,6.6,1.48, , 
,1096.79,768,91.5,6.6,00111111,1096.20,768,26.7,3.09,397.8,1096.49,6.6,1.48, , 
,1097.70,768,91.5,7.0,00111111,1097.09,768,26.7,3.09,397.8,1097.39,7.0,1.48, , 
,1098.60,768,91.5,7.0,00111111,1097.99,800,26.7,3.09,397.8,1098.30,7.0,1.48, , 
,1099.53,800,91.5,7.0,00111111,1098.92,800,26.7,3.09,397.8,1099.22,7.0,1.48, , 
,1100.44,768,91.5,7.0,00111111,1099.83,800,26.7,3.09,397.8,1100.14,7.0,1.45, , 
,1101.34,800,91.5,7.0,00111111,1100.76,800,26.7,3.09,397.8,1101.06,7.0,1.48, , 
,1102.24,768,91.5,6.6,00111111,1101.63,800,26.7,3.09,397.8,1101.94,7.0,1.45, , 
,1103.14,768,93.0,6.6,00111111,1102.54,768,26.7,3.09,397.8,1102.84,6.6,1.45, , 
,1104.09,800,93.0,6.6,00111111,1103.47,768,26.7,3.09,397.8,1103.79,6.6,1.48, , 
,1104.96,800,93.0,6.6,00111111,1104.39,768,26.7,3.09,397.8,1104.67,6.6,1.48, , 
,1105.86,768,93.0,6.6,00111111,1105.26,768,26.7,3.09,397.8,1105.57,6.6,1.48, , 
,1106.76,768,93.0,6.6,00111111,1106.16,800,26.7,3.09,397.8,1106.46,6.6,1.48, , 
,1107.67,768,93.0,6.6,00111111,1107.06,800,26.7,3.09,397.8,1107.36,6.6,1.48, , 
,1108.55,800,93.0,6.6,00111111,1107.97,800,26.7,3.09,397.8,1108.26,6.6,1.48, , 
,1109.43,800,93.0,6.6,00111111,1108.84,768,26.7,3.09,397.8,1109.12,6.6,1.45, , 
,1110.32,800,93.0,7.0,00111111,1109.74,800,26.7,3.09,397.8,1110.02,7.0,1.48, , 
,1111.21,800,93.0,7.0,00111111,1110.62,800,26.7,3.09,397.8,1110.91,7.0,1.48, , 
,1112.10,800,93.0,6.6,00111111,1111.51,800,26.7,3.09,397.8,1111.81,6.6,1.45, , 
