Niedziela,23,Sierpień,2026,21:24:04:00009-VCID:1C3761778CABCE7337-5178,Wersja VCDS: AKP 23.3.1,Wersja danych: 20230601 DS346.2
047 906 033 L,,1.4l SIMOS3PA   00HS5401,

,Grupa A:,'001,,,,Grupa B:,'002,,,,Grupa C:,'033
,,Obroty silnika,Temperatura,Lambda,Bity binarnie,,Obroty silnika,Obciążenie,Czas wtrysku,Ciśnienie rzecz.,,Lambda,Napięcie, , 
,CZAS,,,,,CZAS,,,,,CZAS,,,,
Znacznik,ZAPISU, /min,*C, %,,ZAPISU, /min, %, ms, mbar,ZAPISU, %, V,,
,0.01,832,52.5,2.3,00111110,0.31,800,32.5,4.12,438.6,0.61,2.3,1.45, , 
,0.92,832,52.5,2.3,00111110,1.21,832,32.5,4.12,438.6,1.53,2.3,1.45, , 
,1.85,832,52.5,2.3,00111110,2.15,832,32.5,4.12,438.6,2.44,2.7,1.45, , 
,2.73,832,52.5,2.7,00111110,3.02,832,32.5,4.12,438.6,3.31,2.7,1.45, , 
,3.62,832,52.5,3.1,00111110,3.94,832,34.1,4.12,438.6,4.24,3.1,1.45, , 
,4.53,832,52.5,3.1,00111110,4.84,800,34.1,4.12,438.6,5.14,3.1,1.45, , 
,5.42,832,52.5,3.5,00111110,5.74,832,34.1,4.12,438.6,6.04,3.1,1.45, , 
,6.33,832,52.5,3.1,00111110,6.65,832,32.5,4.12,438.6,6.95,2.7,1.45, , 
,7.26,800,52.5,2.3,00111110,7.58,800,32.5,4.12,438.6,7.87,2.3,1.45, , 
,8.18,832,52.5,2.3,00111110,8.49,832,32.5,4.12,438.6,8.79,2.3,1.48, , 
,9.08,800,52.5,2.7,00111110,9.38,800,32.5,4.12,438.6,9.66,2.3,1.45, , 
,9.96,832,52.5,2.3,00111110,10.27,832,32.5,4.12,438.6,10.57,2.3,1.45, , 
,10.87,832,54.0,2.3,00111110,11.18,800,32.5,4.12,438.6,11.48,2.3,1.45, , 
,11.79,832,54.0,2.3,00111110,12.09,832,32.5,4.12,438.6,12.40,2.3,1.45, , 
,12.69,832,54.0,2.3,00111110,13.00,800,32.5,4.12,438.6,13.31,2.3,1.45, , 
,13.62,800,54.0,2.7,00111110,13.94,800,32.5,4.12,438.6,14.23,2.7,1.45, , 
,14.54,800,54.0,2.7,00111110,14.83,800,34.1,4.12,438.6,15.15,2.7,1.45, , 
,15.45,832,54.0,2.3,00111110,15.76,832,32.5,4.12,438.6,16.08,2.0,1.45, , 
,16.37,800,54.0,2.0,00111110,16.66,832,32.5,4.12,438.6,16.96,2.0,1.45, , 
,17.26,832,54.0,2.0,00111110,17.55,832,32.5,4.12,438.6,17.85,2.0,1.45, , 
,18.15,832,54.0,2.0,00111110,18.46,800,32.5,4.12,438.6,18.77,2.0,1.45, , 
,19.08,800,54.0,2.3,00111110,19.39,800,34.1,4.12,438.6,19.69,2.3,1.45, , 
,19.98,800,54.0,2.3,00111110,20.29,832,32.5,4.12,438.6,20.59,2.0,1.45, , 
,20.90,800,54.0,2.0,00111110,21.22,832,32.5,4.12,438.6,21.52,2.0,1.45, , 
,21.82,800,54.0,2.0,00111110,22.11,800,34.1,4.12,438.6,22.43,1.6,1.45, , 
,22.72,800,54.0,1.6,00111110,23.01,800,32.5,4.12,438.6,23.33,1.2,1.45, , 
,23.63,800,54.0,1.2,00111110,23.91,832,34.1,4.12,438.6,24.20,1.2,1.48, , 
,24.50,832,54.0,1.2,00111110,24.81,832,34.1,4.12,438.6,25.11,1.2,1.48, , 
,25.43,832,55.5,1.2,00111110,25.73,800,32.5,4.12,438.6,26.05,1.6,1.45, , 
,26.33,800,55.5,1.6,00111110,26.64,800,34.1,4.12,438.6,26.95,2.0,1.48, , 
,27.25,832,55.5,2.0,00111110,27.55,832,32.5,4.12,438.6,27.85,2.0,1.48, , 
,28.15,800,55.5,2.3,00111110,28.45,800,34.1,4.12,438.6,28.76,2.3,1.45, , 
,29.05,800,55.5,2.3,00111110,29.36,800,32.5,4.12,438.6,29.67,2.3,1.45, , 
,29.98,832,55.5,2.3,00111110,30.29,832,32.5,4.12,438.6,30.59,2.3,1.45, , 
,30.89,800,55.5,2.3,00111110,31.20,800,34.1,4.12,438.6,31.50,2.3,1.45, , 
,31.79,832,55.5,2.3,00111110,32.07,800,32.5,4.12,438.6,32.37,2.3,1.48, , 
,32.69,800,55.5,2.7,00111110,32.98,800,32.5,4.12,438.6,33.26,2.3,1.45, , 
,33.58,832,55.5,2.3,00111110,33.88,832,32.5,4.12,438.6,34.17,2.0,1.45, , 
,34.45,832,55.5,2.0,00111110,34.75,832,32.5,4.12,438.6,35.07,2.0,1.48, , 
,35.38,832,55.5,2.0,00111110,35.67,800,32.5,4.12,438.6,35.98,2.3,1.48, , 
,36.28,800,55.5,2.3,00111110,36.59,800,34.1,4.12,438.6,36.88,2.7,1.45, , 
,37.20,832,55.5,2.7,00111110,37.50,832,34.1,4.12,438.6,37.81,2.7,1.45, , 
,38.12,832,55.5,2.7,00111110,38.41,800,32.5,4.12,438.6,38.70,2.7,1.45, , 
,39.01,832,55.5,2.7,00111110,39.31,800,32.5,4.12,438.6,39.62,2.7,1.45, , 
,39.94,832,57.0,2.3,00111110,40.24,800,32.5,4.12,438.6,40.55,2.3,1.48, , 
,40.85,800,57.0,2.3,00111110,41.16,800,32.5,4.12,438.6,41.46,2.7,1.45, , 
,41.75,800,57.0,2.7,00111110,42.07,832,34.1,4.12,438.6,42.37,2.3,1.45, , 
,42.66,800,57.0,2.3,00111110,42.95,800,32.5,4.12,438.6,43.25,2.7,1.48, , 
,43.57,800,57.0,2.7,00111110,43.85,832,32.5,4.12,438.6,44.13,2.3,1.45, , 
,44.42,832,57.0,2.3,00111110,44.72,832,32.5,4.12,438.6,45.04,2.3,1.48, , 
,45.33,832,57.0,2.3,00111110,45.62,800,32.5,4.12,438.6,45.91,2.3,1.45, , 
,46.20,800,57.0,2.3,00111110,46.51,800,32.5,4.12,438.6,46.81,2.3,1.45, , 
,47.12,800,57.0,2.3,00111110,47.42,832,32.5,4.12,438.6,47.72,2.3,1.45, , 
,48.00,800,57.0,2.0,00111110,48.30,800,32.5,4.12,438.6,48.59,2.0,1.45, , 
,48.88,832,57.0,2.0,00111110,49.16,800,32.5,4.12,438.6,49.47,1.6,1.45, , 
,49.78,832,57.0,2.0,00111110,50.07,832,32.5,4.12,438.6,50.37,2.0,1.45, , 
,50.66,832,57.0,2.0,00111110,50.97,800,32.5,4.12,438.6,51.28,2.0,1.45, , 
,51.59,800,57.0,2.0,00111110,51.89,800,32.5,4.12,438.6,52.18,2.0,1.45, , 
,52.47,800,57.0,1.6,00111110,52.76,800,32.5,4.12,438.6,53.05,2.0,1.45, , 
,53.34,800,57.0,1.6,00111110,53.65,832,32.5,4.12,438.6,53.96,1.6,1.45, , 
,54.26,800,57.0,1.6,00111110,54.57,832,32.5,4.12,438.6,54.85,1.2,1.48, , 
,55.14,800,57.0,1.2,00111110,55.43,800,32.5,4.12,438.6,55.73,1.2,1.45, , 
,56.03,800,58.5,1.2,00111110,56.35,800,32.5,4.12,438.6,56.64,1.2,1.45, , 
,56.93,800,58.5,1.2,00111110,57.23,800,32.5,4.12,438.6,57.53,0.8,1.45, , 
,57.85,800,58.5,1.2,00111110,58.14,800,34.1,4.12,438.6,58.44,1.2,1.48, , 
,58.74,800,58.5,1.2,00111110,59.03,800,34.1,4.12,459.0,59.32,1.2,1.45, , 
,59.64,800,58.5,1.2,00111110,59.92,800,34.1,4.12,438.6,60.22,2.0,1.48, , 
,60.51,800,58.5,2.0,00111110,60.80,832,34.1,4.12,438.6,61.11,2.3,1.45, , 
,61.42,800,58.5,2.3,00111110,61.73,832,32.5,4.12,438.6,62.03,2.3,1.45, , 
,62.36,800,58.5,2.3,00111110,62.65,832,32.5,4.12,438.6,62.95,2.3,1.45, , 
,63.25,800,58.5,2.3,00111110,63.56,832,32.5,4.12,438.6,63.87,2.3,1.45, , 
,64.17,800,58.5,2.0,00111110,64.44,832,34.1,4.12,438.6,64.73,2.0,1.45, , 
,65.03,800,58.5,2.0,00111110,65.33,800,34.1,4.12,438.6,65.63,2.0,1.48, , 
,65.93,800,58.5,2.0,00111110,66.22,832,32.5,4.12,438.6,66.51,1.6,1.45, , 
,66.82,800,58.5,1.6,00111110,67.13,832,32.5,4.12,438.6,67.42,1.6,1.45, , 
,67.71,832,58.5,1.6,00111110,68.01,800,32.5,4.12,438.6,68.31,1.6,1.48, , 
,68.61,800,58.5,1.6,00111110,68.91,800,32.5,4.12,438.6,69.20,1.6,1.45, , 
,69.51,800,58.5,1.6,00111110,69.78,800,34.1,4.12,438.6,70.09,2.0,1.48, , 
,70.40,832,58.5,2.0,00111110,70.73,800,32.5,4.12,438.6,71.04,2.0,1.48, , 
,71.33,800,58.5,2.0,00111110,71.63,832,32.5,4.12,438.6,71.94,2.0,1.45, , 
,72.24,800,58.5,2.0,00111110,72.53,800,32.5,4.12,438.6,72.82,1.6,1.45, , 
,73.12,800,58.5,1.6,00111110,73.44,800,32.5,4.12,438.6,73.76,1.6,1.45, , 
,74.07,800,60.0,1.6,00111110,74.35,800,32.5,4.12,438.6,74.64,2.0,1.48, , 
,74.93,800,60.0,2.0,00111110,75.23,800,32.5,4.12,438.6,75.51,2.0,1.48, , 
,75.80,800,60.0,2.0,00111110,76.10,800,32.5,4.12,438.6,76.41,2.0,1.45, , 
,76.72,800,60.0,2.0,00111110,77.04,800,34.1,4.12,438.6,77.34,2.0,1.48, , 
,77.63,800,60.0,2.0,00111110,77.91,800,32.5,4.12,438.6,78.21,2.0,1.45, , 
,78.49,800,60.0,2.0,00111110,78.79,800,34.1,4.12,438.6,79.08,2.0,1.48, , 
,79.40,800,60.0,2.0,00111110,79.69,800,32.5,4.12,438.6,79.99,2.3,1.48, , 
,80.29,832,60.0,2.3,00111110,80.59,800,32.5,4.12,438.6,80.90,2.0,1.45, , 
,81.19,800,60.0,2.0,00111110,81.50,800,34.1,4.12,438.6,81.81,2.0,1.45, , 
,82.10,800,60.0,2.0,00111110,82.39,800,32.5,4.12,438.6,82.70,2.0,1.45, , 
,83.03,800,60.0,2.0,00111110,83.33,800,32.5,4.12,438.6,83.65,1.6,1.48, , 
,83.96,800,60.0,1.6,00111110,84.27,800,32.5,4.12,438.6,84.57,1.6,1.48, , 
,84.86,800,60.0,1.6,00111110,85.18,800,32.5,4.12,438.6,85.48,1.6,1.48, , 
,85.77,800,60.0,2.0,00111110,86.07,800,34.1,4.12,459.0,86.37,2.0,1.48, , 
,86.67,832,60.0,2.0,00111110,86.98,800,32.5,4.12,438.6,87.27,2.0,1.45, , 
,87.57,800,60.0,2.0,00111110,87.86,800,34.1,4.12,438.6,88.17,2.3,1.48, , 
,88.47,800,60.0,2.3,00111110,88.75,800,32.5,4.12,438.6,89.05,2.3,1.48, , 
,89.34,832,61.5,2.3,00111110,89.63,800,32.5,4.12,438.6,89.92,2.3,1.45, , 
,90.21,800,61.5,2.3,00111110,90.49,832,32.5,4.12,438.6,90.80,2.3,1.45, , 
,91.10,800,61.5,2.0,00111110,91.40,800,34.1,4.12,438.6,91.71,2.0,1.45, , 
,92.01,800,61.5,2.0,00111110,92.31,800,32.5,4.12,438.6,92.62,2.0,1.45, , 
,92.93,800,61.5,2.0,00111110,93.22,800,34.1,4.12,438.6,93.53,2.0,1.48, , 
,93.84,800,61.5,2.0,00111110,94.15,800,32.5,4.12,438.6,94.46,2.0,1.48, , 
,94.76,800,61.5,2.3,00111110,95.06,800,32.5,4.12,438.6,95.35,2.0,1.45, , 
,95.66,800,61.5,2.0,00111110,95.97,800,32.5,4.12,438.6,96.28,2.0,1.45, , 
,96.59,800,61.5,1.6,00111110,96.88,800,32.5,4.12,438.6,97.20,2.0,1.48, , 
,97.50,800,61.5,1.6,00111110,97.80,800,32.5,4.12,438.6,98.10,1.2,1.45, , 
,98.40,800,61.5,1.2,00111110,98.71,800,32.5,4.12,438.6,98.99,0.8,1.45, , 
,99.28,800,61.5,0.8,00111110,99.57,800,34.1,4.12,438.6,99.86,0.4,1.48, , 
,100.16,800,61.5,0.8,00111110,100.47,800,34.1,4.12,438.6,100.78,0.8,1.48, , 
,101.09,800,61.5,1.2,00111110,101.38,800,32.5,4.12,438.6,101.70,1.6,1.48, , 
,102.02,800,61.5,1.6,00111110,102.32,800,34.1,4.12,459.0,102.62,2.0,1.48, , 
,102.91,832,61.5,2.0,00111110,103.22,800,32.5,4.12,438.6,103.51,2.0,1.45, , 
,103.81,800,63.0,2.0,00111110,104.10,800,32.5,4.12,438.6,104.38,2.0,1.48, , 
,104.67,800,63.0,2.0,00111110,104.98,800,32.5,4.12,438.6,105.29,2.0,1.45, , 
,105.60,800,63.0,2.0,00111110,105.90,800,32.5,4.12,438.6,106.21,1.6,1.45, , 
,106.50,800,63.0,1.6,00111110,106.81,832,32.5,4.12,438.6,107.13,1.6,1.45, , 
,107.44,800,63.0,1.2,00111110,107.74,800,34.1,4.12,459.0,108.04,1.6,1.48, , 
,108.33,800,63.0,1.6,00111110,108.63,800,34.1,4.12,438.6,108.94,1.6,1.45, , 
,109.25,800,63.0,2.0,00111110,109.54,800,34.1,4.12,459.0,109.83,2.0,1.48, , 
,110.15,800,63.0,2.0,00111110,110.45,800,32.5,4.12,438.6,110.75,2.0,1.45, , 
,111.07,800,63.0,1.6,00111110,111.36,800,34.1,4.12,438.6,111.67,1.6,1.48, , 
,111.97,800,63.0,1.6,00111110,112.28,800,32.5,4.12,438.6,112.59,1.2,1.45, , 
,112.91,800,63.0,1.2,00111110,113.22,800,32.5,4.12,438.6,113.54,1.2,1.48, , 
,113.85,800,63.0,1.2,00111110,114.16,800,32.5,4.12,438.6,114.47,1.6,1.48, , 
,114.78,800,63.0,1.6,00111110,115.09,800,32.5,4.12,438.6,115.40,1.6,1.48, , 
,115.71,800,63.0,1.6,00111110,116.01,800,32.5,4.12,438.6,116.30,1.2,1.45, , 
,116.60,800,63.0,1.2,00111110,116.92,800,32.5,4.12,438.6,117.21,1.2,1.45, , 
,117.50,800,63.0,1.2,00111110,117.79,800,32.5,4.12,438.6,118.09,1.2,1.45, , 
,118.38,800,63.0,1.2,00111110,118.70,800,32.5,4.12,438.6,118.99,1.2,1.45, , 
,119.30,800,63.0,1.6,00111110,119.61,800,32.5,4.12,438.6,119.92,1.6,1.45, , 
,120.23,800,64.5,1.2,00111110,120.54,800,32.5,4.12,438.6,120.83,1.6,1.45, , 
,121.13,832,64.5,1.2,00101010,121.40,928,32.5,4.12,438.6,121.72,2.3,1.48, , 
,122.06,1216,64.5,2.7,00101010,122.42,1280,25.1,3.09,357.0,122.74,0.8,1.37, , 
,123.05,1344,64.5,0.0,00101010,123.39,1280,23.5,3.09,336.6,123.72,-2.0,1.33, , 
,124.02,1088,64.5,-2.7,00111110,124.32,960,25.1,3.09,357.0,124.63,-2.7,1.37, , 
,124.93,800,64.5,-2.7,00111110,125.22,800,32.5,4.12,438.6,125.52,-5.1,1.25, , 
,125.81,768,64.5,-6.3,00111110,126.10,768,32.5,4.12,438.6,126.39,-7.0,1.45, , 
,126.69,768,64.5,-6.6,00111110,126.98,800,32.5,4.12,438.6,127.26,-5.5,1.56, , 
,127.59,832,64.5,0.0,00101010,127.94,1088,34.1,4.12,438.6,128.26,0.8,1.52, , 
,128.56,1216,64.5,1.6,00101010,128.90,1216,36.9,5.15,459.0,129.22,5.1,1.60, , 
,129.54,1280,64.5,3.9,00101010,129.87,1312,36.9,5.15,459.0,130.15,0.0,1.48, , 
,130.47,1472,64.5,0.0,00111110,130.81,1408,23.5,3.09,336.6,131.15,-1.2,1.41, , 
,131.48,1088,64.5,-1.2,00111110,131.79,832,25.1,3.09,377.4,132.07,-2.0,1.37, , 
,132.37,800,64.5,-2.7,00111110,132.66,800,32.5,4.12,438.6,132.95,-5.9,1.21, , 
,133.25,768,66.0,-7.0,00111110,133.55,768,32.5,4.12,459.0,133.87,-7.4,1.52, , 
,134.16,800,64.5,-6.6,00111110,134.46,768,34.1,4.12,459.0,134.77,-5.1,1.60, , 
,135.08,768,66.0,-4.3,00111110,135.37,800,34.1,4.12,459.0,135.68,-2.0,1.60, , 
,135.96,800,66.0,-1.2,00111110,136.27,800,34.1,4.12,459.0,136.58,0.4,1.56, , 
,136.87,800,66.0,0.8,00111110,137.16,800,34.1,4.12,459.0,137.48,1.6,1.52, , 
,137.78,800,66.0,1.6,00111110,138.09,800,32.5,4.12,438.6,138.41,2.3,1.48, , 
,138.73,800,66.0,2.7,00101010,139.03,832,36.9,5.15,479.4,139.34,4.3,1.52, , 
,139.66,1184,66.0,3.9,00101010,139.97,1248,35.3,5.15,438.6,140.30,5.9,1.52, , 
,140.63,1216,66.0,5.5,00101010,140.95,1152,35.3,5.15,438.6,141.26,5.9,1.45, , 
,141.57,1088,66.0,5.1,00111110,141.90,1184,28.2,3.09,377.4,142.20,0.8,1.25, , 
,142.54,1024,66.0,-0.8,00111110,142.81,864,29.4,4.12,397.8,143.10,0.8,1.41, , 
,143.38,768,66.0,0.0,00111110,143.69,800,36.9,5.15,479.4,144.01,-2.3,1.25, , 
,144.31,864,66.0,-3.5,00111110,144.60,864,32.5,4.12,438.6,144.88,-3.9,1.48, , 
,145.17,864,66.0,-3.5,00111110,145.49,864,34.1,4.12,438.6,145.78,-2.0,1.60, , 
,146.09,864,66.0,-1.2,00111110,146.39,864,34.1,4.12,459.0,146.70,0.4,1.56, , 
,147.00,864,66.0,0.8,00111110,147.31,896,34.1,4.12,459.0,147.64,2.0,1.52, , 
,147.96,800,66.0,2.3,00111110,148.26,800,32.5,4.12,438.6,148.57,2.0,1.41, , 
,148.87,832,66.0,2.0,00111110,149.20,800,34.1,4.12,459.0,149.51,2.0,1.48, , 
,149.80,800,66.0,2.0,00111110,150.11,768,34.1,4.12,459.0,150.40,5.5,1.60, , 
,150.72,992,66.0,0.0,00101010,151.04,1312,38.4,5.15,479.4,151.36,0.0,1.52, , 
,151.70,1280,67.5,1.6,00101010,152.04,1280,40.0,6.18,499.8,152.35,1.2,1.48, , 
,152.68,1216,67.5,0.0,00101010,152.97,992,28.2,4.12,377.4,153.27,0.0,1.45, , 
,153.57,832,67.5,-1.2,00101010,153.87,800,31.0,4.12,418.2,154.19,0.0,1.37, , 
,154.51,1248,67.5,0.0,00101010,154.83,1504,42.7,6.18,520.2,155.17,0.0,1.41, , 
,155.55,1472,67.5,-0.4,00101010,155.89,1216,32.5,4.12,418.2,156.18,1.6,1.56, , 
,156.47,736,67.5,2.0,00101010,156.79,704,48.6,8.24,591.6,157.08,0.0,1.48, , 
,157.40,800,67.5,0.0,00101010,157.69,800,41.2,5.15,550.8,157.99,0.0,1.29, , 
,158.30,800,67.5,-2.3,00101010,158.61,800,38.4,5.15,499.8,158.90,0.8,1.56, , 
,159.19,864,67.5,2.7,00101010,159.51,864,42.7,6.18,520.2,159.81,3.1,1.52, , 
,160.10,992,67.5,3.1,00101010,160.41,1056,40.0,5.15,499.8,160.73,2.7,1.45, , 
,161.05,1152,67.5,3.5,00101010,161.40,1216,35.3,5.15,459.0,161.72,3.5,1.45, , 
,162.04,1344,67.5,3.9,00101010,162.42,1408,38.4,5.15,479.4,162.76,3.5,1.45, , 
,163.10,1536,67.5,3.1,00101010,163.44,1600,38.4,5.15,459.0,163.82,3.1,1.45, , 
,164.20,1792,67.5,2.7,00101010,164.58,1888,38.4,5.15,459.0,164.94,-0.4,1.37, , 
,165.30,2016,67.5,-1.2,00101000,165.66,2048,40.0,5.15,479.4,166.01,0.0,1.37, , 
,166.35,2016,67.5,0.0,00111100,166.68,1440,0.0,0.00,357.0,167.00,0.0,3.48, , 
,167.31,1216,67.5,0.0,00101010,167.62,1184,29.4,4.12,397.8,167.93,0.0,1.45, , 
,168.25,1184,67.5,0.0,00101010,168.56,1184,40.0,6.18,479.4,168.87,0.0,1.48, , 
,169.16,1248,69.0,0.0,00101010,169.49,1248,41.2,6.18,499.8,169.82,1.2,1.52, , 
,170.15,1344,67.5,2.7,00101010,170.48,1376,41.2,6.18,499.8,170.86,3.5,1.48, , 
,171.20,1408,69.0,3.5,00101010,171.62,1472,38.4,5.15,479.4,172.06,4.3,1.45, , 
,172.43,1536,69.0,3.9,00101010,172.77,1536,36.9,5.15,459.0,173.11,2.7,1.41, , 
,173.50,1600,69.0,3.5,00101010,173.87,1632,40.0,6.18,479.4,174.22,3.9,1.48, , 
,174.56,1696,69.0,3.9,00101010,174.93,1728,40.0,6.18,479.4,175.31,2.3,1.41, , 
,175.70,1792,69.0,2.3,00101010,176.09,1792,31.0,4.12,397.8,176.46,-0.8,1.33, , 
,176.81,1792,69.0,-1.6,00101010,177.16,1792,26.7,3.09,357.0,177.56,-2.7,1.41, , 
,177.95,1792,69.0,-3.9,00101010,178.29,1792,23.5,3.09,336.6,178.64,-4.7,1.45, , 
,178.98,1760,69.0,-5.1,00101010,179.36,1760,23.5,3.09,316.2,179.72,-4.7,1.52, , 
,180.09,1728,69.0,-4.7,00101010,180.42,1696,25.1,3.09,336.6,180.77,-3.9,1.56, , 
,181.12,1664,69.0,-3.1,00111110,181.46,1696,23.5,3.09,336.6,181.77,-2.7,1.52, , 
,182.14,1600,69.0,0.0,00111110,182.43,1152,26.7,4.12,357.0,182.73,0.0,3.09, , 
,183.04,1024,69.0,0.0,00111110,183.34,1056,28.2,4.12,397.8,183.66,0.0,1.37, , 
,183.97,864,69.0,0.0,00111110,184.27,864,31.0,4.12,418.2,184.56,0.0,1.41, , 
,184.87,864,69.0,-0.4,00111110,185.21,864,31.0,4.12,418.2,185.51,-0.4,1.52, , 
,185.80,864,70.5,0.0,00111110,186.11,864,31.0,4.12,438.6,186.39,1.2,1.52, , 
,186.70,864,70.5,1.6,00111110,187.01,864,31.0,4.12,418.2,187.33,2.3,1.52, , 
,187.64,896,70.5,2.7,00111110,187.94,896,31.0,4.12,438.6,188.26,3.5,1.52, , 
,188.53,832,70.5,3.9,00111110,188.83,768,29.4,4.12,418.2,189.13,3.5,1.45, , 
,189.41,800,70.5,3.1,00101010,189.76,1152,50.2,8.24,591.6,190.08,0.0,1.45, , 
,190.48,1504,70.5,0.0,00101010,190.79,1344,50.2,7.21,591.6,191.10,0.0,1.52, , 
,191.44,1120,70.5,0.0,00101010,191.75,1280,53.3,7.21,632.4,192.12,0.0,1.52, , 
,192.47,1696,70.5,0.0,00101010,192.85,1600,0.0,0.00,438.6,193.12,0.0,3.13, , 
,193.44,1024,70.5,0.0,00101010,193.77,1088,38.4,6.18,479.4,194.07,0.0,1.56, , 
,194.37,1024,70.5,0.0,00101010,194.69,1056,44.3,6.18,550.8,195.00,0.0,1.45, , 
,195.34,1152,70.5,0.0,00101010,195.69,1216,48.6,7.21,591.6,196.01,0.8,1.52, , 
,196.33,1312,70.5,1.2,00101010,196.67,1376,45.9,6.18,550.8,197.03,2.3,1.52, , 
,197.30,1472,70.5,3.9,00101010,197.60,1504,41.2,6.18,499.8,197.97,3.5,1.45, , 
,198.35,1600,70.5,3.9,00101010,198.71,1632,38.4,5.15,479.4,199.11,3.9,1.45, , 
,199.47,1696,70.5,2.7,00101010,199.82,1728,35.3,5.15,438.6,200.21,2.0,1.41, , 
,200.58,1824,72.0,0.8,00101010,200.93,1824,34.1,4.12,418.2,201.30,-0.4,1.41, , 
,201.65,1888,72.0,0.0,00101010,202.00,1920,44.3,6.18,520.2,202.36,-0.4,1.45, , 
,202.73,2016,72.0,0.8,00101000,203.09,2112,51.8,7.21,591.6,203.43,0.4,1.48, , 
,203.76,2272,72.0,0.0,00101000,204.11,2304,54.5,8.24,612.0,204.47,-0.8,1.45, , 
,204.82,2304,72.0,0.0,00111100,205.17,1696,0.0,0.00,357.0,205.51,0.0,3.63, , 
,205.86,1152,72.0,0.0,00101010,206.23,1664,26.7,4.12,357.0,206.57,0.0,1.33, , 
,206.92,1568,72.0,0.0,00101010,207.27,1600,45.9,7.21,550.8,207.63,0.0,1.45, , 
,207.97,1664,73.5,0.0,00101010,208.30,1696,38.4,5.15,479.4,208.67,0.0,1.45, , 
,209.05,1728,72.0,0.0,00101010,209.42,1760,48.6,7.21,571.2,209.78,0.8,1.52, , 
,210.15,1824,73.5,0.8,00101010,210.52,1856,36.9,5.15,459.0,210.89,0.8,1.45, , 
,211.27,1888,73.5,0.4,00101010,211.63,1920,41.2,6.18,499.8,211.99,0.4,1.45, , 
,212.35,1952,73.5,-0.4,00101010,212.70,2016,41.2,6.18,499.8,213.06,0.8,1.56, , 
,213.42,2080,73.5,1.6,00101000,213.76,2144,45.9,6.18,520.2,214.10,2.0,1.45, , 
,214.44,2208,73.5,2.0,00101000,214.78,2272,44.3,6.18,499.8,215.11,2.7,1.52, , 
,215.47,2368,73.5,2.3,00101000,215.81,2400,54.5,8.24,612.0,216.17,2.7,1.45, , 
,216.52,2528,73.5,2.3,00101000,216.86,2592,54.5,8.24,612.0,217.22,0.0,2.66, , 
,217.51,1632,73.5,0.0,00111110,217.86,1216,26.7,4.12,357.0,218.20,0.0,2.34, , 
,218.58,1888,73.5,0.0,00101010,218.93,1952,17.6,2.06,275.4,219.29,0.0,1.05, , 
,219.64,1920,73.5,-6.3,00101010,220.00,1888,36.9,5.15,459.0,220.36,0.0,1.41, , 
,220.73,1920,73.5,0.0,00101010,221.08,1984,87.1,15.45,928.2,221.43,0.0,1.29, , 
,221.78,2048,75.0,0.0,00101000,222.14,2080,81.2,13.39,867.0,222.48,0.0,1.29, , 
,222.83,2080,75.0,0.0,00101000,223.17,2048,20.8,3.09,295.8,223.52,-3.1,1.29, , 
,223.85,2048,75.0,-3.5,00101000,224.20,2048,38.4,5.15,459.0,224.55,0.0,1.56, , 
,224.91,2080,75.0,0.0,00101000,225.24,2080,78.4,13.39,846.6,225.57,0.0,1.37, , 
,225.92,2144,75.0,0.0,01101000,226.26,2176,87.1,14.42,928.2,226.59,-2.0,1.37, , 
,226.92,2240,75.0,-2.3,01101000,227.25,2272,90.2,15.45,948.6,227.59,0.0,1.37, , 
,227.92,2336,75.0,0.0,01101000,228.25,2304,25.1,3.09,336.6,228.60,0.0,1.33, , 
,228.93,2304,75.0,-2.7,01101000,229.26,2272,23.5,3.09,316.2,229.59,-6.3,1.29, , 
,229.94,2240,75.0,-7.0,01101000,230.29,2208,36.9,5.15,438.6,230.62,-2.3,1.64, , 
,230.95,2208,75.0,0.0,01101000,231.28,2208,50.2,7.21,571.2,231.62,0.4,1.52, , 
,231.94,2176,75.0,0.8,01101000,232.28,2176,38.4,5.15,459.0,232.62,-0.8,1.37, , 
,232.94,2144,76.5,-1.6,01101000,233.28,2112,23.5,3.09,316.2,233.65,-4.3,1.37, , 
,234.00,2080,76.5,-4.7,01101000,234.34,2048,25.1,3.09,336.6,234.70,-6.6,1.41, , 
,235.08,1984,76.5,-6.3,01101000,235.44,1952,25.1,3.09,336.6,235.81,-2.0,1.48, , 
,236.19,1920,76.5,-1.6,01101010,236.56,1888,28.2,3.09,377.4,236.94,-0.8,1.52, , 
,237.33,1824,76.5,-0.4,01101010,237.72,1792,26.7,3.09,357.0,238.11,0.4,1.52, , 
,238.48,1760,76.5,2.0,01101010,238.82,1728,35.3,5.15,438.6,239.19,3.5,1.56, , 
,239.54,1696,76.5,5.1,01101010,239.89,1664,28.2,4.12,377.4,240.24,5.5,1.41, , 
,240.59,1632,78.0,2.3,01101010,240.94,1600,20.8,3.09,316.2,241.28,0.0,1.37, , 
,241.58,992,78.0,0.0,01111110,241.85,960,32.5,4.12,438.6,242.12,0.0,2.03, , 
,242.45,992,78.0,0.0,01111110,242.75,896,26.7,3.09,377.4,243.06,0.0,1.52, , 
,243.36,864,78.0,0.0,01111110,243.67,864,29.4,4.12,418.2,243.97,0.4,1.56, , 
,244.25,896,78.0,1.2,01111110,244.55,896,29.4,4.12,418.2,244.85,3.1,1.60, , 
,245.14,864,78.0,3.5,01111110,245.43,896,29.4,4.12,418.2,245.72,5.1,1.56, , 
,246.03,896,78.0,5.9,01111110,246.32,896,29.4,4.12,418.2,246.65,8.2,1.52, , 
,246.97,1120,78.0,4.7,01101010,247.28,1088,32.5,4.12,418.2,247.60,8.2,1.56, , 
,247.94,1120,78.0,9.4,01101010,248.26,1120,42.7,6.18,520.2,248.60,0.0,1.29, , 
,248.94,1248,78.0,0.0,01101010,249.27,1344,60.4,9.27,714.0,249.59,0.0,1.48, , 
,250.03,1472,78.0,0.8,01101010,250.39,1536,54.5,8.24,632.4,250.77,2.0,1.52, , 
,251.16,1696,78.0,2.0,01101010,251.52,1760,48.6,7.21,571.2,251.90,2.0,1.45, , 
,252.27,1888,78.0,2.3,01101010,252.64,1920,42.7,6.18,520.2,253.00,2.3,1.37, , 
,253.36,1984,78.0,2.0,01101000,253.71,2016,38.4,5.15,479.4,254.05,1.6,1.45, , 
,254.39,2080,79.5,2.0,01101000,254.74,2112,38.4,5.15,459.0,255.08,2.0,1.41, , 
,255.43,2176,79.5,2.0,01101000,255.75,2176,41.2,6.18,479.4,256.10,3.1,1.52, , 
,256.42,2272,79.5,3.9,01101000,256.75,2304,45.9,7.21,520.2,257.08,3.9,1.41, , 
,257.42,2400,79.5,3.5,01101000,257.77,2432,44.3,7.21,520.2,258.13,3.1,1.41, , 
,258.47,2496,79.5,2.7,01101001,258.81,2080,0.0,0.00,336.6,259.17,0.0,3.75, , 
,259.53,1536,79.5,0.0,01101010,259.91,1568,31.0,4.12,397.8,260.28,0.0,1.37, , 
,260.65,1600,79.5,0.0,01101011,260.98,1600,36.9,5.15,459.0,261.32,1.6,1.52, , 
,261.68,1632,79.5,2.0,01101011,262.07,1664,40.0,6.18,479.4,262.42,3.1,1.48, , 
,262.76,1664,79.5,3.5,01101011,263.13,1696,45.9,7.21,550.8,263.50,3.1,1.37, , 
,263.87,1760,79.5,3.1,01101011,264.21,1760,44.3,6.18,520.2,264.54,2.0,1.37, , 
,264.90,1824,79.5,2.3,01101011,265.26,1824,38.4,5.15,479.4,265.63,1.2,1.41, , 
,265.99,1856,79.5,0.8,01101011,266.35,1888,35.3,5.15,438.6,266.71,0.0,1.37, , 
,267.07,1952,81.0,0.4,01101011,267.42,1984,32.5,4.12,418.2,267.78,-0.4,1.41, , 
,268.14,2016,81.0,-1.2,01101001,268.51,2016,31.0,4.12,397.8,268.88,-1.2,1.45, , 
,269.21,2048,81.0,-0.8,01101001,269.55,2080,31.0,4.12,397.8,269.91,-1.2,1.45, , 
,270.27,2112,81.0,-2.0,01101001,270.62,2112,29.4,4.12,377.4,270.96,-2.0,1.45, , 
,271.28,2144,81.0,2.3,01101001,271.63,2144,29.4,4.12,377.4,271.96,2.3,1.45, , 
,272.31,2176,81.0,2.0,01101001,272.65,2208,29.4,4.12,377.4,272.98,2.0,1.45, , 
,273.34,2208,81.0,2.3,01101001,273.69,2208,29.4,4.12,377.4,274.03,2.3,1.45, , 
,274.36,2240,81.0,3.1,01101001,274.69,2240,29.4,4.12,377.4,275.02,3.1,1.41, , 
,275.37,2272,81.0,3.1,01101001,275.72,2272,28.2,4.12,357.0,276.06,2.7,1.45, , 
,276.40,2272,81.0,2.7,01101001,276.73,2272,25.1,3.09,336.6,277.06,2.0,1.37, , 
,277.40,2272,81.0,0.8,01101001,277.72,2272,23.5,3.09,316.2,278.05,0.4,1.37, , 
,278.39,2272,82.5,0.4,01101001,278.72,2272,23.5,3.09,316.2,279.06,0.4,1.45, , 
,279.39,2272,81.0,0.4,01101001,279.73,2272,23.5,3.09,316.2,280.06,-0.8,1.37, , 
,280.39,2240,82.5,-0.4,01101001,280.72,2272,22.0,3.09,316.2,281.06,-0.4,1.45, , 
,281.40,2240,82.5,-1.2,01101001,281.73,2208,19.2,2.06,275.4,282.07,-3.1,1.37, , 
,282.40,2176,82.5,-3.9,01101001,282.74,2176,19.2,2.06,275.4,283.09,-4.7,1.41, , 
,283.42,2112,82.5,-5.1,01101001,283.78,2112,19.2,2.06,275.4,284.13,-5.5,1.48, , 
,284.48,2080,82.5,-5.1,01101001,284.84,2080,19.2,2.06,275.4,285.21,-5.9,1.45, , 
,285.56,2048,82.5,-6.6,01101001,285.93,2016,19.2,2.06,275.4,286.27,-6.3,1.48, , 
,286.62,2016,82.5,-6.3,01101001,287.00,2016,19.2,2.06,275.4,287.35,-6.3,1.48, , 
,287.71,1984,82.5,-5.9,01101011,288.07,1984,19.2,2.06,275.4,288.43,-5.5,1.45, , 
,288.79,1984,82.5,-5.9,01101011,289.16,1952,19.2,2.06,275.4,289.51,-4.7,1.52, , 
,289.86,1952,82.5,-5.1,01101011,290.22,1952,19.2,2.06,295.8,290.59,-5.5,1.41, , 
,290.93,1984,82.5,-5.9,01101011,291.27,1984,19.2,2.06,295.8,291.63,-5.9,1.45, , 
,292.00,1984,82.5,-5.5,01101001,292.36,2016,19.2,2.06,275.4,292.71,-5.1,1.45, , 
,293.07,2016,84.0,-4.3,01101001,293.42,2016,19.2,2.06,295.8,293.76,-3.9,1.45, , 
,294.11,2048,84.0,-3.9,01101001,294.46,2048,19.2,2.06,295.8,294.82,-3.9,1.45, , 
,295.16,2048,84.0,-3.5,01101001,295.51,2048,19.2,2.06,275.4,295.84,-3.1,1.45, , 
,296.19,2080,84.0,-3.1,01101001,296.54,2080,19.2,2.06,275.4,296.88,-3.1,1.45, , 
,297.24,2080,84.0,-2.7,01101001,297.57,2112,19.2,2.06,275.4,297.92,-2.7,1.41, , 
,298.26,2112,84.0,-4.7,01101001,298.59,2112,16.1,2.06,244.8,298.94,-5.1,1.41, , 
,299.28,2080,84.0,-5.5,01101001,299.62,2112,16.1,2.06,244.8,299.94,-5.5,1.45, , 
,300.29,2080,84.0,-5.1,01101001,300.61,2080,16.1,2.06,244.8,300.96,-5.5,1.45, , 
,301.31,2080,84.0,-5.5,01111101,301.65,2080,17.6,2.06,244.8,301.98,0.0,1.64, , 
,302.31,2048,84.0,0.0,01111101,302.67,2048,0.0,0.00,275.4,303.01,0.0,3.95, , 
,303.37,2016,84.0,0.0,01111101,303.71,2016,0.0,0.00,275.4,304.05,0.0,3.98, , 
,304.42,1984,84.0,0.0,00111111,304.76,1952,0.0,0.00,275.4,305.12,0.0,3.98, , 
,305.46,1952,84.0,0.0,00111111,305.81,1920,0.0,0.00,275.4,306.15,0.0,3.98, , 
,306.53,1888,84.0,0.0,00111111,306.88,1888,0.0,0.00,295.8,307.26,0.0,3.91, , 
,307.63,1856,84.0,0.0,00111111,307.97,1856,0.0,0.00,295.8,308.31,0.0,3.98, , 
,308.67,1824,84.0,0.0,00111111,309.02,1824,0.0,0.00,316.2,309.38,0.0,3.95, , 
,309.74,1792,84.0,0.0,00111111,310.12,1792,0.0,0.00,316.2,310.45,0.0,3.91, , 
,310.80,1632,84.0,0.0,00111111,311.12,1120,25.1,4.12,357.0,311.42,0.0,3.71, , 
,311.73,928,84.0,0.0,00111111,312.03,896,29.4,4.12,418.2,312.33,0.0,1.52, , 
,312.62,896,84.0,0.0,00111111,312.93,896,28.2,4.12,397.8,313.22,0.0,1.45, , 
,313.54,864,84.0,0.0,00111111,313.83,896,28.2,4.12,397.8,314.13,1.6,1.56, , 
,314.45,896,84.0,2.3,00111111,314.74,864,29.4,4.12,418.2,315.05,3.9,1.56, , 
,315.35,896,84.0,4.3,00111111,315.66,896,29.4,4.12,418.2,315.98,5.1,1.48, , 
,316.31,896,84.0,5.1,00111111,316.64,896,29.4,4.12,418.2,316.95,5.5,1.48, , 
,317.25,896,84.0,5.5,00111111,317.58,896,29.4,4.12,418.2,317.89,5.5,1.45, , 
,318.20,896,82.5,5.9,00111111,318.55,896,28.2,4.12,397.8,318.86,5.9,1.45, , 
,319.14,896,82.5,5.9,00111111,319.46,864,28.2,4.12,418.2,319.77,5.9,1.45, , 
,320.07,896,82.5,5.9,00111111,320.37,896,28.2,4.12,418.2,320.67,5.9,1.45, , 
,320.99,864,82.5,5.5,00111111,321.28,896,29.4,4.12,418.2,321.59,4.7,1.41, , 
,321.90,800,82.5,4.7,00111111,322.19,768,28.2,4.12,418.2,322.48,0.0,1.48, , 
,322.83,2240,82.5,0.0,00101001,323.16,2144,31.0,4.12,397.8,323.45,0.0,1.33, , 
,323.86,1504,82.5,0.0,00101011,324.19,1792,62.0,10.30,693.6,324.53,0.0,1.45, , 
,324.84,1344,82.5,0.0,00111111,325.19,960,29.4,4.12,397.8,325.51,0.0,2.42, , 
,325.85,1184,81.0,0.0,00101011,326.16,1184,31.0,4.12,418.2,326.49,0.0,1.56, , 
,326.82,1312,81.0,0.0,00101011,327.15,1408,45.9,6.18,550.8,327.48,0.0,1.60, , 
,327.83,1600,81.0,0.0,00101011,328.22,1728,51.8,8.24,612.0,328.57,2.0,1.56, , 
,328.92,1920,81.0,4.3,00101011,329.27,2048,59.2,8.24,652.8,329.61,3.1,1.60, , 
,329.95,2272,79.5,3.1,00101001,330.30,2432,57.6,8.24,632.4,330.66,4.3,1.45, , 
,331.01,2304,79.5,0.0,00111101,331.40,1696,0.0,0.00,316.2,331.67,0.0,3.75, , 
,331.98,992,79.5,0.0,00111110,332.32,1216,26.7,4.12,357.0,332.63,0.0,1.37, , 
,333.00,1760,79.5,0.0,00101010,333.39,1792,20.8,3.09,295.8,333.71,0.0,1.48, , 
,334.05,1792,78.0,0.0,00101010,334.40,1824,22.0,3.09,316.2,334.78,-1.2,1.41, , 
,335.15,1856,78.0,-0.8,00101010,335.51,1856,23.5,3.09,336.6,335.88,-2.0,1.41, , 
,336.26,1888,78.0,-2.0,00101010,336.62,1888,22.0,3.09,316.2,336.99,-3.5,1.41, , 
,337.36,1952,78.0,-3.1,00101010,337.71,1952,22.0,3.09,316.2,338.09,-3.5,1.45, , 
,338.43,1984,78.0,-3.9,00101010,338.79,1984,22.0,3.09,316.2,339.15,-3.9,1.48, , 
,339.51,2016,78.0,-3.9,00101000,339.86,2048,16.1,2.06,244.8,340.21,-6.3,1.33, , 
,340.57,2016,78.0,-7.4,00101000,340.90,2048,16.1,2.06,244.8,341.26,-7.0,1.48, , 
,341.63,2016,78.0,-5.9,00101000,341.98,2048,16.1,2.06,244.8,342.33,-5.5,1.48, , 
,342.67,2048,76.5,-5.1,00101000,343.02,2048,16.1,2.06,244.8,343.38,-4.7,1.52, , 
,343.71,2048,76.5,-3.9,00101000,344.08,2048,16.1,2.06,244.8,344.42,-3.1,1.48, , 
,344.76,2048,76.5,-3.5,00101000,345.11,2048,16.1,2.06,244.8,345.46,-2.7,1.48, , 
,345.81,2048,76.5,-2.3,00101000,346.16,2080,16.1,2.06,244.8,346.53,-2.3,1.45, , 
,346.88,2048,78.0,-2.3,00101000,347.23,2048,16.1,2.06,244.8,347.56,-2.7,1.41, , 
,347.91,2048,78.0,-2.3,00101000,348.26,2048,16.1,2.06,244.8,348.60,-3.1,1.41, , 
,348.98,2048,78.0,-2.7,00101000,349.31,2016,16.1,2.06,244.8,349.65,-2.7,1.45, , 
,350.01,1984,78.0,-3.5,00101000,350.39,2016,16.1,2.06,244.8,350.77,-3.1,1.45, , 
,351.12,1984,78.0,-2.0,00101010,351.48,1952,17.6,2.06,275.4,351.83,-3.1,1.33, , 
,352.18,1952,78.0,-3.1,00101010,352.56,1920,17.6,2.06,275.4,352.93,-2.7,1.45, , 
,353.29,1920,78.0,-2.3,00101010,353.66,1920,20.8,3.09,295.8,354.02,-0.8,1.48, , 
,354.39,1888,78.0,-0.8,00101010,354.76,1888,22.0,3.09,316.2,355.14,0.8,1.45, , 
,355.51,1888,78.0,0.8,00101010,355.89,1888,20.8,3.09,295.8,356.24,-3.5,1.21, , 
,356.58,1856,78.0,-3.9,00101010,356.92,1824,19.2,2.06,295.8,357.27,-3.1,1.45, , 
,357.64,1824,78.0,-2.3,00101010,357.99,1824,20.8,3.09,295.8,358.35,-2.3,1.45, , 
,358.72,1792,78.0,-2.0,00101010,359.09,1792,20.8,3.09,295.8,359.43,-0.4,1.48, , 
,359.79,1792,79.5,-0.4,00101010,360.13,1696,0.0,0.00,316.2,360.42,0.0,2.93, , 
,360.70,960,79.5,0.0,00111110,361.00,992,31.0,4.12,418.2,361.34,0.0,1.84, , 
,361.66,960,79.5,0.0,00111110,361.97,896,25.1,3.09,377.4,362.27,0.0,1.33, , 
,362.57,864,79.5,0.0,00111110,362.87,864,28.2,4.12,397.8,363.18,0.4,1.52, , 
,363.50,896,78.0,1.2,00111110,363.82,864,28.2,4.12,397.8,364.11,2.3,1.52, , 
,364.42,896,79.5,2.7,00111110,364.72,896,28.2,4.12,397.8,365.02,3.5,1.48, , 
,365.33,896,79.5,3.9,00111110,365.61,896,28.2,4.12,397.8,365.91,4.3,1.45, , 
,366.23,896,79.5,4.3,00111110,366.55,896,28.2,4.12,397.8,366.84,4.3,1.45, , 
,367.17,896,79.5,4.3,00111111,367.47,896,28.2,4.12,397.8,367.77,4.3,1.45, , 
,368.07,896,79.5,4.3,00111111,368.38,864,28.2,4.12,397.8,368.67,3.1,1.37, , 
,369.02,896,79.5,2.7,00111111,369.34,992,26.7,4.12,377.4,369.69,2.3,1.41, , 
,370.01,1120,79.5,2.7,00111111,370.34,1152,22.0,3.09,336.6,370.64,5.5,1.64, , 
,370.96,1216,79.5,6.6,00111111,371.29,1248,20.8,3.09,295.8,371.63,7.8,1.48, , 
,371.93,1248,79.5,7.8,00111111,372.26,1248,17.6,3.09,275.4,372.58,7.4,1.45, , 
,372.89,1280,81.0,7.4,00111111,373.23,1280,16.1,2.06,275.4,373.54,8.6,1.45, , 
,373.86,1248,81.0,8.6,00101011,374.21,1216,25.1,4.12,357.0,374.51,7.8,1.33, , 
,374.87,1248,81.0,7.8,00101011,375.17,1248,26.7,4.12,357.0,375.50,6.3,1.25, , 
,375.84,1312,81.0,4.7,00101011,376.15,1312,22.0,3.09,336.6,376.48,1.6,1.21, , 
,376.81,1344,81.0,0.8,00111111,377.13,1312,25.1,3.09,336.6,377.47,0.8,1.37, , 
,377.79,1344,81.0,0.4,00111111,378.12,1312,23.5,3.09,336.6,378.43,-0.8,1.41, , 
,378.76,1344,81.0,0.4,00101011,379.08,1280,29.4,4.12,377.4,379.44,3.1,1.56, , 
,379.75,1344,81.0,4.3,00101011,380.09,1376,34.1,5.15,438.6,380.41,3.5,1.48, , 
,380.79,1440,81.0,5.1,00101011,381.04,1472,35.3,5.15,459.0,381.43,5.1,1.45, , 
,381.79,1536,81.0,3.9,00101011,382.16,1600,32.5,4.12,418.2,382.52,3.5,1.41, , 
,382.87,1664,81.0,2.7,00101011,383.22,1664,23.5,3.09,336.6,383.56,0.4,1.33, , 
,383.89,1664,82.5,0.4,00111111,384.26,1600,23.5,3.09,336.6,384.61,-0.8,1.37, , 
,384.99,1600,81.0,0.0,00111111,385.33,1568,23.5,3.09,336.6,385.69,2.0,1.48, , 
,386.04,1504,82.5,1.6,00111111,386.46,1472,23.5,3.09,336.6,386.84,3.5,1.52, , 
,387.19,1408,82.5,4.7,00111111,387.54,1376,25.1,3.09,336.6,387.90,4.3,1.45, , 
,388.21,1312,82.5,4.7,00111111,388.54,1248,23.5,3.09,336.6,388.84,4.3,1.37, , 
,389.16,1152,82.5,4.3,00111111,389.47,1088,25.1,3.09,357.0,389.78,4.7,1.45, , 
,390.08,1024,82.5,4.7,00101011,390.39,1056,35.3,5.15,438.6,390.69,0.0,1.60, , 
,391.00,1056,82.5,0.0,00101011,391.30,1120,56.1,8.24,673.2,391.60,0.0,1.37, , 
,391.93,1248,82.5,0.0,00101011,392.24,1248,32.5,4.12,438.6,392.57,0.0,1.56, , 
,392.88,1312,82.5,2.0,00101011,393.22,1312,26.7,3.09,357.0,393.55,0.0,1.45, , 
,393.89,1344,84.0,2.0,00101011,394.25,1408,35.3,5.15,459.0,394.58,3.5,1.52, , 
,394.97,1440,82.5,4.3,00101011,395.24,1472,32.5,4.12,418.2,395.52,5.1,1.48, , 
,395.91,1504,82.5,5.1,00101011,396.27,1536,29.4,4.12,397.8,396.62,3.1,1.37, , 
,396.97,1568,82.5,3.9,00101011,397.33,1600,29.4,4.12,377.4,397.66,4.3,1.41, , 
,397.99,1600,82.5,4.3,00101011,398.33,1600,22.0,3.09,316.2,398.70,-0.8,1.25, , 
,399.07,1568,82.5,-0.4,00101011,399.46,1600,23.5,3.09,336.6,399.77,0.0,2.27, , 
,400.06,896,82.5,0.0,00111111,400.38,992,31.0,4.12,418.2,400.67,0.0,1.68, , 
,400.96,960,82.5,0.0,00111111,401.27,864,26.7,3.09,377.4,401.58,0.0,1.45, , 
,401.87,896,82.5,0.0,00111111,402.18,960,26.7,3.09,377.4,402.48,0.0,1.45, , 
,402.76,896,84.0,0.4,00101011,403.08,896,31.0,4.12,418.2,403.36,3.9,1.60, , 
,403.64,896,84.0,5.9,00101011,403.95,928,35.3,5.15,459.0,404.22,5.9,1.45, , 
,404.48,992,84.0,5.1,00101011,404.80,992,34.1,5.15,438.6,405.10,5.1,1.41, , 
,405.42,1056,84.0,8.2,00101011,405.76,1120,40.0,6.18,499.8,406.10,7.0,1.41, , 
,406.43,1152,84.0,7.8,00101011,406.80,1152,35.3,5.15,459.0,407.12,6.3,1.33, , 
,407.46,1312,84.0,5.1,00111111,407.82,1408,23.5,3.09,336.6,408.16,2.3,1.33, , 
,408.49,1376,84.0,2.3,00111111,408.82,1248,23.5,3.09,336.6,409.13,2.0,1.33, , 
,409.43,896,84.0,1.2,00111111,409.72,864,26.7,4.12,397.8,410.00,-0.8,1.25, , 
,410.29,864,84.0,-2.0,00111111,410.62,864,29.4,4.12,418.2,410.92,0.0,1.45, , 
,411.25,1280,84.0,0.0,00101011,411.61,1888,47.1,6.18,591.6,411.94,0.0,1.48, , 
,412.21,1152,84.0,0.0,00101011,412.53,1056,50.2,7.21,612.0,412.85,0.0,1.45, , 
,413.17,1408,84.0,0.0,00101011,413.53,1568,67.8,10.30,775.2,413.88,0.0,2.07, , 
,414.24,1056,84.0,0.0,00111111,414.52,992,47.1,7.21,591.6,414.89,0.0,1.68, , 
,415.19,1024,84.0,0.0,00101011,415.51,1120,71.0,11.33,826.2,415.84,0.0,1.41, , 
,416.18,1312,84.0,0.0,00101011,416.55,1440,65.1,10.30,754.8,416.87,1.2,1.52, , 
,417.25,1632,84.0,1.2,00101011,417.61,1728,57.6,9.27,673.2,417.98,2.3,1.48, , 
,418.35,1856,84.0,3.1,00101011,418.73,1920,38.4,5.15,479.4,419.10,3.5,1.45, , 
,419.46,1984,85.5,3.5,00101011,419.82,1984,36.9,5.15,459.0,420.17,3.9,1.45, , 
,420.53,2048,85.5,5.5,00101001,420.87,2080,41.2,6.18,499.8,421.22,6.6,1.41, , 
,421.58,2144,85.5,7.8,00101001,421.93,2144,44.3,6.18,520.2,422.24,7.8,1.41, , 
,422.59,2208,84.0,7.4,00101001,422.94,2240,34.1,5.15,418.2,423.26,5.1,1.29, , 
,423.60,2240,84.0,5.1,00101001,423.95,2240,34.1,5.15,418.2,424.31,5.1,1.41, , 
,424.64,2272,84.0,5.5,00101001,424.98,2272,34.1,5.15,418.2,425.32,5.5,1.41, , 
,425.65,2272,84.0,5.5,00101001,425.99,2272,34.1,5.15,418.2,426.33,3.1,1.37, , 
,426.67,2272,84.0,3.1,00101001,427.01,2272,32.5,4.12,397.8,427.32,2.7,1.41, , 
,427.68,2272,82.5,3.1,00101001,428.00,2304,32.5,4.12,397.8,428.32,3.1,1.41, , 
,428.67,2304,81.0,2.3,00101001,429.01,2304,32.5,4.12,397.8,429.32,2.0,1.33, , 
,429.66,2272,81.0,-0.8,00101001,429.98,2240,19.2,2.06,275.4,430.34,-5.1,1.21, , 
,430.69,2144,81.0,-6.6,00101001,431.03,2080,17.6,2.06,275.4,431.38,-8.2,1.33, , 
,431.72,2016,81.0,-10.2,00101001,432.07,1952,16.1,2.06,244.8,432.44,0.0,1.45, , 
,432.82,1440,81.0,0.0,00111111,433.14,992,26.7,4.12,377.4,433.45,0.0,2.89, , 
,433.74,1056,81.0,0.0,00111111,434.03,992,23.5,3.09,357.0,434.34,0.0,1.29, , 
,434.64,896,81.0,0.0,00111111,434.95,864,26.7,3.09,397.8,435.25,0.0,1.41, , 
,435.56,896,79.5,0.0,00111111,435.86,896,28.2,3.09,397.8,436.19,0.8,1.52, , 
,436.52,1216,79.5,2.0,00101011,436.85,1280,25.1,3.09,357.0,437.18,0.0,1.64, , 
,437.53,1248,79.5,0.0,00101011,437.85,1312,48.6,7.21,591.6,438.16,0.0,1.48, , 
,438.49,1408,79.5,0.0,00101010,438.96,1472,59.2,9.27,693.6,439.33,0.0,1.52, , 
,439.68,1504,79.5,0.0,00101010,440.01,1536,42.7,6.18,520.2,440.37,2.3,1.52, , 
,440.75,1568,79.5,3.1,00101010,441.12,1600,40.0,6.18,499.8,441.49,4.7,1.48, , 
,441.86,1600,79.5,4.3,00101010,442.22,1568,26.7,3.09,357.0,442.54,3.1,1.37, , 
,442.87,1536,79.5,2.7,00101010,443.20,1536,34.1,5.15,438.6,443.57,3.9,1.41, , 
,443.91,1568,79.5,0.0,00101010,444.25,1632,54.5,8.24,632.4,444.61,0.0,1.48, , 
,444.95,1824,79.5,0.0,00101010,445.31,1888,69.4,11.33,775.2,445.67,0.0,1.48, , 
,445.99,2112,79.5,0.0,00101000,446.34,1888,0.0,0.00,397.8,446.66,0.0,3.36, , 
,447.00,1216,79.5,0.0,00101010,447.31,1312,32.5,5.15,418.2,447.64,0.0,1.48, , 
,447.98,1344,79.5,0.0,00101010,448.31,1344,31.0,4.12,418.2,448.66,-0.4,1.45, , 
,449.02,1312,79.5,1.2,00101010,449.36,1312,34.1,4.12,438.6,449.70,1.6,1.48, , 
,450.03,1312,79.5,2.3,00101011,450.35,1312,34.1,5.15,438.6,450.71,3.1,1.45, , 
,451.05,1280,81.0,2.7,00101011,451.36,1280,34.1,5.15,438.6,451.67,3.9,1.45, , 
,452.00,1280,79.5,4.3,00101011,452.34,1280,40.0,5.15,499.8,452.65,4.3,1.45, , 
,452.96,1280,79.5,5.1,00101011,453.28,1280,40.0,6.18,499.8,453.63,5.5,1.41, , 
,453.97,1312,81.0,5.5,00101011,454.30,1312,40.0,6.18,499.8,454.66,5.5,1.41, , 
,455.00,1344,81.0,6.3,00101011,455.34,1344,44.3,6.18,550.8,455.72,5.9,1.41, , 
,456.06,1376,81.0,6.6,00101011,456.40,1408,44.3,6.18,550.8,456.77,0.0,1.45, , 
,457.04,1440,81.0,0.0,00101011,457.39,1472,53.3,6.18,652.8,457.75,0.0,1.56, , 
,458.05,1152,81.0,0.0,00111111,458.35,1088,28.2,4.12,397.8,458.65,0.0,2.07, , 
,458.93,1056,81.0,0.0,00111111,459.23,960,23.5,3.09,357.0,459.52,0.0,1.25, , 
,459.85,864,81.0,0.0,00111111,460.16,864,28.2,4.12,397.8,460.46,0.0,1.37, , 
,460.77,896,81.0,-0.4,00111111,461.09,896,28.2,4.12,397.8,461.39,-0.4,1.48, , 
,461.71,864,81.0,-0.4,00111111,462.00,896,28.2,3.09,397.8,462.30,0.4,1.48, , 
,462.62,896,81.0,0.8,00111111,462.93,896,28.2,4.12,397.8,463.23,1.6,1.48, , 
,463.53,896,82.5,1.6,00111111,463.84,896,28.2,4.12,397.8,464.14,2.0,1.45, , 
,464.44,896,82.5,2.3,00111111,464.73,864,26.7,4.12,397.8,465.05,2.3,1.45, , 
,465.36,864,82.5,2.7,00111111,465.65,864,26.7,4.12,397.8,465.94,3.5,1.48, , 
,466.23,896,82.5,3.5,00111111,466.55,864,26.7,4.12,397.8,466.82,3.9,1.41, , 
,467.12,864,82.5,3.5,00111111,467.45,896,26.7,4.12,397.8,467.74,3.1,1.37, , 
,468.06,864,82.5,2.7,00111111,468.36,832,26.7,4.12,397.8,468.65,0.0,1.48, , 
,468.95,832,82.5,0.0,00101011,469.26,928,60.4,9.27,714.0,469.55,0.0,1.25, , 
,469.87,1056,82.5,0.0,00101011,470.23,1152,81.2,14.42,907.8,470.58,0.0,1.41, , 
,470.96,1376,82.5,0.0,00101011,471.34,1536,85.5,14.42,969.0,471.69,0.0,1.45, , 
,472.05,1856,82.5,0.0,00101011,472.39,2016,88.6,14.42,969.0,472.72,-1.6,1.41, , 
,473.07,2336,84.0,-1.6,00101001,473.41,2496,90.2,14.42,948.6,473.75,0.0,1.21, , 
,474.09,2080,84.0,0.0,01111101,474.44,1568,0.0,0.00,336.6,474.77,0.0,3.67, , 
,475.10,1504,84.0,0.0,01101011,475.44,1664,0.0,0.00,316.2,475.78,0.0,2.54, , 
,476.13,1664,84.0,0.0,01111111,476.48,1600,23.5,4.12,336.6,476.83,0.0,2.62, , 
,477.17,1632,84.0,0.0,01101011,477.53,1632,26.7,3.09,357.0,477.87,0.0,1.37, , 
,478.22,1632,84.0,0.8,01101011,478.56,1632,28.2,4.12,377.4,478.89,0.8,1.45, , 
,479.23,1664,84.0,-0.8,01101011,479.56,1664,22.0,3.09,316.2,479.92,-2.3,1.37, , 
,480.28,1664,84.0,-3.1,01101011,480.60,1696,20.8,3.09,316.2,480.95,-3.1,1.41, , 
,481.31,1696,84.0,-2.7,01101011,481.67,1696,23.5,3.09,316.2,482.08,-2.0,1.48, , 
,482.41,1696,84.0,-1.2,01111111,482.73,1664,22.0,3.09,316.2,483.09,0.8,1.52, , 
,483.46,1664,85.5,0.8,01111111,483.81,1632,23.5,3.09,336.6,484.16,1.2,1.48, , 
,484.48,1600,85.5,2.0,01111111,484.85,1600,23.5,3.09,336.6,485.22,2.7,1.48, , 
,485.55,1600,85.5,3.5,01111111,485.91,1568,23.5,3.09,336.6,486.26,3.1,1.45, , 
,486.60,1536,85.5,2.7,00111111,486.95,1536,23.5,3.09,336.6,487.24,2.7,1.41, , 
,487.65,1504,85.5,2.3,00111111,488.02,1472,23.5,3.09,336.6,488.31,2.7,1.48, , 
,488.63,1408,85.5,3.5,00111111,488.96,1120,23.5,3.09,357.0,489.27,3.1,1.45, , 
,489.57,864,85.5,3.1,00111111,489.87,896,26.7,4.12,397.8,490.16,2.7,1.37, , 
,490.47,896,85.5,2.3,00101011,490.78,1216,32.5,4.12,438.6,491.11,5.1,1.52, , 
,491.49,1728,84.0,4.3,00101011,491.88,1664,26.7,4.12,357.0,492.24,2.7,1.33, , 
,492.58,1632,84.0,2.0,00101011,492.93,1632,31.0,4.12,397.8,493.29,2.3,1.48, , 
,493.64,1632,84.0,2.7,00101011,494.00,1664,38.4,5.15,479.4,494.37,3.5,1.48, , 
,494.74,1696,84.0,3.9,00101011,495.09,1696,32.5,5.15,418.2,495.42,1.6,1.37, , 
,495.79,1696,84.0,0.8,00101011,496.16,1664,26.7,3.09,357.0,496.52,-0.4,1.41, , 
,496.92,1664,84.0,0.8,00101011,497.27,1664,41.2,6.18,499.8,497.62,1.2,1.52, , 
,498.02,1728,82.5,3.1,00101011,498.40,1760,44.3,6.18,550.8,498.79,3.5,1.52, , 
,499.16,1888,82.5,4.7,00101011,499.51,1984,48.6,7.21,571.2,499.88,4.3,1.41, , 
,500.23,2144,82.5,4.7,00101001,500.54,2240,60.4,9.27,673.2,500.93,4.3,1.45, , 
,501.25,2496,82.5,3.9,01101001,501.59,2560,57.6,8.24,632.4,501.94,0.0,2.42, , 
,502.25,1760,82.5,0.0,01111111,502.55,1344,0.0,0.00,336.6,502.91,0.0,3.79, , 
,503.27,1760,81.0,0.0,01101011,503.61,1728,22.0,3.09,316.2,503.98,0.0,1.13, , 
,504.34,1728,81.0,0.0,01101011,504.68,1728,25.1,3.09,336.6,505.02,0.0,1.52, , 
,505.40,1760,81.0,0.8,01101011,505.78,1792,50.2,8.24,591.6,506.13,0.0,1.45, , 
,506.51,1856,81.0,0.4,01101011,506.88,1920,56.1,8.24,632.4,507.24,0.0,1.45, , 
,507.58,2048,81.0,0.0,01101001,507.92,2080,67.8,10.30,754.8,508.27,0.0,1.48, , 
,508.61,2176,79.5,0.0,01101001,508.94,2208,47.1,6.18,571.2,509.26,0.0,1.56, , 
,509.60,2240,79.5,0.0,01101001,509.94,2240,23.5,3.09,316.2,510.27,-3.1,1.33, , 
,510.61,2240,79.5,-0.8,01101001,510.94,2272,32.5,4.12,397.8,511.27,-0.4,1.48, , 
,511.60,2304,79.5,-0.8,01101001,511.93,2304,20.8,3.09,295.8,512.27,-3.1,1.37, , 
,512.61,2272,79.5,-4.7,01101001,512.92,2272,17.6,2.06,244.8,513.25,-6.6,1.33, , 
,513.58,2272,79.5,-7.4,01101001,513.91,2272,16.1,2.06,244.8,514.24,-7.8,1.45, , 
,514.57,2240,79.5,-7.8,01101000,514.91,2240,19.2,2.06,275.4,515.24,-6.6,1.52, , 
,515.58,2208,79.5,-6.6,01101001,515.90,2240,22.0,3.09,316.2,516.24,-5.5,1.52, , 
,516.57,2240,79.5,-5.5,01101001,516.90,2240,25.1,3.09,336.6,517.23,-5.5,1.48, , 
,517.58,2240,79.5,-3.5,01101001,517.91,2240,23.5,3.09,316.2,518.24,-3.1,1.45, , 
,518.59,2240,79.5,-3.1,01101001,518.96,2240,23.5,3.09,316.2,519.26,-3.1,1.48, , 
,519.61,2240,81.0,-2.7,01101001,519.95,2240,23.5,3.09,316.2,520.30,-3.1,1.45, , 
,520.63,2272,81.0,-3.5,01101001,520.99,2240,26.7,3.09,357.0,521.34,0.4,1.48, , 
,521.66,2240,81.0,1.2,01101001,521.99,2240,22.0,3.09,316.2,522.34,-0.4,1.37, , 
,522.70,2240,81.0,-1.6,01101001,523.02,2240,20.8,3.09,295.8,523.38,-1.6,1.37, , 
,523.73,2208,81.0,-2.0,01101001,524.04,2208,20.8,3.09,295.8,524.38,-2.3,1.45, , 
,524.71,2208,81.0,-2.7,01101001,525.04,2208,22.0,3.09,316.2,525.38,-2.0,1.48, , 
,525.75,2176,81.0,-2.3,01101001,526.09,2176,25.1,3.09,336.6,526.41,-0.4,1.56, , 
,526.73,2144,82.5,2.3,01101001,527.07,2176,65.1,10.30,714.0,527.40,0.0,1.56, , 
,527.73,2208,82.5,0.0,01101001,528.08,2240,48.6,6.18,571.2,528.41,4.3,1.64, , 
,528.76,2208,82.5,5.1,01101001,529.09,2240,36.9,5.15,438.6,529.41,6.3,1.48, , 
,529.72,2240,82.5,6.3,01101001,530.07,2208,36.9,5.15,438.6,530.38,7.0,1.45, , 
,530.73,2208,82.5,7.8,01101001,531.09,2208,32.5,4.12,397.8,531.43,5.9,1.37, , 
,531.78,2208,82.5,5.5,01101001,532.12,2208,29.4,4.12,377.4,532.46,4.3,1.37, , 
,532.82,2176,82.5,3.5,01101001,533.17,2176,28.2,4.12,357.0,533.52,3.1,1.45, , 
,533.86,2144,84.0,3.1,01101001,534.19,2144,28.2,4.12,357.0,534.55,2.7,1.45, , 
,534.90,2144,84.0,3.5,01101001,535.26,2112,31.0,4.12,377.4,535.61,3.1,1.48, , 
,535.95,2112,84.0,4.3,01101001,536.30,2144,32.5,4.12,397.8,536.63,5.1,1.48, , 
,536.99,2144,84.0,5.1,01101001,537.33,2144,36.9,5.15,459.0,537.67,5.9,1.48, , 
,538.00,2176,84.0,7.0,01101001,538.34,2176,36.9,5.15,438.6,538.69,4.7,1.41, , 
,539.03,2208,84.0,4.3,01101001,539.37,2208,35.3,5.15,418.2,539.72,3.9,1.41, , 
,540.06,2208,84.0,3.9,01101001,540.39,2240,32.5,4.12,397.8,540.72,3.5,1.45, , 
,541.06,2240,84.0,3.5,01101001,541.41,2240,32.5,4.12,397.8,541.75,3.1,1.45, , 
,542.09,2272,85.5,2.7,01101001,542.43,2272,31.0,4.12,397.8,542.78,2.0,1.41, , 
,543.12,2304,84.0,0.8,01101001,543.46,2304,25.1,3.09,336.6,543.82,0.0,1.41, , 
,544.14,2304,85.5,-0.4,01101001,544.48,2304,25.1,3.09,336.6,544.82,0.0,1.48, , 
,545.15,2304,85.5,0.0,01101001,545.50,2304,22.0,3.09,316.2,545.82,-1.6,1.45, , 
,546.14,2272,85.5,-2.3,01101001,546.48,2272,20.8,3.09,295.8,546.82,-3.1,1.41, , 
,547.16,2240,85.5,-3.9,01101001,547.48,2208,22.0,3.09,316.2,547.82,-4.3,1.48, , 
,548.15,2176,85.5,-4.3,01101001,548.49,2176,25.1,3.09,336.6,548.84,-3.1,1.52, , 
,549.18,2112,85.5,-2.0,01101001,549.51,2112,29.4,4.12,377.4,549.88,0.0,1.52, , 
,550.22,2080,85.5,0.8,01101001,550.56,2080,34.1,4.12,418.2,550.92,3.9,1.56, , 
,551.27,2112,85.5,5.9,01101001,551.60,2112,45.9,6.18,520.2,551.94,7.8,1.45, , 
,552.29,2112,84.0,7.8,01101001,552.63,2112,42.7,6.18,520.2,552.98,8.2,1.41, , 
,553.33,2144,85.5,8.2,01101001,553.67,2144,42.7,6.18,499.8,554.01,7.4,1.37, , 
,554.36,2144,84.0,7.0,01101001,554.68,2144,35.3,5.15,438.6,555.03,3.9,1.33, , 
,555.36,2144,84.0,1.2,01101001,555.68,2144,29.4,4.12,377.4,556.03,0.0,1.37, , 
,556.36,2144,84.0,-1.2,01101001,556.70,2144,29.4,4.12,377.4,557.03,-1.6,1.45, , 
,557.37,2112,84.0,-1.6,01101001,557.70,2144,26.7,3.09,357.0,558.05,-2.7,1.45, , 
,558.40,2112,82.5,-2.7,01101001,558.74,2112,26.7,3.09,357.0,559.10,-3.5,1.45, , 
,559.46,2112,82.5,-3.5,01101001,559.80,2112,28.2,4.12,357.0,560.13,-3.1,1.52, , 
,560.51,2112,82.5,-3.5,01101001,560.88,2112,23.5,3.09,316.2,561.24,-4.7,1.45, , 
,561.61,2080,82.5,-4.7,01101001,561.94,2048,19.2,2.06,295.8,562.29,-7.8,1.25, , 
,562.64,2048,82.5,-9.4,01101001,562.98,2016,16.1,2.06,244.8,563.34,-9.4,1.45, , 
,563.71,2016,81.0,-9.4,01101001,564.08,1984,16.1,2.06,244.8,564.44,-9.4,1.48, , 
,564.79,1984,81.0,-9.4,01101011,565.18,1984,20.8,2.06,295.8,565.54,-5.1,1.64, , 
,565.90,1952,81.0,-2.7,01101011,566.26,1984,22.0,3.09,316.2,566.63,-2.0,1.45, , 
,566.99,1984,81.0,-3.1,01101001,567.35,1984,20.8,3.09,295.8,567.72,-3.1,1.45, , 
,568.06,2016,81.0,-2.7,01101001,568.40,2048,20.8,3.09,295.8,568.75,-2.7,1.45, , 
,569.09,2080,81.0,-2.7,01101001,569.44,2048,20.8,3.09,295.8,569.79,-3.5,1.45, , 
,570.15,2080,81.0,-2.7,01101001,570.51,2080,23.5,3.09,316.2,570.87,-2.3,1.48, , 
,571.21,2080,81.0,-2.7,01101001,571.57,2080,23.5,3.09,336.6,571.95,-2.0,1.45, , 
,572.31,2080,81.0,-2.0,01101001,572.67,2080,25.1,3.09,336.6,573.01,-2.0,1.45, , 
,573.35,2080,81.0,-1.6,01101001,573.71,2080,29.4,4.12,377.4,574.10,0.4,1.48, , 
,574.45,2080,81.0,1.6,01101001,574.80,2080,38.4,5.15,459.0,575.15,4.7,1.52, , 
,575.51,2080,81.0,5.1,01101001,575.85,2112,38.4,5.15,459.0,576.19,5.5,1.41, , 
,576.54,2112,81.0,5.1,01101001,576.87,2112,38.4,5.15,459.0,577.22,5.1,1.45, , 
,577.56,2144,81.0,5.5,01101001,577.89,2144,38.4,5.15,459.0,578.23,5.1,1.41, , 
,578.57,2144,81.0,5.5,01101001,578.90,2144,40.0,6.18,479.4,579.23,5.1,1.45, , 
,579.59,2176,81.0,5.1,01101001,579.93,2176,40.0,5.15,479.4,580.27,5.1,1.45, , 
,580.61,2208,81.0,3.1,01101001,580.95,2208,41.2,6.18,479.4,581.30,2.7,1.45, , 
,581.63,2208,82.5,3.5,01101001,581.98,2208,44.3,6.18,520.2,582.31,4.3,1.52, , 
,582.66,2240,82.5,4.3,01101001,582.99,2240,50.2,7.21,571.2,583.33,4.3,1.41, , 
,583.65,2272,82.5,0.0,01101001,583.98,2240,25.1,3.09,336.6,584.33,-0.8,1.41, , 
,584.66,2208,82.5,-1.2,01101001,585.00,2208,29.4,4.12,377.4,585.34,0.0,1.48, , 
,585.67,2208,82.5,1.6,01101001,585.99,2208,42.7,6.18,499.8,586.34,3.1,1.52, , 
,586.68,2208,82.5,3.1,01101001,587.02,2208,45.9,6.18,520.2,587.36,4.7,1.48, , 
,587.68,2208,82.5,4.7,01101001,588.02,2208,47.1,7.21,550.8,588.35,4.7,1.41, , 
,588.69,2208,82.5,4.3,01101001,589.01,2208,47.1,7.21,550.8,589.36,3.9,1.45, , 
,589.68,2208,82.5,4.3,01101001,590.02,2240,45.9,6.18,550.8,590.34,3.9,1.45, , 
,590.66,2240,82.5,3.5,01101001,591.01,2240,45.9,6.18,520.2,591.31,3.5,1.45, , 
,591.66,2240,82.5,2.7,01101001,591.99,2240,35.3,5.15,418.2,592.34,1.2,1.45, , 
,592.68,2208,82.5,0.8,01101001,593.02,2176,36.9,5.15,438.6,593.35,0.4,1.45, , 
,593.68,2176,82.5,0.0,01101001,594.03,2144,36.9,5.15,438.6,594.40,0.4,1.52, , 
,594.74,2144,82.5,0.8,01101001,595.07,2144,36.9,5.15,438.6,595.41,0.8,1.48, , 
,595.76,2112,84.0,0.0,01101001,596.10,2112,38.4,5.15,459.0,596.46,0.0,1.48, , 
,596.83,2112,84.0,0.4,01101001,597.17,2112,38.4,5.15,459.0,597.53,0.0,1.48, , 
,597.87,2080,84.0,0.0,01101001,598.21,2080,40.0,5.15,479.4,598.57,-0.8,1.45, , 
,598.91,2080,84.0,0.4,01101001,599.24,2080,51.8,7.21,591.6,599.61,0.4,1.45, , 
,599.95,2112,84.0,0.4,01101001,600.29,2144,59.2,9.27,673.2,600.62,0.4,1.48, , 
,600.97,2176,84.0,0.8,01101001,601.29,2208,57.6,8.24,652.8,601.65,1.2,1.52, , 
,601.98,2240,84.0,1.6,01101001,602.31,2272,54.5,8.24,632.4,602.64,1.2,1.45, , 
,602.95,2272,84.0,0.0,01101001,603.28,2272,23.5,3.09,316.2,603.62,-2.3,1.33, , 
,603.97,2208,84.0,-4.3,01101001,604.29,2208,22.0,3.09,316.2,604.63,-5.9,1.37, , 
,604.97,2176,84.0,-5.5,01101001,605.31,2176,44.3,6.18,520.2,605.64,-1.6,1.60, , 
,605.97,2176,84.0,0.0,01101001,606.31,2176,44.3,6.18,520.2,606.66,2.7,1.56, , 
,606.99,2208,84.0,3.5,01101001,607.32,2208,44.3,6.18,520.2,607.64,3.9,1.45, , 
,607.98,2240,84.0,3.9,01101001,608.33,2240,44.3,6.18,520.2,608.66,4.7,1.48, , 
,609.00,2272,84.0,4.7,01101001,609.33,2304,44.3,6.18,499.8,609.66,4.7,1.41, , 
,609.99,2304,84.0,4.7,01101001,610.35,2304,47.1,7.21,550.8,610.70,3.5,1.45, , 
,611.03,2304,84.0,3.5,01101001,611.35,2304,48.6,7.21,550.8,611.69,2.7,1.48, , 
,612.02,2336,85.5,2.3,01101001,612.36,2336,47.1,7.21,550.8,612.68,2.7,1.48, , 
,613.00,2368,84.0,2.3,01101001,613.35,2368,47.1,7.21,550.8,613.68,2.7,1.52, , 
,614.02,2400,84.0,2.7,01101001,614.38,2400,47.1,7.21,550.8,614.74,3.1,1.52, , 
,615.09,2432,84.0,1.6,01101001,615.45,2432,50.2,7.21,571.2,615.80,1.6,1.45, , 
,616.15,2464,84.0,1.6,01101001,616.51,2464,48.6,7.21,550.8,616.86,1.2,1.52, , 
,617.19,2528,84.0,0.8,01101001,617.53,2528,47.1,7.21,550.8,617.85,1.2,1.48, , 
,618.19,2560,84.0,2.3,01101001,618.54,2592,45.9,6.18,520.2,618.87,1.6,1.45, , 
,619.20,2624,84.0,0.0,01101001,619.52,2592,20.8,3.09,295.8,619.85,-2.3,1.33, , 
,620.20,2592,84.0,0.0,01101001,620.53,2624,36.9,5.15,438.6,620.87,0.0,1.48, , 
,621.22,2656,84.0,0.8,01101001,621.56,2688,59.2,9.27,652.8,621.89,0.0,1.56, , 
,622.25,2784,84.0,0.0,01101001,622.59,2880,90.2,15.45,948.6,623.03,-1.6,1.37, , 
,623.32,3040,84.0,-1.2,01101001,623.68,3104,94.5,16.48,989.4,624.03,-2.0,1.41, , 
,624.37,3264,84.0,-2.3,01101001,624.68,3136,0.0,0.00,499.8,625.01,0.0,3.32, , 
,625.36,2368,84.0,0.0,01101001,625.70,2432,62.0,10.30,673.2,626.04,0.0,1.45, , 
,626.38,2464,84.0,0.0,01101001,626.71,2496,90.2,15.45,948.6,627.06,-2.0,1.33, , 
,627.38,2560,84.0,-2.0,01101001,627.73,2592,91.4,15.45,969.0,628.06,-2.7,1.41, , 
,628.40,2656,84.0,-3.1,01101001,628.75,2688,91.4,15.45,969.0,629.08,0.0,1.33, , 
,629.41,2720,84.0,0.0,01101001,629.72,2688,28.2,3.09,357.0,630.05,-2.3,1.33, , 
,630.42,2688,84.0,-5.1,01101001,630.75,2656,25.1,3.09,316.2,631.10,-5.9,1.41, , 
,631.46,2656,84.0,-6.6,01101001,631.79,2656,25.1,3.09,336.6,632.13,-6.6,1.48, , 
,632.48,2624,84.0,-5.9,01101001,632.83,2624,42.7,5.15,479.4,633.16,-2.7,1.56, , 
,633.48,2624,84.0,-2.0,01101001,633.80,2624,56.1,9.27,612.0,634.11,0.0,1.37, , 
,634.44,2624,84.0,0.0,01101001,634.78,2624,23.5,3.09,316.2,635.11,0.0,1.45, , 
,635.43,2592,84.0,0.0,01101001,635.76,2592,45.9,6.18,520.2,636.09,0.4,1.52, , 
,636.43,2624,84.0,1.2,01101001,636.78,2624,41.2,6.18,479.4,637.11,1.2,1.45, , 
,637.45,2624,84.0,0.8,01101001,637.78,2624,41.2,6.18,479.4,638.11,0.8,1.45, , 
,638.43,2624,84.0,0.0,01101001,638.76,2624,20.8,3.09,295.8,639.08,-3.5,1.21, , 
,639.42,2592,84.0,-5.5,01101001,639.77,2560,19.2,2.06,275.4,640.12,-7.8,1.37, , 
,640.46,2560,84.0,-8.2,01101001,640.81,2528,22.0,3.09,295.8,641.17,0.0,1.45, , 
,641.52,2528,84.0,0.0,01101001,641.87,2560,75.3,12.36,795.6,642.20,0.0,1.45, , 
,642.53,2624,85.5,0.0,01101001,642.88,2656,91.4,15.45,969.0,643.24,-1.2,1.48, , 
,643.57,2752,85.5,-1.2,01101001,643.91,2784,91.4,15.45,969.0,644.25,-1.6,1.45, , 
,644.60,2848,84.0,-0.4,01101001,645.01,2912,94.5,15.45,989.4,645.28,-0.8,1.41, , 
,645.55,2976,85.5,-1.2,01101001,645.89,3008,94.5,15.45,989.4,646.20,-2.3,1.33, , 
,646.57,3104,85.5,-2.3,01101001,646.91,3104,36.9,4.12,438.6,647.24,0.0,1.41, , 
,647.57,3072,84.0,0.0,01101001,647.89,3072,19.2,2.06,275.4,648.20,-7.4,1.25, , 
,648.63,3040,85.5,0.0,01111101,648.89,3008,19.2,3.09,275.4,649.16,0.0,1.25, , 
,649.42,2976,85.5,0.0,01101001,649.69,2976,19.2,2.06,275.4,649.95,-4.7,1.29, , 
,650.39,2976,84.0,-5.5,01101001,650.66,2944,17.6,2.06,275.4,651.03,-7.0,1.41, , 
,651.40,2912,84.0,-7.4,01101001,651.75,2912,19.2,2.06,275.4,652.12,-7.8,1.52, , 
,652.47,2880,84.0,-5.1,01101001,652.82,2880,38.4,5.15,459.0,653.17,-1.2,1.56, , 
,653.51,2912,84.0,0.0,01101001,653.88,2912,38.4,5.15,459.0,654.27,1.2,1.45, , 
,654.64,2912,84.0,1.6,01101001,655.00,2944,63.5,10.30,673.2,655.30,0.0,1.45, , 
,655.62,2560,84.0,0.0,01111101,655.93,2048,0.0,0.00,295.8,656.29,0.0,3.79, , 
,656.63,2048,84.0,0.0,01101001,656.96,2240,20.8,3.09,295.8,657.30,0.0,0.94, , 
,657.63,2240,84.0,-3.9,01101001,657.98,2208,20.8,3.09,295.8,658.33,-5.5,1.41, , 
,658.65,2208,84.0,-5.5,01101001,659.00,2208,23.5,3.09,316.2,659.33,-6.3,1.48, , 
,659.67,2176,84.0,-5.9,01101001,660.01,2176,26.7,3.09,357.0,660.35,-4.7,1.56, , 
,660.69,2176,84.0,-4.3,01101001,661.02,2176,26.7,3.09,357.0,661.35,-3.1,1.56, , 
,661.71,2176,84.0,-2.7,01101001,662.05,2176,35.3,5.15,438.6,662.38,0.4,1.52, , 
,662.72,2176,84.0,0.0,01101001,663.06,2176,54.5,9.27,591.6,663.39,0.0,1.37, , 
,663.72,2208,84.0,0.0,01101001,664.06,2208,71.0,11.33,775.2,664.40,0.4,1.52, , 
,664.75,2240,84.0,1.6,01101001,665.09,2240,75.3,11.33,826.2,665.42,1.2,1.45, , 
,665.75,2272,84.0,0.8,01101001,666.08,2272,84.3,14.42,907.8,666.40,0.0,1.37, , 
,666.74,2304,84.0,0.0,01101001,667.07,2304,42.7,6.18,499.8,667.40,0.0,1.52, , 
,667.74,2304,84.0,0.0,01111101,668.09,1888,0.0,0.00,275.4,668.43,0.0,3.59, , 
,668.74,992,84.0,0.0,01111111,669.06,1024,28.2,4.12,397.8,669.36,0.0,1.48, , 
,669.65,928,84.0,0.0,01111111,669.95,864,25.1,4.12,377.4,670.27,0.0,0.86, , 
,670.57,864,84.0,0.0,01111111,670.87,864,26.7,3.09,397.8,671.17,-0.8,1.33, , 
,671.47,864,84.0,-0.8,01111111,671.77,896,28.2,4.12,418.2,672.09,0.0,1.52, , 
,672.38,864,84.0,0.0,01111111,672.68,864,29.4,4.12,418.2,672.99,0.8,1.52, , 
,673.29,896,84.0,1.2,01111111,673.62,896,28.2,4.12,397.8,673.94,1.6,1.48, , 
,674.23,864,84.0,1.6,01111111,674.53,896,28.2,4.12,418.2,674.85,2.0,1.48, , 
,675.14,896,84.0,2.0,01111111,675.46,896,28.2,4.12,397.8,675.77,1.6,1.45, , 
,676.08,896,84.0,2.0,01111111,676.40,896,28.2,4.12,397.8,676.72,2.3,1.52, , 
,677.01,864,84.0,2.3,01111111,677.31,864,28.2,4.12,397.8,677.61,2.7,1.48, , 
,677.90,896,84.0,2.3,01111111,678.21,896,28.2,4.12,397.8,678.54,1.6,1.41, , 
,678.88,1024,84.0,0.8,01101011,679.19,1536,25.1,3.09,357.0,679.45,3.1,1.52, , 
,679.75,1504,84.0,3.1,01101011,680.10,1504,28.2,4.12,377.4,680.48,1.2,1.37, , 
,680.84,1536,84.0,0.0,01101011,681.18,1600,72.2,11.33,846.6,681.52,0.0,1.33, , 
,681.87,1632,84.0,0.0,01101011,682.23,1664,40.0,5.15,479.4,682.60,1.6,1.56, , 
,682.94,1696,84.0,0.0,01101011,683.28,1760,82.7,14.42,928.2,683.61,0.0,1.41, , 
,683.98,1792,84.0,0.0,01101011,684.34,1824,28.2,3.09,377.4,684.73,0.0,1.45, , 
,685.12,1824,84.0,0.0,01101011,685.49,1856,62.0,10.30,714.0,685.84,0.0,1.45, , 
,686.21,1888,84.0,0.0,01101011,686.58,1920,69.4,10.30,775.2,686.93,0.0,1.48, , 
,687.30,1952,84.0,0.0,01101011,687.64,1984,48.6,7.21,571.2,688.00,1.6,1.52, , 
,688.35,2016,84.0,2.3,01101001,688.72,2016,59.2,9.27,673.2,689.07,2.0,1.41, , 
,689.41,2080,84.0,1.6,01101001,689.77,2080,45.9,6.18,550.8,690.12,0.0,1.52, , 
,690.47,2080,84.0,0.0,01101001,690.81,2080,29.4,4.12,377.4,691.17,-2.3,1.45, , 
,691.51,2080,84.0,-2.3,01101001,691.86,2048,17.6,2.06,275.4,692.20,-4.3,1.33, , 
,692.55,2048,82.5,-7.4,01101001,692.91,2048,20.8,3.09,295.8,693.25,-7.0,1.48, , 
,693.60,2048,82.5,-6.6,01101001,693.96,2048,25.1,3.09,336.6,694.34,-6.3,1.52, , 
,694.69,2016,82.5,-6.3,01101001,695.03,2016,26.7,3.09,357.0,695.40,-5.1,1.60, , 
,695.77,2016,82.5,-3.1,01101001,696.13,2016,35.3,5.15,438.6,696.49,2.3,1.56, , 
,696.84,2016,82.5,3.9,01101001,697.20,2048,44.3,6.18,520.2,697.55,7.8,1.48, , 
,697.91,2080,82.5,6.3,01101001,698.26,2080,62.0,9.27,693.6,698.60,0.0,1.84, , 
,698.91,1408,82.5,0.0,01111111,699.21,960,26.7,5.15,377.4,699.52,0.0,2.73, , 
,699.81,1024,81.0,0.0,01111111,700.14,992,23.5,4.12,357.0,700.43,0.0,0.90, , 
,700.71,896,81.0,0.0,01111111,701.04,864,26.7,3.09,377.4,701.34,0.0,1.29, , 
,701.64,896,81.0,0.0,01111111,701.93,896,28.2,4.12,397.8,702.23,0.8,1.45, , 
,702.54,896,81.0,0.8,01111111,702.83,864,28.2,4.12,397.8,703.12,0.4,1.48, , 
,703.44,896,81.0,0.8,01111111,703.74,864,26.7,3.09,397.8,704.04,0.8,1.48, , 
,704.37,896,81.0,1.2,01111111,704.66,864,26.7,3.09,397.8,704.97,1.2,1.48, , 
,705.26,896,81.0,1.6,01111111,705.57,896,26.7,3.09,397.8,705.89,2.0,1.45, , 
,706.20,896,81.0,1.6,01111111,706.50,896,26.7,3.09,397.8,706.80,1.6,1.45, , 
,707.10,896,81.0,1.2,01111111,707.41,864,25.1,3.09,377.4,707.70,1.2,1.45, , 
,708.00,736,81.0,0.8,01111111,708.29,768,28.2,4.12,418.2,708.57,0.8,1.45, , 
,708.88,800,81.0,0.8,01111111,709.16,768,29.4,4.12,418.2,709.46,1.6,1.52, , 
,709.77,800,81.0,2.3,01111111,710.07,800,29.4,4.12,438.6,710.36,3.5,1.52, , 
,710.65,768,81.0,3.5,01111111,710.96,800,29.4,4.12,418.2,711.25,3.5,1.45, , 
,711.56,800,81.0,3.5,01111111,711.87,800,29.4,4.12,418.2,712.19,3.1,1.45, , 
,712.47,800,81.0,3.1,01111111,712.75,768,28.2,4.12,418.2,713.05,2.7,1.45, , 
,713.35,768,81.0,3.1,01111111,713.64,800,29.4,4.12,418.2,713.95,3.1,1.45, , 
,714.24,800,81.0,3.1,01111111,714.55,768,29.4,4.12,418.2,714.83,3.5,1.48, , 
,715.10,928,81.0,0.0,01101011,715.43,1376,40.0,5.15,499.8,715.80,0.0,1.48, , 
,716.13,1632,81.0,0.8,01101011,716.49,1632,36.9,5.15,459.0,716.82,2.0,1.52, , 
,717.21,1504,81.0,2.0,01101011,717.56,1632,40.0,6.18,499.8,717.94,1.2,1.41, , 
,718.30,1792,82.5,3.1,01101011,718.69,1600,42.7,7.21,499.8,719.02,0.0,1.05, , 
,719.36,1984,82.5,0.0,01101001,719.70,1888,59.2,8.24,673.2,720.03,0.8,1.52, , 
,720.40,1728,82.5,0.8,01101011,720.73,1568,56.1,8.24,652.8,721.10,0.0,1.56, , 
,721.44,1728,82.5,1.6,01101011,721.81,1856,41.2,5.15,499.8,722.19,3.1,1.56, , 
,722.48,1472,82.5,0.0,01111111,722.81,992,26.7,4.12,377.4,723.14,0.0,2.58, , 
,723.49,1024,82.5,0.0,01111111,723.80,960,23.5,3.09,357.0,724.08,0.0,0.94, , 
,724.37,864,82.5,0.0,01111111,724.66,896,92.9,19.57,948.6,724.98,0.0,0.98, , 
,725.32,2656,82.5,0.0,01101001,725.66,2208,47.1,7.21,550.8,726.02,0.0,1.45, , 
,726.37,1760,82.5,0.0,01101011,726.71,1344,44.3,6.18,550.8,726.99,0.4,1.56, , 
,727.35,1632,82.5,0.4,01101011,727.73,1728,32.5,4.12,418.2,728.09,0.0,1.45, , 
,728.46,1888,82.5,-1.2,01101011,728.81,1920,23.5,3.09,336.6,729.17,-3.9,1.33, , 
,729.53,1952,82.5,-5.1,01101011,729.89,1920,22.0,3.09,316.2,730.24,-6.6,1.41, , 
,730.60,1952,82.5,-6.6,01101011,730.95,1984,25.1,3.09,336.6,731.30,-7.0,1.52, , 
,731.63,2080,82.5,0.0,01101001,731.96,2208,48.6,7.21,571.2,732.30,0.0,1.56, , 
,732.61,1888,82.5,0.0,01111111,732.93,1376,25.1,4.12,336.6,733.25,0.0,2.50, , 
,733.59,1376,82.5,0.0,01101011,733.96,1408,38.4,5.15,479.4,734.29,0.8,1.48, , 
,734.72,1472,82.5,2.3,01101011,735.06,1536,36.9,5.15,459.0,735.42,2.7,1.48, , 
,735.79,1600,82.5,3.5,01101011,736.16,1632,35.3,5.15,438.6,736.51,4.3,1.48, , 
,736.85,1664,82.5,4.7,01101011,737.20,1696,34.1,4.12,418.2,737.56,4.7,1.45, , 
,737.92,1760,82.5,4.3,01101011,738.27,1760,31.0,4.12,397.8,738.63,3.5,1.45, , 
,739.00,1792,82.5,2.3,01101011,739.39,1824,29.4,4.12,397.8,739.75,1.2,1.41, , 
,740.11,1824,82.5,1.2,01101011,740.45,1824,29.4,4.12,377.4,740.84,0.4,1.45, , 
,741.21,1856,82.5,-0.4,01101011,741.59,1856,29.4,4.12,397.8,741.97,0.0,1.52, , 
,742.32,1952,82.5,0.0,01101011,742.68,1984,40.0,5.15,479.4,743.05,2.0,1.56, , 
,743.39,2048,82.5,0.4,01101001,743.74,2080,36.9,5.15,459.0,744.09,1.6,1.52, , 
,744.43,2112,82.5,1.6,01101001,744.77,2144,35.3,5.15,438.6,745.12,2.3,1.45, , 
,745.48,2208,82.5,2.7,01101001,745.82,2208,34.1,5.15,418.2,746.16,3.1,1.48, , 
,746.50,2272,82.5,3.1,01101001,746.83,2272,34.1,4.12,418.2,747.16,3.5,1.48, , 
,747.48,2304,82.5,3.9,01101001,747.83,2304,32.5,4.12,397.8,748.16,3.9,1.41, , 
,748.48,2336,82.5,3.9,01101001,748.82,2336,34.1,5.15,397.8,749.15,3.9,1.45, , 
,749.54,2368,82.5,3.9,01101001,749.93,2368,32.5,4.12,397.8,750.28,3.1,1.45, , 
,750.63,2432,82.5,2.7,01101001,750.98,2432,32.5,4.12,397.8,751.33,2.3,1.45, , 
,751.68,2464,82.5,2.3,01101001,752.04,2464,31.0,4.12,397.8,752.38,2.0,1.48, , 
,752.71,2528,82.5,2.3,01101001,753.04,2528,34.1,4.12,418.2,753.41,2.3,1.48, , 
,753.74,2560,82.5,3.1,01101001,754.08,2592,34.1,5.15,418.2,754.42,2.3,1.45, , 
,754.77,2592,82.5,0.8,01101001,755.08,2624,41.2,6.18,479.4,755.42,3.5,1.56, , 
,755.75,2720,82.5,3.9,01101001,756.06,2560,0.0,0.00,377.4,756.42,0.0,3.63, , 
,756.76,1504,82.5,0.0,01101011,757.14,1824,26.7,4.12,357.0,757.47,0.0,1.02, , 
,757.86,1792,82.5,0.0,01101011,758.23,1792,34.1,4.12,418.2,758.56,0.0,1.52, , 
,758.88,1792,82.5,1.2,01101011,759.23,1792,47.1,6.18,571.2,759.61,2.0,1.52, , 
,759.98,1856,82.5,3.1,01101011,760.36,1856,47.1,6.18,571.2,760.73,3.9,1.48, , 
,761.11,1856,82.5,4.3,01101011,761.46,1888,44.3,6.18,520.2,761.84,4.3,1.48, , 
,762.20,1920,82.5,5.1,01101011,762.57,1952,47.1,7.21,571.2,762.94,4.7,1.48, , 
,763.29,1952,82.5,4.3,01101011,763.66,1952,51.8,7.21,591.6,764.02,3.5,1.45, , 
,764.38,1984,82.5,3.9,01101001,764.72,1984,48.6,7.21,571.2,765.08,3.1,1.48, , 
,765.42,1984,84.0,3.5,01101001,765.77,2016,51.8,7.21,612.0,766.11,2.7,1.45, , 
,766.45,2048,84.0,3.5,01101001,766.81,2048,56.1,8.24,652.8,767.15,2.7,1.48, , 
,767.51,2112,84.0,3.1,01101001,767.86,2112,32.5,4.12,418.2,768.20,0.0,1.56, , 
,768.55,2048,84.0,-2.3,01101001,768.89,2048,16.1,2.06,244.8,769.26,-9.0,1.17, , 
,769.62,1984,84.0,-12.5,01101011,769.98,1952,14.9,2.06,244.8,770.33,-14.1,1.45, , 
,770.65,1888,84.0,0.0,01111111,770.96,1472,0.0,0.00,336.6,771.29,0.0,3.67, , 
,771.62,1088,84.0,0.0,01111111,771.93,1120,25.1,4.12,377.4,772.24,0.0,1.05, , 
,772.53,992,84.0,0.0,01111111,772.83,896,23.5,3.09,357.0,773.13,0.0,1.05, , 
,773.43,864,84.0,0.0,01111111,773.75,896,26.7,3.09,377.4,774.06,-0.4,1.45, , 
,774.37,864,84.0,0.0,01111111,774.67,864,26.7,3.09,397.8,774.98,0.8,1.48, , 
,775.28,896,84.0,0.8,01111111,775.56,864,26.7,3.09,397.8,775.87,1.2,1.48, , 
,776.17,864,84.0,1.2,01111111,776.48,896,26.7,3.09,397.8,776.78,1.6,1.48, , 
,777.09,768,84.0,1.6,01111111,777.38,736,26.7,4.12,397.8,777.67,0.8,1.45, , 
,777.96,768,84.0,0.8,01111111,778.26,800,29.4,4.12,418.2,778.57,2.0,1.56, , 
,778.88,768,84.0,2.3,01111111,779.16,800,28.2,4.12,397.8,779.45,2.7,1.48, , 
,779.77,768,84.0,2.7,01111111,780.07,800,28.2,4.12,418.2,780.37,3.1,1.48, , 
,780.69,800,84.0,3.1,01111111,780.97,768,28.2,4.12,397.8,781.27,2.7,1.45, , 
,781.55,800,84.0,2.7,01111111,781.84,800,28.2,4.12,418.2,782.13,2.3,1.48, , 
,782.42,800,84.0,2.7,01111111,782.71,768,28.2,4.12,418.2,783.01,2.7,1.48, , 
,783.32,800,84.0,2.7,01111111,783.62,800,28.2,4.12,418.2,783.93,2.7,1.48, , 
,784.23,768,84.0,2.7,01111111,784.53,768,28.2,4.12,418.2,784.83,2.0,1.41, , 
,785.12,800,84.0,2.0,01111111,785.43,800,28.2,4.12,418.2,785.72,1.6,1.48, , 
,786.02,800,84.0,2.0,01111111,786.33,800,28.2,4.12,418.2,786.62,2.3,1.48, , 
,786.93,768,85.5,2.3,01111111,787.22,800,28.2,4.12,418.2,787.52,2.0,1.45, , 
,787.83,800,85.5,2.0,01111111,788.12,800,28.2,4.12,418.2,788.42,2.0,1.48, , 
,788.72,800,85.5,2.0,01111111,789.03,800,29.4,4.12,418.2,789.31,2.3,1.52, , 
,789.62,832,85.5,2.3,01111111,789.95,768,26.7,4.12,418.2,790.25,1.6,1.41, , 
,790.56,800,85.5,1.2,01111111,790.87,800,28.2,4.12,418.2,791.17,2.3,1.48, , 
,791.46,800,85.5,2.3,01111111,791.77,800,28.2,4.12,418.2,792.07,2.0,1.41, , 
,792.39,800,85.5,1.6,01111111,792.68,800,28.2,3.09,418.2,792.97,1.6,1.37, , 
,793.27,768,85.5,1.2,01111111,793.57,800,28.2,3.09,418.2,793.87,2.0,1.48, , 
,794.16,800,85.5,2.3,01111111,794.46,800,28.2,4.12,418.2,794.76,2.3,1.48, , 
,795.07,800,85.5,2.7,01111111,795.37,768,28.2,3.09,418.2,795.66,3.1,1.48, , 
,795.95,800,85.5,3.1,01111111,796.26,768,28.2,4.12,418.2,796.57,3.1,1.45, , 
,796.88,800,85.5,3.1,01111111,797.18,768,28.2,3.09,418.2,797.50,2.7,1.45, , 
,797.81,768,85.5,2.7,01111111,798.11,768,28.2,4.12,418.2,798.40,2.7,1.45, , 
,798.71,768,85.5,2.3,01111111,799.00,800,28.2,3.09,418.2,799.32,1.6,1.37, , 
,799.62,768,85.5,0.8,01111111,799.94,800,28.2,3.09,418.2,800.24,0.0,1.45, , 
,800.52,768,85.5,0.0,01111111,800.82,768,29.4,4.12,438.6,801.13,0.4,1.52, , 
,801.43,768,85.5,0.8,01111111,801.75,800,29.4,4.12,418.2,802.04,1.6,1.48, , 
,802.36,800,84.0,1.6,01111111,802.65,800,28.2,4.12,418.2,802.95,1.6,1.45, , 
,803.25,800,84.0,1.2,01111111,803.54,768,29.4,4.12,418.2,803.84,1.2,1.45, , 
,804.13,800,84.0,1.2,01111111,804.41,768,29.4,4.12,418.2,804.70,1.6,1.52, , 
,805.01,800,84.0,2.0,01111111,805.31,768,29.4,4.12,418.2,805.60,2.0,1.48, , 
,805.89,768,84.0,2.3,01111111,806.19,768,29.4,4.12,418.2,806.50,2.3,1.48, , 
,806.81,768,84.0,2.3,01111111,807.13,800,29.4,4.12,438.6,807.42,2.7,1.45, , 
,807.73,800,84.0,2.3,01111111,808.04,800,29.4,4.12,418.2,808.34,2.3,1.48, , 
,808.65,800,84.0,2.7,01111111,808.95,800,29.4,4.12,418.2,809.25,3.1,1.52, , 
,809.54,800,84.0,3.9,01111111,809.84,768,29.4,4.12,418.2,810.15,3.9,1.48, , 
,810.46,832,84.0,4.3,01111111,810.74,800,28.2,4.12,418.2,811.02,4.3,1.48, , 
,811.33,768,82.5,4.7,01111111,811.64,768,29.4,4.12,418.2,811.93,5.1,1.52, , 
,812.23,800,84.0,5.1,01111111,812.54,768,29.4,4.12,418.2,812.84,5.1,1.45, , 
,813.14,768,82.5,5.1,01111111,813.44,800,29.4,4.12,418.2,813.73,5.1,1.45, , 
,814.02,768,82.5,5.1,00111111,814.32,800,29.4,4.12,418.2,814.60,4.7,1.45, , 
,814.89,768,82.5,4.7,00111111,815.19,768,29.4,4.12,418.2,815.50,2.3,1.48, , 
,815.80,768,82.5,2.7,00111111,816.11,800,29.4,4.12,438.6,816.40,3.1,1.48, , 
,816.70,800,82.5,2.7,00111111,817.00,768,29.4,4.12,418.2,817.30,2.7,1.45, , 
,817.60,768,82.5,2.7,00111111,817.88,800,29.4,4.12,418.2,818.18,2.7,1.48, , 
,818.46,800,82.5,2.7,00111111,818.75,768,29.4,4.12,418.2,819.04,2.3,1.45, , 
,819.34,800,82.5,2.3,00111111,819.64,800,29.4,4.12,438.6,819.94,2.3,1.48, , 
,820.22,768,82.5,2.3,00111111,820.51,800,29.4,4.12,438.6,820.81,2.3,1.48, , 
,821.12,800,82.5,2.3,00111111,821.44,800,29.4,4.12,418.2,821.75,2.7,1.48, , 
,822.04,768,82.5,2.7,00111111,822.34,768,31.0,4.12,438.6,822.64,3.1,1.52, , 
,822.95,800,82.5,3.1,00111111,823.24,800,29.4,4.12,418.2,823.53,3.1,1.45, , 
,823.85,768,82.5,2.7,00111111,824.14,800,29.4,4.12,438.6,824.45,2.7,1.48, , 
,824.76,800,82.5,2.7,00111111,825.06,768,29.4,4.12,438.6,825.36,2.7,1.45, , 
,825.65,800,82.5,2.3,00111111,825.96,768,29.4,4.12,438.6,826.25,2.0,1.45, , 
,826.55,800,82.5,2.0,00111111,826.85,768,31.0,4.12,438.6,827.13,2.3,1.52, , 
,827.42,800,82.5,2.3,00111111,827.72,800,29.4,4.12,418.2,828.02,2.7,1.52, , 
,828.33,800,82.5,2.7,00111111,828.63,800,29.4,4.12,418.2,828.94,2.7,1.48, , 
,829.23,768,82.5,2.7,00111111,829.54,800,29.4,4.12,438.6,829.85,2.7,1.45, , 
,830.14,768,82.5,2.7,00111111,830.44,800,29.4,4.12,438.6,830.75,3.1,1.48, , 
,831.07,800,82.5,3.1,00111111,831.38,800,29.4,4.12,418.2,831.68,2.7,1.45, , 
,831.97,768,82.5,2.7,00111111,832.27,768,29.4,4.12,438.6,832.56,2.7,1.48, , 
,832.85,800,84.0,2.7,00111111,833.16,768,29.4,4.12,418.2,833.47,2.3,1.45, , 
,833.77,768,82.5,2.3,00111111,834.06,768,31.0,4.12,438.6,834.36,2.3,1.48, , 
,834.66,768,84.0,2.3,00111111,834.95,768,31.0,4.12,438.6,835.26,2.3,1.48, , 
,835.57,768,84.0,2.0,00111111,835.87,800,31.0,4.12,438.6,836.18,2.0,1.45, , 
,836.47,768,84.0,2.0,00111111,836.76,768,31.0,4.12,438.6,837.06,2.0,1.48, , 
,837.36,800,84.0,2.0,00111111,837.66,768,29.4,4.12,438.6,837.95,1.6,1.45, , 
,838.26,768,84.0,1.6,00111111,838.57,800,29.4,4.12,438.6,838.86,1.6,1.45, , 
,839.17,800,84.0,1.6,00111111,839.46,768,29.4,4.12,418.2,839.75,1.6,1.45, , 
,840.04,768,84.0,1.6,00111111,840.34,768,29.4,4.12,438.6,840.63,1.6,1.48, , 
,840.94,768,84.0,1.6,00111111,841.24,800,29.4,4.12,438.6,841.52,1.6,1.48, , 
,841.81,768,84.0,1.6,00111111,842.10,768,29.4,4.12,438.6,842.40,1.6,1.48, , 
,842.71,768,84.0,1.6,00111111,843.02,800,31.0,4.12,438.6,843.31,1.6,1.48, , 
,843.62,800,84.0,1.6,00111111,843.92,800,31.0,4.12,438.6,844.22,1.6,1.48, , 
,844.52,768,84.0,1.6,00111111,844.81,800,31.0,4.12,438.6,845.12,1.6,1.48, , 
,845.43,800,84.0,1.6,00111111,845.73,800,29.4,4.12,418.2,846.03,1.2,1.41, , 
,846.34,768,84.0,0.8,00111111,846.64,800,31.0,4.12,438.6,846.96,0.8,1.52, , 
,847.23,1408,84.0,2.3,00101011,847.60,1600,36.9,5.15,459.0,847.97,-1.2,1.37, , 
,848.27,1408,84.0,-1.2,00101011,848.62,1600,65.1,10.30,754.8,848.98,0.0,1.41, , 
,849.37,1728,85.5,0.0,00101011,849.77,1472,67.8,10.30,775.2,850.12,-0.4,1.45, , 
,850.49,2144,84.0,0.0,00101001,850.84,2144,0.0,0.00,438.6,851.15,0.0,3.44, , 
,851.48,1312,84.0,0.0,00101011,851.83,1344,50.2,8.24,612.0,852.21,0.0,1.37, , 
,852.58,1504,85.5,0.0,00101011,852.95,1664,84.3,14.42,948.6,853.30,0.0,1.48, , 
,853.65,1952,85.5,0.0,00101011,853.98,2112,88.6,14.42,948.6,854.31,-1.6,1.45, , 
,854.64,2400,85.5,-1.2,01101001,855.00,2560,91.4,15.45,969.0,855.35,-1.2,1.45, , 
,855.70,2880,84.0,-1.2,01101001,856.03,3040,76.9,11.33,846.6,856.32,0.0,1.33, , 
,856.63,2688,85.5,0.0,01111101,856.98,2176,0.0,0.00,316.2,857.34,0.0,2.81, , 
,857.69,2112,84.0,0.0,01101001,858.03,2048,54.5,8.24,612.0,858.38,0.0,1.48, , 
,858.71,2144,84.0,0.0,01101001,859.04,2208,88.6,15.45,948.6,859.37,0.0,1.41, , 
,859.72,2336,84.0,0.0,01101001,860.06,2400,92.9,15.45,989.4,860.41,0.0,1.48, , 
,860.73,2560,84.0,-0.8,01101001,861.06,2624,92.9,15.45,989.4,861.38,1.2,1.48, , 
,861.69,2752,84.0,0.8,01101001,862.03,2848,92.9,16.48,989.4,862.46,1.2,1.41, , 
,862.86,3008,84.0,0.4,01101001,863.23,3104,94.5,15.45,989.4,863.58,-1.6,1.37, , 
,863.93,3264,84.0,-2.7,01101001,864.28,3328,94.5,15.45,989.4,864.64,-3.5,1.41, , 
,865.01,3456,85.5,-3.9,01101001,865.36,3136,0.0,0.00,316.2,865.67,0.0,3.63, , 
,866.02,2592,85.5,0.0,01101001,866.34,2592,92.9,16.48,989.4,866.66,0.0,1.48, , 
,866.99,2624,84.0,0.4,01101001,867.35,2688,92.9,15.45,989.4,867.68,0.8,1.52, , 
,868.03,2752,84.0,0.8,01101001,868.37,2784,94.5,16.48,989.4,868.73,0.8,1.45, , 
,869.06,2848,85.5,0.0,01101001,869.42,2848,92.9,16.48,989.4,869.79,-0.4,1.41, , 
,870.05,2944,85.5,-1.2,01101001,870.52,2944,94.5,15.45,989.4,870.87,-2.7,1.41, , 
,871.20,3040,85.5,-2.7,01101001,871.50,3072,94.5,15.45,989.4,871.84,-3.9,1.41, , 
,872.17,3104,85.5,-3.9,01101001,872.53,3136,92.9,14.42,969.0,872.88,-4.7,1.45, , 
,873.24,3200,84.0,0.0,01101001,873.58,3232,84.3,13.39,887.4,873.90,0.0,1.25, , 
,874.25,3200,85.5,0.0,01111101,874.60,3104,19.2,2.06,275.4,874.96,0.0,1.21, , 
,875.31,3072,85.5,0.0,01111101,875.69,3072,0.0,0.00,275.4,875.96,0.0,3.83, , 
,876.22,2976,85.5,0.0,01111101,876.48,2976,0.0,0.00,275.4,876.88,0.0,3.83, , 
,877.19,2912,85.5,0.0,01111101,877.51,2880,0.0,0.00,275.4,877.83,0.0,3.87, , 
,878.16,2816,85.5,0.0,01111101,878.48,2784,0.0,0.00,275.4,878.82,0.0,3.91, , 
,879.12,2752,85.5,0.0,01111101,879.44,2720,0.0,0.00,275.4,879.76,0.0,3.87, , 
,880.10,2656,85.5,0.0,01111101,880.42,2656,17.6,3.09,275.4,880.74,0.0,1.72, , 
,881.05,2592,85.5,0.0,01101001,881.37,2592,17.6,2.06,244.8,881.71,-4.3,1.21, , 
,882.06,2528,85.5,-4.3,01101001,882.41,2528,17.6,2.06,244.8,882.73,-5.5,1.41, , 
,883.10,2496,85.5,-6.6,01101001,883.43,2464,17.6,2.06,244.8,883.78,-5.5,1.56, , 
,884.10,2432,85.5,0.0,01111101,884.41,2400,0.0,0.00,275.4,884.73,0.0,3.91, , 
,885.06,2336,85.5,0.0,01111101,885.40,2304,17.6,3.09,275.4,885.72,0.0,1.76, , 
,886.06,2272,85.5,0.0,01101001,886.39,2240,16.1,2.06,244.8,886.73,0.0,1.13, , 
,887.07,2240,85.5,-5.1,01101001,887.40,2208,16.1,2.06,244.8,887.75,-6.3,1.37, , 
,888.08,2176,85.5,-6.6,01101001,888.41,2144,19.2,2.06,275.4,888.73,-5.1,1.60, , 
,889.09,2176,84.0,0.0,01101001,889.42,2144,51.8,7.21,591.6,889.77,0.0,1.52, , 
,890.11,2176,84.0,0.4,01101001,890.44,2176,35.3,4.12,438.6,890.77,2.0,1.48, , 
,891.10,2176,84.0,-0.4,01101001,891.44,2176,38.4,5.15,459.0,891.78,1.2,1.48, , 
,892.11,2176,84.0,0.8,01101001,892.46,2176,36.9,5.15,438.6,892.78,1.2,1.52, , 
,893.12,2176,84.0,1.2,01101001,893.46,2176,45.9,6.18,520.2,893.79,3.5,1.48, , 
,894.13,2208,84.0,4.3,01101001,894.48,2208,50.2,7.21,591.6,894.84,4.7,1.52, , 
,895.18,2240,84.0,4.3,01101001,895.53,2240,35.3,5.15,438.6,895.87,2.0,1.41, , 
,896.21,2240,84.0,1.2,01101001,896.56,2240,32.5,4.12,397.8,896.92,-0.8,1.37, , 
,897.26,2240,84.0,-3.1,01101001,897.61,2208,19.2,2.06,275.4,897.94,-6.6,1.37, , 
,898.26,2208,84.0,-7.8,01101001,898.61,2208,17.6,2.06,244.8,898.94,-9.0,1.48, , 
,899.27,2144,84.0,0.0,01111101,899.59,2144,0.0,0.00,275.4,899.93,0.0,3.83, , 
,900.26,2112,84.0,0.0,01111101,900.60,2080,0.0,0.00,275.4,900.94,0.0,3.91, , 
,901.29,2048,84.0,0.0,01111101,901.64,2016,16.1,3.09,244.8,902.01,0.0,1.25, , 
,902.37,1984,84.0,0.0,01101001,902.73,1984,14.9,2.06,244.8,903.10,0.0,1.09, , 
,903.45,1952,84.0,0.0,01101011,903.82,1952,17.6,2.06,275.4,904.20,-2.3,1.41, , 
,904.57,1920,84.0,-2.7,01101011,904.93,1920,25.1,3.09,336.6,905.29,-2.7,1.48, , 
,905.65,1888,84.0,-2.7,01101011,906.02,1888,25.1,3.09,357.0,906.39,-4.3,1.45, , 
,906.76,1888,84.0,-5.1,01101011,907.13,1888,26.7,3.09,357.0,907.49,-6.3,1.41, , 
,907.84,1920,84.0,-7.8,01111111,908.18,1856,19.2,2.06,295.8,908.54,0.0,2.38, , 
,908.88,1824,84.0,0.0,01111111,909.26,1792,0.0,0.00,316.2,909.59,0.0,3.83, , 
,909.94,1760,84.0,0.0,01111111,910.28,1760,0.0,0.00,316.2,910.61,0.0,3.91, , 
,910.95,1728,84.0,0.0,01111111,911.29,1696,0.0,0.00,316.2,911.65,0.0,3.91, , 
,911.97,1664,82.5,0.0,01111111,912.31,1632,20.8,3.09,316.2,912.62,0.0,1.37, , 
,912.98,1632,82.5,0.0,01101011,913.33,1632,20.8,3.09,316.2,913.70,-1.2,1.05, , 
,914.04,1600,84.0,-1.2,01101011,914.42,1600,20.8,3.09,316.2,914.79,-1.6,1.45, , 
,915.11,1568,82.5,-1.6,01101011,915.44,1568,22.0,3.09,316.2,915.78,-2.0,1.45, , 
,916.13,1536,82.5,-2.3,01101011,916.46,1536,22.0,3.09,316.2,916.82,-2.3,1.48, , 
,917.12,1536,82.5,-2.3,01101011,917.51,1504,23.5,3.09,336.6,917.94,-3.1,1.48, , 
,918.23,1504,82.5,-3.1,01101011,918.63,1504,22.0,3.09,316.2,918.90,-3.5,1.48, , 
,919.36,1504,82.5,-3.9,01101011,919.69,1504,23.5,3.09,336.6,919.95,-3.9,1.48, , 
,920.22,1504,82.5,-4.3,01101011,920.67,1504,23.5,3.09,336.6,920.99,-2.3,1.48, , 
,921.26,1504,82.5,-3.1,01101011,921.67,1504,22.0,3.09,336.6,921.99,-2.3,1.48, , 
,922.33,1504,82.5,-2.7,01101011,922.68,1504,22.0,3.09,316.2,922.97,-2.7,1.48, , 
,923.30,1504,82.5,-2.7,01101011,923.61,1536,22.0,3.09,316.2,923.96,-2.3,1.48, , 
,924.29,1536,82.5,-3.1,01111111,924.62,1536,23.5,3.09,336.6,924.98,-3.5,1.45, , 
,925.34,1536,82.5,-3.1,01111111,925.71,1504,23.5,3.09,336.6,926.09,-2.0,1.52, , 
,926.48,1536,82.5,-0.8,01111111,926.85,1536,22.0,3.09,316.2,927.16,-1.2,1.48, , 
,927.47,1536,82.5,-2.0,01101011,927.86,1536,22.0,3.09,316.2,928.19,-2.3,1.45, , 
,928.55,1536,82.5,-2.0,01111111,928.92,1536,23.5,3.09,336.6,929.28,-2.3,1.48, , 
,929.67,1536,82.5,-2.0,01111111,930.03,1504,23.5,3.09,336.6,930.32,-0.8,1.52, , 
,930.66,1504,82.5,0.0,01111111,931.10,1472,23.5,3.09,336.6,931.38,0.8,1.52, , 
,931.77,1472,82.5,2.0,01111111,932.06,1440,23.5,3.09,336.6,932.47,3.1,1.52, , 
,932.84,1440,82.5,3.5,01111111,933.22,1440,23.5,3.09,336.6,933.58,3.5,1.45, , 
,933.94,1440,82.5,3.5,01111111,934.30,1440,23.5,3.09,336.6,934.65,3.1,1.41, , 
,934.99,1440,82.5,3.1,01111111,935.33,1440,23.5,3.09,336.6,935.64,2.3,1.41, , 
,935.99,1408,82.5,2.3,01111111,936.32,1440,23.5,3.09,336.6,936.66,1.6,1.45, , 
,936.97,1440,82.5,2.0,01111111,937.33,1376,23.5,3.09,336.6,937.68,1.6,1.48, , 
,938.03,1408,82.5,2.0,01111111,938.39,1408,23.5,3.09,336.6,938.74,2.0,1.48, , 
,939.08,1376,82.5,2.0,01111111,939.40,1344,23.5,3.09,336.6,939.75,1.6,1.45, , 
,940.11,1312,82.5,1.2,01111111,940.45,1312,23.5,3.09,336.6,940.75,1.2,1.48, , 
,941.06,1280,82.5,2.0,01111111,941.40,1248,23.5,3.09,336.6,941.74,2.7,1.48, , 
,942.05,1184,82.5,3.1,01111111,942.36,1152,25.1,3.09,357.0,942.67,2.7,1.48, , 
,942.98,1120,82.5,3.9,01111111,943.31,1120,25.1,3.09,357.0,943.64,5.1,1.48, , 
,943.95,1088,82.5,4.3,01111111,944.27,1120,25.1,3.09,357.0,944.58,4.3,1.45, , 
,944.90,1120,82.5,4.3,01111111,945.22,1120,25.1,3.09,357.0,945.51,3.5,1.45, , 
,945.84,1120,82.5,3.9,01111111,946.19,1024,25.1,3.09,357.0,946.48,3.9,1.48, , 
,946.83,1056,82.5,0.0,01101011,947.17,1664,29.4,4.12,397.8,947.51,1.2,1.56, , 
,947.90,1600,82.5,-1.2,01101011,948.27,1600,22.0,3.09,316.2,948.65,-1.6,1.45, , 
,949.03,1632,82.5,-1.2,01101011,949.39,1664,23.5,3.09,336.6,949.75,-0.8,1.48, , 
,950.09,1696,84.0,-1.2,01101011,950.47,1696,20.8,3.09,316.2,950.83,-2.7,1.45, , 
,951.19,1728,82.5,-2.7,01101011,951.55,1728,20.8,3.09,316.2,951.91,-2.7,1.48, , 
,952.28,1792,82.5,-2.3,01101011,952.60,1728,22.0,3.09,316.2,952.97,-2.0,1.52, , 
,953.35,1792,82.5,-1.6,01101011,953.73,1792,26.7,3.09,357.0,954.12,-2.3,1.45, , 
,954.50,1856,82.5,-3.5,01101011,954.87,1856,25.1,3.09,357.0,955.25,-3.9,1.48, , 
,955.62,1920,82.5,-4.3,01101011,955.99,1920,28.2,3.09,357.0,956.34,-4.7,1.52, , 
,956.70,1984,82.5,-1.2,01101011,957.06,2016,45.9,6.18,550.8,957.40,3.1,1.60, , 
,957.76,2112,82.5,3.9,01101001,958.12,2112,35.3,5.15,438.6,958.48,3.9,1.41, , 
,958.82,2176,82.5,2.3,01101001,959.16,2176,25.1,3.09,336.6,959.50,-2.0,1.25, , 
,959.85,2208,82.5,-2.7,01101001,960.18,2176,17.6,2.06,275.4,960.52,-5.1,1.33, , 
,960.86,2176,82.5,-4.7,01111101,961.19,2176,0.0,0.00,275.4,961.53,0.0,3.75, , 
,961.86,2112,82.5,0.0,01111101,962.22,2112,0.0,0.00,275.4,962.56,0.0,3.95, , 
,962.91,2080,82.5,0.0,01101001,963.26,2048,16.1,2.06,244.8,963.62,0.0,0.78, , 
,963.99,2048,82.5,0.0,01101001,964.34,2048,20.8,3.09,295.8,964.70,-2.0,1.41, , 
,965.06,2048,82.5,-2.7,01101001,965.41,2048,23.5,3.09,316.2,965.76,-3.9,1.45, , 
,966.13,2048,82.5,-4.7,01101001,966.48,2048,23.5,3.09,316.2,966.82,0.0,1.45, , 
,967.14,1568,82.5,0.0,01111111,967.49,1088,25.1,4.12,357.0,967.78,0.0,3.24, , 
,968.10,1088,82.5,0.0,01111111,968.42,1120,25.1,4.12,357.0,968.74,0.0,0.86, , 
,969.04,992,82.5,0.0,01111111,969.34,896,23.5,3.09,357.0,969.65,0.0,1.21, , 
,969.99,864,82.5,0.0,01111111,970.28,864,26.7,3.09,397.8,970.58,0.4,1.52, , 
,970.90,896,82.5,0.8,01111111,971.23,896,26.7,3.09,377.4,971.55,1.6,1.48, , 
,971.87,864,82.5,2.0,01111111,972.16,864,26.7,3.09,377.4,972.44,2.0,1.48, , 
,972.73,896,82.5,2.3,01111111,973.05,864,26.7,3.09,377.4,973.36,2.3,1.45, , 
,973.69,896,82.5,2.3,01111111,973.98,864,25.1,3.09,377.4,974.29,0.0,1.45, , 
,974.63,1984,82.5,0.0,01101011,974.96,2304,54.5,8.24,632.4,975.29,0.0,1.48, , 
,975.64,1696,81.0,0.0,01101011,976.01,1536,82.7,14.42,928.2,976.36,0.0,1.45, , 
,976.70,2272,82.5,0.0,01101001,977.08,1824,0.0,0.00,357.0,977.40,0.0,3.32, , 
,977.75,1344,81.0,0.0,01101011,978.14,1408,75.3,12.36,867.0,978.48,0.0,1.48, , 
,978.81,1664,82.5,0.0,01101011,979.17,1792,87.1,14.42,948.6,979.53,0.0,1.37, , 
,979.88,2112,82.5,-1.6,01101001,980.22,2272,90.2,14.42,948.6,980.59,-2.3,1.45, , 
,980.92,2528,82.5,-3.1,01101001,981.27,2656,87.1,14.42,928.2,981.58,0.0,1.84, , 
,981.91,1984,82.5,0.0,01111111,982.24,1696,31.0,5.15,397.8,982.60,0.0,1.13, , 
,982.96,1728,82.5,0.0,01101011,983.32,1760,67.8,11.33,775.2,983.68,0.0,1.29, , 
,984.04,1824,82.5,0.0,01101011,984.38,1824,59.2,9.27,673.2,984.73,0.0,1.37, , 
,985.09,1888,82.5,-1.2,01101011,985.48,1920,63.5,9.27,714.0,985.84,-0.4,1.45, , 
,986.20,1984,82.5,-0.4,01101011,986.56,2016,59.2,8.24,673.2,986.91,-1.6,1.48, , 
,987.27,2080,82.5,-0.8,01101001,987.62,2112,57.6,8.24,652.8,987.97,-1.2,1.45, , 
,988.32,2176,82.5,-1.2,01101001,988.66,2208,51.8,7.21,591.6,989.00,-0.4,1.56, , 
,989.35,2240,82.5,-1.6,01101001,989.69,2240,31.0,4.12,397.8,990.03,-4.7,1.33, , 
,990.38,2240,82.5,-6.6,01101001,990.71,2272,42.7,6.18,499.8,991.04,0.0,1.48, , 
,991.37,2272,82.5,0.0,01101001,991.72,2272,22.0,3.09,316.2,992.06,-4.7,1.33, , 
,992.39,2272,82.5,-6.3,01101001,992.72,2240,19.2,2.06,275.4,993.06,-7.8,1.41, , 
,993.39,2240,84.0,-8.6,01101001,993.73,2240,20.8,2.06,275.4,994.05,-9.8,1.48, , 
,994.39,2272,84.0,-9.4,01101001,994.73,2208,35.3,4.12,438.6,995.07,-5.9,1.68, , 
,995.42,2272,84.0,-5.1,01101001,995.76,2336,54.5,8.24,632.4,996.11,-1.2,1.60, , 
,996.45,2400,84.0,0.4,01101001,996.81,2464,60.4,9.27,673.2,997.16,0.8,1.45, , 
,997.50,2560,84.0,0.4,01101001,997.83,2624,45.9,6.18,520.2,998.16,0.0,1.48, , 
,998.48,2656,84.0,0.0,01101001,998.81,2688,38.4,5.15,459.0,999.13,0.0,1.48, , 
,999.46,2720,84.0,-1.2,01101001,999.79,2720,20.8,2.06,295.8,1000.14,-6.6,1.25, , 
,1000.49,2720,84.0,-7.4,01101001,1000.83,2720,19.2,2.06,275.4,1001.18,-8.2,1.41, , 
,1001.53,2720,84.0,-8.2,01101001,1001.88,2720,19.2,2.06,275.4,1002.21,-8.6,1.52, , 
,1002.55,2720,84.0,-9.0,01101001,1002.88,2688,19.2,2.06,275.4,1003.21,-8.6,1.52, , 
,1003.53,2656,84.0,-8.6,01101001,1003.86,2656,20.8,2.06,275.4,1004.19,-8.6,1.48, , 
,1004.53,2592,84.0,-8.6,01101001,1004.88,2592,20.8,3.09,295.8,1005.20,-8.2,1.48, , 
,1005.55,2560,84.0,-8.2,01101001,1005.88,2560,22.0,3.09,295.8,1006.19,-7.4,1.52, , 
,1006.52,2496,84.0,-6.6,01101001,1006.85,2496,22.0,3.09,295.8,1007.20,-7.4,1.52, , 
,1007.56,2496,84.0,-6.3,01101001,1007.92,2464,26.7,3.09,336.6,1008.28,-5.9,1.45, , 
,1008.65,2464,84.0,-7.8,01101001,1009.00,2464,22.0,3.09,295.8,1009.37,-8.2,1.48, , 
,1009.73,2432,84.0,-7.8,01101001,1010.09,2432,22.0,3.09,295.8,1010.46,-8.2,1.45, , 
,1010.79,2400,84.0,-8.6,01101001,1011.13,2400,22.0,3.09,316.2,1011.45,-7.8,1.48, , 
,1011.79,2400,84.0,-7.8,01101001,1012.17,2400,22.0,3.09,316.2,1012.51,-7.4,1.52, , 
,1012.83,2400,84.0,-7.4,01101001,1013.17,2400,20.8,3.09,295.8,1013.50,-8.2,1.45, , 
,1013.85,2368,84.0,-8.2,01101001,1014.16,2400,19.2,2.06,275.4,1014.54,-8.2,1.48, , 
,1014.89,2368,84.0,-7.0,01101001,1015.21,2368,19.2,2.06,275.4,1015.53,-7.4,1.48, , 
,1015.86,2400,84.0,-7.0,01101001,1016.23,2368,19.2,2.06,275.4,1016.56,-7.0,1.48, , 
,1016.95,2368,84.0,-7.0,01101001,1017.31,2400,19.2,2.06,275.4,1017.68,-7.0,1.48, , 
,1018.06,2400,84.0,-7.0,01101001,1018.39,2368,19.2,2.06,275.4,1018.71,-6.6,1.48, , 
,1019.07,2368,84.0,-7.4,01101001,1019.44,2400,19.2,2.06,275.4,1019.75,-7.4,1.45, , 
,1020.08,2400,84.0,-7.4,01101001,1020.41,2368,19.2,2.06,275.4,1020.76,-7.0,1.52, , 
,1021.11,2368,84.0,-7.0,01101001,1021.44,2368,34.1,4.12,418.2,1021.76,-2.3,1.56, , 
,1022.10,2368,84.0,-3.1,01101001,1022.43,2336,22.0,3.09,316.2,1022.75,-6.3,1.33, , 
,1023.09,2304,84.0,-6.3,01101001,1023.42,2304,22.0,3.09,295.8,1023.76,-7.0,1.48, , 
,1024.10,2272,84.0,-6.6,01101001,1024.43,2240,23.5,3.09,316.2,1024.76,-7.4,1.45, , 
,1025.10,2240,84.0,-7.0,01101001,1025.43,2240,26.7,3.09,336.6,1025.76,-7.0,1.48, , 
,1026.10,2208,84.0,-7.4,01101001,1026.43,2208,23.5,3.09,316.2,1026.77,-8.2,1.48, , 
,1027.09,2176,84.0,-7.8,01101001,1027.43,2176,23.5,3.09,316.2,1027.75,-8.2,1.48, , 
,1028.08,2144,84.0,-8.2,01101001,1028.43,2144,26.7,3.09,357.0,1028.79,-7.0,1.52, , 
,1029.14,2144,84.0,-7.0,01101001,1029.49,2112,26.7,3.09,336.6,1029.84,-7.0,1.48, , 
,1030.18,2112,84.0,-7.8,01101001,1030.53,2112,20.8,2.06,295.8,1030.88,-8.2,1.48, , 
,1031.22,2080,84.0,-8.6,01101001,1031.57,2048,19.2,2.06,275.4,1031.91,-9.4,1.45, , 
,1032.26,2016,84.0,-10.2,01101001,1032.62,2016,17.6,2.06,275.4,1032.97,-9.8,1.52, , 
,1033.33,1984,84.0,-8.6,01101011,1033.70,1920,22.0,3.09,316.2,1034.07,-8.6,1.52, , 
,1034.42,1920,84.0,-8.6,01101011,1034.79,1920,31.0,4.12,397.8,1035.15,-5.9,1.60, , 
,1035.50,1920,84.0,-3.1,01101011,1035.87,1952,42.7,6.18,499.8,1036.24,-3.1,1.52, , 
,1036.58,1984,84.0,-2.0,01101011,1036.96,1984,40.0,5.15,479.4,1037.32,-2.3,1.41, , 
,1037.69,1984,84.0,-2.3,01101001,1038.03,2016,47.1,7.21,550.8,1038.40,-1.2,1.48, , 
,1038.76,2048,84.0,-1.2,01101001,1039.11,2080,42.7,5.15,520.2,1039.45,0.0,1.52, , 
,1039.80,2048,84.0,0.0,01101001,1040.15,2048,23.5,3.09,316.2,1040.51,-7.0,1.29, , 
,1040.85,2016,84.0,-7.4,01101001,1041.19,1984,23.5,3.09,316.2,1041.54,-9.0,1.41, , 
,1041.91,1952,84.0,-10.2,01101011,1042.23,1632,0.0,0.00,316.2,1042.53,0.0,3.40, , 
,1042.85,1088,84.0,0.0,01111111,1043.17,1120,26.7,4.12,377.4,1043.50,0.0,1.25, , 
,1043.82,992,84.0,0.0,01111111,1044.12,896,23.5,3.09,357.0,1044.43,0.0,1.05, , 
,1044.73,864,84.0,0.0,01111111,1045.06,896,26.7,3.09,397.8,1045.38,0.0,1.45, , 
,1045.69,896,84.0,0.0,01111111,1045.98,896,26.7,3.09,377.4,1046.29,0.4,1.48, , 
,1046.59,896,84.0,0.4,01111111,1046.89,896,26.7,3.09,377.4,1047.23,0.4,1.48, , 
,1047.55,896,84.0,0.8,01111111,1047.87,864,26.7,3.09,377.4,1048.19,0.8,1.48, , 
,1048.51,896,84.0,1.2,01111111,1048.83,1120,29.4,4.12,397.8,1049.17,3.9,1.60, , 
,1049.49,1344,84.0,4.7,01101011,1049.82,1312,53.3,8.24,632.4,1050.19,0.0,1.37, , 
,1050.46,1472,84.0,0.0,01101011,1050.81,1536,79.6,13.39,907.8,1051.14,0.0,1.45, , 
,1051.51,1728,84.0,0.0,01101011,1051.87,1856,87.1,14.42,948.6,1052.23,-1.6,1.41, , 
,1052.58,2176,84.0,-2.7,01101001,1052.91,2272,90.2,15.45,969.0,1053.26,-3.1,1.45, , 
,1053.61,2528,84.0,-3.1,01101001,1053.95,2656,87.1,13.39,928.2,1054.27,0.0,1.29, , 
,1054.59,2112,84.0,0.0,01111101,1054.96,1632,22.0,3.09,316.2,1055.32,0.0,1.52, , 
,1055.67,1696,84.0,0.0,01101011,1056.03,1728,73.7,12.36,826.2,1056.39,0.0,1.41, , 
,1056.76,1792,84.0,0.0,01101011,1057.13,1856,87.1,14.42,948.6,1057.49,-1.6,1.37, , 
,1057.85,1952,84.0,-2.3,01101011,1058.19,1984,87.1,14.42,948.6,1058.54,-3.5,1.45, , 
,1058.87,2048,84.0,0.0,01101001,1059.22,2048,42.7,5.15,520.2,1059.57,0.0,1.41, , 
,1059.92,2016,84.0,0.0,01101001,1060.29,1952,16.1,2.06,244.8,1060.62,-8.6,1.21, , 
,1060.97,1856,84.0,-10.9,01111111,1061.34,1792,20.8,2.06,295.8,1061.69,0.0,1.60, , 
,1062.03,1664,84.0,0.0,01111111,1062.37,1600,0.0,0.00,336.6,1062.75,0.0,3.79, , 
,1063.11,1536,84.0,0.0,01101011,1063.53,1472,57.6,10.30,673.2,1063.80,0.0,1.25, , 
,1064.11,1472,84.0,0.0,01101011,1064.38,1504,85.5,14.42,948.6,1064.74,0.0,1.41, , 
,1065.09,1536,84.0,0.0,01101011,1065.46,1568,85.5,14.42,969.0,1065.80,-2.0,1.37, , 
,1066.14,1632,84.0,0.0,01101011,1066.50,1632,40.0,5.15,499.8,1066.85,0.0,1.52, , 
,1067.18,1600,84.0,0.0,01101011,1067.52,1632,63.5,11.33,714.0,1067.89,0.0,1.33, , 
,1068.24,1664,84.0,0.0,01101011,1068.60,1696,50.2,7.21,591.6,1068.97,0.0,1.37, , 
,1069.33,1664,84.0,-1.2,01101011,1069.68,1632,51.8,8.24,591.6,1070.04,0.0,1.37, , 
,1070.39,1664,84.0,0.0,01101011,1070.73,1728,78.4,13.39,887.4,1071.12,0.0,1.52, , 
,1071.48,1792,84.0,0.0,01101011,1071.85,1824,87.1,14.42,969.0,1072.21,-1.6,1.48, , 
,1072.58,1920,84.0,-1.6,01101011,1072.95,1952,85.5,13.39,948.6,1073.31,0.0,1.29, , 
,1073.68,1952,84.0,0.0,01101011,1074.04,1888,23.5,3.09,316.2,1074.41,-4.3,1.33, , 
,1074.76,1824,84.0,-4.7,01101011,1075.16,1792,31.0,4.12,397.8,1075.53,-5.9,1.52, , 
,1075.90,1760,84.0,0.0,01101011,1076.27,1760,63.5,10.30,714.0,1076.66,-1.2,1.45, , 
,1077.00,1792,84.0,-0.4,01101011,1077.35,1824,75.3,12.36,846.6,1077.74,-0.8,1.48, , 
,1078.10,1856,84.0,-0.4,01101011,1078.46,1888,82.7,13.39,928.2,1078.81,-1.2,1.48, , 
,1079.19,1952,84.0,-2.0,01101011,1079.54,2016,85.5,13.39,928.2,1079.89,-3.1,1.45, , 
,1080.25,2112,84.0,-3.5,01101001,1080.61,2144,84.3,13.39,907.8,1080.95,-4.3,1.48, , 
,1081.29,2208,84.0,-4.3,01101001,1081.63,2240,73.7,10.30,795.6,1081.96,-3.9,1.52, , 
,1082.28,2272,84.0,-2.7,01101001,1082.61,2304,67.8,10.30,754.8,1082.94,-0.8,1.48, , 
,1083.28,2336,84.0,-0.4,01101001,1083.63,2336,51.8,7.21,591.6,1083.99,-0.8,1.52, , 
,1084.33,2368,84.0,0.4,01101001,1084.67,2368,44.3,6.18,520.2,1085.02,0.4,1.48, , 
,1085.35,2368,84.0,0.0,01101001,1085.70,1952,0.0,0.00,316.2,1086.06,0.0,3.67, , 
,1086.39,1024,84.0,0.0,01111111,1086.72,1120,25.1,4.12,377.4,1087.03,0.0,1.52, , 
,1087.38,1024,84.0,0.0,01111111,1087.70,960,22.0,3.09,336.6,1088.02,0.0,0.70, , 
,1088.30,896,84.0,0.0,01111111,1088.59,896,25.1,3.09,377.4,1088.90,0.0,1.33, , 
,1089.18,864,84.0,-0.4,01111111,1089.46,864,25.1,3.09,377.4,1089.75,-0.4,1.48, , 
,1090.05,896,84.0,0.0,01111111,1090.34,864,26.7,3.09,377.4,1090.66,0.4,1.48, , 
,1090.94,896,84.0,0.4,01111111,1091.25,896,26.7,3.09,377.4,1091.55,0.0,1.45, , 
,1091.86,864,84.0,0.0,01111111,1092.18,896,26.7,3.09,397.8,1092.52,0.0,1.48, , 
,1092.82,1024,84.0,0.0,01111111,1093.12,1184,22.0,3.09,336.6,1093.43,0.4,1.48, , 
,1093.73,1088,84.0,0.4,01101011,1094.03,1120,26.7,4.12,377.4,1094.35,1.6,1.52, , 
,1094.65,1120,84.0,2.0,01101011,1094.96,1088,29.4,4.12,397.8,1095.30,0.8,1.45, , 
,1095.62,1088,85.5,0.8,01101011,1095.96,1088,36.9,5.15,459.0,1096.26,2.7,1.52, , 
,1096.57,1152,85.5,1.6,01101011,1096.89,1184,40.0,5.15,499.8,1097.23,0.0,1.45, , 
,1097.56,1280,85.5,1.2,01101011,1097.89,1280,40.0,5.15,499.8,1098.23,2.0,1.52, , 
,1098.58,1376,85.5,1.6,01101011,1098.90,1408,36.9,5.15,479.4,1099.22,0.8,1.48, , 
,1099.67,1472,85.5,1.6,01101011,1100.03,1504,40.0,5.15,499.8,1100.40,1.2,1.45, , 
,1100.74,1600,85.5,0.8,01101011,1101.07,1632,36.9,5.15,459.0,1101.46,1.2,1.45, , 
,1101.81,1696,85.5,0.8,01101011,1102.18,1728,35.3,5.15,438.6,1102.56,0.0,1.45, , 
,1102.94,1792,85.5,0.0,01101011,1103.32,1824,31.0,4.12,397.8,1103.70,-2.0,1.45, , 
,1104.08,1888,85.5,-3.5,01101011,1104.45,1888,28.2,4.12,377.4,1104.82,-6.3,1.37, , 
,1105.17,1920,85.5,-6.6,01101011,1105.54,1952,26.7,3.09,357.0,1105.89,-7.8,1.48, , 
,1106.25,1984,85.5,-8.6,01101011,1106.61,1984,25.1,3.09,336.6,1106.97,-9.4,1.48, , 
,1107.34,2016,85.5,-9.4,01101001,1107.70,2016,23.5,3.09,336.6,1108.06,-9.4,1.56, , 
,1108.43,2016,84.0,-9.0,01111101,1108.70,1568,0.0,0.00,316.2,1109.00,0.0,3.44, , 
,1109.33,1120,84.0,0.0,01111111,1109.65,1152,25.1,4.12,357.0,1109.98,0.0,1.09, , 
,1110.29,1088,84.0,0.0,01111111,1110.61,992,22.0,3.09,336.6,1110.91,0.0,1.09, , 
,1111.20,864,84.0,0.0,01111111,1111.52,864,25.1,3.09,377.4,1111.82,0.0,1.48, , 
,1112.12,864,84.0,0.0,01111111,1112.46,864,26.7,3.09,377.4,1112.78,0.8,1.52, , 
,1113.07,864,84.0,1.2,01111111,1113.37,864,25.1,3.09,377.4,1113.71,2.0,1.52, , 
,1114.03,896,82.5,2.0,01111111,1114.34,896,25.1,3.09,377.4,1114.64,2.0,1.45, , 
,1114.92,864,82.5,2.0,01111111,1115.23,896,25.1,3.09,377.4,1115.53,2.3,1.48, , 
,1115.84,864,82.5,2.3,01111111,1116.14,896,25.1,3.09,377.4,1116.47,2.7,1.48, , 
,1116.77,896,82.5,3.1,01111111,1117.10,896,25.1,3.09,377.4,1117.42,2.7,1.45, , 
,1117.72,896,82.5,2.7,01111111,1118.03,864,26.7,3.09,377.4,1118.34,2.3,1.45, , 
,1118.63,896,82.5,2.3,01111111,1118.92,864,26.7,3.09,377.4,1119.23,2.3,1.48, , 
,1119.53,896,82.5,2.7,01111111,1119.85,864,26.7,3.09,377.4,1120.15,2.7,1.45, , 
,1120.43,672,82.5,2.0,01101011,1120.71,608,40.0,5.15,520.2,1120.97,0.8,1.52, , 
,1121.26,672,82.5,2.3,01101011,1121.54,672,41.2,5.15,550.8,1121.84,2.7,1.52, , 
,1122.15,736,82.5,2.0,01101011,1122.45,768,36.9,5.15,499.8,1122.75,0.8,1.41, , 
,1123.05,800,82.5,0.4,01101011,1123.35,832,32.5,4.12,459.0,1123.67,-0.8,1.41, , 
,1123.98,832,82.5,-0.4,01111111,1124.29,864,29.4,4.12,418.2,1124.61,-2.3,1.33, , 
,1124.92,864,82.5,-2.7,01111111,1125.25,864,28.2,4.12,418.2,1125.58,-3.1,1.52, , 
,1125.89,896,82.5,-3.1,01111111,1126.21,896,29.4,4.12,418.2,1126.52,-2.3,1.52, , 
,1126.84,864,82.5,-2.3,01111111,1127.14,896,29.4,4.12,418.2,1127.46,-1.2,1.56, , 
,1127.77,896,84.0,-0.4,01111111,1128.07,896,28.2,4.12,397.8,1128.36,-0.8,1.48, , 
,1128.65,896,84.0,-0.8,01111111,1128.94,832,26.7,3.09,377.4,1129.25,-1.6,1.41, , 
,1129.56,768,84.0,-2.3,01101011,1129.88,992,40.0,6.18,520.2,1130.25,0.0,1.48, , 
,1130.58,1312,84.0,0.0,01101011,1130.91,1184,44.3,6.18,550.8,1131.25,0.0,1.48, , 
,1131.55,1184,84.0,0.0,01111111,1131.86,992,29.4,4.12,397.8,1132.17,0.0,1.91, , 
,1132.50,1024,84.0,0.0,01111111,1132.83,960,23.5,3.09,357.0,1133.14,0.0,0.94, , 
,1133.44,832,84.0,0.0,01111111,1133.76,864,28.2,4.12,397.8,1134.04,0.0,1.33, , 
,1134.33,896,84.0,-0.4,01111111,1134.66,896,28.2,3.09,397.8,1134.96,0.4,1.52, , 
,1135.26,832,84.0,0.8,01111111,1135.55,768,26.7,3.09,397.8,1135.85,0.0,1.37, , 
,1136.15,768,84.0,-0.8,01111111,1136.43,672,31.0,4.12,438.6,1136.69,0.0,1.45, , 
,1137.00,608,84.0,0.0,01110111,1137.30,832,35.3,4.12,499.8,1137.60,0.0,1.37, , 
,1137.89,800,84.0,0.0,01111111,1138.20,800,29.4,4.12,418.2,1138.51,-2.0,1.45, , 
,1138.82,768,84.0,-2.3,01101011,1139.12,736,40.0,6.18,520.2,1139.40,1.6,1.64, , 
,1139.74,960,84.0,0.4,01101011,1140.04,960,31.0,4.12,438.6,1140.34,-3.1,1.37, , 
,1140.67,832,84.0,-2.3,01101011,1140.99,768,35.3,4.12,479.4,1141.28,-0.8,1.56, , 
,1141.58,736,84.0,0.0,01101011,1141.89,896,44.3,6.18,591.6,1142.20,0.0,1.29, , 
,1142.50,768,84.0,0.0,01111111,1142.82,960,32.5,4.12,459.0,1143.11,-4.3,1.13, , 
,1143.41,896,84.0,-5.5,01111111,1143.74,896,28.2,3.09,397.8,1144.04,-5.9,1.52, , 
,1144.34,864,84.0,-5.1,01111111,1144.65,896,28.2,3.09,418.2,1144.95,-3.5,1.60, , 
,1145.25,800,84.0,-2.7,01111111,1145.55,768,28.2,3.09,418.2,1145.85,-1.6,1.56, , 
,1146.13,800,84.0,-1.2,01111111,1146.43,800,29.4,4.12,418.2,1146.74,-1.2,1.45, , 
,1147.02,800,84.0,-1.6,01111111,1147.31,800,29.4,4.12,418.2,1147.62,-1.6,1.48, , 
,1147.91,800,84.0,-1.2,01111111,1148.19,800,28.2,3.09,418.2,1148.50,-1.6,1.48, , 
,1148.79,800,84.0,-1.2,01111111,1149.09,800,28.2,3.09,397.8,1149.39,-1.6,1.45, , 
,1149.69,800,84.0,-1.6,01111111,1149.99,800,28.2,3.09,397.8,1150.29,-2.0,1.45, , 
,1150.58,800,84.0,-2.0,01111111,1150.88,800,28.2,3.09,397.8,1151.18,-1.6,1.48, , 
