Poniedziałek,24,Sierpień,2026,06:33:49:00009-VCID:1C3761778CABCE7337-5178,Wersja VCDS: AKP 23.3.1,Wersja danych: 20230601 DS346.2
047 906 033 L,,1.4l SIMOS3PA   00HS5401,

,Grupa A:,'001,,,,Grupa B:,'002,,,,Grupa C:,'033
,,Obroty silnika,Temperatura,Lambda,Bity binarnie,,Obroty silnika,Obciążenie,Czas wtrysku,Ciśnienie rzecz.,,Lambda,Napięcie, , 
,CZAS,,,,,CZAS,,,,,CZAS,,,,
Znacznik,ZAPISU, /min,*C, %,,ZAPISU, /min, %, ms, mbar,ZAPISU, %, V,,
,0.01,0,16.5,0.0,10110110,0.27,0,0.0,0.00,989.4,0.53,0.0,1.48, , 
,0.81,0,16.5,0.0,10110110,1.09,0,0.0,0.00,989.4,1.37,0.0,1.48, , 
,1.65,0,16.5,0.0,10110110,1.92,0,0.0,0.00,989.4,2.20,0.0,1.48, , 
,2.47,0,16.5,0.0,10110110,2.74,0,0.0,0.00,989.4,3.01,0.0,1.48, , 
,3.27,0,16.5,0.0,10110110,3.54,0,0.0,0.00,989.4,3.80,0.0,1.48, , 
,4.07,0,16.5,0.0,10110110,4.33,0,0.0,0.00,989.4,4.60,0.0,1.48, , 
,4.86,0,16.5,0.0,10110110,5.13,0,0.0,0.00,989.4,5.40,0.0,1.48, , 
,5.66,0,16.5,0.0,10110110,5.93,0,0.0,0.00,989.4,6.20,0.0,1.48, , 
,6.47,0,16.5,0.0,10110110,6.74,0,0.0,0.00,989.4,7.01,0.0,1.48, , 
,7.27,0,16.5,0.0,10110110,7.54,0,0.0,0.00,989.4,7.80,0.0,1.48, , 
,8.07,0,16.5,0.0,10110110,8.33,0,0.0,0.00,989.4,8.60,0.0,1.48, , 
,8.86,0,16.5,0.0,10110110,9.13,0,0.0,0.00,989.4,9.40,0.0,1.48, , 
,9.66,0,16.5,0.0,10110110,9.93,0,0.0,0.00,989.4,10.19,0.0,1.48, , 
,10.46,0,16.5,0.0,10110110,10.73,192,97.3,81.37,989.4,11.01,0.0,1.48, , 
,11.29,192,15.0,0.0,10110110,11.55,192,100.0,80.34,989.4,11.85,0.0,1.48, , 
,12.17,1248,16.5,0.0,10110110,12.52,1376,59.2,14.42,632.4,12.85,0.0,1.48, , 
,13.17,1280,16.5,0.0,10110110,13.51,1088,45.9,10.30,520.2,13.82,0.0,1.48, , 
,14.12,1024,16.5,0.0,10110110,14.42,1024,48.6,11.33,550.8,14.74,0.0,1.48, , 
,15.05,1024,16.5,0.0,10110110,15.38,1024,48.6,10.30,550.8,15.70,0.0,1.48, , 
,16.02,1024,16.5,0.0,10110110,16.33,1024,48.6,10.30,550.8,16.64,0.0,1.48, , 
,16.96,1024,16.5,0.0,10110110,17.29,1024,47.1,10.30,550.8,17.59,0.0,1.48, , 
,17.93,1024,16.5,0.0,10110110,18.24,1024,45.9,9.27,520.2,18.55,0.0,1.48, , 
,18.86,1024,16.5,0.0,10110110,19.19,1024,45.9,9.27,520.2,19.50,0.0,1.48, , 
,19.81,1024,15.0,0.0,10110110,20.16,1024,44.3,8.24,499.8,20.49,0.0,1.48, , 
,20.80,1024,16.5,0.0,10110110,21.15,1024,44.3,8.24,499.8,21.47,0.0,1.48, , 
,21.76,992,16.5,0.0,10110110,22.10,1024,42.7,8.24,499.8,22.41,0.0,1.48, , 
,22.70,992,16.5,0.0,10110110,23.06,992,42.7,8.24,499.8,23.42,0.0,1.48, , 
,23.74,896,16.5,0.0,10100010,24.07,896,47.1,9.27,550.8,24.38,0.0,1.48, , 
,24.70,1216,16.5,0.0,10100010,25.07,1536,45.9,7.21,499.8,25.45,0.0,1.48, , 
,25.86,1472,16.5,0.0,10100010,26.23,1408,44.3,7.21,499.8,26.56,0.0,1.48, , 
,26.99,1472,16.5,0.0,10100010,27.26,1504,42.7,7.21,479.4,27.58,0.0,1.48, , 
,27.89,1376,16.5,0.0,10100010,28.21,1248,44.3,7.21,499.8,28.49,0.0,1.48, , 
,28.80,1536,16.5,0.0,10110110,29.16,1600,31.0,5.15,377.4,29.56,0.0,1.48, , 
,29.92,1440,16.5,0.0,10110110,30.24,1344,32.5,5.15,397.8,30.54,0.0,1.48, , 
,30.82,1120,16.5,0.0,10110110,31.09,1024,36.9,6.18,438.6,31.42,0.0,1.48, , 
,31.70,992,16.5,0.0,10110110,32.06,960,40.0,6.18,459.0,32.35,0.0,1.48, , 
,32.67,960,16.5,0.0,10110110,33.02,960,38.4,6.18,459.0,33.33,0.0,1.48, , 
,33.66,1184,16.5,0.0,10100010,33.94,1440,45.9,7.21,499.8,34.29,0.0,1.48, , 
,34.62,1344,16.5,0.0,10100010,34.95,1280,47.1,7.21,520.2,35.27,0.0,1.48, , 
,35.59,1152,16.5,0.0,10100010,35.91,1184,51.8,8.24,571.2,36.21,0.0,1.48, , 
,36.56,1440,16.5,0.0,10100010,36.89,1312,38.4,5.15,438.6,37.25,0.0,1.48, , 
,37.64,1376,16.5,0.0,10110110,37.98,1568,31.0,4.12,377.4,38.34,0.0,1.45, , 
,38.71,1440,16.5,0.0,10100010,39.02,1280,35.3,6.18,418.2,39.34,0.0,1.45, , 
,39.64,896,16.5,0.0,10100010,39.91,768,51.8,12.36,571.2,40.19,0.0,1.41, , 
,40.50,672,18.0,0.0,10100010,40.79,704,66.3,12.36,714.0,41.08,0.0,1.33, , 
,41.38,832,18.0,0.0,10100010,41.68,928,50.2,7.21,571.2,41.98,0.0,1.29, , 
,42.31,1024,18.0,0.0,10100010,42.64,1088,45.9,6.18,499.8,42.95,0.0,1.25, , 
,43.30,1216,18.0,0.0,10100010,43.63,1280,45.9,6.18,520.2,43.98,0.0,1.33, , 
,44.41,1440,18.0,0.0,10100010,44.75,1536,48.6,7.21,520.2,45.16,0.0,1.45, , 
,45.51,1792,18.0,0.0,10100010,45.87,1888,48.6,7.21,520.2,46.21,0.0,1.21, , 
,46.56,2048,18.0,0.0,10100000,46.91,2112,26.7,3.09,316.2,47.28,0.0,0.90, , 
,47.63,1856,18.0,0.0,10100010,47.95,1376,34.1,8.24,397.8,48.26,0.0,0.63, , 
,48.59,1184,18.0,0.0,10100010,48.91,1152,50.2,9.27,571.2,49.24,0.0,0.98, , 
,49.56,1248,18.0,0.0,10100010,49.88,1280,47.1,7.21,520.2,50.22,-0.4,1.33, , 
,50.55,1344,19.5,0.0,10101010,50.90,1344,44.3,6.18,499.8,51.26,1.2,1.41, , 
,51.58,1408,19.5,2.0,10101010,51.94,1440,41.2,6.18,479.4,52.35,2.0,1.37, , 
,52.79,1504,19.5,2.0,10101010,53.08,1504,40.0,6.18,459.0,53.41,1.6,1.33, , 
,53.76,1536,19.5,1.2,10101010,54.09,1568,41.2,6.18,459.0,54.43,3.5,1.41, , 
,54.80,1600,19.5,3.5,10101010,55.16,1632,45.9,7.21,499.8,55.50,5.9,1.45, , 
,55.89,1696,19.5,6.6,10101010,56.28,1728,44.3,7.21,499.8,56.65,1.6,1.13, , 
,56.99,1760,21.0,0.0,10101010,57.35,1792,41.2,6.18,459.0,57.71,-3.5,1.17, , 
,58.09,1824,21.0,-4.7,10101010,58.46,1824,40.0,5.15,438.6,58.84,-7.0,1.29, , 
,59.22,1856,21.0,-7.4,10101010,59.60,1888,36.9,5.15,418.2,59.96,-7.8,1.37, , 
,60.32,1920,21.0,-8.2,10101010,60.68,1888,35.3,5.15,418.2,61.04,-7.4,1.41, , 
,61.40,1920,21.0,-7.8,10101010,61.77,1920,32.5,4.12,377.4,62.14,-8.6,1.37, , 
,62.52,1920,21.0,-10.9,10111110,62.87,1824,26.7,3.09,336.6,63.21,-10.9,1.45, , 
,63.54,1536,21.0,-8.2,10111110,63.87,1408,31.0,4.12,377.4,64.18,-2.7,1.60, , 
,64.52,1056,22.5,-5.5,10111110,64.84,928,38.4,5.15,459.0,65.14,-1.6,1.64, , 
,65.47,928,22.5,0.4,10111110,65.81,960,40.0,6.18,479.4,66.13,2.3,1.48, , 
,66.43,928,22.5,3.1,10111110,66.72,960,40.0,6.18,459.0,67.04,4.3,1.41, , 
,67.35,928,22.5,4.7,10111110,67.65,928,38.4,6.18,459.0,67.95,4.7,1.33, , 
,68.28,960,22.5,5.1,10111110,68.60,928,38.4,6.18,459.0,68.88,4.7,1.29, , 
,69.20,928,22.5,4.7,10111110,69.49,928,35.3,5.15,438.6,69.80,3.9,1.29, , 
,70.14,928,24.0,5.1,10101010,70.50,1184,56.1,16.48,612.0,70.88,0.0,0.78, , 
,71.23,1632,24.0,0.0,10101010,71.59,1696,62.0,12.36,652.8,71.95,0.0,0.98, , 
,72.33,1600,24.0,0.0,10101010,72.69,1504,53.3,8.24,591.6,73.03,0.0,1.13, , 
,73.42,1760,24.0,-2.3,10101010,73.78,1888,50.2,7.21,550.8,74.13,0.0,1.21, , 
,74.47,2080,24.0,0.0,10111100,74.83,1952,22.0,3.09,295.8,75.20,-15.6,0.55, , 
,75.53,1088,24.0,-18.4,10101010,75.85,1088,35.3,4.12,438.6,76.18,-12.9,1.45, , 
,76.50,1152,24.0,0.0,10101010,76.85,1152,47.1,8.24,550.8,77.17,0.0,1.21, , 
,77.52,1248,25.5,0.0,10101010,77.87,1344,51.8,8.24,571.2,78.21,2.3,1.52, , 
,78.67,1472,25.5,3.1,10101010,79.04,1504,40.0,6.18,459.0,79.38,0.4,1.21, , 
,79.73,1600,25.5,-2.7,10101010,80.06,1600,31.0,4.12,377.4,80.45,-7.0,1.17, , 
,80.80,1696,25.5,-7.0,10101010,81.16,1728,31.0,4.12,377.4,81.53,-5.5,1.48, , 
,81.89,1824,25.5,-3.1,10101010,82.27,1856,38.4,5.15,438.6,82.64,-2.0,1.41, , 
,83.01,1952,25.5,-3.1,10101010,83.35,1984,31.0,4.12,377.4,83.69,-4.3,1.41, , 
,84.03,2080,27.0,-2.0,10101000,84.37,2112,34.1,5.15,397.8,84.71,-2.7,1.37, , 
,85.03,2176,27.0,-3.5,10101000,85.38,2208,29.4,4.12,357.0,85.71,-4.3,1.33, , 
,86.05,2272,27.0,-4.3,10101000,86.38,2272,28.2,4.12,336.6,86.71,-4.3,1.37, , 
,87.03,2336,27.0,-3.9,10101000,87.38,2336,26.7,3.09,316.2,87.73,-3.5,1.41, , 
,88.06,2400,27.0,-3.5,10101000,88.39,2368,23.5,3.09,295.8,88.74,-5.1,1.29, , 
,89.12,2400,27.0,-5.5,10111100,89.45,2368,22.0,3.09,275.4,89.78,-5.1,1.41, , 
,90.12,2336,28.5,-4.7,10111100,90.45,2272,22.0,3.09,275.4,90.80,-3.1,1.45, , 
,91.13,2272,28.5,-3.1,10101000,91.46,2240,22.0,3.09,275.4,91.79,-2.3,1.41, , 
,92.10,2304,28.5,-2.3,10101000,92.43,2304,20.8,3.09,275.4,92.76,-2.3,1.37, , 
,93.09,2304,28.5,-2.0,10101000,93.44,2336,22.0,3.09,275.4,93.77,-1.6,1.41, , 
,94.12,2368,28.5,-1.6,10101000,94.45,2368,22.0,3.09,275.4,94.80,-1.6,1.37, , 
,95.13,2336,28.5,-1.2,10111100,95.45,2304,22.0,3.09,275.4,95.79,0.0,1.41, , 
,96.10,2304,28.5,0.8,10111100,96.43,2272,22.0,3.09,275.4,96.77,0.0,1.37, , 
,97.10,2240,30.0,0.8,10111100,97.42,2240,22.0,3.09,275.4,97.77,0.8,1.37, , 
,98.09,2208,30.0,1.2,10111100,98.42,2208,22.0,3.09,275.4,98.77,2.3,1.41, , 
,99.11,2208,30.0,2.7,10111100,99.45,2176,22.0,3.09,275.4,99.80,2.7,1.33, , 
,100.13,2176,30.0,2.7,10111100,100.48,2144,22.0,3.09,275.4,100.81,2.7,1.33, , 
,101.16,2112,30.0,2.7,10111100,101.50,2112,22.0,3.09,275.4,101.88,3.9,1.37, , 
,102.23,2016,31.5,3.5,10111100,102.58,1984,20.8,3.09,275.4,102.96,2.7,1.37, , 
,103.34,1824,31.5,4.3,10111110,103.70,1760,28.2,4.12,357.0,104.06,5.9,1.45, , 
,104.44,1728,31.5,6.3,10111110,104.80,1728,29.4,4.12,357.0,105.15,6.6,1.37, , 
,105.49,1728,31.5,6.6,10111110,105.82,1728,29.4,4.12,357.0,106.18,6.6,1.37, , 
,106.52,1664,31.5,6.3,10111110,106.90,1664,29.4,4.12,357.0,107.24,5.1,1.33, , 
,107.59,1632,33.0,5.1,10111110,107.95,1632,29.4,4.12,357.0,108.30,4.7,1.37, , 
,108.69,1664,33.0,4.3,10101010,109.04,1664,29.4,4.12,357.0,109.38,4.3,1.37, , 
,109.76,1728,33.0,3.1,10101010,110.11,1792,28.2,4.12,336.6,110.49,1.6,1.33, , 
,110.87,1824,33.0,0.4,10101010,111.24,1856,25.1,3.09,316.2,111.60,-0.8,1.33, , 
,111.96,1920,34.5,-2.0,10101010,112.33,1952,22.0,3.09,295.8,112.69,-3.9,1.33, , 
,113.06,1952,34.5,-4.7,10101010,113.40,1984,20.8,3.09,275.4,113.77,-6.3,1.37, , 
,114.14,1984,34.5,-6.3,10101000,114.50,1984,20.8,3.09,275.4,114.86,-5.1,1.48, , 
,115.23,1952,34.5,-2.3,10111110,115.59,1920,22.0,3.09,295.8,115.95,0.4,1.52, , 
,116.32,1888,34.5,1.2,10101010,116.69,1888,23.5,3.09,295.8,117.07,2.0,1.45, , 
,117.42,1888,36.0,2.0,10101010,117.79,1920,22.0,3.09,295.8,118.16,0.0,1.29, , 
,118.51,1984,36.0,0.0,10101000,118.87,2016,22.0,3.09,295.8,119.23,0.4,1.41, , 
,119.58,2080,36.0,-0.4,10101000,119.92,2144,25.1,4.12,316.2,120.27,1.2,1.45, , 
,120.61,2208,36.0,1.2,10101000,120.95,2240,28.2,4.12,336.6,121.28,1.6,1.41, , 
,121.62,2336,36.0,2.0,10101000,121.95,2368,26.7,4.12,316.2,122.30,1.2,1.37, , 
,122.65,2432,36.0,1.6,10101000,123.00,2400,0.0,0.00,295.8,123.36,0.0,3.44, , 
,123.69,1024,37.5,0.0,10111110,124.03,1120,35.3,6.18,438.6,124.35,0.0,1.37, , 
,124.66,1120,37.5,0.0,10111110,125.01,1024,29.4,4.12,377.4,125.36,0.0,1.09, , 
,125.70,960,37.5,-2.3,10111110,126.00,960,32.5,5.15,418.2,126.32,-4.7,1.29, , 
,126.63,896,37.5,-4.7,10111110,126.94,896,34.1,5.15,438.6,127.26,-3.9,1.52, , 
,127.57,896,37.5,-3.5,10111110,127.87,896,34.1,5.15,438.6,128.17,-2.3,1.48, , 
,128.48,864,37.5,-2.0,10111110,128.79,896,34.1,5.15,438.6,129.09,-0.8,1.48, , 
,129.43,896,37.5,0.0,10111110,129.75,896,34.1,5.15,438.6,130.05,1.2,1.48, , 
,130.36,864,39.0,1.6,10111110,130.67,864,32.5,4.12,418.2,130.96,2.3,1.48, , 
,131.27,864,39.0,2.7,10111110,131.57,864,34.1,5.15,438.6,131.88,3.1,1.48, , 
,132.18,896,39.0,3.1,10111110,132.48,864,34.1,5.15,438.6,132.79,0.0,0.90, , 
,133.12,1536,39.0,0.0,10101010,133.49,1632,56.1,9.27,612.0,133.83,0.0,1.37, , 
,134.16,1248,39.0,0.0,10101010,134.48,1248,54.5,8.24,612.0,134.81,0.0,1.33, , 
,135.14,1440,39.0,-0.8,10101010,135.47,1472,47.1,7.21,550.8,135.83,2.0,1.52, , 
,136.19,1632,39.0,1.6,10101010,136.54,1696,31.0,4.12,377.4,136.90,-3.1,1.25, , 
,137.24,1728,39.0,-4.7,10111110,137.60,1760,28.2,3.09,357.0,137.93,-5.1,1.37, , 
,138.30,1760,39.0,-6.3,10111110,138.67,1696,28.2,3.09,357.0,139.02,-3.9,1.52, , 
,139.40,1632,40.5,-2.7,10111110,139.73,1600,28.2,4.12,357.0,140.10,0.8,1.60, , 
,140.49,1536,40.5,1.2,10111110,140.89,1472,29.4,4.12,357.0,141.24,4.7,1.56, , 
,141.60,1440,40.5,5.1,10111110,141.92,1408,29.4,4.12,377.4,142.26,5.9,1.45, , 
,142.60,1376,40.5,5.9,10111110,142.93,1344,29.4,4.12,377.4,143.26,6.3,1.41, , 
,143.58,1376,40.5,0.0,10101010,143.93,1376,48.6,8.24,550.8,144.37,0.0,1.45, , 
,144.69,1536,40.5,0.0,10101010,145.06,1632,57.6,9.27,632.4,145.41,0.0,1.56, , 
,145.77,1824,40.5,2.0,10101010,146.14,1888,50.2,7.21,550.8,146.52,2.7,1.45, , 
,146.87,1984,42.0,1.6,10101000,147.23,2080,45.9,6.18,499.8,147.57,4.7,1.56, , 
,147.90,2240,42.0,6.6,10101000,148.23,2304,62.0,10.30,652.8,148.54,8.6,1.41, , 
,148.89,2432,42.0,7.0,10101000,149.23,2528,56.1,9.27,591.6,149.55,4.3,1.25, , 
,149.87,2688,42.0,3.5,10101000,150.20,2432,0.0,0.00,336.6,150.50,0.0,3.28, , 
,150.81,1152,42.0,0.0,10111110,151.12,1152,34.1,5.15,418.2,151.47,0.0,1.45, , 
,151.84,1728,42.0,0.0,10101010,152.20,1728,28.2,4.12,357.0,152.56,-8.2,1.21, , 
,152.94,1760,42.0,-8.2,10101010,153.30,1760,40.0,6.18,459.0,153.62,-3.5,1.60, , 
,154.00,1792,43.5,-2.3,10101010,154.39,1792,42.7,6.18,479.4,154.77,0.0,1.13, , 
,155.13,1888,43.5,0.0,10101010,155.49,1920,47.1,6.18,520.2,155.86,0.0,1.33, , 
,156.23,1952,43.5,-3.1,10101010,156.60,1984,31.0,4.12,377.4,156.97,-6.6,1.29, , 
,157.33,1984,43.5,-7.0,10101010,157.69,1984,26.7,3.09,336.6,158.06,-6.3,1.48, , 
,158.40,1984,43.5,-6.3,10101010,158.75,1952,25.1,3.09,336.6,159.11,-4.7,1.52, , 
,159.49,1952,43.5,-5.1,10101010,159.86,1984,25.1,3.09,336.6,160.23,-3.9,1.52, , 
,160.58,1952,43.5,-2.7,10101010,160.94,1984,25.1,3.09,336.6,161.31,-2.0,1.48, , 
,161.66,1952,43.5,-2.0,10101010,162.02,1952,28.2,4.12,357.0,162.39,0.4,1.52, , 
,162.76,1920,45.0,0.8,10101010,163.12,1920,29.4,4.12,357.0,163.49,0.8,1.45, , 
,163.86,1920,45.0,1.6,10101010,164.24,1920,29.4,4.12,377.4,164.58,2.0,1.41, , 
,164.96,1888,45.0,2.0,10101010,165.33,1888,31.0,4.12,377.4,165.69,2.3,1.41, , 
,166.06,1888,45.0,2.0,10101010,166.42,1888,31.0,4.12,377.4,166.80,2.0,1.41, , 
,167.18,1888,45.0,2.0,10101010,167.54,1888,31.0,4.12,377.4,167.91,2.0,1.41, , 
,168.28,1888,45.0,1.6,10101010,168.66,1888,34.1,5.15,418.2,169.04,3.1,1.45, , 
,169.39,1920,46.5,2.7,10101010,169.75,1920,36.9,5.15,438.6,170.12,3.9,1.45, , 
,170.48,1952,46.5,3.5,10101010,170.83,1952,35.3,5.15,418.2,171.19,2.7,1.41, , 
,171.55,1984,46.5,3.1,10101010,171.92,1984,34.1,5.15,397.8,172.31,2.7,1.41, , 
,172.69,1984,46.5,2.0,10101000,173.05,2016,36.9,5.15,418.2,173.41,3.1,1.48, , 
,173.76,2016,46.5,3.1,10101000,174.10,2016,35.3,5.15,418.2,174.45,3.5,1.45, , 
,174.81,2048,46.5,2.7,10101000,175.16,2048,35.3,5.15,418.2,175.50,2.7,1.41, , 
,175.85,2080,46.5,2.0,10101000,176.21,2080,35.3,5.15,418.2,176.55,1.2,1.41, , 
,176.91,2080,46.5,0.8,10101000,177.25,2080,35.3,5.15,418.2,177.59,0.4,1.45, , 
,177.92,2112,48.0,0.8,10101000,178.27,2112,35.3,5.15,418.2,178.62,0.8,1.48, , 
,178.97,2112,48.0,-7.4,10101000,179.30,2112,41.2,5.15,459.0,179.64,-14.5,1.25, , 
,179.98,2144,48.0,-10.5,10101000,180.32,2176,40.0,5.15,459.0,180.65,-7.0,1.41, , 
,180.99,2176,48.0,-6.3,10101000,181.33,2176,32.5,4.12,377.4,181.67,-4.7,1.45, , 
,182.02,2176,48.0,-5.9,10101000,182.35,2208,32.5,3.09,377.4,182.69,-2.3,1.48, , 
,183.04,2208,48.0,-3.1,10101000,183.37,2208,32.5,3.09,397.8,183.70,-4.3,1.56, , 
,184.05,2208,48.0,1.2,10101000,184.40,2240,35.3,4.12,418.2,184.73,1.6,1.56, , 
,185.06,2240,48.0,3.5,10101000,185.39,2272,36.9,4.12,418.2,185.73,5.5,1.56, , 
,186.05,2272,49.5,6.6,10101000,186.38,2304,36.9,4.12,418.2,186.72,8.6,1.56, , 
,187.07,2304,49.5,10.2,10101000,187.41,2304,36.9,4.12,418.2,187.76,11.7,1.48, , 
,188.08,2304,49.5,10.9,10101000,188.43,2336,35.3,4.12,418.2,188.77,10.9,1.41, , 
,189.12,2336,49.5,11.3,10101000,189.45,2336,36.9,4.12,418.2,189.78,9.4,1.41, , 
,190.12,2336,49.5,9.8,10101000,190.46,2368,35.3,4.12,418.2,190.81,10.5,1.41, , 
,191.15,2368,49.5,10.5,10101000,191.54,2368,35.3,4.12,418.2,191.88,7.4,1.37, , 
,192.22,2336,49.5,8.2,10101000,192.59,2368,36.9,4.12,418.2,192.93,8.2,1.45, , 
,193.26,2368,49.5,7.8,10101000,193.59,2368,36.9,4.12,418.2,193.94,6.3,1.41, , 
,194.27,2368,51.0,5.5,10101000,194.62,2368,36.9,4.12,418.2,194.96,6.3,1.48, , 
,195.29,2368,51.0,7.0,10101000,195.60,2368,36.9,4.12,418.2,195.97,7.4,1.48, , 
,196.31,2400,51.0,3.5,10101000,196.67,2400,35.3,4.12,418.2,197.02,4.7,1.45, , 
,197.36,2432,51.0,4.3,10101000,197.70,2400,38.4,5.15,438.6,198.03,5.1,1.48, , 
,198.38,2432,51.0,4.7,10101000,198.73,2432,40.0,5.15,459.0,199.06,5.9,1.45, , 
,199.41,2432,51.0,5.9,10101000,199.74,2432,40.0,5.15,438.6,200.08,7.0,1.45, , 
,200.45,2432,52.5,5.5,10101000,200.80,2464,40.0,5.15,438.6,201.15,6.3,1.48, , 
,201.52,2464,52.5,5.9,11101000,201.86,2464,38.4,5.15,438.6,202.21,3.5,1.45, , 
,202.59,2496,52.5,2.0,11101000,202.95,2496,38.4,5.15,438.6,203.30,0.4,1.37, , 
,203.62,2496,52.5,-0.8,11101000,203.96,2496,38.4,5.15,438.6,204.31,-2.7,1.37, , 
,204.65,2496,52.5,-5.1,11101000,204.99,2496,38.4,5.15,438.6,205.31,-7.8,1.33, , 
,205.66,2528,52.5,-10.5,11101000,205.99,2528,38.4,5.15,418.2,206.34,-11.3,1.41, , 
,206.67,2528,52.5,-12.5,11101000,207.03,2528,36.9,4.12,418.2,207.35,-13.3,1.48, , 
,207.69,2528,54.0,-12.5,11101000,208.04,2528,36.9,4.12,418.2,208.40,-12.1,1.52, , 
,208.74,2560,54.0,-11.7,11101000,209.07,2560,35.3,4.12,418.2,209.42,-12.5,1.41, , 
,209.79,2560,54.0,-13.3,11101000,210.12,2560,31.0,4.12,377.4,210.46,-14.8,1.37, , 
,210.80,2528,54.0,-14.8,11101000,211.16,2528,31.0,3.09,377.4,211.49,-16.0,1.45, , 
,211.83,2528,54.0,-15.6,11101000,212.17,2528,29.4,3.09,357.0,212.50,-16.4,1.41, , 
,212.83,2528,54.0,-16.4,11101000,213.19,2528,29.4,3.09,357.0,213.53,-16.4,1.45, , 
,213.88,2496,55.5,-16.8,11101000,214.22,2496,29.4,3.09,357.0,214.57,-16.0,1.48, , 
,214.93,2496,55.5,-16.0,11101000,215.27,2496,31.0,3.09,357.0,215.63,-16.0,1.45, , 
,215.96,2496,55.5,-15.6,11101000,216.29,2496,29.4,3.09,357.0,216.63,-15.6,1.41, , 
,216.98,2464,55.5,-15.6,11101000,217.34,2464,29.4,3.09,357.0,217.70,-15.6,1.45, , 
,218.05,2464,55.5,-14.5,11101000,218.41,2464,31.0,4.12,377.4,218.76,-13.7,1.48, , 
,219.09,2464,55.5,-13.3,11101000,219.45,2464,31.0,4.12,377.4,219.81,-12.9,1.41, , 
,220.14,2464,57.0,-12.5,11101000,220.52,2464,34.1,4.12,397.8,220.88,-11.3,1.48, , 
,221.25,2464,57.0,-9.8,11101000,221.61,2464,44.3,5.15,479.4,221.97,-8.2,1.45, , 
,222.30,2496,57.0,-7.8,11101000,222.66,2496,54.5,7.21,591.6,223.00,-14.1,1.33, , 
,223.34,2560,57.0,-14.8,11101000,223.65,2592,56.1,7.21,612.0,223.99,-16.0,1.48, , 
,224.32,2656,57.0,-16.0,11101000,224.66,2656,54.5,6.18,591.6,224.99,-16.0,1.48, , 
,225.32,2720,57.0,-16.4,11101000,225.64,2720,51.8,6.18,571.2,226.00,-15.2,1.45, , 
,226.34,2784,57.0,-14.8,11101000,226.68,2784,54.5,7.21,591.6,227.02,-16.0,1.37, , 
,227.37,2720,57.0,0.0,11111100,227.72,2080,0.0,0.00,316.2,228.08,0.0,3.91, , 
,228.44,1152,58.5,0.0,11101010,228.79,1984,23.5,3.09,336.6,229.15,0.0,0.35, , 
,229.50,2016,58.5,0.0,11101000,229.86,2016,31.0,4.12,377.4,230.23,0.0,0.70, , 
,230.60,2016,58.5,0.0,11101000,230.94,2016,60.4,9.27,673.2,231.29,-9.8,0.78, , 
,231.66,2048,58.5,-8.6,11101000,232.00,2080,59.2,7.21,632.4,232.35,-10.5,1.33, , 
,232.70,2080,58.5,0.0,11101000,233.04,2080,44.3,6.18,499.8,233.40,-3.1,1.21, , 
,233.76,2080,58.5,-4.3,11101000,234.10,2112,42.7,5.15,479.4,234.44,-5.9,1.41, , 
,234.79,2080,58.5,-7.4,11101000,235.12,2112,44.3,5.15,499.8,235.48,-8.6,1.45, , 
,235.84,2112,60.0,-8.2,11101000,236.17,2112,44.3,5.15,499.8,236.50,-9.0,1.41, , 
,236.87,2112,60.0,-9.0,11101000,237.21,2112,44.3,5.15,499.8,237.59,-8.6,1.52, , 
,237.96,2112,60.0,-8.2,11101000,238.32,2112,47.1,6.18,520.2,238.68,-7.8,1.45, , 
,239.02,2144,60.0,-7.8,11101000,239.37,2144,45.9,6.18,520.2,239.70,-6.6,1.52, , 
,240.06,2144,60.0,-8.2,11101000,240.43,2144,45.9,6.18,499.8,240.77,-6.3,1.45, , 
,241.12,2176,60.0,-6.3,11101000,241.44,2176,44.3,6.18,499.8,241.80,-5.5,1.45, , 
,242.13,2176,60.0,0.0,11101000,242.47,2144,28.2,4.12,357.0,242.83,0.0,0.94, , 
,243.16,2144,60.0,-11.3,11101000,243.50,2144,29.4,3.09,357.0,243.83,-14.5,1.25, , 
,244.16,2144,61.5,-16.0,11101000,244.50,2144,35.3,4.12,418.2,244.85,-17.6,1.52, , 
,245.21,2112,61.5,-13.7,11101000,245.57,2112,38.4,4.12,438.6,245.91,-8.2,1.60, , 
,246.24,2112,61.5,-7.4,11101000,246.60,2112,36.9,4.12,438.6,246.94,-5.9,1.52, , 
,247.29,2112,61.5,-5.5,11101000,247.63,2112,38.4,4.12,438.6,247.98,-4.3,1.48, , 
,248.33,2112,61.5,-2.7,11101000,248.67,2112,40.0,5.15,459.0,249.02,-1.6,1.48, , 
,249.36,2112,61.5,-1.6,11101000,249.72,2112,40.0,5.15,459.0,250.07,0.0,1.48, , 
,250.41,2112,63.0,0.4,11101000,250.76,2112,40.0,5.15,459.0,251.10,1.2,1.45, , 
,251.45,2112,63.0,0.4,11101000,251.80,2112,40.0,5.15,459.0,252.15,1.2,1.41, , 
,252.49,2112,63.0,1.2,11101000,252.84,2112,38.4,5.15,459.0,253.18,1.2,1.45, , 
,253.53,2112,63.0,0.8,11101000,253.88,2112,35.3,4.12,438.6,254.25,-2.0,1.25, , 
,254.59,2080,63.0,-14.1,11101000,254.92,2080,26.7,3.09,336.6,255.29,-17.6,1.25, , 
,255.62,2080,63.0,-17.6,11101000,255.98,2080,26.7,3.09,336.6,256.34,-18.4,1.41, , 
,256.70,2048,63.0,-18.4,11101000,257.05,2048,28.2,3.09,357.0,257.40,-19.1,1.48, , 
,257.75,2048,63.0,-19.5,11101000,258.11,2016,29.4,3.09,357.0,258.46,-18.0,1.45, , 
,258.83,2016,64.5,-16.4,11101000,259.19,2016,36.9,4.12,438.6,259.53,-13.7,1.56, , 
,259.90,2016,64.5,-12.9,11101000,260.25,2016,36.9,4.12,438.6,260.62,-10.9,1.48, , 
,260.97,2016,64.5,-9.8,11101000,261.32,2048,36.9,4.12,438.6,261.68,-9.0,1.41, , 
,262.05,2048,64.5,-9.0,11101000,262.40,2048,36.9,4.12,438.6,262.76,-8.6,1.41, , 
,263.11,2048,64.5,-8.6,11101000,263.48,2080,35.3,4.12,418.2,263.85,-9.0,1.37, , 
,264.20,2080,64.5,-9.8,11101000,264.53,2080,35.3,4.12,418.2,264.87,-10.2,1.41, , 
,265.23,2080,66.0,-10.5,11101000,265.56,2112,32.5,4.12,397.8,265.88,-10.9,1.37, , 
,266.22,2112,66.0,-11.7,11101000,266.57,2144,31.0,4.12,397.8,266.91,-12.5,1.41, , 
,267.25,2144,66.0,-12.5,11101000,267.59,2176,31.0,4.12,377.4,267.91,-13.7,1.37, , 
,268.24,2176,66.0,-13.7,11101000,268.59,2208,29.4,3.09,377.4,268.94,-14.8,1.33, , 
,269.29,2208,66.0,-16.0,11101000,269.61,2208,22.0,2.06,295.8,269.95,-15.6,1.45, , 
,270.31,2208,66.0,-13.3,11101000,270.63,2208,17.6,2.06,275.4,270.96,-14.5,1.45, , 
,271.30,2240,66.0,-15.2,11101000,271.62,2240,19.2,2.06,275.4,271.98,-14.1,1.52, , 
,272.31,2240,66.0,-12.5,11111100,272.62,2208,0.0,0.00,275.4,272.96,0.0,3.48, , 
,273.28,2208,67.5,0.0,11111100,273.61,2208,0.0,0.00,275.4,273.95,0.0,3.98, , 
,274.29,2176,67.5,0.0,11111100,274.65,2176,0.0,0.00,275.4,274.98,0.0,3.91, , 
,275.31,2144,67.5,0.0,11111100,275.66,2144,0.0,0.00,275.4,275.98,0.0,3.87, , 
,276.33,2144,67.5,0.0,11101000,276.66,2112,19.2,3.09,275.4,276.99,0.0,0.43, , 
,277.34,2144,67.5,0.0,11101000,277.68,2112,25.1,3.09,336.6,278.04,-10.9,1.25, , 
,278.37,2144,67.5,-11.3,11101000,278.70,2176,40.0,5.15,459.0,279.04,-7.4,1.60, , 
,279.38,2208,67.5,-7.0,11101000,279.73,2208,41.2,5.15,479.4,280.05,-4.7,1.60, , 
,280.41,2240,67.5,-3.1,11101000,280.75,2240,40.0,5.15,459.0,281.08,-1.6,1.45, , 
,281.42,2304,67.5,-0.8,11101000,281.77,2304,38.4,5.15,459.0,282.09,-0.4,1.41, , 
,282.45,2336,67.5,0.4,11101000,282.78,2336,51.8,7.21,571.2,283.12,-4.3,1.21, , 
,283.46,2368,67.5,-5.5,11101000,283.79,2400,57.6,7.21,632.4,284.16,-11.7,1.25, , 
,284.50,2432,67.5,-12.1,11101000,284.84,2464,57.6,7.21,612.0,285.20,-14.5,1.41, , 
,285.56,2496,67.5,-14.5,11101000,285.90,2528,59.2,7.21,632.4,286.25,-15.2,1.45, , 
,286.58,2560,69.0,-16.0,11101000,286.90,2560,62.0,7.21,673.2,287.27,-16.8,1.41, , 
,287.61,2592,69.0,-17.6,11101000,287.94,2624,67.8,8.24,714.0,288.29,-20.3,1.37, , 
,288.64,2688,69.0,-20.3,11101000,288.96,2688,72.2,8.24,754.8,289.29,-21.9,1.48, , 
,289.65,2752,69.0,-20.3,11101000,290.01,2752,60.4,7.21,652.8,290.35,-18.8,1.52, , 
,290.73,2784,69.0,-17.2,11101000,291.08,2720,0.0,0.00,438.6,291.42,0.0,3.67, , 
,291.73,1504,69.0,0.0,11111110,292.03,1024,26.7,4.12,377.4,292.37,0.0,3.05, , 
,292.72,1760,69.0,0.0,11101010,293.06,2048,17.6,3.09,275.4,293.40,0.0,0.35, , 
,293.76,2080,69.0,-17.2,11101000,294.12,2080,23.5,3.09,316.2,294.48,-15.6,1.21, , 
,294.85,2048,69.0,0.0,11101000,295.21,2080,59.2,9.27,652.8,295.55,0.0,1.09, , 
,295.90,2080,69.0,0.0,11101000,296.27,2080,65.1,10.30,714.0,296.61,-5.1,1.05, , 
,296.95,2112,70.5,-6.3,11101000,297.30,2112,72.2,10.30,775.2,297.65,-10.9,1.29, , 
,297.98,2144,70.5,-15.2,11101000,298.33,2144,72.2,9.27,754.8,298.66,-16.8,1.52, , 
,299.03,2176,70.5,-17.6,11101000,299.34,2176,66.3,8.24,714.0,299.68,-18.0,1.48, , 
,300.05,2176,70.5,-18.4,11101000,300.39,2208,66.3,8.24,714.0,300.74,-17.6,1.52, , 
,301.09,2208,70.5,-16.8,11101000,301.42,2240,66.3,8.24,714.0,301.75,-17.2,1.48, , 
,302.10,2240,70.5,-17.2,11101000,302.43,2272,65.1,8.24,693.6,302.78,-16.4,1.45, , 
,303.11,2272,70.5,-15.6,11101000,303.44,2272,62.0,7.21,673.2,303.78,-14.1,1.56, , 
,304.10,2272,70.5,-10.9,11101000,304.44,2272,40.0,5.15,479.4,304.77,0.0,1.45, , 
,305.10,2272,70.5,0.0,11101000,305.44,2272,23.5,3.09,316.2,305.77,-12.5,0.90, , 
,306.10,2240,72.0,-15.2,11101000,306.44,2240,23.5,3.09,316.2,306.77,-18.4,1.25, , 
,307.11,2208,72.0,-19.5,11101000,307.46,2208,17.6,2.06,244.8,307.80,-21.1,1.37, , 
,308.14,2176,72.0,-23.0,11101000,308.47,2176,17.6,2.06,275.4,308.81,-26.2,1.41, , 
,309.14,2144,72.0,0.0,11101000,309.48,2176,82.7,14.42,867.0,309.82,0.0,0.63, , 
,310.14,2208,72.0,0.0,11101000,310.49,2240,92.9,16.48,969.0,310.82,0.0,0.70, , 
,311.16,2272,72.0,-9.0,11101000,311.50,2272,92.9,14.42,969.0,311.85,-15.2,1.25, , 
,312.17,2304,72.0,-16.4,11101000,312.53,2336,82.7,11.33,867.0,312.87,-19.1,1.45, , 
,313.20,2336,73.5,0.0,11101000,313.52,2336,53.3,7.21,591.6,313.85,0.0,1.21, , 
,314.20,2368,73.5,0.0,11101000,314.56,2368,65.1,10.30,693.6,314.88,-9.0,0.86, , 
,315.22,2368,73.5,-11.3,11101000,315.60,2368,60.4,7.21,652.8,315.91,-14.8,1.41, , 
,316.24,2400,73.5,0.0,11101000,316.60,2400,76.9,12.36,795.6,316.96,-5.9,0.98, , 
,317.30,2432,73.5,-9.4,11101000,317.64,2432,81.2,11.33,867.0,317.98,-13.7,1.33, , 
,318.32,2464,73.5,-16.4,11101000,318.67,2464,69.4,8.24,734.4,318.98,-21.1,1.41, , 
,319.34,2496,73.5,-19.9,11101000,319.71,2496,53.3,6.18,591.6,320.06,-17.6,1.60, , 
,320.37,2496,75.0,-16.4,11101000,320.74,2496,35.3,5.15,418.2,321.06,-3.5,1.21, , 
,321.42,2496,75.0,-5.1,11101000,321.81,2464,34.1,4.12,397.8,322.18,-7.4,1.33, , 
,322.56,2464,75.0,-8.6,11101000,322.90,2464,34.1,4.12,418.2,323.25,-9.4,1.45, , 
,323.63,2464,75.0,-9.4,11101000,324.02,2432,34.1,4.12,418.2,324.37,-9.0,1.45, , 
,324.74,2432,75.0,-10.2,11101000,325.12,2432,44.3,6.18,499.8,325.47,-9.0,1.52, , 
,325.83,2432,75.0,-7.8,11101000,326.20,2432,48.6,6.18,550.8,326.58,-9.0,1.37, , 
,326.96,2432,76.5,-9.0,11101000,327.34,2432,51.8,7.21,571.2,327.68,-10.2,1.41, , 
,328.06,2432,76.5,-10.2,11101000,328.39,2432,34.1,4.12,418.2,328.75,0.0,1.33, , 
,329.08,2400,76.5,0.0,11101000,329.42,2400,22.0,3.09,295.8,329.74,-14.5,0.98, , 
,330.09,2400,76.5,-17.2,11101000,330.39,2368,45.9,7.21,520.2,330.71,0.0,1.05, , 
,331.04,2400,76.5,-3.9,11101000,331.40,2368,45.9,6.18,520.2,331.78,-3.5,1.41, , 
,332.09,2368,76.5,-3.9,11101000,332.39,2368,44.3,6.18,499.8,332.74,-5.5,1.33, , 
,333.08,2368,76.5,-5.1,11101000,333.39,2368,44.3,6.18,499.8,333.72,-5.1,1.45, , 
,334.11,2368,78.0,-5.5,11101000,334.46,2368,44.3,6.18,499.8,334.77,-5.5,1.48, , 
,335.12,2368,78.0,-4.7,11101000,335.46,2368,44.3,6.18,499.8,335.80,-4.3,1.41, , 
,336.18,2368,78.0,-4.7,11101000,336.53,2368,44.3,6.18,499.8,336.87,-5.1,1.41, , 
,337.21,2368,78.0,-5.9,11101000,337.58,2368,42.7,6.18,499.8,337.93,-5.5,1.41, , 
,338.30,2368,78.0,-5.5,11101000,338.65,2368,42.7,6.18,499.8,339.02,-5.1,1.41, , 
,339.35,2336,78.0,-4.7,11101000,339.68,2336,42.7,6.18,499.8,340.01,-4.7,1.45, , 
,340.34,2336,78.0,-7.8,11101000,340.71,2336,53.3,7.21,591.6,341.02,0.0,1.33, , 
,341.35,2368,78.0,0.0,11101000,341.68,2368,71.0,11.33,754.8,342.03,-6.3,1.13, , 
,342.34,2400,78.0,-9.8,11101000,342.67,2400,65.1,8.24,714.0,343.00,-15.2,1.33, , 
,343.32,2400,78.0,-16.8,11101000,343.67,2400,53.3,8.24,591.6,344.03,-6.3,1.09, , 
,344.39,2400,79.5,-7.8,11101000,344.71,2432,72.2,12.36,754.8,345.03,0.0,0.90, , 
,345.37,2432,79.5,0.0,11101000,345.73,2464,92.9,16.48,969.0,346.08,-10.2,0.63, , 
,346.42,2496,79.5,-10.5,11101000,346.75,2496,92.9,13.39,969.0,347.10,-14.1,1.33, , 
,347.45,2528,79.5,-16.4,11101000,347.78,2560,92.9,13.39,969.0,348.12,-16.0,1.48, , 
,348.47,2592,79.5,-16.0,11101001,348.80,2592,94.5,14.42,989.4,349.13,-14.1,1.48, , 
,349.47,2624,79.5,-13.7,11101001,349.79,2656,92.9,16.48,969.0,350.13,-6.6,0.86, , 
,350.47,2688,79.5,-8.6,11101001,350.80,2720,92.9,14.42,969.0,351.13,-12.1,1.29, , 
,351.46,2720,79.5,-14.1,11101001,351.84,2752,92.9,13.39,969.0,352.19,-16.4,1.37, , 
,352.52,2784,81.0,-16.4,11101001,352.86,2784,92.9,13.39,969.0,353.23,-17.2,1.45, , 
,353.57,2816,81.0,-16.8,11101001,353.91,2848,94.5,13.39,969.0,354.26,-16.4,1.48, , 
,354.57,2848,81.0,-17.2,11101001,354.91,2880,92.9,13.39,969.0,355.23,-15.6,1.48, , 
,355.56,2912,81.0,-16.0,11101001,355.93,2912,94.5,13.39,969.0,356.36,-15.2,1.41, , 
,356.62,2944,81.0,0.0,11101001,357.04,2944,57.6,8.24,632.4,357.32,0.0,0.66, , 
,357.78,2944,81.0,-10.2,11101001,358.05,2944,67.8,8.24,714.0,358.42,-18.8,1.21, , 
,358.80,2944,82.5,-20.7,11101001,359.06,2976,67.8,8.24,734.4,359.43,-23.4,1.45, , 
,359.88,2976,82.5,-22.7,11101001,360.15,2944,67.8,8.24,714.0,360.42,0.0,1.60, , 
,360.85,2944,82.5,0.0,11101001,361.14,2944,31.0,4.12,397.8,361.54,-3.9,1.17, , 
,361.92,2880,82.5,-12.1,11101001,362.26,2944,29.4,3.09,357.0,362.61,-12.9,1.41, , 
,362.95,2880,84.0,-13.3,11101001,363.31,2880,29.4,3.09,357.0,363.65,-15.2,1.52, , 
,364.01,2848,84.0,-12.9,11101001,364.35,2848,45.9,5.15,520.2,364.69,-9.8,1.56, , 
,365.06,2816,84.0,-8.2,11101001,365.44,2816,45.9,6.18,520.2,365.80,-5.5,1.48, , 
,366.15,2816,84.0,-5.5,11101001,366.50,2816,45.9,6.18,520.2,366.85,-5.5,1.45, , 
,367.21,2816,84.0,-5.1,11101001,367.58,2784,45.9,6.18,520.2,367.93,-5.5,1.33, , 
,368.28,2784,84.0,-6.3,11101001,368.61,2784,50.2,6.18,571.2,368.93,-7.4,1.37, , 
,369.28,2784,84.0,-9.0,11101001,369.62,2784,53.3,7.21,591.6,369.96,-10.2,1.45, , 
,370.32,2784,84.0,-10.5,11101001,370.68,2784,53.3,7.21,591.6,371.04,-10.5,1.48, , 
,371.38,2784,84.0,-10.5,11101001,371.73,2784,51.8,6.18,591.6,372.09,-10.9,1.45, , 
,372.43,2752,84.0,-10.9,11101001,372.79,2784,57.6,7.21,632.4,373.14,-10.5,1.45, , 
,373.49,2784,84.0,-10.9,11101001,373.84,2752,59.2,7.21,652.8,374.18,-11.7,1.45, , 
,374.53,2784,82.5,-12.5,11101001,374.87,2784,59.2,7.21,652.8,375.22,-12.1,1.45, , 
,375.55,2784,82.5,-12.1,11101001,375.88,2784,57.6,7.21,632.4,376.20,-12.9,1.41, , 
,376.52,2784,81.0,-12.5,11101001,376.85,2784,57.6,7.21,632.4,377.18,-11.7,1.48, , 
,377.52,2784,79.5,-11.7,11101001,377.85,2784,56.1,7.21,612.0,378.21,-11.7,1.41, , 
,378.55,2784,79.5,-12.5,11101000,378.87,2784,54.5,7.21,612.0,379.23,-11.7,1.41, , 
,379.58,2784,78.0,-11.3,11101000,379.92,2784,54.5,7.21,612.0,380.27,-12.1,1.45, , 
,380.60,2784,78.0,-11.7,11101000,380.90,2784,54.5,7.21,591.6,381.24,-11.7,1.48, , 
,381.59,2784,78.0,-9.8,11101000,381.96,2752,50.2,6.18,571.2,382.30,-9.4,1.41, , 
,382.65,2752,78.0,-8.2,11101000,383.02,2752,50.2,6.18,571.2,383.35,-7.0,1.45, , 
,383.71,2752,76.5,-7.4,11101000,384.07,2752,50.2,6.18,571.2,384.41,-7.8,1.45, , 
,384.76,2752,76.5,-7.4,11101000,385.11,2752,38.4,4.12,459.0,385.44,0.0,1.45, , 
,385.79,2688,76.5,0.0,11111100,386.10,2688,0.0,0.00,275.4,386.40,0.0,3.55, , 
,386.74,2656,76.5,0.0,11111100,387.05,2624,0.0,0.00,275.4,387.38,0.0,3.83, , 
,387.70,2592,76.5,0.0,11111100,388.03,2560,19.2,3.09,275.4,388.37,0.0,0.66, , 
,388.72,2560,76.5,0.0,11101000,389.06,2560,31.0,4.12,357.0,389.40,0.0,0.90, , 
,389.75,2528,76.5,0.0,11101000,390.10,2528,60.4,9.27,652.8,390.45,-7.4,1.21, , 
,390.78,2528,78.0,-9.4,11101000,391.12,2560,59.2,8.24,652.8,391.45,-10.9,1.41, , 
,391.80,2560,78.0,-12.1,11101000,392.16,2560,59.2,7.21,652.8,392.49,-13.3,1.48, , 
,392.82,2560,78.0,-13.7,11101000,393.15,2560,48.6,5.15,550.8,393.46,0.0,1.56, , 
,393.82,2528,78.0,0.0,11101000,394.16,2496,19.2,2.06,275.4,394.51,-9.8,1.13, , 
,394.85,2496,78.0,-10.2,11101000,395.20,2464,17.6,2.06,244.8,395.56,-9.8,1.45, , 
,395.91,2432,78.0,-10.9,11101000,396.27,2432,17.6,2.06,244.8,396.59,-11.3,1.45, , 
,396.92,2400,78.0,-9.4,11111100,397.24,2368,0.0,0.00,275.4,397.56,0.0,3.79, , 
,397.89,2336,79.5,0.0,11111100,398.23,2304,0.0,0.00,275.4,398.58,0.0,3.95, , 
,398.92,2272,79.5,0.0,11111100,399.26,2272,0.0,0.00,275.4,399.61,0.0,3.87, , 
,399.94,2208,79.5,0.0,11111101,400.26,2176,0.0,0.00,275.4,400.61,0.0,3.59, , 
,400.96,2144,79.5,0.0,11101001,401.32,2112,17.6,2.06,244.8,401.67,0.0,0.94, , 
,402.03,2112,81.0,0.0,11101001,402.36,2112,90.2,15.45,948.6,402.72,0.0,0.98, , 
,403.07,2112,81.0,0.0,11101001,403.43,2112,91.4,14.42,969.0,403.78,-6.6,1.25, , 
,404.10,2112,81.0,-8.2,11101001,404.43,2112,90.2,13.39,948.6,404.78,-11.7,1.37, , 
,405.12,2112,81.0,-11.7,11101001,405.47,2112,88.6,12.36,948.6,405.79,-12.9,1.45, , 
,406.15,2112,81.0,-13.7,11101001,406.49,2112,87.1,12.36,928.2,406.83,-13.7,1.52, , 
,407.16,2144,81.0,-14.1,11101001,407.48,2144,84.3,11.33,907.8,407.83,-12.9,1.48, , 
,408.18,2176,81.0,-11.7,11101001,408.51,2176,75.3,11.33,826.2,408.85,0.0,1.21, , 
,409.18,2176,81.0,-4.7,11101001,409.53,2208,63.5,8.24,693.6,409.86,-7.8,1.29, , 
,410.21,2208,82.5,-8.2,11101001,410.55,2208,62.0,8.24,673.2,410.89,-9.4,1.48, , 
,411.22,2240,82.5,-8.2,11101001,411.56,2272,53.3,6.18,591.6,411.89,-5.9,1.56, , 
,412.23,2272,82.5,-5.1,11101001,412.56,2304,50.2,7.21,571.2,412.91,-4.3,1.41, , 
,413.25,2336,82.5,-3.5,11101001,413.60,2336,48.6,6.18,571.2,413.97,-2.3,1.52, , 
,414.29,2368,82.5,-0.8,11101001,414.61,2368,45.9,6.18,520.2,414.95,0.0,1.41, , 
,415.27,2400,82.5,0.0,11101001,415.62,2400,45.9,6.18,520.2,415.97,0.0,1.37, , 
,416.33,2432,82.5,-0.4,11101001,416.70,2432,45.9,6.18,520.2,417.04,-0.4,1.48, , 
,417.40,2432,84.0,-0.8,11101001,417.78,2432,45.9,6.18,520.2,418.15,-0.8,1.37, , 
,418.49,2432,84.0,-1.2,11101001,418.83,2400,48.6,7.21,550.8,419.17,-5.5,1.13, , 
,419.49,2432,84.0,-6.6,11101001,419.82,2432,65.1,8.24,693.6,420.14,-11.3,1.21, , 
,420.48,2432,84.0,-14.1,11101001,420.83,2464,71.0,9.27,754.8,421.19,-13.3,1.45, , 
,421.55,2464,84.0,-9.8,11101001,421.86,2464,69.4,8.24,754.8,422.17,-10.5,1.48, , 
,422.53,2496,84.0,-7.0,11101001,422.89,2496,69.4,8.24,754.8,423.22,-5.9,1.45, , 
,423.58,2496,84.0,-5.9,11101001,423.92,2528,69.4,8.24,754.8,424.26,-5.1,1.52, , 
,424.63,2528,84.0,-3.1,11101001,424.97,2560,69.4,8.24,734.4,425.32,-3.1,1.48, , 
,425.65,2560,82.5,-3.1,11101001,426.01,2560,67.8,8.24,734.4,426.34,-2.0,1.45, , 
,426.69,2560,82.5,-2.0,11101001,427.01,2560,67.8,8.24,734.4,427.35,-2.3,1.41, , 
,427.69,2592,82.5,-2.0,11101001,428.00,2592,67.8,8.24,714.0,428.33,-2.3,1.45, , 
,428.67,2592,82.5,-2.0,11101001,429.01,2624,57.6,6.18,632.4,429.34,3.9,1.56, , 
,429.66,2624,81.0,5.9,11101001,429.98,2624,57.6,7.21,632.4,430.30,7.4,1.41, , 
,430.63,2624,81.0,7.4,11101001,430.95,2624,53.3,7.21,591.6,431.28,9.4,1.41, , 
,431.61,2624,81.0,9.8,11101001,431.94,2624,53.3,7.21,591.6,432.26,9.4,1.37, , 
,432.60,2624,79.5,6.6,11101000,432.91,2624,54.5,7.21,591.6,433.22,6.6,1.45, , 
,433.55,2624,79.5,7.0,11101000,433.88,2624,54.5,7.21,591.6,434.21,3.5,1.41, , 
,434.55,2624,78.0,2.7,11101000,434.88,2624,54.5,7.21,612.0,435.21,3.1,1.41, , 
,435.55,2624,78.0,3.1,11101000,435.88,2624,54.5,7.21,591.6,436.20,0.0,1.45, , 
,436.53,2624,78.0,-0.4,11101000,436.86,2624,54.5,7.21,591.6,437.20,-0.4,1.48, , 
,437.55,2624,78.0,-0.4,11101000,437.89,2624,62.0,8.24,673.2,438.22,-3.5,1.37, , 
,438.55,2624,78.0,-5.1,11101000,438.89,2624,63.5,8.24,673.2,439.24,-8.6,1.37, , 
,439.57,2624,78.0,-9.0,11101000,439.93,2656,63.5,8.24,673.2,440.28,-9.4,1.48, , 
,440.62,2656,78.0,-9.0,11101000,440.98,2656,63.5,8.24,673.2,441.34,-9.4,1.48, , 
,441.72,2656,78.0,-9.0,11101000,442.05,2656,62.0,8.24,673.2,442.39,-9.0,1.41, , 
,442.73,2656,78.0,-9.0,11101000,443.05,2656,65.1,8.24,714.0,443.38,-10.2,1.37, , 
,443.71,2656,78.0,-10.9,11101000,444.02,2688,66.3,8.24,714.0,444.37,-10.5,1.52, , 
,444.72,2688,78.0,-10.9,11101000,445.07,2688,65.1,8.24,693.6,445.40,-10.5,1.45, , 
,445.74,2688,79.5,-10.9,11101000,446.05,2688,65.1,8.24,693.6,446.37,-10.5,1.41, , 
,446.71,2688,79.5,-9.8,11101000,447.05,2688,62.0,8.24,673.2,447.36,-8.6,1.45, , 
,447.70,2688,79.5,-8.2,11101001,448.05,2688,62.0,8.24,673.2,448.38,-8.2,1.48, , 
,448.71,2688,79.5,-8.2,11101001,449.03,2688,62.0,7.21,673.2,449.38,-7.8,1.48, , 
,449.73,2688,79.5,-7.4,11101001,450.07,2688,62.0,8.24,673.2,450.39,-7.4,1.41, , 
,450.71,2720,81.0,-7.4,11101001,451.04,2688,60.4,8.24,673.2,451.36,-7.0,1.48, , 
,451.69,2720,81.0,-6.6,11101001,452.02,2720,59.2,7.21,652.8,452.35,-6.3,1.48, , 
,452.69,2720,81.0,-6.3,11101001,453.02,2720,59.2,7.21,652.8,453.34,-5.9,1.48, , 
,453.69,2720,81.0,-5.9,11101001,454.04,2720,59.2,7.21,652.8,454.38,-5.9,1.41, , 
,454.71,2720,81.0,-6.3,11101001,455.05,2720,60.4,8.24,652.8,455.39,-6.6,1.41, , 
,455.73,2720,82.5,-7.0,11101001,456.08,2720,63.5,8.24,693.6,456.42,-8.2,1.45, , 
,456.77,2720,82.5,-8.2,11101001,457.12,2720,62.0,7.21,673.2,457.48,-8.2,1.41, , 
,457.83,2720,84.0,-8.2,11101001,458.17,2720,62.0,8.24,673.2,458.53,-7.8,1.45, , 
,458.88,2752,84.0,-7.0,11101001,459.21,2752,62.0,8.24,673.2,459.55,-7.0,1.52, , 
,459.90,2752,84.0,-7.0,11101001,460.23,2752,62.0,7.21,673.2,460.58,-6.6,1.48, , 
,460.94,2752,84.0,-7.0,11101001,461.29,2752,62.0,8.24,673.2,461.63,-7.0,1.41, , 
,462.00,2752,85.5,-7.0,11101001,462.36,2752,60.4,8.24,673.2,462.70,-6.3,1.52, , 
,463.05,2752,84.0,-5.9,11101001,463.38,2752,60.4,7.21,673.2,463.72,-5.9,1.52, , 
,464.06,2752,84.0,-6.3,11101001,464.42,2752,59.2,7.21,652.8,464.76,-5.9,1.37, , 
,465.12,2752,84.0,-5.5,11101001,465.48,2752,60.4,8.24,652.8,465.81,-5.5,1.48, , 
,466.16,2752,84.0,-6.3,11101001,466.49,2752,60.4,7.21,673.2,466.84,-6.3,1.48, , 
,467.19,2752,84.0,-7.0,11101001,467.51,2752,62.0,7.21,673.2,467.86,-6.6,1.48, , 
,468.22,2784,84.0,-7.4,11101001,468.56,2784,62.0,8.24,673.2,468.92,-7.4,1.45, , 
,469.26,2784,82.5,-6.6,11101001,469.60,2784,60.4,7.21,652.8,469.94,-5.9,1.52, , 
,470.27,2784,82.5,-5.5,11101001,470.60,2784,59.2,7.21,652.8,470.94,-5.5,1.48, , 
,471.28,2784,82.5,-6.3,11101001,471.63,2784,60.4,7.21,652.8,471.97,-5.9,1.45, , 
,472.32,2784,81.0,-5.9,11101001,472.68,2784,60.4,7.21,652.8,473.03,-6.6,1.45, , 
,473.38,2784,81.0,-5.9,11101001,473.72,2784,60.4,7.21,652.8,474.04,-6.3,1.48, , 
,474.36,2784,81.0,-6.3,11101001,474.68,2784,66.3,8.24,693.6,475.02,-9.8,1.33, , 
,475.36,2784,79.5,-10.5,11101001,475.71,2816,67.8,8.24,714.0,476.08,-11.7,1.41, , 
,476.43,2816,79.5,-11.3,11101001,476.79,2816,66.3,8.24,714.0,477.15,-11.7,1.56, , 
,477.51,2816,79.5,-11.7,11101000,477.87,2816,66.3,8.24,714.0,478.22,-11.3,1.48, , 
,478.53,2848,79.5,-11.3,11101000,478.89,2816,65.1,8.24,693.6,479.26,-9.8,1.45, , 
,479.60,2848,79.5,-9.0,11101000,479.94,2848,63.5,8.24,673.2,480.30,-8.6,1.52, , 
,480.63,2848,79.5,-9.4,11101000,480.97,2848,63.5,8.24,693.6,481.32,-8.6,1.45, , 
,481.66,2848,79.5,-8.6,11101001,482.01,2848,62.0,7.21,673.2,482.35,-7.8,1.45, , 
,482.71,2848,79.5,-7.8,11101001,483.05,2848,60.4,8.24,652.8,483.40,-7.0,1.48, , 
,483.75,2848,79.5,-7.0,11101001,484.13,2848,60.4,7.21,652.8,484.45,-7.0,1.48, , 
,484.80,2848,79.5,-6.6,11101001,485.13,2848,60.4,7.21,652.8,485.48,-7.4,1.41, , 
,485.82,2848,81.0,-7.0,11101001,486.14,2848,60.4,7.21,652.8,486.50,-7.4,1.41, , 
,486.85,2848,81.0,-7.4,11101001,487.19,2848,62.0,8.24,673.2,487.53,-7.4,1.48, , 
,487.87,2848,81.0,-7.4,11101001,488.20,2848,62.0,7.21,673.2,488.57,-7.8,1.45, , 
,488.88,2848,81.0,-7.4,11101001,489.22,2848,57.6,7.21,632.4,489.55,-5.1,1.48, , 
,489.93,2848,82.5,-4.7,11101001,490.25,2848,57.6,7.21,632.4,490.61,-4.7,1.45, , 
,490.96,2848,82.5,-4.3,11101001,491.30,2848,45.9,5.15,550.8,491.65,0.0,1.48, , 
,492.00,2816,82.5,0.0,11111101,492.32,2784,0.0,0.00,275.4,492.66,0.0,3.75, , 
,492.97,2752,82.5,0.0,11111101,493.29,2720,0.0,0.00,275.4,493.63,0.0,3.91, , 
,493.94,2688,82.5,0.0,11111101,494.25,2656,0.0,0.00,275.4,494.58,0.0,3.95, , 
,494.90,2624,84.0,0.0,11111101,495.25,2592,0.0,0.00,275.4,495.58,0.0,3.87, , 
,495.91,2560,82.5,0.0,11111101,496.21,2528,0.0,0.00,275.4,496.55,0.0,3.95, , 
,496.90,2496,84.0,0.0,11111101,497.24,2464,0.0,0.00,275.4,497.57,0.0,3.83, , 
,497.88,2432,84.0,0.0,11111101,498.19,2400,0.0,0.00,275.4,498.51,0.0,3.87, , 
,498.84,2368,84.0,0.0,11111101,499.17,2336,0.0,0.00,275.4,499.51,0.0,3.95, , 
,499.84,2304,84.0,0.0,11111101,500.18,2304,0.0,0.00,275.4,500.50,0.0,3.95, , 
,500.83,2272,84.0,0.0,11111101,501.17,2240,0.0,0.00,275.4,501.50,0.0,3.87, , 
,501.84,2176,84.0,0.0,11111101,502.20,2112,0.0,0.00,275.4,502.54,0.0,3.91, , 
,502.88,2016,84.0,0.0,11111101,503.23,1984,0.0,0.00,275.4,503.58,0.0,3.91, , 
,503.91,1856,82.5,0.0,11111111,504.26,1824,0.0,0.00,295.8,504.57,0.0,3.91, , 
,504.93,1760,82.5,0.0,11111111,505.27,1760,0.0,0.00,316.2,505.59,0.0,3.95, , 
,505.93,1696,82.5,0.0,11111111,506.24,1696,0.0,0.00,336.6,506.54,0.0,3.91, , 
,506.86,928,81.0,0.0,11111111,507.17,960,34.1,5.15,459.0,507.50,0.0,1.60, , 
,507.84,1472,81.0,0.0,11101011,508.22,1984,17.6,2.06,275.4,508.59,-5.5,1.09, , 
,508.95,1984,81.0,0.8,11101011,509.32,1952,23.5,3.09,336.6,509.68,0.0,1.29, , 
,510.04,1888,79.5,0.0,11101011,510.40,1888,62.0,9.27,693.6,510.73,0.0,1.45, , 
,511.09,1888,79.5,0.4,11101010,511.46,1920,63.5,9.27,714.0,511.82,0.8,1.48, , 
,512.18,1888,79.5,2.0,11101010,512.54,1888,60.4,8.24,693.6,512.92,2.7,1.56, , 
,513.30,1888,78.0,5.9,11101010,513.68,1856,40.0,6.18,479.4,514.05,5.9,1.48, , 
,514.42,1824,78.0,6.6,11101010,514.78,1824,41.2,6.18,499.8,515.15,7.0,1.41, , 
,515.51,1760,78.0,4.7,11101010,515.89,1760,22.0,3.09,316.2,516.27,0.8,1.29, , 
,516.63,1664,78.0,-2.3,11111110,516.99,1664,23.5,3.09,316.2,517.35,-3.5,1.37, , 
,517.69,1536,78.0,-3.9,11111110,518.05,1472,25.1,3.09,336.6,518.38,-2.7,1.52, , 
,518.71,1312,78.0,-3.5,11111110,519.03,1248,23.5,3.09,336.6,519.35,-4.3,1.52, , 
,519.65,1120,78.0,-3.1,11111110,519.98,960,25.1,3.09,357.0,520.30,-3.1,1.52, , 
,520.61,896,78.0,-2.3,11111110,520.93,896,28.2,3.09,397.8,521.23,-2.7,1.41, , 
,521.55,896,78.0,-3.5,11111110,521.87,896,28.2,3.09,397.8,522.20,-5.1,1.33, , 
,522.52,896,78.0,-5.9,11111110,522.83,928,28.2,3.09,397.8,523.13,-7.0,1.37, , 
,523.44,960,78.0,-8.6,11101010,523.73,928,31.0,4.12,418.2,524.04,-6.3,1.60, , 
,524.36,896,78.0,0.0,11101010,524.72,960,53.3,8.24,652.8,525.05,0.0,1.52, , 
,525.36,1088,78.0,0.0,11101010,525.70,1152,62.0,9.27,734.4,526.02,0.0,1.45, , 
,526.36,1280,78.0,0.0,11101010,526.74,1344,56.1,8.24,673.2,527.08,-1.2,1.48, , 
,527.52,1472,78.0,0.4,11101010,527.85,1536,45.9,6.18,550.8,528.19,2.0,1.52, , 
,528.56,1600,78.0,2.3,11101010,528.93,1664,48.6,7.21,591.6,529.31,3.5,1.45, , 
,529.63,1792,78.0,3.9,11101010,530.01,1824,47.1,7.21,550.8,530.39,4.7,1.45, , 
,530.76,1920,78.0,2.3,11101010,531.15,1984,59.2,8.24,673.2,531.49,0.8,1.41, , 
,531.83,2144,79.5,-2.0,11101000,532.16,2208,63.5,8.24,693.6,532.49,-6.6,1.29, , 
,532.84,2368,79.5,-7.0,11101001,533.22,2464,57.6,7.21,632.4,533.56,-9.0,1.48, , 
,533.89,2592,79.5,-9.0,11101001,534.24,2656,60.4,8.24,673.2,534.57,0.0,1.45, , 
,534.90,2400,79.5,0.0,11111101,535.24,1856,0.0,0.00,295.8,535.55,0.0,3.83, , 
,535.85,1376,79.5,0.0,11101011,536.21,1696,22.0,3.09,316.2,536.56,0.0,0.47, , 
,536.91,1696,81.0,0.0,11101011,537.27,1728,31.0,4.12,397.8,537.61,-5.1,1.33, , 
,537.97,1760,81.0,-5.5,11101011,538.31,1760,47.1,7.21,550.8,538.66,0.0,1.37, , 
,539.00,1824,81.0,0.0,11101011,539.38,1888,60.4,9.27,693.6,539.75,-2.7,1.45, , 
,540.11,1984,81.0,-2.7,11101011,540.47,2016,56.1,8.24,652.8,540.81,-0.8,1.52, , 
,541.16,2080,81.0,-0.4,11101001,541.51,2112,51.8,7.21,591.6,541.87,0.8,1.52, , 
,542.22,2144,81.0,0.8,11101001,542.56,2176,50.2,7.21,591.6,542.90,1.2,1.48, , 
,543.26,2240,81.0,2.3,11101001,543.61,2240,48.6,7.21,571.2,543.95,2.3,1.45, , 
,544.29,2304,81.0,2.3,11101001,544.63,2304,47.1,6.18,550.8,544.96,2.0,1.45, , 
,545.31,2336,82.5,1.2,11101001,545.66,2368,47.1,6.18,550.8,546.01,0.8,1.37, , 
,546.36,2400,82.5,1.6,11101001,546.72,2400,45.9,6.18,520.2,547.05,2.0,1.52, , 
,547.40,2432,82.5,1.6,11101001,547.75,2432,36.9,5.15,438.6,548.09,-0.4,1.41, , 
,548.46,2432,84.0,-1.6,11101001,548.77,2432,31.0,4.12,377.4,549.17,-3.1,1.41, , 
,549.51,2400,84.0,-3.9,11101001,549.84,2400,31.0,4.12,377.4,550.17,-4.3,1.48, , 
,550.57,2400,84.0,-0.4,11101001,550.89,2400,31.0,4.12,377.4,551.23,-2.0,1.37, , 
,551.57,2368,84.0,-4.7,11101001,551.90,2336,22.0,3.09,295.8,552.26,-8.6,1.25, , 
,552.59,2304,84.0,-6.6,11101001,552.93,2304,22.0,2.06,316.2,553.26,-5.1,1.45, , 
,553.60,2272,84.0,-5.9,11101001,553.93,2240,23.5,2.06,316.2,554.24,-2.0,1.52, , 
,554.58,2208,84.0,-2.3,11101001,554.92,2208,26.7,3.09,336.6,555.26,0.4,1.64, , 
,555.62,2176,84.0,2.7,11101001,555.97,2176,35.3,4.12,438.6,556.30,9.4,1.76, , 
,556.64,2144,84.0,13.3,11101001,556.98,2144,42.7,5.15,499.8,557.33,21.1,1.68, , 
,557.67,2144,84.0,24.2,11101001,558.01,2144,44.3,6.18,520.2,558.36,27.3,1.48, , 
,558.71,2176,85.5,29.3,11101001,559.05,2176,42.7,6.18,499.8,559.40,30.1,1.41, , 
,559.75,2176,84.0,30.5,11101001,560.09,2176,42.7,6.18,499.8,560.43,30.1,1.33, , 
,560.77,2176,84.0,30.1,11101001,561.11,2176,41.2,6.18,499.8,561.45,30.1,1.45, , 
,561.79,2176,84.0,2.7,11101001,562.12,2176,41.2,6.18,479.4,562.46,1.2,1.33, , 
,562.79,2176,84.0,-2.3,11101001,563.12,2144,25.1,3.09,336.6,563.47,-6.3,1.25, , 
,563.81,2112,82.5,-7.4,11101001,564.17,2112,32.5,4.12,418.2,564.51,-7.0,1.48, , 
,564.86,2080,82.5,-7.0,11101001,565.21,2080,36.9,5.15,459.0,565.55,-5.5,1.56, , 
,565.88,2080,82.5,-1.2,11101001,566.21,2080,51.8,7.21,591.6,566.55,-0.8,1.45, , 
,566.90,2112,81.0,-3.1,11101001,567.26,2144,65.1,9.27,734.4,567.62,-5.9,1.37, , 
,568.00,2176,81.0,-6.6,11101001,568.35,2208,63.5,8.24,714.0,568.68,-6.3,1.48, , 
,569.01,2272,81.0,-6.6,11101001,569.36,2272,62.0,8.24,693.6,569.72,-6.6,1.52, , 
,570.07,2304,81.0,-7.4,11101001,570.40,2336,63.5,8.24,693.6,570.73,-8.6,1.37, , 
,571.06,2368,81.0,-8.2,11101001,571.42,2368,63.5,8.24,693.6,571.77,-7.0,1.52, , 
,572.13,2400,81.0,-7.0,11101001,572.48,2432,62.0,8.24,673.2,572.83,-6.6,1.45, , 
,573.20,2432,79.5,-5.1,11101001,573.55,2432,60.4,8.24,673.2,573.91,-4.7,1.45, , 
,574.25,2464,79.5,-4.3,11101000,574.60,2464,59.2,7.21,652.8,574.95,-2.0,1.48, , 
,575.30,2496,79.5,-3.1,11101001,575.66,2464,62.0,8.24,673.2,575.96,-7.0,1.29, , 
,576.29,2496,79.5,-9.8,11101000,576.63,2496,69.4,9.27,734.4,576.96,-14.8,1.37, , 
,577.29,2528,79.5,-15.6,11101001,577.62,2528,72.2,9.27,775.2,577.96,-19.1,1.45, , 
,578.28,2560,79.5,-19.5,11101000,578.61,2560,73.7,8.24,795.6,578.96,-19.5,1.56, , 
,579.28,2592,79.5,-19.1,11101001,579.61,2592,73.7,9.27,795.6,579.96,-18.8,1.48, , 
,580.29,2624,79.5,-18.8,11101001,580.64,2624,75.3,9.27,795.6,580.97,-18.0,1.48, , 
,581.31,2656,79.5,-18.0,11101001,581.66,2688,72.2,9.27,775.2,582.00,-18.0,1.52, , 
,582.32,2688,81.0,-17.2,11101001,582.65,2720,72.2,9.27,775.2,582.99,-17.2,1.48, , 
,583.32,2720,81.0,-17.6,11101001,583.66,2752,72.2,8.24,754.8,583.99,-18.0,1.41, , 
,584.32,2752,81.0,-17.6,11101001,584.65,2752,60.4,7.21,673.2,585.02,-12.5,1.56, , 
,585.37,2752,81.0,-10.5,11101001,585.70,2752,59.2,7.21,652.8,586.04,-9.4,1.48, , 
,586.39,2752,81.0,-9.8,11101001,586.73,2752,62.0,8.24,673.2,587.10,-10.9,1.41, , 
,587.44,2752,82.5,-10.9,11101001,587.78,2784,62.0,8.24,673.2,588.12,-11.7,1.41, , 
,588.47,2784,82.5,-11.3,11101001,588.82,2784,62.0,8.24,673.2,589.17,-11.3,1.45, , 
,589.51,2816,82.5,-12.5,11101001,589.85,2816,63.5,8.24,693.6,590.20,-14.8,1.45, , 
,590.54,2848,82.5,-14.8,11101001,590.88,2848,57.6,7.21,632.4,591.23,-11.3,1.48, , 
,591.57,2848,84.0,-10.5,11101001,591.89,2880,57.6,7.21,632.4,592.23,-10.5,1.45, , 
,592.59,2880,84.0,-10.2,11101001,592.93,2880,57.6,7.21,632.4,593.26,-10.9,1.45, , 
,593.61,2880,84.0,-10.9,11101001,593.96,2880,57.6,7.21,632.4,594.29,-10.5,1.48, , 
,594.63,2880,84.0,-10.9,11101001,594.92,2912,57.6,7.21,632.4,595.26,-10.5,1.48, , 
,595.64,2912,85.5,-10.2,11101001,596.07,2912,57.6,7.21,632.4,596.36,-9.8,1.48, , 
,596.75,2944,85.5,-9.8,11101001,597.10,2944,56.1,7.21,612.0,597.47,-9.4,1.45, , 
,597.78,2944,85.5,-8.2,11101001,598.16,2944,42.7,5.15,499.8,598.54,-3.9,1.52, , 
,598.89,2912,85.5,-2.3,11101001,599.18,2912,45.9,6.18,520.2,599.52,-2.3,1.45, , 
,599.87,2912,85.5,-2.3,11101001,600.21,2880,45.9,6.18,520.2,600.53,-2.3,1.45, , 
,600.86,2880,85.5,-2.3,11101001,601.19,2880,45.9,6.18,520.2,601.56,-2.0,1.48, , 
,601.90,2880,85.5,-2.0,11101001,602.28,2848,45.9,6.18,520.2,602.61,-2.3,1.45, , 
,602.97,2848,85.5,-2.7,11101001,603.33,2816,34.1,4.12,418.2,603.68,-4.3,1.37, , 
,604.02,2784,84.0,-10.5,11101001,604.35,2752,22.0,2.06,295.8,604.67,-15.6,1.21, , 
,605.00,2688,84.0,-12.5,11101001,605.35,2688,44.3,5.15,499.8,605.68,-9.4,1.56, , 
,606.03,2688,84.0,-8.6,11101001,606.36,2688,51.8,7.21,591.6,606.72,-7.0,1.56, , 
,607.07,2688,84.0,-6.6,11101001,607.39,2720,51.8,7.21,591.6,607.73,-7.0,1.45, , 
,608.07,2720,82.5,-7.0,11101001,608.42,2720,50.2,7.21,571.2,608.78,-6.6,1.48, , 
,609.14,2752,82.5,-6.6,11101001,609.48,2752,50.2,7.21,571.2,609.82,-6.3,1.48, , 
,610.16,2784,82.5,-6.3,11101001,610.49,2784,50.2,6.18,571.2,610.84,-5.5,1.52, , 
,611.18,2816,82.5,-6.3,11101001,611.53,2816,50.2,6.18,571.2,611.88,-6.3,1.45, , 
,612.23,2848,82.5,-5.9,11101001,612.57,2848,48.6,6.18,550.8,612.89,-5.5,1.48, , 
,613.23,2880,82.5,-4.3,11101001,613.56,2880,44.3,6.18,499.8,613.90,-3.1,1.52, , 
,614.27,2880,82.5,-2.7,11101001,614.58,2912,44.3,6.18,499.8,614.86,-2.0,1.48, , 
,615.23,2912,82.5,-1.6,11101001,615.65,2944,42.7,6.18,499.8,615.93,-1.2,1.45, , 
,616.36,2944,82.5,-1.2,11101001,616.64,2944,36.9,5.15,438.6,617.02,-1.6,1.48, , 
,617.35,2592,82.5,0.0,11111101,617.70,2048,0.0,0.00,275.4,618.08,0.0,3.87, , 
,618.44,1088,82.5,0.0,11111111,618.79,1888,0.0,0.00,316.2,619.13,0.0,3.32, , 
,619.47,2048,82.5,0.0,11101001,619.82,2016,16.1,2.06,244.8,620.17,0.0,0.55, , 
,620.52,2016,82.5,0.0,11101001,620.87,2016,19.2,2.06,275.4,621.22,-10.5,0.94, , 
,621.58,1984,82.5,-10.2,11101011,621.94,1984,26.7,3.09,357.0,622.29,-9.0,1.60, , 
,622.62,1952,82.5,-6.6,11111111,622.99,1952,17.6,2.06,275.4,623.33,0.0,2.34, , 
,623.68,1920,84.0,0.0,11111111,624.03,1888,0.0,0.00,295.8,624.41,0.0,3.83, , 
,624.73,1856,84.0,0.0,11111111,625.07,1824,0.0,0.00,295.8,625.44,0.0,3.91, , 
,625.78,1760,84.0,0.0,11111111,626.12,1728,0.0,0.00,316.2,626.47,0.0,3.87, , 
,626.81,1696,84.0,0.0,11111111,627.13,1664,0.0,0.00,316.2,627.44,0.0,3.95, , 
,627.80,1632,84.0,0.0,11111111,628.15,1632,0.0,0.00,336.6,628.50,0.0,2.93, , 
,628.84,1600,84.0,0.0,11101011,629.21,1632,22.0,3.09,316.2,629.55,0.0,0.82, , 
,629.91,1632,84.0,-4.3,11101011,630.25,1632,22.0,3.09,316.2,630.58,-5.1,1.45, , 
,630.93,1632,84.0,-5.5,11101011,631.28,1632,22.0,3.09,316.2,631.62,-5.5,1.52, , 
,631.97,1632,84.0,-6.6,11101011,632.32,1632,22.0,3.09,316.2,632.67,-7.4,1.48, , 
,633.05,1632,84.0,-7.8,11101011,633.40,1600,20.8,2.06,316.2,633.74,-8.6,1.48, , 
,634.09,1600,84.0,-7.8,11111111,634.44,1600,23.5,3.09,336.6,634.78,-5.5,1.60, , 
,635.15,1600,84.0,-4.3,11101011,635.49,1568,23.5,3.09,336.6,635.86,-2.3,1.56, , 
,636.23,1568,84.0,-2.0,11101011,636.63,1568,26.7,3.09,357.0,636.98,-2.0,1.45, , 
,637.38,1600,84.0,-2.7,11101011,637.73,1568,26.7,3.09,357.0,638.11,-2.7,1.45, , 
,638.48,1600,84.0,-3.1,11101011,638.87,1600,28.2,4.12,377.4,639.20,-3.9,1.45, , 
,639.55,1600,82.5,-3.9,11101011,639.92,1600,26.7,3.09,357.0,640.28,-4.3,1.45, , 
,640.65,1600,82.5,-4.7,11101011,640.99,1600,28.2,3.09,377.4,641.36,-5.5,1.45, , 
,641.71,1600,82.5,-4.7,11101011,642.05,1600,28.2,4.12,377.4,642.42,-4.7,1.52, , 
,642.79,1600,82.5,-3.9,11101011,643.12,1600,28.2,4.12,377.4,643.48,-3.9,1.48, , 
,643.83,1600,82.5,-3.5,11101011,644.16,1600,29.4,4.12,397.8,644.54,-3.5,1.48, , 
,644.89,1600,82.5,-2.3,11101011,645.27,1600,35.3,5.15,438.6,645.64,-2.7,1.48, , 
,645.98,1600,82.5,-2.0,11101011,646.34,1600,35.3,5.15,438.6,646.72,-1.2,1.48, , 
,647.10,1600,82.5,-1.6,11101011,647.49,1600,36.9,5.15,459.0,647.87,-1.2,1.48, , 
,648.24,1600,82.5,-0.8,11101011,648.61,1600,38.4,5.15,479.4,648.98,0.0,1.48, , 
,649.36,1600,82.5,0.0,11101011,649.73,1632,60.4,10.30,693.6,650.11,0.0,1.33, , 
,650.42,1664,82.5,0.0,11111111,650.75,1280,0.0,0.00,438.6,651.10,0.0,3.24, , 
,651.44,2176,82.5,0.0,11101001,651.78,2112,19.2,2.06,295.8,652.12,0.0,1.09, , 
,652.47,2112,82.5,0.0,11101001,652.81,2176,69.4,10.30,754.8,653.16,0.0,1.37, , 
,653.48,2240,82.5,-1.6,11101001,653.81,2272,67.8,10.30,734.4,654.15,-4.7,1.37, , 
,654.48,2336,81.0,0.0,11101001,654.83,2368,51.8,7.21,591.6,655.15,-1.2,1.41, , 
,655.50,2400,81.0,-1.6,11101001,655.83,2400,50.2,7.21,571.2,656.18,-3.1,1.41, , 
,656.52,2464,81.0,-4.3,11101001,656.88,2464,50.2,7.21,571.2,657.22,-5.5,1.48, , 
,657.56,2528,81.0,-5.1,11101001,657.90,2560,48.6,6.18,550.8,658.23,-4.3,1.52, , 
,658.58,2592,81.0,-4.7,11101001,658.91,2624,47.1,6.18,550.8,659.26,-3.9,1.48, , 
,659.61,2656,81.0,-3.9,11101001,659.95,2688,51.8,7.21,591.6,660.30,-4.7,1.45, , 
,660.66,2752,81.0,-5.9,11101001,661.00,2784,56.1,7.21,612.0,661.35,-7.8,1.41, , 
,661.73,2848,81.0,-8.2,11101001,662.10,2880,56.1,7.21,612.0,662.47,-8.2,1.48, , 
,662.79,2944,81.0,0.0,11111101,663.10,2560,0.0,0.00,295.8,663.42,0.0,3.83, , 
,663.72,1536,81.0,0.0,11101011,664.06,1952,20.8,3.09,316.2,664.41,0.0,0.66, , 
,664.76,2112,81.0,0.0,11101001,665.11,2144,42.7,6.18,499.8,665.46,0.0,1.45, , 
,665.81,2144,82.5,0.0,11101001,666.15,2144,50.2,7.21,571.2,666.48,1.2,1.56, , 
,666.84,2176,82.5,-0.8,11101001,667.19,2208,59.2,8.24,652.8,667.52,-3.9,1.29, , 
,667.84,2240,82.5,-5.5,11101001,668.18,2240,44.3,6.18,520.2,668.51,0.0,1.60, , 
,668.85,2240,82.5,0.0,11101001,669.21,2240,32.5,4.12,397.8,669.54,-2.7,1.45, , 
,669.89,2272,82.5,-2.3,11101001,670.22,2240,34.1,4.12,418.2,670.55,-3.1,1.45, , 
,670.88,2240,82.5,-3.5,11101001,671.21,2272,32.5,4.12,397.8,671.54,-4.3,1.41, , 
,671.87,2272,82.5,-6.3,11101001,672.23,2272,42.7,6.18,499.8,672.56,-3.5,1.56, , 
,672.91,2272,82.5,-1.2,11101001,673.24,2304,47.1,6.18,550.8,673.56,0.4,1.48, , 
,673.91,2304,82.5,0.4,11101001,674.24,2336,54.5,8.24,612.0,674.57,-2.7,1.37, , 
,674.90,2336,82.5,-4.7,11101001,675.24,2368,60.4,8.24,673.2,675.58,-8.6,1.29, , 
,675.95,2400,82.5,-9.8,11101001,676.32,2432,65.1,8.24,714.0,676.67,-14.5,1.37, , 
,677.02,2464,82.5,-16.0,11101001,677.35,2496,72.2,9.27,775.2,677.68,-19.1,1.48, , 
,678.01,2560,82.5,-19.1,11101001,678.33,2560,76.9,9.27,826.2,678.69,-19.1,1.52, , 
,679.02,2624,82.5,-18.0,11101001,679.36,2656,78.4,10.30,846.6,679.70,-14.1,1.52, , 
,680.02,2720,84.0,-13.3,11101001,680.36,2752,78.4,10.30,826.2,680.69,-10.9,1.52, , 
,681.02,2784,84.0,-9.8,11101001,681.37,2816,78.4,11.33,846.6,681.73,-7.0,1.52, , 
,682.09,2880,82.5,-5.9,11101001,682.47,2912,76.9,11.33,826.2,682.81,-5.1,1.41, , 
,683.25,2944,84.0,-5.5,11101001,683.57,2880,0.0,0.00,418.2,683.90,0.0,3.75, , 
,684.27,1824,84.0,0.0,11111111,684.61,1408,25.1,4.12,357.0,684.94,0.0,1.29, , 
,685.26,2240,84.0,0.0,11101001,685.59,2272,47.1,7.21,520.2,685.94,0.0,1.02, , 
,686.28,2240,84.0,0.0,11101001,686.62,2272,63.5,8.24,693.6,686.96,-5.9,1.37, , 
,687.29,2304,84.0,-6.6,11101001,687.65,2304,60.4,8.24,673.2,687.97,-7.0,1.48, , 
,688.30,2336,84.0,-6.3,11101001,688.64,2336,53.3,7.21,612.0,689.02,-4.7,1.48, , 
,689.35,2368,84.0,0.0,11111101,689.68,2368,22.0,3.09,295.8,690.02,0.0,1.17, , 
,690.37,2400,84.0,0.0,11101001,690.70,2400,81.2,13.39,867.0,691.06,0.0,1.13, , 
,691.42,2432,84.0,0.0,11101001,691.78,2464,76.9,11.33,826.2,692.14,-3.9,1.41, , 
,692.46,2496,84.0,0.0,11101001,692.79,2496,47.1,6.18,550.8,693.13,0.0,1.25, , 
,693.47,2528,84.0,-3.9,11101001,693.83,2528,62.0,8.24,673.2,694.16,-9.0,1.25, , 
,694.49,2560,84.0,-10.9,11101001,694.82,2592,73.7,10.30,795.6,695.15,-13.3,1.45, , 
,695.50,2624,84.0,-13.3,11101001,695.84,2624,79.6,11.33,867.0,696.20,-11.3,1.56, , 
,696.52,2656,84.0,-10.2,11101001,696.87,2656,78.4,10.30,846.6,697.24,-8.2,1.52, , 
,697.58,2688,84.0,-8.2,11101001,697.92,2720,63.5,9.27,693.6,698.26,0.0,0.94, , 
,698.61,2720,84.0,-6.6,11101001,698.94,2720,28.2,3.09,377.4,699.27,0.0,1.41, , 
,699.60,2688,84.0,-5.5,11111101,699.91,2688,0.0,0.00,275.4,700.22,0.0,3.71, , 
,700.55,2656,84.0,0.0,11111101,700.89,2656,0.0,0.00,275.4,701.23,0.0,3.83, , 
,701.56,2624,84.0,0.0,11111101,701.89,2592,0.0,0.00,275.4,702.22,0.0,3.87, , 
,702.53,2560,84.0,0.0,11111101,702.87,2560,0.0,0.00,275.4,703.23,0.0,2.07, , 
,703.55,2528,84.0,0.0,11101001,703.89,2528,20.8,3.09,295.8,704.24,-5.9,1.25, , 
,704.57,2496,84.0,-3.1,11101001,704.89,2496,47.1,6.18,550.8,705.23,-3.1,1.45, , 
,705.60,2528,84.0,-3.9,11101001,705.93,2528,53.3,7.21,612.0,706.29,-5.1,1.45, , 
,706.62,2528,84.0,-5.1,11101001,706.98,2560,53.3,7.21,591.6,707.34,-5.5,1.48, , 
,707.69,2560,84.0,-5.5,11101001,708.04,2560,53.3,7.21,591.6,708.37,-5.1,1.48, , 
,708.69,2560,84.0,-5.5,11101001,709.03,2560,62.0,8.24,693.6,709.36,-8.6,1.37, , 
,709.72,2560,84.0,-9.4,11101001,710.07,2560,56.1,7.21,632.4,710.41,-8.2,1.52, , 
,710.75,2560,84.0,-7.4,11101001,711.09,2528,56.1,7.21,632.4,711.45,-7.0,1.48, , 
,711.81,2528,84.0,-7.8,11101001,712.17,2528,57.6,8.24,632.4,712.52,-9.0,1.33, , 
,712.87,2528,82.5,-8.6,11101001,713.22,2528,60.4,8.24,652.8,713.57,-9.4,1.48, , 
,713.91,2528,84.0,-9.4,11101001,714.25,2528,60.4,8.24,673.2,714.59,-9.8,1.45, , 
,714.96,2528,84.0,-10.5,11101001,715.31,2528,62.0,8.24,673.2,715.69,-10.5,1.45, , 
,716.04,2528,82.5,-10.2,11101001,716.37,2528,60.4,8.24,673.2,716.72,-7.0,1.48, , 
,717.08,2528,82.5,-7.0,11101001,717.42,2528,60.4,8.24,673.2,717.76,-7.8,1.48, , 
,718.09,2528,84.0,-7.8,11101001,718.45,2528,60.4,8.24,652.8,718.80,-7.8,1.45, , 
,719.14,2528,82.5,-7.8,11101001,719.50,2528,60.4,8.24,673.2,719.85,-7.4,1.48, , 
,720.19,2528,82.5,-7.4,11101001,720.54,2528,60.4,8.24,673.2,720.88,-7.8,1.52, , 
,721.21,2528,84.0,-7.0,11101001,721.54,2528,53.3,7.21,612.0,721.89,-3.9,1.52, , 
,722.24,2496,84.0,-3.5,11101001,722.59,2496,48.6,6.18,571.2,722.94,0.0,1.52, , 
,723.26,2496,84.0,0.0,11101001,723.60,2464,17.6,2.06,275.4,723.93,-3.5,1.37, , 
,724.26,2432,84.0,-3.9,11101001,724.62,2432,17.6,2.06,244.8,724.95,-3.9,1.52, , 
,725.31,2400,84.0,-10.2,11101001,725.67,2368,20.8,2.06,275.4,726.00,-10.9,1.45, , 
,726.33,2336,84.0,-12.5,11101001,726.70,2336,28.2,3.09,336.6,727.05,-10.9,1.68, , 
,727.38,2336,84.0,-6.6,11101001,727.73,2336,40.0,5.15,459.0,728.07,-2.3,1.68, , 
,728.41,2336,84.0,-1.2,11101001,728.76,2336,28.2,3.09,357.0,729.09,-2.3,1.37, , 
,729.42,2304,84.0,-6.3,11101001,729.77,2304,17.6,2.06,244.8,730.11,-4.3,1.45, , 
,730.44,2272,84.0,0.0,11111101,730.77,2240,0.0,0.00,275.4,731.09,0.0,3.87, , 
,731.44,2208,84.0,0.0,11111101,731.78,2208,0.0,0.00,275.4,732.12,0.0,3.83, , 
,732.46,2176,84.0,0.0,11111101,732.79,2176,0.0,0.00,275.4,733.11,0.0,3.87, , 
,733.45,2144,84.0,0.0,11111101,733.79,2112,17.6,3.09,244.8,734.13,0.0,0.98, , 
,734.48,2080,84.0,0.0,11101001,734.84,2080,17.6,2.06,275.4,735.17,-5.5,1.13, , 
,735.52,2048,84.0,-3.9,11101001,735.85,2048,19.2,2.06,275.4,736.20,-8.2,1.21, , 
,736.57,2048,84.0,-9.0,11101001,736.92,2048,23.5,3.09,316.2,737.29,-10.2,1.41, , 
,737.63,2016,84.0,-11.3,11101001,737.97,2016,23.5,2.06,316.2,738.33,-12.5,1.48, , 
,738.70,2016,84.0,-12.1,11101001,739.08,1984,23.5,3.09,336.6,739.45,-14.1,1.48, , 
,739.82,1952,84.0,-14.1,11101011,740.16,1952,25.1,3.09,336.6,740.52,-10.5,1.56, , 
,740.90,1952,84.0,-10.2,11101011,741.26,1952,26.7,3.09,357.0,741.61,-8.2,1.60, , 
,741.97,1920,84.0,-7.0,11101011,742.35,1888,19.2,2.06,295.8,742.72,-3.1,1.64, , 
,743.09,1888,82.5,-5.5,11101011,743.44,1856,20.8,2.06,295.8,743.82,-5.9,1.41, , 
,744.18,1856,82.5,-4.3,11101011,744.53,1856,45.9,6.18,550.8,744.88,0.0,1.64, , 
,745.22,1856,82.5,0.0,11101011,745.60,1856,69.4,10.30,775.2,745.97,0.0,1.48, , 
,746.35,1888,82.5,0.8,11101011,746.71,1888,67.8,9.27,754.8,747.07,1.2,1.48, , 
,747.42,1920,84.0,1.6,11101011,747.79,1920,67.8,9.27,754.8,748.15,2.0,1.48, , 
,748.50,1952,82.5,2.3,11101011,748.86,1952,66.3,9.27,754.8,749.23,-0.4,1.45, , 
,749.57,1984,82.5,-0.8,11101011,749.92,1984,66.3,9.27,734.4,750.29,-0.8,1.48, , 
,750.63,2016,82.5,-1.2,11101001,750.98,2016,65.1,9.27,734.4,751.35,-1.2,1.45, , 
,751.70,2016,82.5,-1.6,11101001,752.05,2048,75.3,11.33,826.2,752.40,0.0,1.33, , 
,752.75,2048,82.5,-1.2,11101001,753.09,2048,75.3,11.33,826.2,753.43,-0.8,1.45, , 
,753.78,2080,82.5,0.0,11101001,754.15,2080,60.4,8.24,673.2,754.49,0.4,1.52, , 
,754.84,2112,82.5,0.4,11101001,755.20,2112,56.1,8.24,632.4,755.56,2.3,1.52, , 
,755.92,2112,82.5,3.5,11101001,756.29,2112,51.8,7.21,591.6,756.62,5.9,1.45, , 
,757.00,2112,82.5,5.1,11101001,757.36,2112,53.3,7.21,612.0,757.72,5.5,1.48, , 
,758.07,2144,82.5,5.5,11101001,758.41,2144,53.3,7.21,612.0,758.75,3.1,1.45, , 
,759.09,2144,82.5,3.5,11101001,759.43,2144,53.3,8.24,612.0,759.76,3.1,1.45, , 
,760.11,2144,82.5,2.7,11101001,760.44,2144,53.3,7.21,612.0,760.78,0.4,1.45, , 
,761.14,2144,82.5,0.4,11101001,761.50,2144,53.3,7.21,612.0,761.86,0.4,1.48, , 
,762.22,2144,82.5,0.0,11101001,762.58,2144,53.3,7.21,612.0,762.94,0.0,1.48, , 
,763.28,2176,82.5,-0.8,11101001,763.64,2176,51.8,7.21,612.0,764.00,-0.8,1.48, , 
,764.35,2176,82.5,-0.8,11101001,764.68,2176,51.8,7.21,591.6,765.01,0.4,1.52, , 
,765.35,2176,82.5,1.2,11101001,765.69,2176,51.8,7.21,591.6,766.02,1.6,1.48, , 
,766.37,2176,82.5,2.3,11101001,766.71,2176,29.4,4.12,377.4,767.04,-3.1,1.29, , 
,767.39,2176,82.5,-3.9,11101001,767.74,2176,35.3,5.15,438.6,768.07,-3.1,1.48, , 
,768.40,2176,82.5,-3.9,11101001,768.75,2176,35.3,4.12,438.6,769.09,-3.5,1.48, , 
,769.43,2176,82.5,-3.1,11101001,769.76,2144,35.3,4.12,438.6,770.12,-2.3,1.52, , 
,770.47,2176,82.5,-0.8,11101001,770.84,2176,38.4,5.15,459.0,771.19,2.7,1.60, , 
,771.54,2176,82.5,3.5,11101001,771.88,2176,45.9,6.18,550.8,772.23,6.3,1.48, , 
,772.58,2176,82.5,7.4,11101001,772.92,2176,44.3,6.18,520.2,773.28,6.6,1.37, , 
,773.62,2176,82.5,6.3,11101001,773.95,2176,48.6,7.21,571.2,774.29,6.3,1.45, , 
,774.62,2176,84.0,0.0,11101001,774.97,2144,17.6,2.06,275.4,775.33,0.4,1.48, , 
,775.69,2144,82.5,-0.4,11111101,776.03,2144,0.0,0.00,244.8,776.39,0.0,3.59, , 
,776.75,2080,82.5,0.0,11101001,777.09,2080,16.1,2.06,244.8,777.45,0.0,0.66, , 
,777.81,2048,82.5,0.0,11101001,778.16,2048,16.1,2.06,244.8,778.52,-0.8,1.48, , 
,778.88,2016,82.5,-1.2,11101001,779.23,2016,16.1,2.06,244.8,779.58,-0.4,1.52, , 
,779.94,1984,82.5,-0.4,11101001,780.30,1984,17.6,2.06,275.4,780.66,0.0,1.45, , 
,781.02,1952,82.5,0.0,11111111,781.39,1920,0.0,0.00,275.4,781.75,0.0,3.87, , 
,782.09,1888,82.5,0.0,11111111,782.44,1888,0.0,0.00,295.8,782.78,0.0,3.91, , 
,783.11,1856,82.5,0.0,11111111,783.46,1824,0.0,0.00,295.8,783.80,0.0,3.87, , 
,784.13,1792,82.5,0.0,11111111,784.47,1792,0.0,0.00,316.2,784.78,0.0,3.95, , 
,785.12,1760,82.5,0.0,11111111,785.46,1760,0.0,0.00,316.2,785.80,0.0,3.95, , 
,786.16,1760,82.5,0.0,11101011,786.50,1728,22.0,3.09,316.2,786.86,0.0,0.59, , 
,787.24,1728,82.5,0.0,11101011,787.61,1728,23.5,3.09,336.6,787.97,-2.0,1.45, , 
,788.35,1728,82.5,-2.3,11111111,788.71,1728,23.5,3.09,336.6,789.04,-2.3,1.48, , 
,789.37,1728,82.5,-2.0,11111111,789.70,1696,0.0,0.00,336.6,790.02,0.0,3.71, , 
,790.39,1664,82.5,0.0,11111111,790.73,1664,0.0,0.00,336.6,791.09,0.0,3.91, , 
,791.45,1632,82.5,0.0,11111111,791.81,1600,0.0,0.00,336.6,792.14,0.0,3.91, , 
,792.48,1568,82.5,0.0,11111111,792.82,1568,0.0,0.00,336.6,793.13,0.0,3.98, , 
,793.46,1536,82.5,0.0,11111111,793.78,1536,0.0,0.00,336.6,794.13,0.0,3.91, , 
,794.44,1568,82.5,0.0,11101011,794.80,1536,28.2,4.12,377.4,795.15,0.0,0.98, , 
,795.52,1568,82.5,0.0,11101011,795.89,1568,32.5,4.12,418.2,796.26,0.0,1.52, , 
,796.61,1568,82.5,1.2,11101011,796.97,1568,32.5,4.12,418.2,797.35,2.0,1.52, , 
,797.72,1568,82.5,2.7,11101011,798.07,1568,40.0,6.18,479.4,798.39,0.0,1.48, , 
,798.74,1568,82.5,0.0,11101011,799.09,1568,56.1,8.24,673.2,799.45,0.8,1.52, , 
,799.81,1568,82.5,1.6,11101011,800.19,1600,54.5,8.24,652.8,800.53,0.0,1.45, , 
,800.85,1312,82.5,0.0,11111111,801.15,1024,28.2,4.12,397.8,801.50,0.0,2.15, , 
,801.86,1952,81.0,0.0,11101011,802.23,1984,17.6,2.06,275.4,802.58,0.0,1.17, , 
,802.95,1952,82.5,0.0,11101011,803.31,1920,47.1,6.18,550.8,803.66,0.0,1.60, , 
,804.02,1920,82.5,0.0,11101011,804.39,1920,60.4,9.27,693.6,804.76,-0.4,1.48, , 
,805.11,1952,81.0,-0.4,11101011,805.47,1952,60.4,8.24,673.2,805.84,0.0,1.17, , 
,806.18,1984,81.0,0.0,11101011,806.53,1984,72.2,11.33,795.6,806.88,-1.2,1.41, , 
,807.23,2048,81.0,-1.2,11101001,807.57,2048,69.4,10.30,775.2,807.92,0.0,1.45, , 
,808.29,2048,81.0,0.0,11101001,808.63,2048,51.8,7.21,612.0,808.97,2.7,1.60, , 
,809.32,2080,81.0,0.0,11101001,809.67,2048,69.4,10.30,754.8,810.04,-1.6,1.37, , 
,810.38,2080,81.0,-2.7,11101001,810.74,2080,59.2,8.24,652.8,811.09,-1.6,1.52, , 
,811.42,2080,81.0,-2.0,11101001,811.78,2080,54.5,7.21,632.4,812.13,-0.4,1.48, , 
,812.49,2080,81.0,0.0,11101001,812.83,2112,63.5,9.27,714.0,813.18,-2.7,1.37, , 
,813.51,2144,81.0,-2.3,11101001,813.85,2144,57.6,8.24,652.8,814.18,-2.7,1.48, , 
,814.50,2144,81.0,-2.7,11101001,814.85,2144,54.5,7.21,632.4,815.19,-0.8,1.52, , 
,815.53,2176,81.0,0.0,11101001,815.88,2176,54.5,8.24,612.0,816.23,1.2,1.48, , 
,816.58,2208,81.0,1.2,11101001,816.93,2208,56.1,8.24,632.4,817.27,0.4,1.41, , 
,817.60,2240,81.0,0.0,11101001,817.93,2240,54.5,7.21,612.0,818.26,-0.8,1.45, , 
,818.59,2272,81.0,-1.2,11101001,818.91,2272,54.5,7.21,612.0,819.24,-2.0,1.48, , 
,819.57,2304,81.0,-2.7,11101001,819.91,2336,56.1,7.21,632.4,820.25,-3.9,1.45, , 
,820.59,2336,81.0,-1.6,11101001,820.91,2368,54.5,7.21,612.0,821.31,-2.0,1.45, , 
,821.63,2368,82.5,-1.6,11101001,821.99,2400,54.5,7.21,612.0,822.35,-1.6,1.48, , 
,822.68,2432,82.5,-2.7,11101001,823.02,2432,54.5,7.21,612.0,823.36,-2.7,1.48, , 
,823.71,2464,82.5,-3.5,11101001,824.08,2464,54.5,7.21,612.0,824.41,-3.9,1.48, , 
,824.77,2496,82.5,-3.1,11101001,825.11,2496,53.3,7.21,612.0,825.44,-3.1,1.52, , 
,825.79,2528,82.5,-2.7,11101001,826.15,2528,51.8,7.21,591.6,826.48,-2.0,1.48, , 
,826.81,2560,82.5,-2.0,11101001,827.17,2560,48.6,6.18,550.8,827.53,0.4,1.52, , 
,827.85,2592,82.5,1.2,11101001,828.20,2592,42.7,6.18,499.8,828.53,1.6,1.48, , 
,828.88,2592,82.5,2.0,11101001,829.21,2592,42.7,6.18,499.8,829.55,2.3,1.48, , 
,829.90,2592,82.5,2.3,11101001,830.22,2592,38.4,5.15,459.0,830.55,2.0,1.45, , 
,830.90,2592,82.5,0.0,11101001,831.24,2592,25.1,3.09,336.6,831.57,-3.5,1.33, , 
,831.91,2592,82.5,-4.3,11101001,832.24,2560,22.0,3.09,316.2,832.57,-7.4,1.37, , 
,832.90,2560,82.5,-9.0,11101001,833.23,2560,22.0,2.06,295.8,833.58,-10.9,1.45, , 
,833.92,2528,82.5,-11.7,11101001,834.25,2528,20.8,2.06,295.8,834.58,-11.7,1.48, , 
,834.90,2464,84.0,-11.3,11111101,835.22,2496,19.2,2.06,275.4,835.56,0.0,1.56, , 
,835.90,2464,84.0,0.0,11111101,836.22,2432,0.0,0.00,275.4,836.57,0.0,3.95, , 
,836.91,2368,84.0,0.0,11111101,837.24,2368,0.0,0.00,275.4,837.57,0.0,3.87, , 
,837.90,2336,84.0,0.0,11101001,838.23,2304,17.6,3.09,244.8,838.56,0.0,0.55, , 
,838.90,2272,84.0,0.0,11101001,839.23,2272,17.6,2.06,244.8,839.56,-5.9,1.29, , 
,839.88,2240,84.0,-3.9,11101001,840.22,2240,17.6,2.06,244.8,840.57,-3.5,1.52, , 
,840.90,2208,84.0,-3.5,11101001,841.23,2208,17.6,2.06,244.8,841.58,-3.9,1.48, , 
,841.91,2176,84.0,-3.9,11101001,842.25,2176,17.6,2.06,244.8,842.59,-3.9,1.52, , 
,842.91,2144,84.0,-3.1,11101001,843.27,2112,17.6,2.06,244.8,843.61,-2.0,1.52, , 
,843.98,2016,84.0,0.0,11111101,844.33,1952,0.0,0.00,275.4,844.67,0.0,3.83, , 
,845.02,1888,84.0,0.0,11111111,845.40,1856,0.0,0.00,295.8,845.74,0.0,3.91, , 
,846.11,1856,84.0,0.0,11101011,846.47,1824,25.1,4.12,336.6,846.86,0.0,1.68, , 
,847.18,992,84.0,0.0,11111111,847.56,1184,35.3,6.18,459.0,847.89,0.0,0.86, , 
,848.25,2336,84.0,0.0,11101001,848.59,2432,31.0,4.12,377.4,848.91,-2.7,1.52, , 
,849.24,2368,84.0,-2.3,11101001,849.63,2368,35.3,5.15,418.2,849.96,1.6,1.60, , 
,850.31,2432,84.0,2.0,11101001,850.66,2432,48.6,7.21,571.2,851.04,2.3,1.45, , 
,851.39,2496,84.0,2.3,11101001,851.72,2528,47.1,7.21,550.8,852.05,2.3,1.45, , 
,852.38,2560,84.0,2.3,11101001,852.72,2592,47.1,6.18,550.8,853.05,3.5,1.52, , 
,853.39,2624,84.0,3.5,11101001,853.74,2624,45.9,6.18,520.2,854.08,3.5,1.48, , 
,854.41,2656,84.0,3.5,11101001,854.75,2688,44.3,6.18,499.8,855.08,3.9,1.45, , 
,855.40,2720,84.0,3.5,11101001,855.74,2720,44.3,6.18,499.8,856.09,3.5,1.45, , 
,856.47,2752,82.5,3.9,11101001,856.82,2784,42.7,6.18,499.8,857.14,3.5,1.48, , 
,857.47,2816,84.0,3.5,11101001,857.81,2816,44.3,6.18,499.8,858.19,3.9,1.48, , 
,858.56,2848,84.0,1.2,11101001,858.91,2880,54.5,7.21,612.0,859.24,0.0,2.27, , 
,859.58,2176,84.0,0.0,11111101,859.95,1632,22.0,3.09,316.2,860.29,0.0,1.25, , 
,860.62,2112,84.0,0.0,11101001,860.97,2112,31.0,4.12,397.8,861.33,0.0,1.41, , 
,861.67,2112,82.5,0.0,11101001,862.01,2112,59.2,8.24,652.8,862.35,0.0,1.52, , 
,862.69,2144,82.5,0.4,11101001,863.04,2176,56.1,8.24,652.8,863.38,1.6,1.52, , 
,863.73,2176,82.5,0.0,11101001,864.07,2208,44.3,6.18,520.2,864.39,0.0,1.56, , 
,864.73,2208,82.5,0.0,11101001,865.06,2176,17.6,2.06,244.8,865.40,-0.8,1.56, , 
,865.73,2208,82.5,-2.3,11101001,866.08,2144,16.1,2.06,244.8,866.42,-2.3,1.48, , 
,866.77,2112,82.5,0.0,11111101,867.11,2080,0.0,0.00,275.4,867.49,0.0,3.75, , 
,867.84,2048,82.5,0.0,11111101,868.18,2016,0.0,0.00,275.4,868.51,0.0,3.95, , 
,868.86,1984,82.5,0.0,11111111,869.23,1952,0.0,0.00,275.4,869.59,0.0,3.91, , 
,869.93,1920,82.5,0.0,11111111,870.28,1888,0.0,0.00,295.8,870.65,0.0,3.95, , 
,870.98,1824,82.5,0.0,11111111,871.30,1792,0.0,0.00,316.2,871.64,0.0,3.87, , 
,871.99,1696,82.5,0.0,11111111,872.36,1632,0.0,0.00,336.6,872.73,0.0,3.95, , 
,873.06,1536,82.5,0.0,11111111,873.36,1472,0.0,0.00,336.6,873.73,0.0,3.91, , 
,874.04,1408,82.5,0.0,11111111,874.39,1408,23.5,4.12,336.6,874.75,0.0,2.58, , 
,875.08,1440,82.5,0.0,11101011,875.42,1376,26.7,3.09,357.0,875.77,0.0,0.86, , 
,876.09,1376,82.5,0.0,11101011,876.39,1376,42.7,6.18,520.2,876.72,0.0,1.52, , 
,877.06,1408,82.5,2.7,11101011,877.40,1408,54.5,8.24,652.8,877.73,0.0,1.60, , 
,878.05,1440,82.5,1.6,11101011,878.37,1440,53.3,7.21,632.4,878.75,0.0,1.60, , 
,879.06,1248,82.5,0.0,11101011,879.41,1312,40.0,6.18,499.8,879.78,0.0,1.13, , 
,880.16,1920,84.0,0.0,11101011,880.54,1888,36.9,5.15,459.0,880.90,0.0,1.60, , 
,881.28,1952,82.5,0.0,11101011,881.65,1952,53.3,7.21,632.4,882.01,4.7,1.64, , 
,882.37,2016,82.5,5.9,11101001,882.72,2048,47.1,7.21,571.2,883.08,9.8,1.56, , 
,883.43,2080,82.5,9.8,11101001,883.79,2112,44.3,6.18,520.2,884.14,10.9,1.45, , 
,884.50,2112,84.0,11.3,11101001,884.85,2176,47.1,7.21,550.8,885.19,10.9,1.37, , 
,885.54,2176,84.0,0.0,11111101,885.87,1792,0.0,0.00,336.6,886.17,0.0,3.71, , 
,886.49,1024,82.5,0.0,11111111,886.80,1088,26.7,4.12,377.4,887.11,0.0,1.37, , 
,887.47,992,82.5,0.0,11111111,887.76,928,23.5,3.09,357.0,888.04,0.0,0.78, , 
,888.33,960,82.5,0.0,11111111,888.63,896,23.5,3.09,357.0,888.93,0.0,1.29, , 
,889.26,896,82.5,-0.8,11111111,889.56,896,25.1,3.09,377.4,889.86,-1.2,1.45, , 
,890.19,864,82.5,-1.6,11111111,890.50,864,25.1,3.09,377.4,890.78,-1.2,1.48, , 
,891.11,864,82.5,-1.2,11111111,891.41,896,25.1,3.09,377.4,891.73,-0.8,1.48, , 
,892.04,896,82.5,-0.8,11111111,892.34,896,25.1,3.09,377.4,892.64,-0.8,1.52, , 
,892.95,896,82.5,-0.8,11111111,893.24,864,25.1,3.09,377.4,893.55,-0.8,1.48, , 
,893.85,896,82.5,-1.2,11111111,894.15,864,25.1,3.09,377.4,894.46,-1.6,1.45, , 
,894.76,832,84.0,-2.0,11111111,895.05,768,25.1,3.09,377.4,895.35,-2.3,1.48, , 
,895.68,768,84.0,-2.3,11111111,895.99,800,26.7,3.09,397.8,896.31,-3.9,1.37, , 
,896.62,768,84.0,-4.3,11111111,896.93,800,28.2,3.09,397.8,897.24,-4.3,1.48, , 
,901.15,800,84.0,-1.6,11111111,900.57,768,26.7,3.09,397.8,900.85,-2.0,1.52, , 
,902.04,800,84.0,-2.0,11111111,901.45,768,26.7,3.09,397.8,901.74,-2.0,1.48, , 
,902.93,768,84.0,-2.3,11111111,902.33,800,26.7,3.09,397.8,902.63,-2.3,1.48, , 
,903.84,768,84.0,-2.7,11111111,903.23,800,26.7,3.09,397.8,903.53,-2.3,1.45, , 
,904.74,800,84.0,-3.1,11111111,904.14,800,28.2,3.09,397.8,904.45,-3.1,1.45, , 
,905.63,800,84.0,-3.5,11111111,905.04,800,26.7,3.09,397.8,905.34,-3.1,1.48, , 
,906.55,800,84.0,-3.1,11111111,905.94,800,26.7,3.09,397.8,906.24,-3.5,1.48, , 
,907.44,800,84.0,-1.6,11111111,906.84,800,26.7,3.09,397.8,907.13,-1.6,1.48, , 
,908.33,768,84.0,-2.0,11111111,907.74,800,26.7,3.09,397.8,908.04,-1.6,1.48, , 
,909.25,800,84.0,-1.6,11111111,908.64,768,26.7,3.09,397.8,908.95,-1.6,1.48, , 
,910.12,800,84.0,-1.2,11111111,909.55,800,26.7,3.09,397.8,909.84,-1.2,1.48, , 
,911.03,800,84.0,-0.8,11111111,910.43,800,26.7,3.09,397.8,910.73,-0.8,1.52, , 
,911.93,800,84.0,-0.8,11111111,911.34,800,26.7,3.09,397.8,911.63,-0.4,1.48, , 
,912.83,800,84.0,-0.8,11111111,912.24,800,26.7,3.09,397.8,912.53,-0.8,1.48, , 
,913.70,800,84.0,-1.2,11111111,913.13,768,26.7,3.09,397.8,913.42,-1.2,1.45, , 
,914.61,800,85.5,-1.6,11111111,914.00,768,26.7,3.09,397.8,914.31,-1.6,1.45, , 
,915.51,800,85.5,-2.0,11111111,914.91,768,26.7,3.09,397.8,915.21,-2.0,1.48, , 
,916.43,768,85.5,-2.0,11111111,915.83,768,26.7,3.09,397.8,916.13,-2.0,1.48, , 
,917.34,768,85.5,-2.0,11111111,916.73,800,26.7,3.09,397.8,917.04,-2.0,1.48, , 
,918.25,768,85.5,-2.0,11111111,917.64,800,26.7,3.09,397.8,917.95,-2.0,1.48, , 
,919.20,800,85.5,-2.0,11111111,918.56,800,28.2,3.09,418.2,918.89,-2.0,1.48, , 
,920.09,800,85.5,-2.7,11111111,919.49,800,26.7,3.09,397.8,919.79,-2.3,1.45, , 
,921.01,800,84.0,-3.1,11111111,920.39,768,26.7,3.09,397.8,920.70,-3.1,1.48, , 
,921.92,768,85.5,-2.3,10111111,921.32,768,28.2,3.09,397.8,921.61,-2.7,1.52, , 
,922.82,768,84.0,-2.0,10111111,922.23,768,28.2,3.09,418.2,922.52,-2.0,1.48, , 
,923.72,768,84.0,-2.3,10111111,923.12,800,26.7,3.09,397.8,923.41,-2.3,1.45, , 
,924.66,768,84.0,-2.3,10111111,924.03,800,26.7,3.09,397.8,924.35,-2.3,1.52, , 
,925.56,768,84.0,-2.3,10111111,924.96,800,26.7,3.09,397.8,925.26,-2.3,1.48, , 
,926.45,800,84.0,-2.0,10111111,925.84,800,26.7,3.09,397.8,926.14,-2.0,1.48, , 
,927.33,800,84.0,-1.6,10111111,926.74,800,26.7,3.09,397.8,927.04,-2.0,1.48, , 
,928.24,800,84.0,-2.0,10111111,927.64,800,26.7,3.09,397.8,927.95,-2.0,1.48, , 
,929.16,800,84.0,-2.0,10111111,928.55,768,26.7,3.09,397.8,928.85,-2.0,1.48, , 
,930.04,768,84.0,-2.0,10111111,929.45,768,26.7,3.09,397.8,929.75,-2.0,1.48, , 
,930.96,800,84.0,-2.0,10111111,930.35,800,26.7,3.09,397.8,930.64,-2.0,1.48, , 
,931.86,800,84.0,-2.0,10111111,931.26,800,26.7,3.09,397.8,931.57,-2.0,1.48, , 
,932.75,768,84.0,-1.6,10111111,932.16,800,26.7,3.09,397.8,932.46,-1.6,1.48, , 
,933.68,800,84.0,-1.2,10111111,933.05,800,26.7,3.09,397.8,933.36,-1.2,1.52, , 
,934.58,800,84.0,-1.2,10111111,933.98,800,26.7,3.09,397.8,934.27,-1.2,1.48, , 
,935.49,768,82.5,-1.6,10111111,934.89,800,26.7,3.09,397.8,935.19,-1.6,1.45, , 
,936.38,800,82.5,-1.6,10111111,935.78,800,26.7,3.09,397.8,936.08,-1.6,1.48, , 
,937.28,768,82.5,-2.0,10111111,936.68,768,26.7,3.09,397.8,936.98,-2.0,1.48, , 
,938.18,768,82.5,-2.0,10111111,937.57,800,26.7,3.09,397.8,937.86,-2.0,1.48, , 
,939.07,768,82.5,-2.3,10111111,938.47,800,28.2,3.09,418.2,938.77,-2.3,1.48, , 
,939.97,800,82.5,-2.3,10111111,939.37,768,26.7,3.09,397.8,939.67,-2.3,1.48, , 
,940.86,800,82.5,-2.3,10111111,940.27,768,28.2,3.09,397.8,940.56,-2.3,1.48, , 
,941.77,800,82.5,-2.7,10111111,941.17,768,28.2,3.09,397.8,941.47,-2.7,1.45, , 
,942.68,800,82.5,-3.1,10111111,942.08,768,28.2,3.09,418.2,942.39,-3.1,1.45, , 
,943.59,800,82.5,-3.1,10111111,942.99,800,28.2,3.09,418.2,943.29,-3.1,1.48, , 
,944.47,768,82.5,-3.1,10111111,943.87,800,26.7,3.09,397.8,944.17,-3.1,1.48, , 
,945.38,768,82.5,-2.7,10111111,944.77,768,28.2,3.09,418.2,945.07,-3.1,1.48, , 
,946.31,800,82.5,-1.6,10111111,945.69,800,28.2,3.09,397.8,946.00,-1.6,1.45, , 
,947.22,768,82.5,-2.0,10111111,946.63,800,28.2,3.09,397.8,946.93,-2.0,1.45, , 
,948.13,800,82.5,-2.0,10111111,947.53,800,28.2,3.09,418.2,947.83,-2.0,1.48, , 
,949.03,768,82.5,-2.3,10111111,948.44,768,26.7,3.09,397.8,948.74,-2.3,1.48, , 
,949.94,800,82.5,-1.6,10111111,949.33,768,28.2,3.09,418.2,949.64,-2.0,1.52, , 
,950.83,768,82.5,-1.2,10111111,950.24,768,28.2,3.09,397.8,950.53,-1.6,1.52, , 
,951.75,1312,82.5,0.0,10101011,951.12,800,28.2,3.09,418.2,951.42,0.0,1.48, , 
,952.71,640,82.5,0.0,10101011,952.10,1856,36.9,4.12,479.4,952.44,0.0,1.52, , 
,953.70,2080,82.5,0.0,10101001,952.98,576,72.2,11.33,826.2,953.33,0.0,1.09, , 
,954.65,1248,82.5,0.0,10101011,954.02,1376,53.3,7.21,612.0,954.33,0.0,1.72, , 
,955.73,2048,82.5,0.0,10111101,955.03,1568,76.9,12.36,867.0,955.38,0.0,1.17, , 
,956.63,1312,82.5,0.0,10101011,956.02,1568,0.0,0.00,357.0,956.33,0.0,3.75, , 
,957.64,1312,82.5,0.0,10101011,956.97,1280,35.3,5.15,459.0,957.30,0.0,1.09, , 
,958.76,1504,82.5,0.0,10101011,957.98,1376,54.5,8.24,652.8,958.44,0.0,1.48, , 
,959.81,1632,82.5,0.0,10101011,959.08,1568,44.3,5.15,550.8,959.44,0.0,1.64, , 
,960.90,1984,82.5,0.0,10101001,960.18,1728,71.0,10.30,795.6,960.54,0.0,1.48, , 
,961.87,2336,84.0,-3.5,11101001,961.23,2112,72.2,10.30,795.6,961.55,-2.7,1.37, , 
,962.85,2656,84.0,-6.3,11101001,962.19,2464,67.8,8.24,734.4,962.51,-6.3,1.45, , 
,963.87,1728,84.0,0.0,11111111,963.18,2720,42.7,4.12,520.2,963.51,0.0,3.48, , 
,964.88,1760,84.0,0.0,11101011,964.19,1216,23.5,4.12,336.6,964.54,0.0,2.77, , 
,966.00,1760,84.0,0.0,11101011,965.25,1728,29.4,4.12,377.4,965.61,0.0,1.29, , 
,967.11,1824,84.0,4.3,11101011,966.37,1792,50.2,6.18,591.6,966.74,3.1,1.64, , 
,968.23,1920,84.0,9.0,11101011,967.49,1856,44.3,6.18,520.2,967.86,7.0,1.56, , 
,969.33,1952,84.0,11.3,11101011,968.59,1920,41.2,6.18,499.8,968.96,10.2,1.48, , 
,970.40,2016,85.5,12.9,11101001,969.68,1984,44.3,6.18,520.2,970.05,12.5,1.45, , 
,971.51,2080,84.0,9.8,11101001,970.78,2016,42.7,6.18,499.8,971.14,12.9,1.45, , 
,972.56,2112,85.5,9.0,11101001,971.86,2080,41.2,6.18,499.8,972.22,9.8,1.41, , 
,973.60,2144,85.5,5.9,11101001,972.92,2112,41.2,6.18,499.8,973.25,5.9,1.45, , 
,974.63,2176,85.5,4.3,11101001,973.95,2144,41.2,5.15,479.4,974.31,5.5,1.45, , 
,975.66,2176,85.5,-6.6,11101001,974.98,2176,26.7,3.09,357.0,975.31,-5.1,1.09, , 
,976.70,2144,85.5,-13.3,11101001,976.00,2144,23.5,3.09,316.2,976.35,-11.3,1.29, , 
,977.74,2112,85.5,-3.9,11111101,977.02,2112,20.8,2.06,295.8,977.38,-10.2,1.68, , 
,978.72,1056,85.5,0.0,11111111,978.08,1696,0.0,0.00,295.8,978.41,0.0,3.44, , 
,979.59,992,85.5,0.0,11111111,979.03,1088,28.2,4.12,377.4,979.31,0.0,1.13, , 
,980.50,896,85.5,0.0,11111111,979.88,960,23.5,3.09,357.0,980.18,0.0,0.82, , 
,981.47,896,85.5,-2.0,11111111,980.84,896,25.1,3.09,377.4,981.14,-1.6,1.33, , 
,982.38,896,85.5,-2.3,11111111,981.79,864,26.7,3.09,377.4,982.09,-2.3,1.45, , 
,983.29,896,85.5,-1.6,11111111,982.68,896,26.7,3.09,377.4,982.99,-2.0,1.48, , 
,984.19,896,85.5,-1.2,11111111,983.58,864,26.7,3.09,377.4,983.88,-1.2,1.48, , 
,985.15,896,85.5,-1.6,11111111,984.50,896,26.7,3.09,377.4,984.83,-1.2,1.41, , 
,986.04,864,85.5,-1.6,10111111,985.44,896,25.1,3.09,377.4,985.73,-1.6,1.45, , 
,986.96,896,85.5,-1.6,10111111,986.33,896,26.7,3.09,377.4,986.63,-1.6,1.45, , 
,987.92,864,85.5,-2.0,10111111,987.29,864,25.1,3.09,377.4,987.59,-2.0,1.41, , 
,988.84,864,85.5,-2.3,10111111,988.20,864,25.1,3.09,377.4,988.52,-2.0,1.45, , 
,989.80,896,85.5,-2.3,10111111,989.15,896,26.7,3.09,377.4,989.47,-2.3,1.45, , 
,990.71,864,85.5,-2.7,10111111,990.12,864,26.7,3.09,377.4,990.40,-2.7,1.45, , 
,991.64,864,85.5,-2.3,10111111,991.02,864,26.7,3.09,397.8,991.32,-2.3,1.45, , 
,992.62,896,85.5,-3.1,10111111,991.96,896,26.7,3.09,397.8,992.31,-2.7,1.41, , 
,993.56,896,85.5,-3.1,10111111,992.94,896,26.7,3.09,397.8,993.24,-3.1,1.45, , 
,994.48,768,85.5,-4.3,10111111,993.87,864,25.1,3.09,377.4,994.17,-3.9,1.41, , 
,995.39,800,85.5,-5.5,10111111,994.76,768,28.2,3.09,418.2,995.08,-4.7,1.41, , 
,996.30,768,85.5,-7.8,10111111,995.69,800,26.7,3.09,397.8,995.98,-7.4,1.33, , 
,997.22,800,85.5,-6.6,10111111,996.60,768,28.2,3.09,418.2,996.91,-7.0,1.52, , 
,998.12,800,85.5,-6.3,10111111,997.52,800,28.2,3.09,418.2,997.82,-6.3,1.48, , 
,999.03,768,85.5,-4.7,10111111,998.42,800,28.2,3.09,418.2,998.72,-4.7,1.48, , 
