Wtorek,25,Sierpień,2026,16:25:45:00009-VCID:1C3761778CABCE7337-5178,Wersja VCDS: AKP 23.3.1,Wersja danych: 20230601 DS346.2
047 906 033 L,,1.4l SIMOS3PA   00HS5401,

,Grupa A:,'001,,,,Grupa B:,'002,,,,Grupa C:,'033
,,Obroty silnika,Temperatura,Lambda,Bity binarnie,,Obroty silnika,Obciążenie,Czas wtrysku,Ciśnienie rzecz.,,Lambda,Napięcie, , 
,CZAS,,,,,CZAS,,,,,CZAS,,,,
Znacznik,ZAPISU, /min,*C, %,,ZAPISU, /min, %, ms, mbar,ZAPISU, %, V,,
,0.34,2496,87.0,-0.4,11101001,0.71,2496,62.0,7.21,693.6,0.01,-1.2,1.48, , 
,1.40,2528,87.0,-0.8,11101001,1.76,2528,62.0,7.21,693.6,1.05,-0.8,1.52, , 
,2.44,2528,87.0,0.4,11101001,2.78,2528,62.0,7.21,693.6,2.09,-0.4,1.45, , 
,3.47,2560,87.0,-2.7,11101001,3.81,2560,62.0,7.21,673.2,3.13,-1.6,1.41, , 
,4.48,2560,87.0,-5.9,11101001,4.82,2560,54.5,6.18,612.0,4.16,-5.1,1.48, , 
,5.51,2560,87.0,-2.0,11101001,5.84,2560,51.8,6.18,591.6,5.17,-3.5,1.60, , 
,6.51,2560,87.0,0.4,11101001,6.86,2560,48.6,6.18,571.2,6.17,-0.8,1.45, , 
,7.54,2560,87.0,2.3,11101001,7.90,2560,48.6,6.18,550.8,7.19,2.3,1.48, , 
,8.58,2560,87.0,2.7,11101001,8.92,2560,48.6,6.18,550.8,8.23,2.7,1.52, , 
,9.60,2560,87.0,0.8,11101001,9.93,2560,47.1,6.18,550.8,9.26,1.6,1.41, , 
,10.63,2560,87.0,0.4,11101001,11.00,2560,48.6,6.18,550.8,10.28,0.4,1.45, , 
,11.70,2560,87.0,1.6,11101001,12.07,2560,50.2,6.18,571.2,11.34,0.8,1.52, , 
,12.77,2560,87.0,0.0,11101001,13.10,2560,48.6,6.18,571.2,12.42,0.0,1.45, , 
,13.79,2560,87.0,0.4,11101001,14.16,2560,50.2,6.18,571.2,13.44,0.8,1.45, , 
,14.83,2560,87.0,0.8,11101001,15.17,2560,51.8,6.18,591.6,14.49,0.0,1.52, , 
,15.88,2560,87.0,-1.6,11101001,16.25,2560,53.3,6.18,612.0,15.53,-0.8,1.48, , 
,16.96,2560,87.0,-4.3,11101001,17.31,2560,53.3,6.18,612.0,16.60,-3.9,1.45, , 
,17.98,2560,87.0,-3.9,11101001,18.33,2560,53.3,6.18,612.0,17.64,-4.7,1.48, , 
,18.98,2560,87.0,-3.9,11101001,19.33,2560,54.5,6.18,612.0,18.66,-3.9,1.52, , 
,20.03,2560,87.0,-3.9,11101001,20.35,2560,54.5,7.21,612.0,19.68,-3.9,1.45, , 
,21.07,2592,87.0,-4.3,11101001,21.42,2560,53.3,6.18,612.0,20.71,-4.3,1.45, , 
,22.10,2560,87.0,-3.5,11101001,22.45,2592,53.3,6.18,612.0,21.74,-3.9,1.52, , 
,23.08,2592,87.0,-4.3,11101001,23.42,2592,53.3,6.18,612.0,22.77,-3.5,1.48, , 
,24.10,2592,87.0,-3.9,11101001,24.46,2592,53.3,7.21,612.0,23.75,-3.5,1.45, , 
,25.14,2592,87.0,-3.9,11101001,25.46,2592,53.3,6.18,612.0,24.79,-3.9,1.45, , 
,26.15,2592,87.0,-3.5,11101001,26.50,2592,53.3,6.18,612.0,25.82,-3.9,1.52, , 
,27.17,2592,87.0,-3.9,11101001,27.51,2592,53.3,6.18,612.0,26.83,-3.5,1.45, , 
,28.18,2592,87.0,-3.9,11101001,28.54,2592,53.3,6.18,612.0,27.86,-3.9,1.41, , 
,29.20,2592,87.0,-3.9,11101001,29.55,2592,53.3,6.18,612.0,28.88,-3.9,1.48, , 
,30.22,2592,87.0,-3.5,11101001,30.55,2592,53.3,6.18,612.0,29.87,-3.9,1.52, , 
,31.18,2592,87.0,-8.2,11101001,31.51,2592,63.5,7.21,714.0,30.86,-3.5,1.48, , 
,32.17,2624,87.0,-9.0,11101001,32.51,2624,65.1,7.21,714.0,31.84,-8.2,1.48, , 
,33.21,2624,87.0,-10.2,11101001,33.56,2624,63.5,7.21,714.0,32.87,-10.2,1.48, , 
,34.26,2656,87.0,-9.4,11101001,34.60,2656,62.0,7.21,693.6,33.90,-9.8,1.41, , 
,35.26,2656,87.0,-9.0,11101001,35.61,2656,63.5,7.21,714.0,34.94,-9.0,1.52, , 
,36.26,2656,88.5,-8.2,11101001,36.61,2688,63.5,7.21,714.0,35.94,-8.2,1.52, , 
,37.29,2688,87.0,-7.4,11101001,37.64,2688,57.6,7.21,652.8,36.95,-7.4,1.45, , 
,38.32,2688,87.0,-0.4,11101001,38.67,2688,44.3,5.15,520.2,37.97,-4.3,1.52, , 
,39.37,2688,87.0,5.1,11101001,39.72,2688,44.3,5.15,520.2,39.01,3.5,1.56, , 
,40.42,2656,87.0,7.0,11101001,40.75,2656,44.3,6.18,520.2,40.06,6.6,1.45, , 
,41.39,2656,87.0,7.8,11101001,41.73,2656,44.3,6.18,520.2,41.06,7.4,1.37, , 
,42.42,2656,87.0,5.1,11101001,42.76,2656,44.3,6.18,520.2,42.09,7.4,1.41, , 
,43.45,2656,87.0,4.7,11101001,43.79,2656,45.9,6.18,520.2,43.11,5.1,1.48, , 
,44.51,2656,87.0,4.3,11101001,44.86,2624,47.1,6.18,550.8,44.16,5.1,1.45, , 
,45.55,2624,87.0,3.5,11101001,45.88,2624,45.9,6.18,520.2,45.20,3.5,1.45, , 
,46.56,2624,87.0,3.1,11101001,46.90,2624,45.9,6.18,550.8,46.22,3.5,1.52, , 
,47.58,2624,87.0,2.7,11101001,47.90,2624,45.9,6.18,550.8,47.24,2.7,1.48, , 
,48.55,2624,87.0,3.1,11101001,48.88,2624,45.9,6.18,520.2,48.22,3.1,1.48, , 
,49.54,2624,87.0,2.7,11101001,49.88,2592,47.1,6.18,550.8,49.22,3.1,1.48, , 
,50.55,2592,87.0,2.7,11101001,50.88,2592,45.9,6.18,550.8,50.23,2.7,1.52, , 
,51.56,2592,87.0,2.0,11101001,51.89,2592,47.1,6.18,550.8,51.22,2.7,1.52, , 
,52.56,2592,87.0,1.6,11101001,52.89,2592,47.1,6.18,550.8,52.21,2.3,1.45, , 
,53.57,2592,87.0,1.6,11101001,53.93,2592,47.1,6.18,550.8,53.21,2.0,1.48, , 
,54.63,2592,87.0,1.2,11101001,54.98,2592,47.1,6.18,550.8,54.28,1.6,1.52, , 
,55.66,2592,87.0,-0.4,11101001,55.99,2560,50.2,6.18,591.6,55.31,1.2,1.45, , 
,56.67,2592,87.0,-1.2,11101001,57.00,2560,50.2,6.18,571.2,56.33,-1.6,1.41, , 
,57.68,2592,87.0,-1.6,11101001,58.02,2560,50.2,6.18,591.6,57.34,-1.2,1.52, , 
,58.72,2560,87.0,-2.0,11101001,59.03,2560,50.2,6.18,591.6,58.38,-1.6,1.52, , 
,59.71,2560,87.0,-1.6,11101001,60.07,2560,50.2,6.18,591.6,59.37,-1.2,1.48, , 
,60.75,2560,87.0,-1.6,11101001,61.10,2560,50.2,6.18,591.6,60.43,-1.6,1.45, , 
,61.82,2560,87.0,-0.8,11101001,62.18,2560,48.6,6.18,550.8,61.46,-2.0,1.52, , 
,62.86,2560,87.0,2.7,11101001,63.19,2560,38.4,5.15,459.0,62.52,0.8,1.52, , 
,63.85,2560,87.0,6.6,11101001,64.19,2528,34.1,4.12,418.2,63.52,4.7,1.45, , 
,64.85,2528,87.0,9.8,11101001,65.18,2528,34.1,4.12,418.2,64.52,9.0,1.48, , 
,65.86,2496,87.0,8.6,11101001,66.18,2496,34.1,4.12,418.2,65.55,9.0,1.45, , 
,66.88,2496,87.0,8.2,11101001,67.20,2496,35.3,5.15,418.2,66.53,7.8,1.41, , 
,67.88,2496,87.0,7.8,11101001,68.23,2464,34.1,4.12,418.2,67.53,7.0,1.41, , 
,68.95,2464,87.0,7.4,11101001,69.28,2464,35.3,4.12,418.2,68.57,7.8,1.52, , 
,69.99,2432,87.0,6.6,11101001,70.33,2432,35.3,5.15,438.6,69.65,7.0,1.45, , 
,71.01,2432,87.0,6.6,11101001,71.34,2432,35.3,5.15,418.2,70.68,6.6,1.45, , 
,72.03,2432,87.0,6.6,11101001,72.37,2400,35.3,5.15,438.6,71.67,6.6,1.52, , 
,73.05,2400,87.0,6.6,11101001,73.46,2400,35.3,5.15,438.6,72.70,7.0,1.48, , 
,74.20,2368,87.0,6.3,11101001,74.56,2368,36.9,5.15,438.6,73.82,6.6,1.48, , 
,75.27,2368,87.0,5.5,11101001,75.61,2368,36.9,5.15,438.6,74.90,6.3,1.48, , 
,76.26,2336,87.0,6.3,11101001,76.61,2336,22.0,3.09,295.8,75.94,5.5,1.45, , 
,77.31,2304,87.0,3.1,11101001,77.66,2304,20.8,2.06,295.8,76.96,4.3,1.37, , 
,78.35,2272,87.0,-0.8,11101001,78.68,2272,17.6,2.06,275.4,78.01,0.0,1.37, , 
,79.35,2240,87.0,3.1,11101001,79.68,2240,16.1,2.06,244.8,79.02,2.3,1.64, , 
,80.36,2208,87.0,5.9,11101001,80.68,2208,16.1,2.06,244.8,80.01,3.9,1.56, , 
,81.35,2176,87.0,7.4,11101001,81.70,2144,16.1,2.06,244.8,81.01,5.1,1.45, , 
,82.39,2144,87.0,10.2,11101001,82.72,2112,16.1,2.06,244.8,82.06,9.8,1.52, , 
,83.40,2112,87.0,11.7,11101001,83.75,2080,16.1,2.06,244.8,83.05,11.3,1.52, , 
,84.46,2048,87.0,12.1,11101001,84.83,2048,14.9,2.06,244.8,84.10,12.5,1.45, , 
,85.55,2016,87.0,13.3,11101001,85.89,1984,14.9,2.06,244.8,85.18,11.7,1.41, , 
,86.59,1952,87.0,13.3,11101011,86.95,1952,14.9,2.06,244.8,86.24,12.5,1.45, , 
,87.66,1920,87.0,13.7,11101011,88.00,1920,17.6,2.06,275.4,87.30,13.3,1.45, , 
,88.68,1888,87.0,11.3,11101011,89.05,1856,17.6,2.06,275.4,88.33,7.4,1.25, , 
,89.78,1824,87.0,5.5,11101011,90.14,1824,19.2,2.06,275.4,89.41,9.0,1.48, , 
,90.82,1792,87.0,7.8,11101011,91.16,1792,19.2,2.06,295.8,90.52,2.3,1.29, , 
,91.85,1280,87.0,0.0,11111111,92.17,960,28.2,4.12,397.8,91.49,0.0,1.60, , 
,92.86,1280,87.0,0.0,11111111,93.19,1920,0.0,0.00,295.8,92.49,0.0,2.23, , 
,93.89,2080,87.0,0.0,11111101,94.23,2048,16.1,2.06,244.8,93.54,0.0,3.55, , 
,94.93,1984,87.0,0.0,11101001,95.29,1952,45.9,7.21,520.2,94.58,0.0,1.76, , 
,96.01,1952,87.0,0.0,11101011,96.37,1952,53.3,7.21,612.0,95.65,0.0,1.45, , 
,97.09,1952,85.5,0.8,11101011,97.46,1952,63.5,8.24,714.0,96.74,3.9,1.52, , 
,98.23,1984,85.5,-2.3,11101011,98.60,1984,66.3,8.24,754.8,97.85,-0.8,1.37, , 
,99.33,1984,85.5,-2.3,11101011,99.70,1984,65.1,8.24,734.4,98.97,-2.3,1.45, , 
,100.41,2016,85.5,0.4,11101001,100.75,2016,65.1,8.24,734.4,100.05,-1.6,1.56, , 
,101.45,2016,85.5,0.8,11101001,101.81,2016,65.1,8.24,734.4,101.10,1.2,1.45, , 
,102.51,2048,85.5,0.4,11101001,102.86,2048,65.1,8.24,734.4,102.16,0.8,1.48, , 
,103.57,2048,85.5,0.4,11101001,103.91,2048,63.5,8.24,714.0,103.20,0.0,1.45, , 
,104.62,2080,85.5,2.3,11101001,104.98,2048,63.5,8.24,714.0,104.25,2.3,1.48, , 
,105.68,2080,85.5,2.3,11101001,106.04,2080,63.5,8.24,714.0,105.34,2.3,1.52, , 
,106.75,2080,85.5,2.3,11101001,107.10,2080,47.1,5.15,571.2,106.38,2.3,1.45, , 
,107.78,2080,87.0,5.5,11101001,108.13,2080,47.1,6.18,571.2,107.44,0.0,1.76, , 
,108.87,2048,85.5,8.2,11101001,109.22,2048,48.6,6.18,571.2,108.49,7.0,1.56, , 
,109.93,2048,85.5,10.2,11101001,110.28,2048,47.1,6.18,550.8,109.56,9.8,1.48, , 
,110.98,2048,85.5,11.3,11101001,111.32,2048,56.1,8.24,652.8,110.63,11.3,1.45, , 
,112.03,2048,87.0,8.2,11101001,112.38,2080,56.1,7.21,652.8,111.69,9.0,1.33, , 
,113.05,2080,85.5,7.4,11101001,113.38,2080,56.1,7.21,652.8,112.72,7.8,1.48, , 
,114.07,2112,85.5,7.0,11101001,114.43,2112,53.3,7.21,632.4,113.73,7.0,1.45, , 
,115.12,2144,85.5,7.0,11101001,115.47,2144,53.3,7.21,612.0,114.78,7.0,1.52, , 
,116.17,2176,85.5,0.0,11101001,116.51,2176,25.1,3.09,336.6,115.82,7.8,1.48, , 
,117.17,2176,85.5,3.5,11101001,117.49,2176,22.0,3.09,316.2,116.84,0.0,1.72, , 
,118.20,2144,85.5,2.3,11101001,118.53,2144,22.0,3.09,316.2,117.84,2.7,1.48, , 
,119.22,2144,87.0,2.0,11101001,119.55,2112,25.1,3.09,336.6,118.87,2.0,1.45, , 
,120.27,2112,85.5,7.4,11101001,120.61,2112,38.4,5.15,459.0,119.91,5.1,1.56, , 
,121.32,2144,85.5,9.0,11101001,121.68,2144,45.9,6.18,550.8,120.96,10.5,1.52, , 
,122.40,2176,85.5,9.8,11101001,122.75,2176,45.9,6.18,550.8,122.04,9.8,1.45, , 
,123.43,2176,85.5,11.7,11101001,123.77,2208,38.4,5.15,459.0,123.09,10.5,1.45, , 
,124.45,2176,85.5,10.5,11101001,124.80,2176,23.5,3.09,316.2,124.11,10.9,1.52, , 
,125.49,2176,85.5,9.0,11101001,125.83,2176,23.5,3.09,336.6,125.15,9.4,1.41, , 
,126.51,2144,85.5,7.4,11101001,126.87,2144,23.5,3.09,336.6,126.17,7.8,1.41, , 
,127.57,2144,85.5,5.5,11101001,127.92,2144,25.1,3.09,336.6,127.21,5.9,1.45, , 
,128.58,2112,85.5,5.5,11101001,128.92,2112,25.1,3.09,336.6,128.25,4.7,1.45, , 
,129.62,2112,85.5,5.9,11101001,129.98,2112,31.0,4.12,397.8,129.27,5.9,1.52, , 
,130.67,2112,85.5,7.8,11101001,131.01,2112,34.1,4.12,438.6,130.32,7.4,1.52, , 
,131.70,2112,85.5,9.8,11101001,132.06,2112,34.1,4.12,418.2,131.36,9.4,1.52, , 
,132.76,2112,87.0,10.2,11101001,133.12,2112,34.1,4.12,418.2,132.41,9.8,1.45, , 
,133.84,2112,87.0,10.9,11101001,134.20,2112,34.1,4.12,438.6,133.48,10.9,1.52, , 
,134.89,2112,85.5,10.9,11101001,135.24,2112,34.1,4.12,418.2,134.54,10.9,1.45, , 
,135.95,2112,85.5,10.5,11101001,136.30,2112,34.1,4.12,438.6,135.59,10.9,1.48, , 
,136.97,2112,87.0,10.2,11101001,137.29,2112,34.1,4.12,418.2,136.63,10.2,1.41, , 
,137.99,2144,85.5,9.0,11101001,138.34,2112,34.1,4.12,438.6,137.64,8.6,1.48, , 
,139.01,2144,85.5,8.6,11101001,139.36,2144,34.1,4.12,418.2,138.68,9.0,1.52, , 
,140.03,2144,85.5,9.0,11101001,140.37,2144,34.1,4.12,418.2,139.70,8.6,1.45, , 
,141.06,2144,87.0,7.8,11101001,141.42,2112,19.2,2.06,295.8,140.72,8.6,1.48, , 
,142.11,2112,85.5,-0.8,11101001,142.45,2080,19.2,2.06,295.8,141.77,0.8,1.13, , 
,143.14,2080,87.0,-3.5,11101001,143.50,2080,20.8,2.06,295.8,142.80,1.6,1.56, , 
,144.19,2080,87.0,-2.7,11101001,144.54,2048,20.8,2.06,295.8,143.84,-4.3,1.37, , 
,145.24,2048,87.0,-5.1,11101001,145.59,2048,20.8,2.06,295.8,144.89,-1.2,1.64, , 
,146.28,2016,85.5,-4.3,11101001,146.62,2016,23.5,3.09,336.6,145.94,-4.3,1.41, , 
,147.35,1984,87.0,0.4,11101001,147.71,1984,23.5,3.09,336.6,146.98,-2.0,1.60, , 
,148.42,1984,85.5,5.1,11101001,148.78,1984,23.5,3.09,336.6,148.08,4.3,1.56, , 
,149.48,1984,85.5,8.2,11101011,149.84,1952,25.1,3.09,336.6,149.13,8.2,1.56, , 
,150.57,1952,85.5,7.4,11101011,150.95,1952,26.7,3.09,357.0,150.20,7.8,1.41, , 
,151.68,1952,85.5,7.0,11101011,152.06,1952,25.1,3.09,357.0,151.31,7.4,1.41, , 
,152.81,1952,85.5,6.6,11101011,153.18,1952,26.7,3.09,357.0,152.43,7.4,1.48, , 
,153.93,1952,85.5,6.6,11101011,154.30,1952,26.7,3.09,357.0,153.56,6.6,1.45, , 
,155.04,1920,85.5,7.0,11101011,155.41,1920,36.9,4.12,459.0,154.65,6.6,1.45, , 
,156.13,1952,85.5,7.0,11101011,156.48,1952,42.7,5.15,520.2,155.76,7.8,1.52, , 
,157.21,1952,87.0,9.4,11101011,157.57,1984,40.0,5.15,479.4,156.84,8.6,1.52, , 
,158.30,1984,85.5,8.6,11101011,158.65,1984,40.0,5.15,479.4,157.93,9.0,1.45, , 
,159.37,1984,85.5,8.6,11101001,159.74,2016,29.4,3.09,397.8,159.01,8.6,1.48, , 
,160.44,1984,85.5,6.6,11101001,160.78,1984,25.1,3.09,336.6,160.08,8.6,1.45, , 
,161.49,1984,85.5,5.9,11101011,161.87,1984,25.1,3.09,336.6,161.13,6.6,1.45, , 
,162.61,1952,85.5,4.3,11101011,162.97,1984,26.7,3.09,357.0,162.23,4.7,1.45, , 
,163.70,1952,85.5,4.7,11101011,164.06,1952,34.1,4.12,438.6,163.34,3.9,1.48, , 
,164.76,1984,87.0,7.0,11101011,165.14,1984,32.5,4.12,418.2,164.41,6.3,1.52, , 
,165.85,1984,85.5,7.8,11101011,166.19,1984,36.9,5.15,459.0,165.48,8.2,1.45, , 
,166.92,1984,85.5,6.6,11101001,167.29,1984,35.3,5.15,438.6,166.54,7.0,1.45, , 
,168.04,1984,85.5,6.6,11101001,168.40,1984,35.3,4.12,438.6,167.67,6.6,1.41, , 
,169.12,1984,85.5,6.3,11101001,169.48,1984,26.7,3.09,357.0,168.76,7.0,1.48, , 
,170.20,1984,85.5,4.7,11101001,170.56,1952,26.7,3.09,357.0,169.84,4.7,1.45, , 
,171.30,1984,85.5,3.9,11101011,171.64,1984,26.7,3.09,357.0,170.92,3.9,1.45, , 
,172.37,1984,85.5,3.5,11101011,172.73,1984,29.4,4.12,377.4,172.01,3.5,1.52, , 
,173.44,1952,85.5,5.5,11101011,173.79,1952,29.4,4.12,377.4,173.10,5.1,1.52, , 
,174.50,1984,85.5,7.0,11101011,174.85,1984,31.0,4.12,397.8,174.16,6.6,1.48, , 
,175.58,1984,85.5,7.4,11101011,175.92,1984,31.0,4.12,397.8,175.21,6.6,1.48, , 
,176.63,1984,85.5,6.6,11101011,176.98,1984,29.4,4.12,377.4,176.28,7.0,1.45, , 
,177.71,1984,85.5,6.6,11101011,178.08,1984,29.4,4.12,397.8,177.34,6.6,1.48, , 
,178.80,1984,87.0,5.9,11101011,179.16,1952,20.8,2.06,295.8,178.43,6.3,1.45, , 
,179.87,1952,85.5,2.0,11101011,180.24,1920,16.1,2.06,275.4,179.52,2.3,1.25, , 
,180.94,1888,85.5,5.5,11111111,181.28,1888,0.0,0.00,275.4,180.60,14.1,1.95, , 
,181.98,1856,85.5,0.0,11111111,182.33,1856,0.0,0.00,295.8,181.62,0.0,3.16, , 
,183.01,1824,87.0,0.0,11101011,183.36,1792,19.2,3.09,295.8,182.68,0.0,3.95, , 
,184.06,1792,85.5,0.0,11101011,184.43,1792,20.8,2.06,295.8,183.73,0.0,1.13, , 
,185.17,1728,85.5,2.7,11101011,185.53,1728,25.1,3.09,357.0,184.82,2.0,1.56, , 
,186.21,1728,85.5,9.0,11101011,186.58,1728,26.7,3.09,357.0,185.87,8.6,1.64, , 
,187.30,1728,85.5,9.4,11101011,187.67,1696,28.2,4.12,377.4,186.94,9.4,1.45, , 
,188.33,1696,85.5,10.5,11101011,188.67,1696,32.5,4.12,418.2,188.00,10.2,1.45, , 
,189.30,1024,85.5,0.0,11111111,189.61,1088,28.2,4.12,397.8,188.98,0.0,2.42, , 
,190.24,1088,85.5,0.0,11101011,190.58,1760,31.0,3.09,397.8,189.90,0.0,1.33, , 
,191.24,2176,85.5,1.2,11101001,191.60,2112,20.8,2.06,295.8,190.91,2.3,1.60, , 
,192.27,2144,85.5,-2.0,11101001,192.60,2144,22.0,2.06,316.2,191.94,-0.8,1.41, , 
,193.32,2080,85.5,-4.7,11101001,193.68,1984,16.1,2.06,275.4,192.96,-3.1,1.41, , 
,194.39,2016,85.5,7.0,11101001,194.73,2048,16.1,2.06,244.8,194.04,8.6,2.15, , 
,195.46,2016,85.5,12.1,11101001,195.83,1952,16.1,2.06,244.8,195.10,11.3,1.45, , 
,196.55,1920,85.5,9.8,11101011,196.91,1952,20.8,3.09,295.8,196.18,14.1,1.45, , 
,197.62,1920,85.5,9.0,11101011,198.00,1920,25.1,3.09,357.0,197.26,8.2,1.33, , 
,198.73,1888,85.5,5.1,11101011,199.10,1888,26.7,3.09,357.0,198.37,6.3,1.33, , 
,199.82,1888,85.5,3.9,11101011,200.20,1888,28.2,3.09,377.4,199.46,4.3,1.41, , 
,200.93,1888,85.5,4.3,11101011,201.30,1888,31.0,4.12,397.8,200.58,3.5,1.48, , 
,202.03,1888,85.5,4.7,11101011,202.40,1888,29.4,4.12,397.8,201.65,4.3,1.52, , 
,203.12,1888,85.5,4.7,11101011,203.47,1888,31.0,4.12,397.8,202.76,4.7,1.48, , 
,204.19,1888,85.5,5.1,11101011,204.55,1920,29.4,4.12,397.8,203.83,4.7,1.52, , 
,205.26,1920,85.5,5.1,11101011,205.64,1920,29.4,4.12,397.8,204.91,4.7,1.48, , 
,206.36,1920,85.5,5.1,11101011,206.72,1920,29.4,4.12,377.4,205.99,5.5,1.48, , 
,207.46,1952,87.0,4.7,11101011,207.84,1920,28.2,3.09,377.4,207.07,5.1,1.48, , 
,208.59,1952,85.5,3.5,11101011,208.96,1920,19.2,2.06,275.4,208.21,3.5,1.45, , 
,209.67,1856,85.5,0.0,11111111,210.01,1888,0.0,0.00,295.8,209.33,7.0,1.60, , 
,210.73,1824,85.5,0.0,11111111,211.10,1792,0.0,0.00,316.2,210.39,0.0,3.87, , 
,211.80,1728,85.5,0.0,11111111,212.16,1696,22.0,3.09,316.2,211.45,0.0,3.98, , 
,212.80,1696,85.5,0.0,11101011,213.13,1664,28.2,3.09,377.4,212.47,0.0,2.07, , 
,213.85,1632,85.5,7.4,11101011,214.21,1664,28.2,3.09,377.4,213.49,5.5,1.48, , 
,214.90,1632,85.5,8.6,11101011,215.26,1632,28.2,4.12,377.4,214.56,8.2,1.48, , 
,215.95,1632,85.5,10.2,11101011,216.32,1632,28.2,4.12,377.4,215.59,9.8,1.48, , 
,217.03,1632,85.5,10.5,11101011,217.37,1600,28.2,4.12,377.4,216.69,10.2,1.45, , 
,218.08,1600,85.5,9.8,11101011,218.46,1600,23.5,3.09,336.6,217.72,9.8,1.37, , 
,219.17,1600,85.5,11.3,11101011,219.51,1568,20.8,3.09,316.2,218.81,12.1,1.52, , 
,220.24,1536,85.5,8.2,11101011,220.62,1536,25.1,3.09,357.0,219.86,9.0,1.37, , 
,221.36,1536,85.5,7.0,11101011,221.72,1536,31.0,4.12,418.2,221.00,9.4,1.48, , 
,222.44,1536,85.5,6.3,11101011,222.83,1568,32.5,4.12,418.2,222.09,6.6,1.45, , 
,223.54,1568,85.5,8.6,11101011,223.86,1568,34.1,4.12,438.6,223.20,8.2,1.52, , 
,224.56,1568,85.5,9.4,11101011,224.93,1600,36.9,5.15,459.0,224.20,9.8,1.48, , 
,225.60,1568,85.5,0.0,11111111,225.87,1152,28.2,4.12,397.8,225.28,9.4,1.48, , 
,226.51,1088,85.5,0.0,11111111,226.85,1056,23.5,3.09,357.0,226.19,0.0,3.13, , 
,227.43,832,85.5,0.0,11111111,227.73,832,28.2,4.12,418.2,227.14,0.0,0.78, , 
,228.33,896,85.5,0.0,11111111,228.62,896,26.7,3.09,397.8,228.03,0.0,1.41, , 
,229.23,864,85.5,-1.2,11111111,229.56,864,28.2,3.09,397.8,228.94,-1.6,1.41, , 
,230.18,896,87.0,1.2,11111111,230.51,896,26.7,3.09,397.8,229.88,0.4,1.60, , 
,231.12,768,85.5,1.6,11111111,231.41,800,28.2,3.09,418.2,230.82,1.6,1.48, , 
,232.01,800,85.5,0.8,11111111,232.33,800,28.2,3.09,418.2,231.71,1.2,1.45, , 
,232.90,800,85.5,0.0,11111111,233.20,800,28.2,3.09,418.2,232.61,0.4,1.45, , 
,233.80,800,87.0,0.4,11111111,234.10,800,28.2,3.09,418.2,233.49,0.4,1.48, , 
,234.71,768,87.0,0.4,11101011,235.03,800,32.5,4.12,459.0,234.40,0.4,1.45, , 
,235.62,896,87.0,2.3,11101011,235.92,896,40.0,5.15,499.8,235.33,1.6,1.52, , 
,236.54,1184,87.0,0.0,11101011,236.86,1152,38.4,5.15,499.8,236.22,0.0,1.64, , 
,237.48,704,87.0,2.7,11101011,237.79,672,57.6,8.24,693.6,237.18,0.8,1.52, , 
,238.39,1056,87.0,0.0,11111111,238.68,928,28.2,3.09,397.8,238.08,0.0,1.60, , 
,239.29,864,87.0,0.0,11111111,239.60,896,29.4,3.09,418.2,238.99,0.0,1.37, , 
,240.22,896,87.0,0.0,11111111,240.52,864,28.2,3.09,418.2,239.91,0.0,1.48, , 
,241.12,864,87.0,-0.8,10111111,241.43,800,26.7,3.09,397.8,240.82,-0.8,1.45, , 
,242.01,768,87.0,-0.8,10111111,242.30,800,29.4,3.09,418.2,241.71,-1.2,1.52, , 
,242.91,800,87.0,-0.4,10111111,243.21,800,28.2,3.09,418.2,242.59,-0.4,1.52, , 
,243.82,768,87.0,-0.4,10111111,244.13,800,29.4,3.09,418.2,243.51,-0.4,1.48, , 
,244.75,800,87.0,0.0,10111111,245.05,800,29.4,3.09,418.2,244.43,0.0,1.52, , 
,245.64,800,87.0,0.0,10111111,245.94,800,28.2,3.09,418.2,245.35,0.0,1.52, , 
,246.55,800,87.0,0.0,10111111,246.86,800,28.2,3.09,418.2,246.25,0.0,1.48, , 
,247.45,768,87.0,0.0,10111111,247.75,800,28.2,3.09,418.2,247.16,0.0,1.48, , 
,248.35,800,87.0,0.4,10111111,248.67,800,28.2,3.09,418.2,248.05,0.0,1.52, , 
,249.30,768,87.0,1.2,10111111,249.60,768,28.2,3.09,418.2,248.99,0.8,1.52, , 
,250.18,768,87.0,0.4,10111111,250.48,768,28.2,3.09,418.2,249.89,0.8,1.48, , 
,251.07,768,87.0,0.0,10111111,251.37,768,28.2,3.09,418.2,250.78,0.0,1.48, , 
,251.96,800,87.0,0.0,10111111,252.26,800,28.2,3.09,418.2,251.66,0.0,1.52, , 
,252.87,800,87.0,0.4,10111111,253.18,832,62.0,10.30,673.2,252.56,0.4,1.52, , 
,253.87,1568,87.0,0.0,10101011,254.17,1024,50.2,7.21,612.0,253.52,0.0,0.82, , 
,254.79,896,87.0,0.0,10101011,255.12,1056,44.3,5.15,591.6,254.46,0.0,1.56, , 
,255.78,1120,87.0,0.0,10101011,256.10,1120,31.0,4.12,418.2,255.45,0.0,1.45, , 
,256.74,1280,87.0,0.0,10101011,257.12,1440,54.5,8.24,652.8,256.42,1.6,1.52, , 
,257.85,1792,87.0,3.9,10101011,258.20,1920,44.3,6.18,520.2,257.49,0.8,1.56, , 
,258.86,2208,87.0,9.8,10101001,259.18,2432,60.4,8.24,673.2,258.53,9.8,1.64, , 
,259.84,2592,87.0,0.0,10111101,260.18,2048,0.0,0.00,316.2,259.52,0.4,1.52, , 
,260.77,1056,87.0,0.0,10101011,261.16,1504,53.3,8.24,652.8,260.48,0.0,3.87, , 
,261.91,1504,87.0,0.0,10101011,262.24,1568,63.5,9.27,734.4,261.56,0.0,1.21, , 
,262.94,1696,87.0,0.0,11101011,263.26,1760,54.5,6.18,652.8,262.56,0.0,1.52, , 
,264.00,1824,87.0,4.7,11101011,264.37,1856,40.0,5.15,499.8,263.64,0.0,1.72, , 
,265.09,1856,88.5,8.2,11101011,265.46,1856,38.4,5.15,459.0,264.72,7.4,1.64, , 
,266.20,1888,88.5,9.4,11101011,266.55,1856,23.5,3.09,336.6,265.84,9.0,1.45, , 
,267.26,1824,88.5,8.2,11101011,267.64,1792,32.5,4.12,418.2,266.91,9.4,1.48, , 
,268.36,1888,87.0,0.0,11101011,268.71,1920,72.2,10.30,795.6,267.99,9.0,1.48, , 
,269.43,2080,88.5,-0.8,11101001,269.78,2176,78.4,10.30,867.0,269.07,0.0,1.41, , 
,270.45,2368,88.5,4.7,11101001,270.80,2464,85.5,12.36,928.2,270.11,-2.3,1.41, , 
,271.49,2720,88.5,-0.4,11101001,271.80,2848,85.5,11.33,928.2,271.13,1.6,1.37, , 
,272.48,2208,88.5,0.0,11111101,272.82,1664,22.0,3.09,316.2,272.13,0.0,1.37, , 
,273.57,1824,88.5,0.0,11101011,273.94,1792,40.0,5.15,479.4,273.18,0.0,1.99, , 
,274.69,1760,88.5,0.0,11101011,275.07,1760,60.4,8.24,714.0,274.29,0.0,1.68, , 
,275.82,1792,88.5,11.3,11101011,276.19,1824,59.2,7.21,673.2,275.47,8.2,1.48, , 
,276.92,1824,88.5,9.8,11101011,277.30,1824,51.8,7.21,612.0,276.54,13.7,1.45, , 
,278.01,1792,88.5,11.3,11101011,278.37,1760,40.0,5.15,499.8,277.64,10.9,1.48, , 
,279.07,1728,88.5,11.3,11101011,279.46,1696,32.5,4.12,418.2,278.71,11.7,1.48, , 
,280.18,1632,88.5,12.1,11101011,280.55,1600,35.3,5.15,459.0,279.82,12.5,1.52, , 
,281.22,1600,88.5,0.0,11101011,281.55,1600,78.4,11.33,887.4,280.89,0.0,1.45, , 
,282.24,1600,88.5,0.0,11101011,282.60,1632,79.6,10.30,907.8,281.87,0.0,1.37, , 
,283.32,1664,88.5,0.0,11101011,283.68,1632,50.2,6.18,612.0,282.96,-2.3,1.45, , 
,284.41,1632,88.5,12.1,11101011,284.79,1632,50.2,6.18,612.0,284.05,3.1,1.64, , 
,285.53,1664,88.5,15.2,11101011,285.89,1664,60.4,8.24,714.0,285.17,14.1,1.56, , 
,286.54,1664,88.5,10.9,11101011,286.90,1664,50.2,6.18,612.0,286.22,11.3,1.37, , 
,287.63,1632,88.5,13.7,11101011,288.00,1632,65.1,8.24,754.8,287.28,12.9,1.52, , 
,288.68,1728,88.5,0.0,11101011,289.06,1728,78.4,10.30,887.4,288.34,0.0,1.60, , 
,289.81,1792,88.5,0.8,11101011,290.19,1792,78.4,10.30,887.4,289.44,0.4,1.52, , 
,290.90,1824,88.5,8.2,11101011,291.27,1856,76.9,9.27,867.0,290.56,0.8,1.45, , 
,291.98,1888,88.5,8.2,11101011,292.34,1920,67.8,8.24,775.2,291.63,7.4,1.41, , 
,293.10,1952,88.5,0.0,11101011,293.48,1920,51.8,5.15,612.0,292.71,0.0,1.60, , 
,294.22,1888,88.5,16.4,11101011,294.57,1888,59.2,8.24,673.2,293.84,13.7,1.80, , 
,295.30,1888,88.5,5.9,11101011,295.68,1888,76.9,9.27,867.0,294.93,0.0,1.84, , 
,296.42,1952,88.5,15.2,11101011,296.78,1952,81.2,11.33,907.8,296.05,14.1,1.60, , 
,297.48,2048,88.5,10.9,11101001,297.84,2080,87.1,12.36,969.0,297.13,15.2,1.45, , 
,298.52,2176,88.5,5.1,11101001,298.84,2208,87.1,11.33,948.6,298.17,7.0,1.29, , 
,299.52,2272,88.5,2.3,11101001,299.84,2304,85.5,11.33,928.2,299.18,2.7,1.41, , 
,300.54,2400,88.5,2.3,11101001,300.89,2432,85.5,10.30,928.2,300.20,1.6,1.52, , 
,301.58,2496,88.5,0.8,11101001,301.91,2560,84.3,11.33,907.8,301.23,2.7,1.48, , 
,302.62,1856,88.5,0.0,11111111,302.96,1312,0.0,0.00,336.6,302.24,0.0,1.60, , 
,303.65,1024,88.5,0.0,11111111,303.95,928,25.1,3.09,357.0,303.29,0.0,3.67, , 
,304.57,832,88.5,0.0,11111111,304.90,928,29.4,4.12,418.2,304.26,0.0,0.90, , 
,305.52,928,88.5,0.0,11111111,305.81,896,26.7,3.09,397.8,305.21,0.0,0.98, , 
,306.41,896,88.5,-3.1,11111111,306.71,896,28.2,3.09,397.8,306.11,-2.7,1.37, , 
,307.34,896,88.5,-2.0,11111111,307.64,896,28.2,3.09,397.8,307.04,-2.3,1.52, , 
,308.25,896,88.5,-1.2,11111111,308.56,896,28.2,3.09,397.8,307.94,-1.2,1.52, , 
,309.20,896,88.5,0.0,11111111,309.52,896,28.2,3.09,397.8,308.89,-0.4,1.52, , 
,310.13,1056,88.5,2.7,11101011,310.46,1024,34.1,4.12,438.6,309.81,0.8,1.56, , 
,311.07,1152,90.0,0.0,11101011,311.40,1184,67.8,10.30,795.6,310.78,0.0,1.52, , 
,312.14,1376,88.5,0.0,11101011,312.51,1504,79.6,11.33,928.2,311.76,0.0,0.94, , 
,313.24,1792,90.0,-2.0,11101011,313.61,1920,69.4,9.27,795.6,312.86,-2.0,1.41, , 
,314.28,2112,90.0,-1.2,11101001,314.62,2208,65.1,8.24,734.4,313.95,-1.2,1.56, , 
,315.30,2400,90.0,-2.7,11101001,315.64,2464,45.9,4.12,571.2,314.95,-2.7,1.45, , 
,316.31,1440,90.0,0.0,11111111,316.63,960,25.1,4.12,357.0,315.98,0.0,3.44, , 
,317.32,1568,90.0,0.0,11101011,317.68,1600,29.4,3.09,377.4,316.99,0.0,2.66, , 
,318.39,1632,90.0,4.7,11101011,318.76,1664,48.6,6.18,591.6,318.03,2.0,1.56, , 
,319.46,1728,90.0,8.6,11101011,319.86,1760,48.6,7.21,591.6,319.10,6.6,1.60, , 
,320.60,1824,90.0,11.7,11101011,320.94,1856,44.3,6.18,550.8,320.24,10.5,1.52, , 
,321.59,1088,90.0,0.0,11111111,321.92,1056,28.2,4.12,397.8,321.31,0.0,1.84, , 
,322.56,1056,90.0,0.0,11111111,322.86,960,22.0,3.09,336.6,322.24,0.0,1.84, , 
,323.46,832,90.0,0.0,11111111,323.79,896,28.2,3.09,397.8,323.16,0.0,0.66, , 
,324.42,896,90.0,0.0,11111111,324.73,864,26.7,3.09,397.8,324.10,0.0,1.41, , 
,325.36,896,90.0,0.8,11111111,325.66,896,26.7,3.09,397.8,325.04,0.4,1.52, , 
,326.22,896,90.0,1.2,11111111,326.54,896,26.7,3.09,397.8,325.94,1.2,1.48, , 
,327.14,864,90.0,1.2,11111111,327.43,864,26.7,3.09,397.8,326.84,1.2,1.48, , 
,328.02,896,90.0,0.8,11111111,328.32,896,26.7,3.09,397.8,327.72,0.8,1.48, , 
,328.91,896,90.0,1.2,11111111,329.19,896,26.7,3.09,397.8,328.63,0.8,1.48, , 
,329.77,896,90.0,1.2,11111111,330.07,896,26.7,3.09,397.8,329.48,1.2,1.48, , 
,330.68,896,90.0,0.8,11111111,331.01,896,28.2,3.09,397.8,330.37,0.8,1.45, , 
,331.59,864,90.0,0.4,11111111,331.89,864,26.7,3.09,397.8,331.31,0.4,1.48, , 
,332.50,768,90.0,0.0,11111111,332.80,768,28.2,3.09,418.2,332.20,0.0,1.48, , 
,333.42,800,90.0,0.8,11111111,333.74,800,28.2,3.09,418.2,333.10,0.4,1.52, , 
,334.32,800,90.0,1.6,11111111,334.63,800,28.2,3.09,418.2,334.02,1.2,1.52, , 
,335.22,800,90.0,2.0,11111111,335.51,800,29.4,3.09,418.2,334.92,2.0,1.52, , 
,336.11,800,90.0,3.5,11111111,336.41,800,28.2,3.09,418.2,335.80,3.1,1.60, , 
,337.03,768,90.0,2.3,11111111,337.32,800,28.2,3.09,418.2,336.71,3.1,1.41, , 
,337.94,800,90.0,0.8,11111111,338.25,768,28.2,3.09,418.2,337.64,1.2,1.41, , 
,338.84,800,90.0,0.8,11111111,339.14,768,28.2,3.09,418.2,338.55,0.8,1.52, , 
,339.74,768,90.0,1.2,11111111,340.05,768,28.2,3.09,418.2,339.44,1.2,1.48, , 
,340.64,800,90.0,1.2,11111111,340.93,768,28.2,3.09,418.2,340.34,1.2,1.48, , 
,341.54,768,90.0,1.2,11111111,341.85,800,28.2,3.09,418.2,341.24,1.2,1.48, , 
,342.45,768,90.0,1.6,11111111,342.75,768,28.2,3.09,418.2,342.15,1.6,1.48, , 
,343.34,768,90.0,1.6,11111111,343.63,768,28.2,3.09,418.2,343.04,1.6,1.48, , 
,344.20,800,90.0,1.6,11111111,344.50,800,28.2,3.09,418.2,343.91,1.6,1.48, , 
,345.09,800,90.0,1.6,11111111,345.40,800,28.2,3.09,418.2,344.80,1.6,1.48, , 
,346.00,800,90.0,1.6,11111111,346.30,800,28.2,3.09,418.2,345.70,1.6,1.48, , 
,346.89,768,90.0,1.6,11111111,347.18,800,28.2,3.09,418.2,346.59,1.6,1.48, , 
,347.77,768,90.0,2.0,11111111,348.06,768,28.2,3.09,418.2,347.48,2.0,1.52, , 
,348.68,768,90.0,2.7,11111111,348.98,800,28.2,3.09,418.2,348.37,2.3,1.52, , 
,349.58,768,90.0,3.1,11111111,349.88,800,28.2,3.09,418.2,349.28,3.1,1.52, , 
,350.49,768,90.0,3.9,11111111,350.79,768,28.2,3.09,418.2,350.18,3.9,1.52, , 
,351.38,800,90.0,4.7,11111111,351.67,800,28.2,4.12,418.2,351.08,4.3,1.52, , 
,352.26,768,90.0,4.7,11111111,352.56,768,29.4,4.12,418.2,351.96,4.7,1.48, , 
,353.17,800,90.0,4.7,11111111,353.48,800,29.4,4.12,418.2,353.78,4.7,1.48, , 
,354.08,800,91.5,4.3,11111111,354.38,768,29.4,4.12,418.2,354.68,4.3,1.48, , 
,354.98,768,91.5,4.3,11111111,355.28,768,29.4,4.12,418.2,355.57,5.1,1.48, , 
,355.88,800,91.5,5.9,11101011,356.16,864,34.1,4.12,459.0,356.49,7.8,1.52, , 
,356.81,1088,91.5,5.1,11111111,357.11,1088,22.0,3.09,336.6,357.44,3.9,1.45, , 
,357.78,1088,91.5,0.0,11101011,358.11,1600,41.2,5.15,520.2,358.42,0.0,1.52, , 
,358.78,1408,91.5,3.5,11101011,359.14,1376,44.3,6.18,550.8,359.51,1.6,1.48, , 
,359.82,1312,91.5,1.2,11101011,360.17,1280,45.9,6.18,571.2,360.53,1.6,1.45, , 
,360.87,1632,91.5,2.7,11101011,361.24,1824,45.9,6.18,571.2,361.59,0.0,1.56, , 
,361.94,1920,91.5,0.0,11111111,362.25,1440,0.0,0.00,357.0,362.59,0.0,3.75, , 
,362.90,1280,91.5,0.0,11111111,363.25,1280,23.5,4.12,336.6,363.57,0.0,0.59, , 
,363.89,1312,91.5,0.0,11101011,364.20,1344,32.5,4.12,418.2,364.53,-0.8,1.45, , 
,364.86,1408,91.5,-1.2,11101011,365.32,1472,34.1,4.12,438.6,365.66,-2.3,1.48, , 
,366.00,1568,91.5,0.8,11101011,366.33,1632,32.5,4.12,418.2,366.69,3.5,1.60, , 
,367.03,1696,91.5,5.1,11101011,367.39,1760,31.0,4.12,397.8,367.76,6.6,1.56, , 
,368.12,1824,91.5,5.9,11101011,368.49,1824,20.8,2.06,295.8,368.85,3.9,1.37, , 
,369.20,1856,91.5,3.1,11111111,369.52,1856,20.8,2.06,295.8,369.85,0.0,2.23, , 
,370.19,1696,91.5,0.0,11111111,370.50,1600,0.0,0.00,336.6,370.83,0.0,3.87, , 
,371.15,1536,91.5,0.0,11111111,371.59,1504,0.0,0.00,336.6,371.88,0.0,3.91, , 
,372.28,1504,91.5,0.0,11101011,372.65,1472,29.4,4.12,397.8,373.02,0.0,0.98, , 
,373.30,1504,93.0,0.0,11101011,373.64,1536,36.9,4.12,479.4,373.95,2.7,1.64, , 
,374.31,1600,91.5,4.7,11101011,374.64,1696,50.2,7.21,591.6,375.00,7.4,1.56, , 
,375.39,1824,91.5,8.6,11101011,375.75,1856,35.3,5.15,459.0,376.11,9.0,1.45, , 
,376.46,1952,91.5,9.8,11101011,376.81,1984,31.0,4.12,418.2,377.18,10.2,1.48, , 
,377.53,1952,91.5,0.0,11111111,377.87,1408,0.0,0.00,336.6,378.18,0.0,3.67, , 
,378.48,1088,91.5,0.0,11111111,378.79,1056,25.1,4.12,357.0,379.12,0.0,0.98, , 
,379.43,960,91.5,0.0,11111111,379.74,864,23.5,3.09,357.0,380.07,0.0,1.13, , 
,380.41,864,91.5,0.0,11111111,380.71,864,26.7,3.09,397.8,381.00,0.8,1.56, , 
,381.36,928,91.5,2.0,11111111,381.68,1056,23.5,3.09,357.0,382.01,6.6,1.60, , 
,382.32,1056,91.5,0.0,11101011,382.64,1120,71.0,11.33,826.2,382.96,0.0,1.33, , 
,383.29,1280,91.5,0.0,11101011,383.67,1376,78.4,12.36,907.8,383.96,0.0,1.05, , 
,384.32,1568,91.5,-2.0,11101011,384.72,1696,73.7,10.30,846.6,385.08,-0.8,1.48, , 
,385.43,1920,91.5,-0.8,11101011,385.79,2016,69.4,9.27,795.6,386.13,-1.6,1.45, , 
,386.47,2208,91.5,-2.3,11101001,386.80,2336,76.9,10.30,846.6,387.15,-5.1,1.41, , 
,387.47,2528,91.5,-7.8,11101001,387.81,2656,75.3,9.27,826.2,388.15,-9.8,1.48, , 
,388.49,2880,93.0,-10.2,11101001,388.80,2656,0.0,0.00,357.0,389.15,0.0,3.83, , 
,389.47,1600,91.5,0.0,11101011,389.82,1920,22.0,3.09,316.2,390.18,0.0,1.29, , 
,390.55,1888,91.5,0.0,11101011,390.89,1888,48.6,6.18,591.6,391.25,3.1,1.68, , 
,391.61,1920,91.5,5.1,11101011,391.96,1920,47.1,6.18,571.2,392.32,9.0,1.60, , 
,392.68,1984,91.5,10.5,11101011,393.04,1984,44.3,6.18,550.8,393.39,12.9,1.52, , 
,393.75,2016,91.5,14.5,11101001,394.09,2048,42.7,6.18,520.2,394.44,0.0,1.37, , 
,394.77,1984,91.5,0.0,11101011,395.16,2048,16.1,2.06,244.8,395.51,17.2,2.38, , 
,395.86,1920,91.5,17.2,11101011,396.23,1888,17.6,2.06,275.4,396.60,11.7,1.21, , 
,396.98,1888,93.0,14.1,11101011,397.36,1888,26.7,4.12,377.4,397.72,13.3,1.37, , 
,398.08,1888,91.5,12.1,11101011,398.44,1888,31.0,4.12,397.8,398.80,13.3,1.45, , 
,399.16,1920,91.5,13.7,11101011,399.51,1920,32.5,4.12,418.2,399.89,12.5,1.37, , 
,400.24,1920,91.5,12.5,11101011,400.60,1952,34.1,4.12,438.6,400.99,11.7,1.41, , 
,401.33,1984,91.5,11.3,11101011,401.70,1984,32.5,4.12,418.2,402.07,10.2,1.48, , 
,402.44,2016,91.5,10.5,11101001,402.80,2016,32.5,4.12,418.2,403.15,10.2,1.45, , 
,403.51,2048,91.5,9.4,11101001,403.88,1888,0.0,0.00,357.0,404.22,0.0,3.48, , 
,404.52,992,91.5,0.0,11111111,404.82,1088,26.7,4.12,377.4,405.14,0.0,1.52, , 
,405.45,1056,91.5,0.0,11111111,405.74,992,22.0,3.09,336.6,406.06,0.0,0.86, , 
,406.37,864,91.5,0.0,11111111,406.67,832,26.7,3.09,397.8,407.00,0.0,1.56, , 
,407.31,896,91.5,0.4,11111111,407.63,896,25.1,3.09,377.4,407.91,2.0,1.56, , 
,408.22,896,91.5,2.7,11111111,408.52,896,25.1,3.09,377.4,408.81,3.5,1.52, , 
,409.12,896,91.5,3.9,11111111,409.43,896,25.1,3.09,377.4,409.75,4.3,1.48, , 
,410.07,896,91.5,4.3,11111111,410.38,864,26.7,3.09,377.4,410.70,4.3,1.48, , 
,411.00,864,91.5,4.3,11111111,411.32,896,26.7,3.09,377.4,411.63,4.3,1.45, , 
,411.93,864,91.5,3.9,11111111,412.23,768,25.1,3.09,377.4,412.51,3.1,1.45, , 
,412.82,768,91.5,3.1,11111111,413.15,800,29.4,3.09,418.2,413.47,0.0,1.52, , 
,413.76,1248,91.5,0.0,11101011,414.11,1504,41.2,5.15,520.2,414.46,1.2,1.56, , 
,414.81,1600,90.0,3.9,11101011,415.14,1440,41.2,6.18,499.8,415.47,4.3,1.52, , 
,415.78,1120,91.5,4.7,11101011,416.10,1280,53.3,8.24,652.8,416.48,0.0,1.41, , 
,416.83,1760,91.5,0.0,11101011,417.15,1888,0.0,0.00,479.4,417.48,0.0,3.40, , 
,417.79,992,91.5,0.0,11101011,418.13,1280,35.3,5.15,459.0,418.46,0.0,1.41, , 
,418.82,1344,91.5,0.0,11101011,419.10,1472,63.5,10.30,734.4,419.45,0.0,1.33, , 
,419.80,1696,91.5,0.0,11101011,420.17,1824,56.1,7.21,652.8,420.54,5.1,1.64, , 
,420.91,2080,91.5,7.4,11101001,421.23,2176,50.2,7.21,591.6,421.54,8.2,1.48, , 
,421.91,2368,91.5,8.6,11101001,422.24,2496,44.3,6.18,520.2,422.58,0.0,1.56, , 
,422.95,1888,91.5,0.0,11111111,423.29,1376,0.0,0.00,336.6,423.60,0.0,3.83, , 
,423.88,992,91.5,0.0,11111111,424.14,992,26.7,4.12,377.4,424.44,0.0,1.21, , 
,424.74,896,91.5,0.0,11111111,425.03,896,25.1,3.09,377.4,425.35,0.0,0.82, , 
,425.66,864,91.5,0.0,11111111,425.96,896,25.1,3.09,377.4,426.27,-1.6,1.41, , 
,426.56,864,91.5,-1.2,11111111,426.87,864,26.7,3.09,397.8,427.18,0.4,1.60, , 
,427.51,1056,91.5,3.1,11101011,427.84,1184,31.0,4.12,418.2,428.18,3.9,1.56, , 
,428.52,1344,91.5,4.7,11101011,428.87,1408,34.1,4.12,438.6,429.25,-0.8,1.29, , 
,429.51,1472,91.5,-1.2,11101011,429.78,1504,26.7,3.09,377.4,430.14,-0.4,1.52, , 
,430.51,1536,91.5,3.9,11101011,430.89,1600,23.5,3.09,336.6,431.24,7.0,1.64, , 
,431.61,1664,91.5,8.2,11101011,432.00,1728,32.5,4.12,418.2,432.36,10.9,1.52, , 
,432.72,1856,91.5,11.7,11101011,433.09,1920,29.4,4.12,397.8,433.45,11.7,1.41, , 
,433.81,2016,91.5,11.7,11101001,434.15,2048,36.9,5.15,459.0,434.50,10.5,1.41, , 
,434.82,2144,91.5,10.2,11111101,435.15,2112,0.0,0.00,275.4,435.50,0.0,3.09, , 
,435.77,1152,91.5,0.0,11111111,436.06,960,26.7,4.12,377.4,436.39,0.0,2.46, , 
,436.75,1024,91.5,0.0,11111111,437.06,960,23.5,3.09,357.0,437.37,0.0,0.63, , 
,437.68,864,91.5,0.0,11111111,438.00,864,25.1,3.09,377.4,438.29,0.0,1.41, , 
,438.58,864,91.5,0.0,11111111,438.90,864,26.7,3.09,397.8,439.19,1.6,1.56, , 
,439.49,896,91.5,2.3,11111111,439.82,896,26.7,3.09,377.4,440.13,3.9,1.56, , 
,440.43,896,90.0,4.3,11111111,440.75,896,25.1,3.09,377.4,441.07,4.7,1.45, , 
,441.40,960,91.5,0.0,11101011,441.73,1216,38.4,5.15,499.8,442.09,0.0,1.56, , 
,442.45,1312,91.5,1.6,11101011,442.75,1408,32.5,4.12,438.6,443.10,-0.8,1.41, , 
,443.45,1600,91.5,0.8,11101011,443.82,1728,40.0,5.15,479.4,444.18,0.0,1.60, , 
,444.50,2208,91.5,0.0,11101001,444.82,2112,0.0,0.00,377.4,445.17,0.0,3.55, , 
,445.49,1152,91.5,0.0,11101011,445.78,1408,26.7,4.12,357.0,446.12,0.0,1.33, , 
,446.50,1440,91.5,0.0,11101011,446.90,1504,34.1,4.12,438.6,447.22,1.2,1.56, , 
,447.53,1600,91.5,3.9,11101011,447.89,1664,45.9,6.18,550.8,448.27,8.6,1.68, , 
,448.63,1824,90.0,9.8,11101011,448.98,1920,45.9,6.18,550.8,449.33,12.5,1.56, , 
,449.66,2080,91.5,13.3,11101001,450.01,2144,40.0,5.15,479.4,450.35,12.1,1.37, , 
,450.71,2272,91.5,10.9,11101001,451.06,2336,36.9,5.15,438.6,451.40,9.4,1.37, , 
,451.75,2432,91.5,10.5,11101001,452.09,2496,34.1,4.12,418.2,452.42,10.9,1.56, , 
,452.76,2592,91.5,12.9,11101001,453.09,2624,31.0,4.12,377.4,453.41,13.7,1.45, , 
,453.73,2720,91.5,14.1,11101001,454.07,2464,0.0,0.00,295.8,454.40,0.0,3.83, , 
,454.75,1408,91.5,0.0,11111111,455.07,992,23.5,4.12,357.0,455.39,0.0,2.97, , 
,455.71,992,91.5,0.0,11101011,456.09,1344,23.5,4.12,336.6,456.44,0.0,0.94, , 
,456.82,1888,91.5,0.0,11101011,457.19,1856,20.8,3.09,295.8,457.52,5.5,1.41, , 
,457.88,1824,91.5,4.3,10101011,458.23,1792,23.5,3.09,336.6,458.58,9.0,1.64, , 
,458.94,1824,91.5,8.2,10101011,459.32,1824,26.7,3.09,357.0,459.69,7.4,1.45, , 
,460.04,1856,91.5,7.4,10101011,460.40,1856,23.5,3.09,336.6,460.76,7.8,1.45, , 
,461.15,1824,91.5,4.3,10101011,461.52,1792,19.2,2.06,295.8,461.88,8.2,1.52, , 
,462.24,1792,91.5,3.9,10101011,462.58,1792,19.2,2.06,295.8,462.95,7.4,1.64, , 
,463.31,1792,91.5,5.1,10101011,463.69,1792,20.8,2.06,295.8,464.04,3.9,1.45, , 
,464.41,1760,91.5,3.1,10101011,464.74,1824,19.2,2.06,295.8,465.14,2.7,1.33, , 
,465.50,1856,91.5,3.5,10101011,465.89,1824,20.8,2.06,295.8,466.26,5.9,1.48, , 
,466.64,1824,91.5,2.7,10101011,467.02,1856,19.2,2.06,295.8,467.38,4.3,1.37, , 
,467.72,1824,91.5,2.3,10101011,468.05,1728,0.0,0.00,316.2,468.35,0.0,3.20, , 
,468.68,1088,91.5,0.0,10111111,468.99,1088,25.1,4.12,357.0,469.31,0.0,1.17, , 
,469.62,992,91.5,0.0,10111111,469.93,896,22.0,3.09,357.0,470.24,0.0,1.09, , 
,470.55,864,91.5,0.0,10111111,470.87,864,26.7,3.09,397.8,471.19,0.4,1.56, , 
,471.49,864,91.5,1.2,10111111,471.80,864,26.7,3.09,397.8,472.10,3.5,1.60, , 
,472.42,896,91.5,4.3,10111111,472.73,896,26.7,3.09,377.4,473.05,5.5,1.52, , 
,473.34,896,91.5,5.9,10111111,473.65,896,25.1,3.09,377.4,473.98,5.5,1.41, , 
,474.27,896,91.5,5.5,10111111,474.57,896,25.1,3.09,377.4,474.88,5.9,1.52, , 
,475.16,864,91.5,6.3,10111111,475.47,864,25.1,3.09,377.4,475.78,5.9,1.37, , 
,476.07,896,91.5,5.5,10111111,476.37,864,25.1,3.09,377.4,476.66,3.9,1.37, , 
,476.95,896,91.5,3.5,10111111,477.24,864,25.1,3.09,377.4,477.54,3.1,1.45, , 
,477.85,864,91.5,3.5,10111111,478.15,864,26.7,3.09,377.4,478.46,3.9,1.48, , 
,478.77,896,91.5,3.9,10111111,479.05,864,23.5,3.09,377.4,479.36,2.7,1.37, , 
,479.66,736,91.5,2.3,10111111,479.96,768,28.2,3.09,418.2,480.26,2.7,1.52, , 
,480.56,800,91.5,2.7,10111111,480.85,800,28.2,3.09,418.2,481.16,2.7,1.48, , 
,481.45,800,91.5,2.7,10111111,481.75,800,28.2,3.09,418.2,482.04,2.3,1.48, , 
,482.35,800,91.5,2.3,10111111,482.67,800,28.2,3.09,418.2,482.97,2.3,1.48, , 
,483.28,800,91.5,2.0,10111111,483.58,800,26.7,3.09,418.2,483.88,2.0,1.48, , 
,484.17,800,91.5,2.0,10111111,484.46,800,26.7,3.09,418.2,484.77,2.3,1.48, , 
,485.05,800,91.5,2.3,10111111,485.36,800,28.2,3.09,418.2,485.66,2.3,1.48, , 
,485.96,800,91.5,2.3,10111111,486.27,768,28.2,3.09,418.2,486.56,2.3,1.48, , 
,486.84,800,91.5,2.3,10111111,487.15,800,28.2,3.09,418.2,487.44,2.7,1.52, , 
,487.73,768,91.5,2.7,10111111,488.03,800,28.2,3.09,418.2,488.32,2.7,1.48, , 
,488.62,800,91.5,2.7,10111111,488.92,768,26.7,3.09,418.2,489.22,2.7,1.48, , 
,489.51,768,91.5,2.7,10111111,489.82,800,28.2,3.09,418.2,490.12,2.7,1.48, , 
,490.42,768,91.5,2.3,10111111,490.72,800,28.2,3.09,418.2,491.00,2.3,1.48, , 
,491.29,800,91.5,2.3,10111111,491.59,800,26.7,3.09,397.8,491.89,2.3,1.52, , 
,492.18,800,91.5,2.7,10111111,492.50,800,26.7,3.09,397.8,492.79,2.7,1.52, , 
,493.12,800,93.0,3.1,10111111,493.42,800,26.7,3.09,418.2,493.72,3.5,1.52, , 
,494.01,768,93.0,3.9,10111111,494.31,768,26.7,3.09,397.8,494.61,4.7,1.56, , 
,494.92,768,93.0,4.7,10111111,495.21,800,28.2,3.09,418.2,495.54,5.1,1.48, , 
,495.86,800,93.0,4.7,10111111,496.15,800,26.7,3.09,397.8,496.44,4.3,1.48, , 
,496.73,768,93.0,4.3,10111111,497.04,800,28.2,3.09,418.2,497.34,4.3,1.52, , 
,497.63,800,93.0,4.7,10111111,497.92,800,26.7,3.09,397.8,498.23,4.7,1.48, , 
,498.52,800,93.0,4.7,10111111,498.83,800,26.7,3.09,418.2,499.12,4.7,1.48, , 
,499.41,768,93.0,4.7,10111111,499.70,768,28.2,3.09,418.2,500.00,4.3,1.48, , 
,500.28,800,93.0,4.3,10111111,500.60,800,28.2,3.09,418.2,500.90,4.3,1.48, , 
,501.20,800,93.0,0.0,10101011,501.52,928,51.8,8.24,632.4,501.83,0.0,1.56, , 
,502.14,1312,93.0,0.0,10101011,502.47,1216,44.3,6.18,550.8,502.77,3.1,1.64, , 
,503.07,1088,93.0,0.0,10111111,503.40,1312,23.5,3.09,357.0,503.72,0.0,1.60, , 
,504.04,1184,94.5,4.7,10111111,504.35,1120,23.5,3.09,336.6,504.67,3.5,1.52, , 
,504.97,864,94.5,3.9,10111111,505.27,832,25.1,3.09,397.8,505.56,3.9,1.45, , 
,505.85,672,94.5,0.0,10101011,506.15,896,82.7,12.36,969.0,506.50,0.0,1.25, , 
,506.83,1632,94.5,0.8,10101011,507.18,1632,72.2,9.27,846.6,507.52,0.4,1.52, , 
,507.85,2208,94.5,0.0,10101001,508.17,1792,0.0,0.00,357.0,508.49,0.0,3.67, , 
,508.80,1312,94.5,0.0,10101011,509.11,1280,44.3,7.21,550.8,509.42,0.0,1.21, , 
,509.73,1408,93.0,0.0,10101011,510.04,1536,75.3,10.30,887.4,510.39,0.0,1.52, , 
,510.77,1792,94.5,0.8,10101011,511.12,1920,76.9,10.30,867.0,511.48,0.4,1.48, , 
,511.83,2176,94.5,-1.2,10101001,512.15,2304,69.4,9.27,775.2,512.48,-3.9,1.45, , 
,512.83,2528,94.5,-4.7,11101001,513.16,2624,63.5,7.21,714.0,513.48,-2.7,1.56, , 
,513.80,2688,94.5,0.0,11111101,514.16,2208,0.0,0.00,316.2,514.44,0.0,3.87, , 
,514.76,1280,94.5,0.0,11111111,515.08,1408,20.8,3.09,316.2,515.39,0.0,1.76, , 
,515.76,1792,94.5,0.0,11101011,516.12,1760,19.2,2.06,295.8,516.45,0.0,1.88, , 
,516.81,1824,94.5,12.5,11101011,517.15,1728,20.8,2.06,295.8,517.49,7.4,1.45, , 
,517.85,1760,94.5,12.5,11111111,518.22,1760,22.0,3.09,316.2,518.55,17.2,1.64, , 
,518.92,1696,94.5,19.5,11111111,519.27,1664,22.0,3.09,316.2,519.60,21.5,1.56, , 
,519.93,1600,94.5,21.9,11111111,520.30,1568,22.0,3.09,336.6,520.57,20.7,1.41, , 
,520.85,1472,94.5,19.5,11111111,521.20,1408,23.5,3.09,336.6,521.52,10.2,0.98, , 
,521.82,1120,94.5,8.6,11111111,522.13,960,23.5,3.09,357.0,522.42,10.5,1.33, , 
,522.73,896,94.5,9.4,11111111,523.03,896,25.1,3.09,377.4,523.37,6.6,1.41, , 
,523.72,1536,94.5,3.9,11101011,524.03,1536,26.7,3.09,377.4,524.34,7.0,1.56, , 
,524.61,1536,94.5,5.5,11101011,524.96,1536,36.9,4.12,459.0,525.30,6.3,1.56, , 
,525.66,1632,94.5,8.2,11101011,526.01,1696,48.6,7.21,591.6,526.38,10.9,1.60, , 
,526.76,1856,94.5,12.1,11101011,527.12,1920,41.2,6.18,499.8,527.47,14.1,1.45, , 
,527.82,2016,94.5,12.5,11101001,528.18,2112,36.9,5.15,459.0,528.53,9.8,1.41, , 
,528.87,2208,94.5,9.4,11101001,529.22,2304,45.9,6.18,550.8,529.54,9.8,1.37, , 
,529.88,2464,94.5,8.2,11101001,530.21,2528,51.8,7.21,591.6,530.53,5.1,1.41, , 
,530.89,2720,94.5,4.7,11101001,531.22,2816,57.6,7.21,652.8,531.51,0.8,1.48, , 
,531.79,2976,94.5,0.4,11101001,532.13,2752,0.0,0.00,336.6,532.49,0.0,3.79, , 
,532.86,1696,94.5,0.0,11101011,533.22,2080,20.8,3.09,316.2,533.56,0.0,1.29, , 
,533.92,2080,94.5,0.0,11101001,534.26,2080,38.4,5.15,479.4,534.62,5.5,1.60, , 
,534.97,2112,94.5,7.0,11101001,535.30,2144,40.0,5.15,479.4,535.64,9.0,1.56, , 
,535.98,2208,94.5,10.9,11101001,536.31,2240,45.9,6.18,550.8,536.67,11.7,1.45, , 
,537.02,2304,94.5,12.5,11101001,537.35,2336,44.3,6.18,520.2,537.70,12.9,1.48, , 
,538.06,2400,94.5,12.5,11101001,538.44,2432,44.3,6.18,520.2,538.80,10.5,1.37, , 
,539.15,2496,94.5,10.2,11101001,539.47,2528,41.2,5.15,479.4,539.80,10.5,1.48, , 
,540.14,2560,94.5,11.3,11101001,540.47,2592,40.0,5.15,479.4,540.80,12.5,1.48, , 
,541.12,2624,94.5,12.9,11101001,541.46,2656,42.7,6.18,499.8,541.80,11.7,1.48, , 
,542.14,2656,93.0,10.9,11101001,542.46,2688,50.2,7.21,571.2,542.79,9.4,1.41, , 
,543.13,2752,93.0,9.4,11101001,543.47,2656,0.0,0.00,377.4,543.79,0.0,3.59, , 
,544.09,1664,93.0,0.0,11111111,544.42,1216,0.0,0.00,336.6,544.75,0.0,3.75, , 
,545.10,1568,93.0,0.0,11111111,545.47,1952,0.0,0.00,275.4,545.82,0.0,2.42, , 
,546.20,1952,93.0,0.0,11101011,546.56,1952,23.5,3.09,336.6,546.93,0.0,1.56, , 
,547.29,1952,93.0,7.0,11101011,547.66,1952,28.2,4.12,377.4,548.03,9.0,1.33, , 
,548.38,1952,91.5,8.2,11101011,548.73,1952,29.4,4.12,397.8,549.09,10.2,1.52, , 
,549.46,1920,91.5,10.2,11101011,549.81,1920,28.2,3.09,377.4,550.17,8.2,1.41, , 
,550.53,1920,91.5,8.6,11101011,550.89,1920,29.4,4.12,397.8,551.26,9.4,1.48, , 
,551.63,1920,91.5,9.0,11101011,551.98,1920,29.4,4.12,397.8,552.35,8.2,1.45, , 
,552.72,1920,91.5,9.0,11101011,553.07,1920,29.4,4.12,397.8,553.44,9.4,1.48, , 
,553.80,1920,91.5,9.4,11101011,554.16,1920,31.0,4.12,397.8,554.51,9.8,1.48, , 
,554.89,1920,91.5,10.2,11101011,555.24,1920,31.0,4.12,397.8,555.60,9.8,1.48, , 
,555.96,1920,91.5,9.8,11101011,556.33,1920,29.4,4.12,397.8,556.69,9.8,1.48, , 
,557.05,1920,91.5,9.4,11101011,557.40,1920,31.0,4.12,397.8,557.76,10.2,1.48, , 
,558.14,1920,91.5,10.2,11101011,558.49,1920,32.5,4.12,418.2,558.87,10.2,1.52, , 
,559.25,1920,91.5,10.9,11101011,559.61,1920,31.0,4.12,397.8,559.97,10.2,1.48, , 
,560.32,1920,90.0,10.5,11101011,560.69,1920,31.0,4.12,397.8,561.05,10.9,1.48, , 
,561.43,1920,90.0,10.5,11101011,561.82,1920,31.0,4.12,397.8,562.20,10.5,1.48, , 
,562.57,1920,90.0,11.3,11101011,562.92,1920,31.0,4.12,397.8,563.28,11.3,1.48, , 
,563.62,1920,90.0,11.3,11101011,563.99,1920,31.0,4.12,397.8,564.36,10.9,1.48, , 
,564.74,1952,90.0,9.4,11101011,565.09,1952,40.0,5.15,499.8,565.47,8.2,1.48, , 
,565.82,1984,90.0,9.0,11101011,566.19,1984,40.0,5.15,479.4,566.54,9.0,1.52, , 
,566.89,1984,90.0,8.2,11101001,567.25,2016,40.0,5.15,479.4,567.59,8.2,1.48, , 
,567.95,2016,90.0,8.2,11101001,568.32,2016,38.4,5.15,479.4,568.69,8.2,1.52, , 
,569.04,2080,90.0,8.6,11101001,569.38,2080,40.0,5.15,479.4,569.73,8.6,1.52, , 
,570.08,2048,90.0,8.6,11101001,570.42,2048,40.0,5.15,479.4,570.77,8.6,1.48, , 
,571.12,2048,90.0,8.2,11101001,571.48,2048,38.4,5.15,479.4,571.84,9.0,1.48, , 
,572.19,2048,88.5,9.0,11101001,572.52,2048,38.4,5.15,479.4,572.87,9.4,1.48, , 
,573.23,2048,88.5,10.2,11101001,573.57,2048,38.4,5.15,479.4,573.94,10.5,1.52, , 
,574.29,2048,90.0,10.5,11101001,574.66,2048,38.4,5.15,479.4,575.00,10.2,1.48, , 
,575.35,2016,88.5,10.5,11101001,575.70,2048,17.6,2.06,275.4,576.05,7.0,1.13, , 
,576.40,2016,88.5,12.1,11101001,576.77,1984,17.6,2.06,275.4,577.12,12.1,1.68, , 
,577.48,1952,88.5,7.0,11101011,577.84,1952,19.2,2.06,275.4,578.21,4.7,1.17, , 
,578.58,1952,88.5,9.8,11101011,578.94,1920,20.8,2.06,295.8,579.30,3.9,1.41, , 
,579.66,1920,88.5,2.3,11101011,580.02,1888,20.8,2.06,295.8,580.36,0.8,1.45, , 
,580.68,1856,88.5,0.0,11111111,581.02,1376,0.0,0.00,336.6,581.34,0.0,3.44, , 
,581.65,1088,88.5,0.0,11111111,581.97,1120,23.5,3.09,357.0,582.28,0.0,0.98, , 
,582.62,992,88.5,0.0,11111111,582.93,896,22.0,3.09,357.0,583.22,0.0,1.37, , 
,583.51,864,88.5,0.0,11111111,583.82,864,25.1,3.09,377.4,584.15,0.8,1.60, , 
,584.44,896,88.5,2.0,11111111,584.75,896,25.1,3.09,377.4,585.05,4.3,1.60, , 
,585.35,896,88.5,5.5,11111111,585.67,896,25.1,3.09,377.4,585.99,6.6,1.52, , 
,586.35,1120,88.5,8.6,11101011,586.71,1984,20.8,3.09,316.2,587.07,13.7,1.64, , 
,587.44,1824,88.5,14.8,11101011,587.79,1856,47.1,6.18,571.2,588.15,0.0,1.68, , 
,588.50,2016,88.5,0.0,11101001,588.84,2112,66.3,9.27,754.8,589.17,-0.8,1.48, , 
,589.50,2304,88.5,-1.2,11101001,589.85,2400,72.2,9.27,795.6,590.19,-4.7,1.41, , 
,590.51,2624,88.5,-5.5,11101001,590.86,2784,72.2,9.27,795.6,591.19,-7.8,1.48, , 
,591.51,2560,88.5,0.0,11111101,591.87,2048,0.0,0.00,295.8,592.25,0.0,3.71, , 
,592.59,1920,88.5,0.0,11101011,592.94,1888,29.4,3.09,397.8,593.30,3.5,1.64, , 
,593.65,1888,88.5,5.9,11101011,594.03,1920,42.7,6.18,520.2,594.40,9.8,1.60, , 
,594.76,1952,88.5,11.3,11101011,595.13,1984,44.3,6.18,550.8,595.50,14.5,1.52, , 
,595.86,2016,88.5,16.0,11101001,596.20,2048,47.1,7.21,571.2,596.54,17.2,1.37, , 
,596.88,2080,88.5,14.1,11101001,597.20,2112,51.8,7.21,612.0,597.55,12.9,1.41, , 
,597.88,2176,88.5,11.7,11101001,598.21,2208,57.6,8.24,652.8,598.54,7.0,1.33, , 
,598.86,2272,88.5,4.3,11101001,599.20,2336,65.1,8.24,734.4,599.52,-1.6,1.33, , 
,599.86,2432,88.5,-4.7,11101001,600.17,2432,69.4,8.24,754.8,600.51,-7.4,1.52, , 
,600.85,2528,88.5,-7.8,11101001,601.18,2592,69.4,8.24,775.2,601.52,-8.6,1.52, , 
,601.87,2656,88.5,-7.8,11101001,602.22,2720,66.3,8.24,734.4,602.55,0.0,1.56, , 
,602.88,2240,88.5,0.0,11111101,603.25,1728,0.0,0.00,295.8,603.53,0.0,3.95, , 
,603.88,1984,88.5,0.0,11101011,604.23,1984,26.7,3.09,357.0,604.59,0.0,1.60, , 
,604.94,1984,88.5,0.0,11101001,605.28,2016,56.1,7.21,652.8,605.64,3.9,1.60, , 
,605.99,2048,88.5,5.5,11101001,606.33,2048,56.1,7.21,652.8,606.68,7.4,1.56, , 
,607.04,2080,88.5,8.2,11101001,607.41,2112,56.1,8.24,652.8,607.74,9.0,1.45, , 
,608.10,2112,88.5,9.0,11101001,608.44,2144,62.0,9.27,693.6,608.76,4.3,1.29, , 
,609.10,2176,88.5,2.0,11101001,609.44,2208,67.8,9.27,754.8,609.78,-2.0,1.33, , 
,610.12,2240,88.5,-4.3,11101001,610.46,2272,71.0,9.27,795.6,610.80,-6.6,1.52, , 
,611.14,2304,88.5,-7.8,11101001,611.48,2336,78.4,9.27,867.0,611.83,-8.2,1.52, , 
,612.18,2400,88.5,-9.0,11101001,612.54,2432,79.6,10.30,887.4,612.90,-9.8,1.48, , 
,613.24,2496,88.5,-10.2,11101001,613.60,2496,81.2,9.27,887.4,613.95,-10.2,1.56, , 
,614.30,2560,88.5,-8.2,11101001,614.64,2560,87.1,11.33,948.6,614.97,-6.6,1.48, , 
,615.29,2624,88.5,-5.9,11101001,615.62,2624,87.1,12.36,948.6,615.98,-3.9,1.48, , 
,616.34,2688,88.5,-3.9,11101001,616.68,2720,87.1,12.36,948.6,617.04,-4.3,1.48, , 
,617.40,2784,88.5,-5.1,11101001,617.74,2816,85.5,11.33,928.2,618.08,-5.1,1.48, , 
,618.41,2880,88.5,-5.1,11101001,618.73,2656,0.0,0.00,357.0,619.07,0.0,3.79, , 
,619.42,1632,88.5,0.0,11111111,619.73,1440,31.0,5.15,397.8,620.05,0.0,1.21, , 
,620.39,2208,88.5,0.0,11101001,620.74,2176,50.2,6.18,591.6,621.08,0.0,1.56, , 
,621.42,2208,88.5,1.6,11101001,621.77,2208,50.2,6.18,591.6,622.11,3.9,1.60, , 
,622.43,2208,88.5,0.0,11101001,622.75,2208,79.6,11.33,887.4,623.08,0.0,1.37, , 
,623.42,2240,88.5,-2.3,11101001,623.75,2240,85.5,11.33,948.6,624.08,-5.1,1.41, , 
,624.41,2272,88.5,-5.9,11101001,624.75,2304,87.1,11.33,969.0,625.06,-7.0,1.52, , 
,625.39,2336,88.5,-7.4,11101001,625.71,2336,87.1,11.33,969.0,626.05,-7.8,1.52, , 
,626.36,2368,88.5,-7.8,11101001,626.71,2400,87.1,11.33,948.6,627.06,-7.4,1.48, , 
,627.41,2432,88.5,-7.0,11101001,627.76,2432,87.1,11.33,948.6,628.10,-7.4,1.48, , 
,628.44,2464,88.5,-7.4,11101001,628.78,2496,88.6,11.33,948.6,629.11,-7.8,1.48, , 
,629.44,2496,88.5,-7.8,11101001,629.78,2528,85.5,11.33,948.6,630.12,-7.8,1.45, , 
,630.47,2560,88.5,0.0,11101001,630.80,2560,69.4,9.27,775.2,631.12,-6.6,1.29, , 
,631.45,2560,88.5,-5.9,11101001,631.80,2560,62.0,7.21,693.6,632.13,-4.3,1.60, , 
,632.46,2560,88.5,-3.5,11101001,632.81,2560,44.3,5.15,520.2,633.15,0.0,1.76, , 
,633.49,2560,88.5,0.0,11101001,633.83,2528,22.0,3.09,295.8,634.16,3.5,1.52, , 
,634.50,2528,88.5,2.0,11101001,634.82,2528,20.8,2.06,295.8,635.18,-0.4,1.41, , 
,635.50,2496,88.5,-0.4,11101001,635.81,2496,20.8,2.06,295.8,636.15,-1.2,1.48, , 
,636.51,2464,88.5,-0.8,11111101,636.84,2496,19.2,2.06,275.4,637.18,0.0,1.95, , 
,637.51,2432,88.5,0.0,11111101,637.84,2400,0.0,0.00,244.8,638.16,0.0,3.91, , 
,638.48,2368,88.5,0.0,11111101,638.81,2336,0.0,0.00,244.8,639.15,0.0,2.73, , 
,639.48,2336,88.5,0.0,11101001,639.81,2336,53.3,8.24,612.0,640.12,0.0,1.37, , 
,640.43,2304,87.0,0.0,11101001,640.76,2304,85.5,12.36,948.6,641.09,0.0,1.29, , 
,641.43,2336,88.5,-2.7,11101001,641.76,2368,88.6,12.36,969.0,642.11,-3.9,1.41, , 
,642.44,2368,88.5,-4.7,11101001,642.75,2400,88.6,12.36,969.0,643.09,-5.9,1.45, , 
,643.43,2400,87.0,-5.9,11101001,643.76,2432,88.6,12.36,969.0,644.09,-7.0,1.52, , 
,644.45,2464,87.0,-6.6,11101001,644.80,2496,88.6,11.33,969.0,645.12,-7.8,1.48, , 
,645.48,2496,87.0,-8.6,11101001,645.82,2528,84.3,10.30,907.8,646.17,0.0,1.41, , 
,646.51,2528,87.0,0.0,11101001,646.85,2560,71.0,8.24,775.2,647.18,-7.8,1.25, , 
,647.53,2560,87.0,-9.0,11101001,647.88,2560,65.1,7.21,734.4,648.19,0.0,1.64, , 
,648.52,2560,87.0,0.0,11101001,648.85,2560,48.6,6.18,571.2,649.19,2.7,1.56, , 
,649.53,2560,87.0,3.5,11101001,649.87,2560,48.6,6.18,571.2,650.20,4.3,1.52, , 
,650.55,2560,87.0,5.5,11101001,650.90,2560,48.6,6.18,571.2,651.25,4.7,1.41, , 
,651.58,2560,87.0,5.9,11101001,651.91,2560,45.9,6.18,520.2,652.24,5.9,1.45, , 
,652.57,2560,87.0,5.5,11101001,652.91,2560,45.9,6.18,550.8,653.24,5.9,1.52, , 
,653.57,2560,87.0,5.9,11101001,653.93,2560,45.9,6.18,520.2,654.27,6.3,1.45, , 
,654.60,2560,87.0,5.9,11101001,654.94,2560,26.7,3.09,336.6,655.26,0.0,1.68, , 
,655.61,2560,87.0,7.8,11101001,655.95,2528,26.7,3.09,357.0,656.30,10.2,1.60, , 
,656.66,2528,87.0,10.9,11101001,657.00,2528,26.7,3.09,357.0,657.34,12.9,1.52, , 
,657.67,2496,87.0,12.9,11101001,657.98,2496,26.7,3.09,357.0,658.32,13.7,1.48, , 
,658.66,2496,87.0,14.5,11101001,659.00,2496,28.2,4.12,357.0,659.36,14.5,1.45, , 
,659.71,2464,87.0,14.8,11101001,660.06,2464,26.7,4.12,357.0,660.41,15.6,1.48, , 
,660.78,2432,87.0,15.2,11101001,661.12,2432,28.2,4.12,357.0,661.51,16.4,1.52, , 
,661.85,2432,85.5,16.8,11101001,662.19,2432,29.4,4.12,377.4,662.52,18.0,1.48, , 
,662.85,2432,85.5,18.8,11101001,663.21,2400,31.0,4.12,377.4,663.55,18.8,1.41, , 
,663.89,2400,87.0,18.8,11101001,664.25,2400,32.5,4.12,418.2,664.58,17.6,1.48, , 
,664.91,2400,85.5,16.8,11101001,665.26,2400,32.5,4.12,397.8,665.58,17.2,1.45, , 
,665.90,2400,85.5,17.6,11101001,666.22,2368,31.0,4.12,397.8,666.53,17.2,1.45, , 
,666.86,2368,85.5,17.2,11101001,667.17,2368,22.0,3.09,295.8,667.50,13.3,1.33, , 
,667.82,2336,87.0,9.0,11101001,668.18,2336,16.1,2.06,244.8,668.52,9.8,1.56, , 
,668.84,2336,85.5,10.9,11101001,669.17,2304,16.1,2.06,244.8,669.50,6.3,1.17, , 
,669.84,2304,85.5,8.2,11101001,670.16,2304,59.2,8.24,652.8,670.49,0.0,1.25, , 
,670.84,2304,85.5,0.0,11101001,671.17,2304,66.3,8.24,734.4,671.50,-1.2,1.52, , 
,671.84,2336,85.5,1.2,11101001,672.17,2336,71.0,8.24,795.6,672.55,-1.2,1.41, , 
,672.87,2368,85.5,-0.8,11101001,673.20,2368,69.4,8.24,775.2,673.54,3.1,1.48, , 
,673.90,2400,85.5,5.1,11101001,674.26,2400,69.4,8.24,754.8,674.61,5.5,1.52, , 
,674.94,2432,85.5,8.2,11101001,675.26,2432,60.4,7.21,673.2,675.60,11.7,1.56, , 
,675.96,2432,85.5,14.1,11101001,676.31,2432,44.3,5.15,520.2,676.65,0.0,2.38, , 
,676.97,2400,85.5,0.0,11111101,677.28,2432,17.6,2.06,244.8,677.59,0.0,2.46, , 
,677.92,2336,85.5,0.0,11111101,678.23,2304,0.0,0.00,244.8,678.55,0.0,3.95, , 
,678.87,2208,85.5,0.0,11111101,679.22,2144,0.0,0.00,244.8,679.57,0.0,3.91, , 
,679.93,2048,85.5,0.0,11111101,680.28,1984,0.0,0.00,244.8,680.63,0.0,3.91, , 
,680.96,1888,85.5,0.0,11111111,681.30,1888,0.0,0.00,295.8,681.67,0.0,3.95, , 
,682.01,1824,85.5,0.0,11101011,682.38,1856,20.8,3.09,295.8,682.75,0.0,1.37, , 
,683.12,1824,85.5,0.0,11101011,683.47,1824,69.4,10.30,775.2,683.82,0.0,1.45, , 
,684.18,1856,84.0,0.0,11101011,684.55,1888,79.6,10.30,887.4,684.89,2.3,1.60, , 
,685.23,1920,85.5,3.9,11101011,685.51,1600,0.0,0.00,418.2,685.84,0.0,3.55, , 
,686.19,1152,84.0,0.0,11101011,686.53,2336,38.4,5.15,459.0,686.86,0.0,1.60, , 
,687.23,2432,84.0,0.0,11101001,687.57,2432,60.4,7.21,693.6,687.95,2.0,1.60, , 
,688.31,2496,85.5,3.9,11101001,688.66,2496,67.8,8.24,734.4,688.99,4.3,1.37, , 
,689.33,2560,84.0,3.9,11101001,689.65,2592,71.0,8.24,775.2,690.00,3.9,1.48, , 
,690.33,2624,84.0,4.3,11101001,690.69,2656,69.4,8.24,775.2,691.01,5.1,1.48, , 
,691.34,2688,84.0,4.7,11101001,691.69,2720,69.4,8.24,754.8,692.04,5.5,1.41, , 
,692.37,2752,84.0,5.9,11101001,692.73,2784,67.8,8.24,734.4,693.07,6.6,1.48, , 
,693.43,2816,84.0,7.0,11101001,693.80,2816,66.3,8.24,734.4,694.14,8.2,1.48, , 
,694.50,2880,84.0,7.4,11101001,694.86,2880,66.3,8.24,734.4,695.26,8.6,1.45, , 
,695.57,2944,84.0,8.2,11101001,695.98,2944,63.5,8.24,714.0,696.30,0.0,3.09, , 
,696.63,2176,84.0,0.0,11111101,696.96,1696,0.0,0.00,295.8,697.31,0.0,2.07, , 
,697.65,2272,84.0,0.0,11101001,697.98,2240,44.3,6.18,520.2,698.31,0.0,1.41, , 
,698.64,2240,84.0,0.0,11101001,698.96,2240,57.6,7.21,652.8,699.30,0.0,1.56, , 
,699.63,2272,84.0,0.0,11101001,699.96,2272,72.2,8.24,795.6,700.31,1.2,1.56, , 
,700.64,2304,85.5,2.0,11101001,700.96,2336,72.2,8.24,795.6,701.29,0.8,1.41, , 
,701.61,2336,84.0,0.4,11101001,701.95,2368,76.9,8.24,846.6,702.29,-0.4,1.45, , 
,702.68,2400,84.0,-0.4,11101001,703.03,2400,75.3,8.24,826.2,703.39,-0.4,1.52, , 
,703.71,2432,84.0,1.2,11101001,704.07,2432,71.0,8.24,775.2,704.41,2.7,1.52, , 
,704.75,2464,84.0,3.5,11101001,705.10,2464,71.0,8.24,775.2,705.47,3.1,1.37, , 
,705.82,2496,84.0,4.3,11101001,706.17,2496,69.4,8.24,775.2,706.50,3.9,1.48, , 
,706.86,2496,84.0,4.7,11101001,707.19,2528,62.0,7.21,693.6,707.50,9.4,1.56, , 
,707.82,2528,84.0,10.5,11101001,708.20,2560,62.0,7.21,693.6,708.53,11.7,1.41, , 
,708.87,2560,84.0,12.1,11101001,709.22,2560,62.0,8.24,693.6,709.53,11.7,1.45, , 
,709.85,2592,84.0,11.7,11101001,710.19,2592,60.4,7.21,673.2,710.51,13.3,1.56, , 
,710.87,2592,84.0,14.1,11101001,711.21,2592,53.3,6.18,591.6,711.56,18.0,1.56, , 
,711.91,2592,85.5,16.8,11101001,712.23,2624,57.6,7.21,652.8,712.56,13.7,1.25, , 
,712.89,2624,85.5,14.1,11101001,713.22,2624,48.6,6.18,571.2,713.55,18.0,1.52, , 
,713.87,2624,84.0,18.4,11101001,714.19,2624,48.6,6.18,571.2,714.54,16.8,1.48, , 
,714.87,2624,85.5,18.0,11101001,715.19,2624,38.4,5.15,459.0,715.51,21.5,1.52, , 
,715.84,2624,85.5,22.3,11101001,716.18,2592,40.0,5.15,459.0,716.53,22.3,1.41, , 
,716.86,2592,84.0,22.3,11101001,717.18,2592,38.4,5.15,459.0,717.53,21.5,1.37, , 
,717.85,2592,85.5,21.5,11101001,718.19,2592,38.4,5.15,459.0,718.50,17.2,1.45, , 
,718.85,2560,85.5,17.2,11101001,719.21,2560,38.4,5.15,459.0,719.56,16.8,1.48, , 
,719.92,2560,85.5,13.3,11101001,720.27,2560,38.4,5.15,459.0,720.63,12.9,1.41, , 
,720.96,2528,85.5,12.1,11101001,721.29,2528,25.1,3.09,336.6,721.63,9.4,1.29, , 
,721.97,2496,85.5,9.0,11101001,722.30,2496,25.1,3.09,336.6,722.62,8.6,1.48, , 
,723.01,2464,85.5,8.6,11101001,723.37,2464,25.1,3.09,336.6,723.73,8.2,1.52, , 
,724.08,2464,85.5,9.4,11101001,724.44,2432,31.0,4.12,377.4,724.80,12.1,1.52, , 
,725.13,2432,85.5,12.5,11101001,725.46,2432,29.4,4.12,377.4,725.80,13.3,1.52, , 
,726.15,2400,85.5,14.5,11101001,726.47,2400,29.4,4.12,377.4,726.81,14.1,1.45, , 
,727.15,2400,85.5,12.9,11101001,727.48,2400,25.1,3.09,336.6,727.82,10.5,1.37, , 
,728.15,2368,85.5,10.5,11101001,728.48,2368,28.2,4.12,357.0,728.82,10.2,1.48, , 
,729.16,2336,85.5,9.4,11101001,729.50,2336,32.5,4.12,418.2,729.84,10.2,1.48, , 
,730.18,2336,85.5,10.5,11101001,730.50,2336,34.1,5.15,418.2,730.84,9.4,1.45, , 
,731.18,2336,85.5,10.5,11101001,731.52,2304,31.0,4.12,397.8,731.84,10.9,1.52, , 
,732.18,2272,85.5,7.0,11111101,732.52,2272,17.6,2.06,244.8,732.83,0.0,2.85, , 
,733.15,2240,87.0,0.0,11111101,733.48,2240,0.0,0.00,244.8,733.81,0.0,3.95, , 
,734.15,2208,85.5,0.0,11111101,734.49,2208,0.0,0.00,244.8,734.83,0.0,3.91, , 
,735.17,2176,85.5,0.0,11111101,735.50,2176,0.0,0.00,275.4,735.83,0.0,3.95, , 
,736.16,2144,85.5,0.0,11111101,736.49,2144,16.1,3.09,244.8,736.85,0.0,2.07, , 
,737.19,2112,85.5,0.0,11101001,737.52,2112,17.6,2.06,275.4,737.86,0.0,1.21, , 
,738.21,2080,85.5,0.4,11101001,738.57,2048,16.1,2.06,244.8,738.92,13.3,1.99, , 
,739.25,2048,85.5,10.2,11101001,739.59,2048,16.1,2.06,244.8,739.94,12.9,1.60, , 
,740.28,2016,85.5,16.0,11101001,740.62,2016,14.9,2.06,244.8,740.97,18.0,1.56, , 
,741.32,2016,85.5,19.9,11101001,741.69,1984,14.9,2.06,244.8,742.04,21.9,1.52, , 
,742.40,1984,85.5,14.5,11101011,742.78,1952,14.9,2.06,244.8,743.14,19.9,1.41, , 
,743.51,1952,85.5,20.7,11101011,743.88,1920,16.1,2.06,244.8,744.22,19.5,1.60, , 
,744.57,1920,85.5,11.3,11101011,744.95,1920,17.6,2.06,275.4,745.31,9.4,1.21, , 
,745.65,1888,85.5,0.0,11111111,746.00,1856,0.0,0.00,295.8,746.30,0.0,3.83, , 
,746.65,1120,85.5,0.0,11111111,746.97,1024,26.7,4.12,377.4,747.24,0.0,1.99, , 
,747.58,960,85.5,0.0,11111111,747.88,896,23.5,3.09,357.0,748.19,0.0,0.66, , 
,748.51,1056,85.5,0.0,11111111,748.85,1536,20.8,2.06,316.2,749.19,0.0,2.03, , 
,749.55,1888,85.5,0.0,11101011,749.91,1888,26.7,3.09,357.0,750.27,0.0,1.80, , 
,750.59,1920,85.5,0.0,11101011,750.95,1888,57.6,7.21,652.8,751.31,0.0,1.60, , 
,751.69,1920,85.5,2.7,11101011,752.05,1952,59.2,8.24,673.2,752.40,4.3,1.56, , 
,752.76,1984,85.5,5.5,11101011,753.11,2016,56.1,7.21,652.8,753.47,7.4,1.52, , 
,753.81,2048,85.5,9.4,11101001,754.17,2048,53.3,7.21,612.0,754.52,10.2,1.41, , 
,754.89,2080,85.5,9.8,11101001,755.23,2080,53.3,7.21,632.4,755.57,9.4,1.45, , 
,755.93,2112,85.5,9.0,11101001,756.28,2144,51.8,7.21,612.0,756.62,7.8,1.41, , 
,756.96,2144,85.5,7.8,11101001,757.28,2176,51.8,7.21,591.6,757.63,6.6,1.45, , 
,757.96,2208,85.5,6.3,11101001,758.30,2208,50.2,6.18,591.6,758.65,5.5,1.45, , 
,758.99,2208,85.5,5.1,11101001,759.33,2240,48.6,6.18,571.2,759.66,4.7,1.52, , 
,759.99,2240,84.0,9.4,11101001,760.33,2272,48.6,6.18,571.2,760.68,10.2,1.52, , 
,761.02,2272,85.5,9.8,11101001,761.35,2304,48.6,6.18,571.2,761.70,9.8,1.45, , 
,762.05,2304,85.5,10.2,11101001,762.39,2272,47.1,6.18,550.8,762.72,11.7,1.52, , 
,763.06,2272,84.0,12.5,11101001,763.40,2272,45.9,6.18,550.8,763.74,13.3,1.45, , 
,764.08,2240,85.5,12.9,11101001,764.40,2272,29.4,3.09,377.4,764.74,0.0,1.72, , 
,765.08,2272,85.5,4.7,11101001,765.41,2272,26.7,3.09,357.0,765.74,14.1,1.64, , 
,766.08,2272,85.5,14.8,11101001,766.41,2240,26.7,3.09,357.0,766.75,16.4,1.52, , 
,767.08,2240,85.5,17.2,11101001,767.40,2240,41.2,5.15,479.4,767.72,20.7,1.41, , 
,768.05,2272,85.5,0.0,11101001,768.37,2304,76.9,9.27,846.6,768.69,0.0,1.45, , 
,769.02,2368,85.5,0.0,11101001,769.37,2368,88.6,12.36,969.0,769.71,-3.1,1.45, , 
,770.08,2464,84.0,-3.1,11101001,770.41,2464,90.2,12.36,969.0,770.74,-4.7,1.48, , 
,771.09,2560,85.5,-4.7,11101001,771.43,2592,90.2,12.36,969.0,771.79,-5.1,1.45, , 
,772.12,2656,85.5,-3.9,11101001,772.47,2688,91.4,12.36,969.0,772.81,-4.7,1.45, , 
,773.15,2752,85.5,-4.7,11101001,773.50,2816,90.2,12.36,969.0,773.84,0.0,1.45, , 
,774.17,2336,85.5,0.0,11111101,774.50,1792,0.0,0.00,295.8,774.82,0.0,3.87, , 
,775.20,1184,85.5,0.0,11101011,775.54,2272,53.3,8.24,612.0,775.87,0.0,1.52, , 
,776.20,2176,85.5,0.0,11101001,776.54,2176,78.4,11.33,867.0,776.87,0.0,1.29, , 
,777.22,2208,85.5,-4.3,11101001,777.54,2208,76.9,9.27,846.6,777.88,-8.6,1.37, , 
,778.19,2240,85.5,-9.8,11101001,778.52,2272,75.3,9.27,846.6,778.87,-11.7,1.52, , 
,779.21,2272,85.5,-11.3,11101001,779.56,2304,66.3,7.21,734.4,779.91,-7.4,1.56, , 
,780.25,2336,85.5,-6.6,11101001,780.59,2336,65.1,8.24,734.4,780.93,-5.9,1.48, , 
,781.27,2336,85.5,-5.1,11101001,781.61,2368,63.5,8.24,714.0,781.95,-5.1,1.52, , 
,782.30,2368,85.5,-4.3,11101001,782.66,2400,59.2,7.21,673.2,783.01,-3.1,1.45, , 
,783.36,2400,85.5,-3.1,11101001,783.69,2400,59.2,7.21,673.2,784.05,-3.1,1.45, , 
,784.40,2432,85.5,-3.9,11101001,784.76,2432,59.2,7.21,673.2,785.12,-4.3,1.45, , 
,785.49,2432,85.5,-4.3,11101001,785.85,2432,59.2,7.21,673.2,786.20,-4.3,1.48, , 
,786.53,2432,87.0,-3.9,11101001,786.87,2464,59.2,7.21,652.8,787.19,-3.5,1.52, , 
,787.52,2464,85.5,-3.5,11101001,787.87,2464,59.2,7.21,652.8,788.23,-3.5,1.45, , 
,788.58,2464,87.0,-3.5,11101001,788.93,2496,59.2,7.21,652.8,789.25,-3.5,1.45, , 
,789.60,2496,87.0,-3.1,11101001,789.92,2496,57.6,7.21,652.8,790.29,-2.7,1.52, , 
,790.63,2528,87.0,-3.1,11101001,790.98,2528,57.6,7.21,652.8,791.31,-2.7,1.48, , 
,791.66,2528,87.0,-3.1,11101001,792.00,2528,57.6,7.21,652.8,792.34,-4.7,1.41, , 
,792.69,2560,87.0,-5.1,11101001,793.04,2560,57.6,7.21,652.8,793.37,-5.1,1.48, , 
,793.70,2560,85.5,-4.7,11101001,794.05,2560,56.1,7.21,632.4,794.36,-4.7,1.52, , 
,794.71,2592,87.0,-4.3,11101001,795.06,2592,56.1,7.21,632.4,795.40,-4.3,1.48, , 
,795.75,2592,87.0,-5.1,11101001,796.08,2592,57.6,7.21,652.8,796.40,-5.1,1.41, , 
,796.75,2592,87.0,-4.7,11101001,797.08,2624,60.4,7.21,673.2,797.42,-6.3,1.45, , 
,797.74,2624,87.0,-6.6,11101001,798.07,2624,66.3,8.24,734.4,798.41,-9.0,1.48, , 
,798.75,2656,87.0,-10.5,11101001,799.08,2656,66.3,8.24,734.4,799.41,-9.8,1.48, , 
,799.74,2656,87.0,-10.5,11101001,800.09,2656,65.1,8.24,714.0,800.43,-9.4,1.48, , 
,800.76,2688,87.0,-7.8,11101001,801.11,2688,57.6,7.21,652.8,801.43,-5.1,1.56, , 
,801.77,2688,87.0,-4.7,11101001,802.11,2688,54.5,6.18,612.0,802.44,-2.3,1.48, , 
,802.77,2688,87.0,-2.3,11101001,803.12,2688,53.3,6.18,612.0,803.46,-2.0,1.41, , 
,803.81,2688,87.0,-2.0,11101001,804.14,2688,53.3,6.18,591.6,804.46,-1.6,1.45, , 
,804.81,2688,87.0,1.6,11101001,805.13,2688,45.9,6.18,550.8,805.50,3.9,1.52, , 
,805.86,2688,87.0,3.1,11101001,806.18,2688,47.1,6.18,550.8,806.52,3.5,1.45, , 
,806.86,2656,87.0,3.5,11101001,807.17,2688,47.1,6.18,550.8,807.52,3.1,1.41, , 
,807.86,2656,87.0,3.1,11101001,808.18,2656,47.1,6.18,550.8,808.51,3.1,1.45, , 
,808.85,2656,87.0,3.1,11101001,809.19,2656,47.1,6.18,550.8,809.52,2.7,1.48, , 
,809.84,2656,87.0,2.7,11101001,810.18,2624,47.1,6.18,550.8,810.53,2.7,1.48, , 
,810.86,2624,87.0,2.7,11101001,811.20,2624,47.1,6.18,550.8,811.53,2.3,1.41, , 
,811.86,2624,87.0,2.3,11101001,812.20,2624,48.6,6.18,550.8,812.53,1.6,1.41, , 
,812.86,2624,87.0,1.6,11101001,813.19,2624,60.4,8.24,673.2,813.52,-5.1,1.25, , 
,813.86,2624,87.0,-7.0,11101001,814.21,2656,63.5,8.24,714.0,814.56,-8.6,1.48, , 
,814.91,2656,87.0,-7.0,11101001,815.24,2656,53.3,6.18,591.6,815.61,-4.3,1.56, , 
,815.96,2656,87.0,-3.5,11101001,816.30,2624,53.3,6.18,612.0,816.63,-2.3,1.45, , 
,816.99,2624,87.0,-1.6,11101001,817.34,2656,51.8,6.18,591.6,817.68,-0.8,1.48, , 
,818.02,2624,87.0,0.0,11101001,818.36,2624,50.2,6.18,571.2,818.70,0.0,1.52, , 
,819.04,2624,87.0,-0.8,11101001,819.37,2624,50.2,6.18,591.6,819.70,-0.4,1.48, , 
,820.03,2624,87.0,-0.8,11101001,820.36,2624,51.8,6.18,591.6,820.70,-0.8,1.41, , 
,821.03,2624,87.0,-0.8,11101001,821.36,2624,50.2,6.18,591.6,821.67,-1.2,1.45, , 
,822.00,2624,87.0,-0.8,11101001,822.33,2624,50.2,6.18,591.6,822.68,-0.8,1.52, , 
,823.02,2624,87.0,-0.8,11101001,823.34,2624,50.2,6.18,591.6,823.68,-0.4,1.52, , 
,824.01,2624,87.0,-1.6,11101001,824.36,2656,57.6,7.21,632.4,824.70,-3.5,1.37, , 
,825.06,2656,87.0,-4.3,11101001,825.42,2656,57.6,7.21,652.8,825.76,-4.3,1.52, , 
,826.11,2656,87.0,-3.9,11101001,826.44,2656,56.1,7.21,632.4,826.78,-3.9,1.48, , 
,827.10,2688,87.0,-3.5,11101001,827.44,2688,56.1,7.21,632.4,827.77,-3.5,1.48, , 
,828.10,2688,87.0,-3.9,11101001,828.45,2688,54.5,7.21,632.4,828.79,0.0,1.60, , 
,829.12,2688,87.0,2.7,11101001,829.45,2688,42.7,5.15,499.8,829.81,5.5,1.52, , 
,830.16,2688,87.0,6.3,11101001,830.49,2688,42.7,6.18,499.8,830.84,6.3,1.45, , 
,831.16,2688,87.0,6.6,11101001,831.49,2688,44.3,6.18,499.8,831.84,6.3,1.37, , 
,832.16,2688,87.0,6.6,11101001,832.49,2688,44.3,6.18,520.2,832.84,6.3,1.41, , 
,833.18,2688,87.0,6.3,11101001,833.55,2688,44.3,6.18,520.2,833.88,5.9,1.48, , 
,834.22,2656,87.0,5.9,11101001,834.54,2688,44.3,6.18,520.2,834.89,5.5,1.48, , 
,835.21,2688,87.0,5.5,11101001,835.58,2688,44.3,6.18,520.2,835.92,5.9,1.45, , 
,836.27,2688,88.5,5.9,11101001,836.60,2656,44.3,6.18,520.2,836.94,5.9,1.48, , 
,837.28,2688,87.0,5.9,11101001,837.61,2656,44.3,6.18,499.8,837.95,5.5,1.48, , 
,838.28,2656,87.0,5.5,11101001,838.61,2656,42.7,5.15,499.8,838.95,5.1,1.45, , 
,839.28,2656,87.0,4.7,11101001,839.61,2656,26.7,3.09,357.0,839.94,5.9,1.41, , 
,840.25,2624,87.0,3.1,11111101,840.56,2560,0.0,0.00,275.4,840.87,0.0,3.63, , 
,841.22,2560,87.0,0.0,11111101,841.53,2528,0.0,0.00,244.8,841.87,0.0,3.95, , 
,842.18,2496,87.0,0.0,11111101,842.53,2496,0.0,0.00,244.8,842.89,0.0,3.95, , 
,843.23,2464,87.0,0.0,11111101,843.56,2432,0.0,0.00,244.8,843.88,0.0,3.95, , 
,844.21,2400,87.0,0.0,11111101,844.54,2400,0.0,0.00,244.8,844.88,0.0,3.95, , 
,845.21,2336,87.0,0.0,11111101,845.54,2336,0.0,0.00,244.8,845.89,0.0,4.02, , 
,846.21,2272,87.0,0.0,11111101,846.54,2272,0.0,0.00,244.8,846.88,0.0,3.95, , 
,847.19,2240,87.0,0.0,11111101,847.52,2208,0.0,0.00,244.8,847.88,0.0,3.98, , 
,848.22,2176,87.0,0.0,11111101,848.57,2176,0.0,0.00,244.8,848.91,0.0,3.91, , 
,849.23,2144,87.0,0.0,11111101,849.59,2112,0.0,0.00,244.8,849.92,0.0,3.95, , 
,850.27,2080,87.0,0.0,11111101,850.63,2080,0.0,0.00,244.8,850.96,0.0,3.98, , 
,851.30,2016,88.5,0.0,11111101,851.63,2016,0.0,0.00,244.8,851.97,0.0,3.98, , 
,852.31,1984,87.0,0.0,11111111,852.65,1952,0.0,0.00,244.8,853.01,0.0,3.95, , 
,853.35,1920,87.0,0.0,11111111,853.70,1920,0.0,0.00,275.4,854.03,0.0,3.98, , 
,854.36,1888,87.0,0.0,11111111,854.71,1856,0.0,0.00,295.8,855.05,0.0,3.98, , 
,855.42,1824,87.0,0.0,11111111,855.78,1824,0.0,0.00,295.8,856.12,0.0,3.98, , 
,856.51,1792,87.0,0.0,11111111,856.85,1760,0.0,0.00,316.2,857.20,0.0,3.98, , 
,857.54,1728,87.0,0.0,11111111,857.89,1728,0.0,0.00,316.2,858.22,0.0,3.98, , 
,858.56,1696,87.0,0.0,11111111,858.89,1696,0.0,0.00,316.2,859.22,0.0,4.02, , 
,859.54,1632,85.5,0.0,11111111,859.86,1632,0.0,0.00,316.2,860.21,0.0,3.95, , 
,860.54,1600,85.5,0.0,11111111,860.87,1600,0.0,0.00,316.2,861.19,0.0,3.95, , 
,861.54,1568,85.5,0.0,11111111,861.87,1536,0.0,0.00,316.2,862.18,0.0,3.98, , 
,862.57,1504,85.5,0.0,11111111,862.85,1504,0.0,0.00,316.2,863.13,0.0,3.95, , 
,863.39,1472,85.5,0.0,11111111,863.74,1440,0.0,0.00,336.6,864.04,0.0,3.91, , 
,864.35,928,85.5,0.0,11111111,864.67,928,29.4,4.12,418.2,864.97,0.0,1.45, , 
,865.26,864,85.5,0.0,11111111,865.57,864,26.7,4.12,377.4,865.87,0.0,0.78, , 
,866.23,1088,85.5,0.0,11111111,866.60,1632,0.0,0.00,316.2,866.93,0.0,3.28, , 
,867.28,1728,85.5,0.0,11111111,867.62,1696,0.0,0.00,336.6,867.97,0.0,3.95, , 
,868.30,1664,85.5,0.0,11111111,868.63,1664,0.0,0.00,316.2,868.98,0.0,3.95, , 
,869.31,1600,85.5,0.0,11111111,869.65,1600,0.0,0.00,336.6,869.99,0.0,3.95, , 
,870.34,1568,85.5,0.0,11101011,870.67,1536,34.1,5.15,438.6,871.03,0.0,1.45, , 
,871.39,1568,85.5,7.4,11101011,871.73,1568,36.9,5.15,479.4,872.07,10.5,1.33, , 
,872.41,1568,85.5,9.8,11101011,872.73,1568,35.3,5.15,459.0,873.09,10.9,1.48, , 
,873.43,1568,85.5,11.7,11101011,873.78,1568,35.3,5.15,459.0,874.11,12.1,1.45, , 
,874.45,1568,85.5,10.9,11101011,874.81,1568,38.4,5.15,479.4,875.17,9.8,1.37, , 
,875.52,1568,85.5,8.6,11101011,875.87,1600,42.7,6.18,520.2,876.25,8.6,1.45, , 
,876.60,1600,85.5,0.0,11101011,876.98,1632,62.0,8.24,714.0,877.33,0.0,1.48, , 
,877.69,1664,84.0,1.2,11101011,878.08,1696,59.2,8.24,673.2,878.42,4.3,1.56, , 
,878.80,1728,84.0,5.5,11101011,879.15,1728,56.1,7.21,652.8,879.50,0.0,1.68, , 
,879.83,1760,84.0,0.0,11101011,880.20,1760,31.0,4.12,397.8,880.56,8.2,1.68, , 
,880.94,1760,84.0,9.0,11101011,881.31,1760,25.1,3.09,357.0,881.67,11.3,1.56, , 
,882.04,1760,84.0,12.9,11101011,882.39,1760,23.5,3.09,336.6,882.76,13.7,1.48, , 
,883.12,1760,84.0,14.5,11101011,883.50,1760,23.5,3.09,336.6,883.86,15.2,1.45, , 
,884.20,1728,84.0,15.2,11101011,884.54,1728,22.0,3.09,316.2,884.89,16.0,1.48, , 
,885.23,1728,84.0,16.0,11101011,885.58,1728,23.5,3.09,336.6,885.94,16.4,1.41, , 
,886.28,1696,84.0,16.0,11101011,886.63,1696,20.8,3.09,316.2,886.99,15.2,1.41, , 
,887.36,1696,84.0,16.0,11101011,887.68,1664,22.0,3.09,316.2,888.06,16.8,1.48, , 
,888.40,1664,84.0,16.4,11101011,888.74,1664,22.0,3.09,316.2,889.09,16.8,1.45, , 
,889.42,1664,84.0,16.8,11101011,889.74,1664,22.0,3.09,316.2,890.06,17.2,1.45, , 
,890.41,1632,85.5,16.4,11101011,890.77,1664,22.0,3.09,316.2,891.13,16.8,1.45, , 
,891.48,1664,84.0,17.6,11101011,891.84,1664,22.0,3.09,316.2,892.20,16.0,1.45, , 
,892.54,1664,84.0,15.6,11101011,892.91,1664,23.5,3.09,336.6,893.30,14.8,1.48, , 
,893.65,1664,84.0,14.5,11101011,894.02,1664,23.5,3.09,336.6,894.36,13.7,1.45, , 
,894.69,1696,84.0,12.5,11101011,895.05,1728,23.5,3.09,336.6,895.41,13.7,1.52, , 
,895.76,1760,84.0,12.9,11101011,896.13,1760,22.0,3.09,316.2,896.51,12.5,1.45, , 
,896.82,1792,85.5,11.3,11101011,897.20,1792,22.0,3.09,316.2,897.57,7.0,1.29, , 
,897.95,1824,84.0,5.1,11101011,898.32,1824,20.8,2.06,295.8,898.70,5.5,1.33, , 
,899.08,1824,84.0,8.6,11101011,899.44,1824,20.8,2.06,295.8,899.77,14.1,1.56, , 
,900.15,1760,85.5,14.8,11101011,900.51,1792,35.3,4.12,438.6,900.89,21.5,1.76, , 
,901.28,1760,85.5,0.0,11101011,901.62,1760,59.2,6.18,673.2,901.99,0.0,1.72, , 
,902.31,1280,85.5,0.0,11111111,902.63,1056,28.2,3.09,397.8,902.97,0.0,2.23, , 
,903.30,2272,84.0,0.0,11101001,903.62,2208,25.1,3.09,336.6,903.97,0.0,1.76, , 
,904.31,2208,85.5,0.0,11101001,904.64,2208,56.1,6.18,652.8,904.99,12.9,1.80, , 
,905.32,2208,85.5,16.8,11101001,905.64,2240,54.5,7.21,632.4,905.97,20.7,1.52, , 
,906.30,2272,84.0,19.1,11101001,906.63,2304,53.3,7.21,612.0,906.97,13.3,1.13, , 
,907.29,2336,85.5,11.3,11101001,907.62,2368,50.2,7.21,571.2,907.97,9.4,1.37, , 
,908.32,2432,85.5,9.4,11101001,908.67,2464,45.9,6.18,520.2,909.02,7.8,1.45, , 
,909.35,2496,85.5,6.6,11101001,909.71,2528,44.3,6.18,520.2,910.04,7.0,1.52, , 
,910.36,2592,85.5,7.0,11101001,910.70,2624,42.7,6.18,499.8,911.05,7.4,1.52, , 
,911.38,2656,84.0,7.8,11101001,911.73,2688,41.2,5.15,499.8,912.05,0.0,1.45, , 
,912.38,2688,85.5,0.0,11111101,912.71,2656,19.2,2.06,275.4,913.04,0.0,1.52, , 
,913.37,2624,85.5,0.0,11111101,913.70,2624,0.0,0.00,275.4,914.04,0.0,3.95, , 
,914.37,2560,84.0,0.0,11111101,914.70,2528,0.0,0.00,275.4,915.01,0.0,3.95, , 
,915.33,2464,85.5,0.0,11111101,915.64,2432,0.0,0.00,244.8,915.96,0.0,3.98, , 
,916.29,2400,85.5,0.0,11111101,916.62,2368,0.0,0.00,244.8,916.95,0.0,3.98, , 
,917.28,2304,85.5,0.0,11111101,917.62,2240,16.1,2.06,244.8,917.96,0.0,0.90, , 
,918.31,2208,85.5,0.0,11101001,918.64,2208,17.6,2.06,275.4,918.98,4.3,1.72, , 
,919.32,2208,85.5,-0.4,11101001,919.67,2176,20.8,2.06,295.8,920.01,-1.2,1.45, , 
,920.35,2144,85.5,-1.6,11101001,920.72,2144,20.8,2.06,295.8,921.07,-3.1,1.41, , 
,921.40,2112,85.5,-3.5,11101001,921.76,2112,22.0,2.06,295.8,922.11,-3.1,1.52, , 
,922.44,2080,85.5,-2.7,11101001,922.77,2080,22.0,2.06,316.2,923.11,-3.1,1.48, , 
,923.46,2080,85.5,-4.3,11101001,923.83,2048,22.0,2.06,316.2,924.17,-3.9,1.52, , 
,924.51,2048,84.0,-3.5,11101001,924.88,2048,22.0,2.06,316.2,925.23,-3.5,1.48, , 
,925.58,2048,85.5,0.0,11101001,925.93,2080,56.1,7.21,652.8,926.27,0.0,1.56, , 
,926.59,2144,85.5,2.3,11101001,926.93,2144,45.9,6.18,550.8,927.27,7.0,1.60, , 
,927.60,2176,85.5,7.8,11101001,927.93,2208,31.0,4.12,397.8,928.29,8.2,1.52, , 
,928.64,2208,85.5,9.0,11101001,928.97,2208,29.4,4.12,377.4,929.31,10.9,1.48, , 
,929.64,2208,85.5,10.2,11101001,929.98,2240,29.4,4.12,377.4,930.31,9.8,1.41, , 
,930.65,2240,85.5,9.4,11101001,931.00,2240,31.0,4.12,397.8,931.34,9.8,1.48, , 
,931.69,2240,85.5,10.2,11101001,932.00,2240,31.0,4.12,397.8,932.34,10.2,1.45, , 
,932.68,2240,85.5,10.2,11101001,933.03,2240,31.0,4.12,397.8,933.36,10.2,1.48, , 
,933.70,2272,85.5,9.8,11101001,934.03,2240,31.0,4.12,397.8,934.37,9.8,1.48, , 
,934.73,2272,85.5,10.2,11101001,935.07,2272,31.0,4.12,377.4,935.39,9.8,1.45, , 
,935.73,2272,85.5,9.0,11101001,936.06,2272,31.0,4.12,377.4,936.40,8.6,1.48, , 
,936.74,2272,85.5,9.0,11101001,937.08,2272,29.4,4.12,377.4,937.40,9.4,1.48, , 
,937.74,2304,85.5,9.4,11101001,938.05,2304,29.4,4.12,377.4,938.38,9.0,1.48, , 
,938.72,2304,85.5,9.0,11101001,939.04,2304,29.4,4.12,377.4,939.40,8.2,1.48, , 
,939.74,2304,85.5,8.6,11101001,940.09,2304,25.1,3.09,336.6,940.41,6.3,1.37, , 
,940.73,2304,85.5,3.1,11101001,941.08,2304,22.0,3.09,295.8,941.41,-0.4,1.33, , 
,941.75,2304,85.5,-2.0,11101001,942.07,2304,22.0,2.06,295.8,942.41,-3.9,1.45, , 
,942.74,2272,85.5,-4.3,11101001,943.08,2272,22.0,2.06,295.8,943.41,-6.3,1.48, , 
,943.74,2272,85.5,-7.0,11101001,944.08,2272,22.0,2.06,316.2,944.41,-3.9,1.52, , 
,944.75,2240,85.5,-3.5,11101001,945.09,2240,23.5,2.06,316.2,945.43,-2.0,1.56, , 
,945.78,2240,85.5,0.0,11101001,946.12,2240,29.4,3.09,377.4,946.46,7.4,1.72, , 
,946.82,2240,87.0,9.8,11101001,947.16,2240,28.2,3.09,377.4,947.49,12.5,1.60, , 
,947.84,2272,85.5,12.9,11101001,948.16,2272,28.2,3.09,357.0,948.49,14.8,1.56, , 
,948.84,2272,85.5,15.2,11101001,949.18,2272,26.7,4.12,357.0,949.53,16.8,1.45, , 
,949.87,2272,87.0,14.8,11101001,950.21,2272,26.7,4.12,357.0,950.56,14.8,1.45, , 
,950.87,2272,85.5,14.5,11101001,951.21,2304,26.7,3.09,357.0,951.56,13.3,1.37, , 
,951.89,2272,87.0,11.3,11101001,952.24,2272,22.0,3.09,316.2,952.57,7.4,1.37, , 
,952.91,2272,85.5,5.9,11101001,953.26,2304,22.0,3.09,316.2,953.60,3.5,1.37, , 
,953.96,2304,85.5,2.3,11101001,954.30,2304,22.0,2.06,316.2,954.62,-0.4,1.41, , 
,954.95,2336,85.5,-2.0,11101001,955.28,2336,22.0,2.06,295.8,955.61,-2.7,1.45, , 
,955.96,2336,87.0,-3.5,11101001,956.31,2368,22.0,2.06,295.8,956.66,-5.1,1.52, , 
,957.02,2368,85.5,-5.1,11101001,957.36,2368,22.0,2.06,316.2,957.73,-5.5,1.52, , 
,958.07,2368,87.0,-5.5,11101001,958.44,2368,22.0,2.06,316.2,958.78,-4.3,1.52, , 
,959.12,2336,87.0,-3.5,11101001,959.46,2304,22.0,2.06,316.2,959.81,-2.3,1.52, , 
,960.14,2272,87.0,-1.2,11101001,960.47,2272,26.7,3.09,357.0,960.80,3.9,1.64, , 
,961.12,2240,87.0,5.1,11101001,961.46,2240,25.1,3.09,336.6,961.82,7.0,1.56, , 
,962.16,2208,85.5,6.6,11101001,962.50,2176,22.0,3.09,316.2,962.83,5.9,1.45, , 
,963.16,2144,87.0,5.1,11101001,963.49,2112,16.1,2.06,244.8,963.82,10.2,1.64, , 
,964.17,2144,87.0,10.5,11101001,964.51,2080,16.1,2.06,244.8,964.86,13.3,1.56, , 
,965.21,2048,87.0,14.1,11101001,965.58,2048,19.2,3.09,275.4,965.93,8.2,1.17, , 
,966.29,2016,87.0,10.9,11101001,966.65,2016,32.5,4.12,397.8,967.00,11.3,1.37, , 
,967.36,2048,87.0,11.3,11101001,967.72,2048,45.9,6.18,550.8,968.07,9.4,1.48, , 
,968.42,2080,87.0,10.2,11101001,968.77,2112,44.3,6.18,520.2,969.12,7.4,1.41, , 
,969.45,2144,87.0,7.8,11101001,969.79,2144,41.2,5.15,499.8,970.14,7.8,1.52, , 
,970.47,2176,87.0,8.2,11101001,970.80,2208,41.2,5.15,499.8,971.13,8.2,1.48, , 
,971.46,2208,87.0,8.6,11101001,971.82,2240,40.0,5.15,479.4,972.16,8.2,1.48, , 
,972.47,2272,87.0,8.2,11101001,972.80,2272,40.0,5.15,479.4,973.12,8.2,1.48, , 
,973.45,2304,87.0,7.0,11101001,973.78,2304,32.5,4.12,397.8,974.10,10.9,1.52, , 
,974.44,2336,87.0,11.3,11101001,974.77,2336,32.5,4.12,397.8,975.09,11.3,1.41, , 
,975.43,2336,87.0,11.3,11101001,975.78,2336,32.5,4.12,397.8,976.10,11.3,1.52, , 
,976.44,2336,87.0,11.3,11101001,976.78,2336,32.5,4.12,397.8,977.13,12.1,1.48, , 
,977.47,2368,87.0,11.7,11101001,977.79,2368,31.0,4.12,397.8,978.18,12.9,1.45, , 
,978.56,2368,87.0,12.5,11101001,978.93,2400,20.8,3.09,295.8,979.30,5.5,1.13, , 
,979.65,2368,87.0,2.3,11101001,979.99,2368,19.2,2.06,275.4,980.32,-2.7,1.29, , 
,980.68,2368,87.0,-4.3,11101001,981.03,2368,20.8,2.06,295.8,981.35,5.1,1.56, , 
,981.72,2336,87.0,3.1,11101001,982.05,2336,22.0,2.06,295.8,982.37,5.9,1.52, , 
,982.70,2336,87.0,5.1,11101001,983.03,2336,25.1,3.09,336.6,983.36,10.2,1.76, , 
,983.68,2336,87.0,13.3,11101001,984.01,2336,28.2,3.09,357.0,984.35,17.2,1.68, , 
,984.68,2336,87.0,19.1,11101001,985.03,2336,28.2,3.09,357.0,985.36,21.9,1.60, , 
,985.69,2368,87.0,22.7,11101001,986.01,2336,28.2,4.12,357.0,986.36,25.4,1.56, , 
,986.70,2368,87.0,26.2,11101001,987.04,2368,26.7,3.09,336.6,987.38,26.2,1.45, , 
,987.72,2368,87.0,26.2,11101001,988.07,2368,26.7,3.09,336.6,988.41,26.2,1.41, , 
,988.75,2368,87.0,25.0,11101001,989.08,2368,26.7,3.09,336.6,989.41,24.2,1.41, , 
,989.75,2368,87.0,23.8,11101001,990.08,2368,26.7,3.09,336.6,990.39,23.4,1.48, , 
,990.70,2400,87.0,24.2,11101001,991.05,2400,28.2,3.09,357.0,991.38,24.2,1.48, , 
,991.75,2400,87.0,24.2,11101001,992.07,2400,26.7,3.09,357.0,992.41,24.2,1.48, , 
,992.75,2400,87.0,24.2,11101001,993.10,2432,26.7,3.09,357.0,993.46,23.8,1.48, , 
,993.83,2432,87.0,24.2,11101001,994.20,2432,26.7,3.09,336.6,994.54,23.8,1.48, , 
,994.89,2464,87.0,23.4,11101001,995.24,2464,26.7,3.09,336.6,995.60,23.0,1.48, , 
,995.93,2496,87.0,23.4,11101001,996.29,2496,26.7,3.09,336.6,996.63,24.6,1.52, , 
,996.95,2528,87.0,25.0,11101001,997.28,2528,25.1,3.09,336.6,997.62,10.5,1.45, , 
,997.95,2560,87.0,9.4,11101001,998.30,2560,23.5,3.09,316.2,998.64,9.0,1.45, , 
,999.00,2592,87.0,8.6,11101001,999.33,2592,23.5,3.09,316.2,999.67,8.6,1.52, , 
,999.99,2592,87.0,8.6,11101001,1000.35,2592,23.5,3.09,316.2,1000.67,9.4,1.48, , 
,1000.99,2592,87.0,8.6,11101001,1001.30,2592,23.5,3.09,316.2,1001.62,9.0,1.48, , 
,1001.97,2592,87.0,8.6,11101001,1002.29,2592,23.5,3.09,316.2,1002.64,9.8,1.45, , 
,1002.98,2592,87.0,9.4,11101001,1003.30,2592,23.5,3.09,316.2,1003.64,8.6,1.48, , 
,1003.97,2592,87.0,8.6,11101001,1004.29,2592,23.5,3.09,316.2,1004.63,8.2,1.48, , 
,1004.94,2592,87.0,8.2,11101001,1005.28,2592,23.5,3.09,316.2,1005.60,7.8,1.45, , 
,1005.96,2592,87.0,7.0,11101001,1006.31,2560,23.5,3.09,316.2,1006.64,7.0,1.48, , 
,1006.98,2560,87.0,7.0,11101001,1007.32,2560,23.5,3.09,316.2,1007.66,6.6,1.52, , 
,1007.99,2560,87.0,7.8,11101001,1008.31,2560,23.5,3.09,316.2,1008.65,8.2,1.48, , 
,1009.00,2560,87.0,8.6,11101001,1009.35,2560,23.5,3.09,316.2,1009.70,9.8,1.45, , 
,1010.03,2560,87.0,6.3,11101001,1010.36,2560,19.2,2.06,275.4,1010.69,-0.4,1.21, , 
,1011.02,2528,87.0,-1.6,11101001,1011.34,2528,19.2,2.06,275.4,1011.67,-2.7,1.41, , 
,1012.00,2496,87.0,-2.0,11101001,1012.37,2528,19.2,2.06,275.4,1012.70,-3.9,1.45, , 
,1013.04,2528,87.0,-0.8,11101001,1013.39,2496,20.8,2.06,275.4,1013.72,-3.5,1.60, , 
,1014.07,2496,87.0,-5.1,11101001,1014.43,2464,20.8,2.06,295.8,1014.77,-5.1,1.48, , 
,1015.12,2464,87.0,-5.1,11101001,1015.47,2464,26.7,3.09,336.6,1015.81,1.6,1.68, , 
,1016.17,2464,87.0,2.7,11101001,1016.52,2464,28.2,3.09,357.0,1016.87,5.5,1.60, , 
,1017.23,2496,87.0,5.9,11101001,1017.59,2496,28.2,3.09,357.0,1017.91,8.2,1.56, , 
,1018.23,2496,87.0,9.0,11101001,1018.55,2496,28.2,3.09,357.0,1018.88,9.8,1.52, , 
,1019.24,2496,87.0,11.3,11101001,1019.56,2496,28.2,4.12,357.0,1019.92,11.3,1.45, , 
,1020.27,2496,87.0,11.3,11101001,1020.60,2496,28.2,4.12,357.0,1020.96,11.7,1.45, , 
,1021.30,2496,87.0,11.3,11101001,1021.66,2496,28.2,4.12,357.0,1022.00,10.9,1.45, , 
,1022.33,2496,87.0,11.3,11101001,1022.67,2496,28.2,4.12,357.0,1023.02,10.9,1.45, , 
,1023.36,2496,87.0,10.9,11101001,1023.72,2464,28.2,4.12,357.0,1024.08,10.9,1.45, , 
,1024.41,2464,87.0,10.2,11101001,1024.76,2464,26.7,3.09,336.6,1025.12,8.6,1.45, , 
,1025.47,2432,87.0,8.2,11101001,1025.82,2432,26.7,3.09,336.6,1026.19,8.2,1.48, , 
,1026.52,2400,87.0,9.0,11101001,1026.86,2400,29.4,4.12,377.4,1027.17,10.5,1.48, , 
,1027.49,2368,87.0,10.5,11101001,1027.85,2368,29.4,4.12,377.4,1028.19,11.7,1.48, , 
,1028.51,2368,87.0,12.5,11101001,1028.86,2368,32.5,4.12,397.8,1029.20,12.5,1.41, , 
,1029.54,2336,87.0,10.2,11101001,1029.87,2336,35.3,5.15,438.6,1030.21,8.2,1.37, , 
,1030.54,2336,87.0,8.6,11101001,1030.87,2368,35.3,4.12,418.2,1031.20,7.8,1.52, , 
,1031.54,2336,87.0,7.4,11101001,1031.89,2368,35.3,4.12,438.6,1032.21,8.2,1.48, , 
,1032.56,2368,87.0,7.0,11101001,1032.90,2368,35.3,5.15,438.6,1033.24,7.4,1.45, , 
,1033.58,2368,87.0,7.4,11101001,1033.90,2368,35.3,5.15,438.6,1034.24,7.4,1.52, , 
,1034.62,2368,87.0,8.2,11101001,1034.95,2368,35.3,5.15,438.6,1035.27,7.4,1.48, , 
,1035.58,2368,87.0,7.0,11101001,1035.90,2400,34.1,4.12,418.2,1036.22,9.8,1.48, , 
,1036.56,2400,87.0,10.9,11101001,1036.94,2400,32.5,4.12,397.8,1037.26,11.7,1.52, , 
,1037.59,2400,87.0,12.5,11101001,1037.91,2400,32.5,4.12,397.8,1038.26,12.5,1.48, , 
,1038.59,2432,87.0,12.1,11101001,1038.94,2432,31.0,4.12,397.8,1039.27,12.5,1.45, , 
,1039.64,2464,87.0,13.3,11101001,1040.00,2464,31.0,4.12,397.8,1040.35,13.3,1.48, , 
,1040.68,2496,87.0,13.7,11101001,1041.03,2496,31.0,4.12,377.4,1041.36,13.3,1.48, , 
,1041.68,2528,87.0,11.7,11101001,1042.03,2560,29.4,4.12,377.4,1042.35,11.3,1.45, , 
,1042.69,2592,87.0,11.3,11101001,1043.03,2592,22.0,3.09,316.2,1043.36,7.8,1.29, , 
,1043.70,2624,87.0,2.7,11101001,1044.03,2624,19.2,2.06,275.4,1044.37,-3.5,1.25, , 
,1044.72,2624,87.0,-2.7,11101001,1045.06,2624,19.2,2.06,275.4,1045.38,-4.7,1.45, , 
,1045.71,2624,87.0,-3.5,11101001,1046.06,2592,19.2,2.06,275.4,1046.41,-3.9,1.56, , 
,1046.74,2592,87.0,-3.1,11101001,1047.11,2560,19.2,2.06,275.4,1047.43,-3.1,1.60, , 
,1047.77,2560,87.0,-5.9,11101001,1048.08,2496,19.2,2.06,275.4,1048.43,-5.5,1.52, , 
,1048.79,2464,87.0,-6.3,11101001,1049.14,2464,20.8,2.06,275.4,1049.48,-7.0,1.41, , 
,1049.82,2368,87.0,-5.1,11101001,1050.15,2400,20.8,2.06,295.8,1050.48,-6.6,1.45, , 
,1050.82,2336,87.0,-7.4,11101001,1051.14,2304,23.5,3.09,316.2,1051.47,-3.9,1.64, , 
,1051.79,2272,87.0,-1.2,11101001,1052.13,2272,23.5,3.09,316.2,1052.47,3.1,1.56, , 
,1052.80,2240,87.0,4.3,11101001,1053.14,2208,20.8,2.06,295.8,1053.46,-0.4,1.29, , 
,1053.82,2176,87.0,-1.6,11101001,1054.18,2176,20.8,2.06,295.8,1054.52,-2.0,1.41, , 
,1054.84,2144,87.0,-3.1,11101001,1055.18,2144,20.8,2.06,295.8,1055.51,-3.9,1.41, , 
,1055.85,2144,87.0,-3.5,11101001,1056.18,2144,20.8,2.06,295.8,1056.53,-3.1,1.56, , 
,1056.85,2112,87.0,-5.1,11101001,1057.20,2144,20.8,2.06,295.8,1057.55,-5.1,1.45, , 
,1057.87,2208,87.0,1.6,11101001,1058.21,2048,16.1,2.06,244.8,1058.56,8.6,1.88, , 
,1058.91,2176,87.0,6.6,11111101,1059.23,2112,0.0,0.00,244.8,1059.57,0.0,3.59, , 
,1059.93,2080,87.0,0.0,10111101,1060.28,2048,0.0,0.00,275.4,1060.64,0.0,3.91, , 
,1061.01,1888,87.0,0.0,10111111,1061.39,1792,0.0,0.00,295.8,1061.72,0.0,3.98, , 
,1062.08,1664,87.0,0.0,10111111,1062.40,1600,0.0,0.00,336.6,1062.75,0.0,3.98, , 
,1063.03,1504,87.0,0.0,10111111,1063.32,1248,0.0,0.00,336.6,1063.61,0.0,3.95, , 
,1063.92,1056,87.0,0.0,10111111,1064.23,1056,25.1,4.12,357.0,1064.50,0.0,0.98, , 
,1064.80,1024,87.0,0.0,10101011,1065.15,1504,25.1,3.09,357.0,1065.46,-0.8,1.41, , 
,1065.79,1440,87.0,-1.2,10101011,1066.18,1408,44.3,6.18,550.8,1066.47,0.0,1.21, , 
,1066.85,1504,87.0,0.0,10101011,1067.20,1568,63.5,8.24,754.8,1067.57,0.4,1.52, , 
,1067.91,1664,87.0,0.0,10101011,1068.25,1696,62.0,8.24,734.4,1068.62,0.4,1.52, , 
,1068.97,1760,87.0,0.0,10101011,1069.30,1792,45.9,5.15,550.8,1069.68,4.3,1.64, , 
,1070.07,1824,87.0,5.5,10101011,1070.45,1856,42.7,5.15,520.2,1070.83,7.8,1.52, , 
,1071.19,1888,87.0,8.2,10101011,1071.55,1920,40.0,5.15,499.8,1071.92,9.0,1.48, , 
,1072.27,1920,87.0,9.8,10101011,1072.62,1920,34.1,4.12,438.6,1072.98,10.2,1.52, , 
,1073.35,1984,87.0,9.4,10101011,1073.69,1984,35.3,4.12,438.6,1074.04,9.0,1.41, , 
,1074.41,2016,87.0,9.4,10101001,1074.76,2048,36.9,5.15,459.0,1075.12,9.8,1.52, , 
,1075.48,2080,87.0,7.8,10101001,1075.84,2144,56.1,7.21,652.8,1076.18,5.1,1.37, , 
,1076.53,2208,87.0,4.7,11101001,1076.87,2272,53.3,7.21,612.0,1077.20,4.3,1.52, , 
,1077.55,2336,87.0,3.5,11101001,1077.86,2368,54.5,7.21,632.4,1078.20,1.2,1.41, , 
,1078.52,2432,87.0,-0.4,11101001,1078.84,2464,56.1,7.21,632.4,1079.19,-1.6,1.48, , 
,1079.52,2560,87.0,-1.6,11101001,1079.85,2592,54.5,7.21,632.4,1080.21,-1.6,1.52, , 
,1080.55,2528,87.0,0.0,11111101,1080.90,2048,0.0,0.00,316.2,1081.25,0.0,3.91, , 
,1081.53,1152,87.0,0.0,11101011,1081.90,1920,25.1,3.09,357.0,1082.27,0.0,1.17, , 
,1082.63,1920,87.0,0.0,11101011,1083.00,1920,36.9,4.12,438.6,1083.36,5.1,1.64, , 
,1083.71,1920,87.0,5.5,11101011,1084.09,1920,36.9,5.15,459.0,1084.46,8.2,1.56, , 
,1084.84,1920,87.0,8.6,11101011,1085.21,1920,36.9,5.15,459.0,1085.58,7.4,1.41, , 
,1085.93,1920,87.0,7.0,11101011,1086.30,1920,36.9,4.12,459.0,1086.67,7.0,1.48, , 
,1087.04,1952,87.0,7.0,11101011,1087.42,1952,35.3,4.12,438.6,1087.79,7.4,1.45, , 
,1088.17,1952,87.0,7.4,11101011,1088.53,1952,35.3,4.12,438.6,1088.89,8.2,1.52, , 
,1089.26,1952,87.0,7.8,11101011,1089.64,1952,35.3,4.12,438.6,1090.01,7.8,1.48, , 
,1090.38,1984,87.0,8.2,11101011,1090.72,1984,34.1,4.12,438.6,1091.07,9.0,1.45, , 
,1091.44,1984,87.0,9.0,11101001,1091.79,1984,34.1,4.12,438.6,1092.15,9.4,1.48, , 
,1092.52,1984,87.0,9.4,11101001,1092.86,1984,32.5,4.12,418.2,1093.22,9.8,1.45, , 
,1093.58,1984,87.0,9.8,11101001,1093.92,1984,32.5,4.12,418.2,1094.28,9.4,1.48, , 
,1094.63,1984,87.0,9.0,11101001,1095.01,1984,32.5,4.12,418.2,1095.37,9.4,1.48, , 
,1095.72,1984,87.0,9.4,11101001,1096.09,1984,34.1,4.12,438.6,1096.44,9.4,1.48, , 
,1096.78,2016,87.0,9.4,11101001,1097.14,2016,35.3,4.12,438.6,1097.49,8.6,1.48, , 
,1097.85,2016,87.0,9.0,11101001,1098.21,2016,35.3,4.12,438.6,1098.58,8.6,1.45, , 
,1098.94,2016,87.0,8.6,11101001,1099.29,2016,35.3,4.12,438.6,1099.65,7.8,1.48, , 
,1099.99,2016,87.0,8.6,11101001,1100.35,2016,34.1,4.12,438.6,1100.69,9.4,1.45, , 
,1101.02,2016,87.0,9.0,11101001,1101.38,2016,35.3,4.12,438.6,1101.71,8.6,1.52, , 
,1102.06,2048,87.0,9.4,11101001,1102.42,2048,35.3,4.12,438.6,1102.75,9.0,1.45, , 
,1103.12,2048,87.0,9.0,11101001,1103.49,2048,34.1,4.12,438.6,1103.84,9.0,1.52, , 
,1104.20,2048,87.0,9.8,11101001,1104.55,2048,34.1,4.12,438.6,1104.89,9.4,1.45, , 
