Wtorek,25,Sierpień,2026,06:34:55:00009-VCID:1C3761778CABCE7337-515A,Wersja VCDS: AKP 23.3.1,Wersja danych: 20230601 DS346.2
047 906 033 L,,1.4l SIMOS3PA   00HS5401,

Znacznik,Grupa A:, Zatrzymany,,,,Grupa B:,'002,,,,Grupa C:,'033
,,,,,,,Obroty silnika,Obciążenie,Czas wtrysku,Ciśnienie rzecz.,,Lambda,Napięcie, , 
,CZAS,,,,,CZAS,,,,,CZAS,,,,
Znacznik,ZAPISU,,,,,ZAPISU, /min, %, ms, mbar,ZAPISU, %, V,,
,,,,,,0.26,0,0.0,0.00,989.4,0.01,0.0,1.48, , 
,,,,,,0.80,0,0.0,0.00,989.4,0.53,0.0,1.48, , 
,,,,,,1.33,0,0.0,0.00,989.4,1.06,0.0,1.48, , 
,,,,,,1.86,0,0.0,0.00,989.4,1.59,0.0,1.48, , 
,,,,,,2.41,0,0.0,0.00,989.4,2.13,0.0,1.48, , 
,,,,,,2.93,0,0.0,0.00,989.4,2.67,0.0,1.48, , 
,,,,,,3.47,0,0.0,0.00,989.4,3.20,0.0,1.48, , 
,,,,,,4.00,0,0.0,0.00,989.4,3.73,0.0,1.48, , 
,,,,,,4.55,0,0.0,0.00,989.4,4.27,0.0,1.48, , 
,,,,,,5.08,0,0.0,0.00,989.4,4.81,0.0,1.48, , 
,,,,,,5.61,0,0.0,0.00,989.4,5.34,0.0,1.48, , 
,,,,,,6.14,0,0.0,0.00,989.4,5.87,0.0,1.48, , 
,,,,,,6.67,0,0.0,0.00,989.4,6.40,0.0,1.48, , 
,,,,,,7.20,0,0.0,0.00,989.4,6.94,0.0,1.48, , 
,,,,,,7.73,0,0.0,0.00,989.4,7.47,0.0,1.48, , 
,,,,,,8.27,0,0.0,0.00,989.4,8.00,0.0,1.48, , 
,,,,,,8.80,0,0.0,0.00,989.4,8.53,0.0,1.48, , 
,,,,,,9.33,0,0.0,0.00,989.4,9.06,0.0,1.48, , 
,,,,,,9.86,0,0.0,0.00,989.4,9.59,0.0,1.48, , 
,,,,,,10.39,0,0.0,0.00,989.4,10.12,0.0,1.48, , 
,,,,,,10.92,0,0.0,0.00,989.4,10.65,0.0,1.48, , 
,,,,,,11.45,0,0.0,0.00,989.4,11.19,0.0,1.48, , 
,,,,,,11.98,0,0.0,0.00,989.4,11.72,0.0,1.48, , 
,,,,,,12.52,0,0.0,0.00,989.4,12.25,0.0,1.48, , 
,,,,,,13.06,0,0.0,0.00,989.4,12.79,0.0,1.48, , 
,,,,,,13.59,0,0.0,0.00,989.4,13.33,0.0,1.48, , 
,,,,,,14.12,0,0.0,0.00,989.4,13.86,0.0,1.48, , 
,,,,,,14.66,0,0.0,0.00,989.4,14.39,0.0,1.48, , 
,,,,,,15.21,0,0.0,0.00,989.4,14.93,0.0,1.48, , 
,,,,,,15.75,192,98.8,76.22,989.4,15.48,0.0,1.48, , 
,,,,,,16.29,192,100.0,74.16,989.4,16.01,0.0,1.48, , 
,,,,,,16.92,1312,75.3,18.54,795.6,16.62,0.0,1.48, , 
,,,,,,17.55,1216,44.3,10.30,499.8,17.25,0.0,1.48, , 
,,,,,,18.18,1024,47.1,10.30,520.2,17.85,0.0,1.48, , 
,,,,,,18.83,1024,50.2,10.30,550.8,18.52,0.0,1.48, , 
,,,,,,19.50,1024,48.6,10.30,550.8,19.17,0.0,1.48, , 
,,,,,,20.09,1024,48.6,10.30,550.8,19.79,0.0,1.48, , 
,,,,,,20.70,1024,48.6,10.30,550.8,20.41,0.0,1.48, , 
,,,,,,21.34,1024,47.1,9.27,550.8,21.01,0.0,1.48, , 
,,,,,,21.96,1024,47.1,9.27,550.8,21.65,0.0,1.48, , 
,,,,,,22.57,1024,47.1,9.27,520.2,22.26,0.0,1.48, , 
,,,,,,23.23,1024,45.9,9.27,520.2,22.90,0.0,1.48, , 
,,,,,,23.89,1024,45.9,8.24,520.2,23.56,0.0,1.48, , 
,,,,,,24.58,992,45.9,8.24,520.2,24.23,0.0,1.48, , 
,,,,,,25.20,1024,44.3,8.24,499.8,24.90,0.0,1.48, , 
,,,,,,25.87,992,44.3,8.24,499.8,25.51,0.0,1.48, , 
,,,,,,26.52,1024,44.3,7.21,499.8,26.15,0.0,1.48, , 
,,,,,,27.14,1024,44.3,7.21,499.8,26.84,0.0,1.48, , 
,,,,,,27.81,992,42.7,7.21,499.8,27.48,0.0,1.48, , 
,,,,,,28.44,1024,42.7,7.21,499.8,28.10,0.0,1.48, , 
,,,,,,29.02,992,42.7,7.21,499.8,28.71,0.0,1.48, , 
,,,,,,29.70,960,42.7,7.21,479.4,29.36,0.0,1.48, , 
,,,,,,30.25,992,41.2,7.21,479.4,29.96,0.0,1.48, , 
,,,,,,30.96,992,42.7,7.21,479.4,30.60,0.0,1.48, , 
,,,,,,31.62,992,41.2,6.18,479.4,31.28,0.0,1.48, , 
,,,,,,32.34,992,41.2,6.18,479.4,31.98,0.0,1.48, , 
,,,,,,32.92,992,41.2,6.18,479.4,32.65,0.0,1.48, , 
,,,,,,33.52,960,41.2,6.18,479.4,33.19,0.0,1.48, , 
,,,,,,34.11,960,41.2,6.18,479.4,33.80,0.0,1.48, , 
,,,,,,34.70,960,41.2,6.18,479.4,34.41,0.0,1.48, , 
,,,,,,35.31,864,45.9,8.24,520.2,35.01,0.0,1.48, , 
,,,,,,35.91,800,48.6,8.24,550.8,35.61,0.0,1.48, , 
,,,,,,36.50,768,54.5,10.30,612.0,36.18,0.0,1.48, , 
,,,,,,37.09,864,47.1,6.18,550.8,36.78,0.0,1.48, , 
,,,,,,37.71,736,47.1,7.21,550.8,37.40,0.0,1.48, , 
,,,,,,38.29,864,59.2,9.27,652.8,38.00,0.0,1.48, , 
,,,,,,38.91,960,42.7,5.15,479.4,38.56,0.0,1.48, , 
,,,,,,39.52,960,41.2,6.18,479.4,39.19,0.0,1.48, , 
,,,,,,40.13,960,42.7,6.18,479.4,39.79,0.0,1.48, , 
,,,,,,40.79,960,42.7,6.18,479.4,40.47,0.0,1.48, , 
,,,,,,41.39,960,41.2,6.18,479.4,41.09,0.0,1.48, , 
,,,,,,42.00,928,42.7,6.18,499.8,41.69,0.0,1.48, , 
,,,,,,42.59,896,45.9,7.21,520.2,42.30,0.0,1.48, , 
,,,,,,43.18,864,48.6,8.24,571.2,42.89,0.0,1.45, , 
,,,,,,43.78,960,44.3,6.18,520.2,43.52,0.0,1.45, , 
,,,,,,44.41,960,42.7,6.18,499.8,44.08,0.0,1.45, , 
,,,,,,45.06,960,44.3,6.18,499.8,44.73,0.0,1.41, , 
,,,,,,45.70,928,44.3,6.18,499.8,45.39,0.0,1.41, , 
,,,,,,46.32,960,42.7,5.15,499.8,46.01,0.0,1.37, , 
,,,,,,46.94,928,41.2,6.18,479.4,46.62,0.0,1.37, , 
,,,,,,47.55,960,41.2,5.15,479.4,47.24,0.0,1.33, , 
,,,,,,48.17,864,44.3,7.21,520.2,47.86,0.0,1.37, , 
,,,,,,48.80,960,41.2,6.18,479.4,48.52,0.0,1.45, , 
,,,,,,49.41,928,41.2,5.15,479.4,49.11,0.0,1.37, , 
,,,,,,50.00,864,47.1,9.27,550.8,49.70,0.0,1.41, , 
,,,,,,50.67,1184,56.1,9.27,612.0,50.33,0.0,1.37, , 
,,,,,,51.26,1504,45.9,6.18,520.2,50.94,0.0,1.25, , 
,,,,,,51.95,1344,47.1,7.21,520.2,51.61,0.0,1.48, , 
,,,,,,52.62,1376,38.4,5.15,438.6,52.29,0.0,1.52, , 
,,,,,,53.27,1088,41.2,6.18,479.4,52.94,0.0,1.29, , 
,,,,,,53.86,768,53.3,11.33,591.6,53.55,0.0,1.25, , 
,,,,,,54.48,928,45.9,4.12,520.2,54.16,0.0,1.21, , 
,,,,,,55.11,896,42.7,6.18,499.8,54.81,0.0,0.98, , 
,,,,,,55.72,896,44.3,6.18,499.8,55.42,0.0,1.25, , 
,,,,,,56.32,832,50.2,9.27,571.2,56.01,0.0,1.33, , 
,,,,,,56.92,832,51.8,7.21,591.6,56.62,0.0,1.33, , 
,,,,,,57.49,736,57.6,9.27,632.4,57.20,2.7,1.48, , 
,,,,,,58.09,800,59.2,8.24,652.8,57.77,0.0,1.52, , 
,,,,,,58.68,928,50.2,7.21,571.2,58.39,0.0,1.37, , 
,,,,,,59.31,992,47.1,6.18,520.2,59.00,-1.2,1.29, , 
,,,,,,59.95,1088,44.3,6.18,499.8,59.64,-0.4,1.37, , 
,,,,,,60.57,1184,41.2,5.15,479.4,60.27,-1.6,1.29, , 
,,,,,,61.22,1216,38.4,5.15,459.0,60.89,-4.3,1.21, , 
,,,,,,61.85,1248,36.9,5.15,438.6,61.53,-4.3,1.33, , 
,,,,,,62.51,1280,35.3,5.15,418.2,62.20,-3.5,1.37, , 
,,,,,,63.19,1280,35.3,5.15,418.2,62.84,-3.9,1.33, , 
,,,,,,63.85,1280,38.4,5.15,438.6,63.51,-3.5,1.37, , 
,,,,,,64.48,1312,38.4,5.15,438.6,64.17,-1.2,1.45, , 
,,,,,,65.13,1344,36.9,5.15,438.6,64.82,0.4,1.45, , 
,,,,,,65.82,1344,36.9,5.15,438.6,65.46,1.6,1.41, , 
,,,,,,66.50,1408,35.3,5.15,418.2,66.17,2.0,1.37, , 
,,,,,,67.20,1440,34.1,5.15,397.8,66.85,2.3,1.37, , 
,,,,,,67.78,1472,32.5,4.12,397.8,67.51,2.0,1.29, , 
,,,,,,68.63,1504,31.0,4.12,377.4,68.19,2.3,1.33, , 
,,,,,,69.17,1472,31.0,4.12,377.4,68.91,2.3,1.33, , 
,,,,,,69.90,1504,32.5,5.15,397.8,69.44,3.5,1.37, , 
,,,,,,70.60,1568,41.2,7.21,479.4,70.25,5.9,1.45, , 
,,,,,,71.35,1696,40.0,6.18,459.0,70.98,0.0,1.56, , 
,,,,,,72.10,1824,36.9,5.15,418.2,71.74,3.5,1.52, , 
,,,,,,72.82,1888,41.2,7.21,438.6,72.45,2.3,1.33, , 
,,,,,,73.53,2112,53.3,8.24,571.2,73.18,0.0,1.25, , 
,,,,,,74.21,2144,23.5,3.09,295.8,73.86,0.0,1.48, , 
,,,,,,74.94,1600,28.2,3.09,336.6,74.56,0.0,1.05, , 
,,,,,,75.56,1184,40.0,5.15,459.0,75.24,0.0,1.29, , 
,,,,,,76.20,1248,51.8,11.33,571.2,75.88,0.0,1.41, , 
,,,,,,76.88,1312,54.5,8.24,591.6,76.55,0.0,1.29, , 
,,,,,,77.58,1408,54.5,8.24,591.6,77.21,0.0,1.56, , 
,,,,,,78.12,1504,48.6,7.21,550.8,77.85,3.9,1.52, , 
,,,,,,78.82,1568,45.9,7.21,499.8,78.49,5.9,1.48, , 
,,,,,,79.55,1632,44.3,7.21,479.4,79.19,8.6,1.45, , 
,,,,,,80.23,1664,42.7,6.18,479.4,79.88,8.6,1.33, , 
,,,,,,80.95,1696,41.2,6.18,459.0,80.59,7.4,1.25, , 
,,,,,,81.65,1728,38.4,5.15,438.6,81.30,5.9,1.21, , 
,,,,,,82.37,1760,34.1,4.12,397.8,82.01,3.1,1.17, , 
,,,,,,83.10,1728,31.0,4.12,377.4,82.74,-0.8,1.17, , 
,,,,,,83.81,1760,29.4,4.12,357.0,83.45,-3.9,1.21, , 
,,,,,,84.56,1760,29.4,4.12,357.0,84.20,-2.3,1.41, , 
,,,,,,85.31,1728,31.0,4.12,377.4,84.94,-0.8,1.48, , 
,,,,,,86.05,1728,31.0,4.12,377.4,85.69,2.0,1.52, , 
,,,,,,86.78,1824,28.2,4.12,357.0,86.43,3.9,1.48, , 
,,,,,,87.52,1664,29.4,4.12,357.0,87.16,0.8,1.25, , 
,,,,,,88.17,1376,31.0,4.12,377.4,87.80,3.1,1.45, , 
,,,,,,88.83,992,35.3,5.15,438.6,88.51,3.5,1.41, , 
,,,,,,89.44,928,40.0,6.18,479.4,89.14,3.9,1.48, , 
,,,,,,90.05,928,40.0,6.18,479.4,89.73,5.9,1.52, , 
,,,,,,90.68,896,40.0,6.18,479.4,90.37,7.0,1.45, , 
,,,,,,91.31,928,40.0,6.18,479.4,91.00,7.8,1.41, , 
,,,,,,91.93,928,36.9,5.15,459.0,91.61,8.2,1.37, , 
,,,,,,92.55,928,35.3,5.15,438.6,92.25,7.8,1.29, , 
,,,,,,93.15,992,40.0,6.18,459.0,92.84,6.3,1.29, , 
,,,,,,93.78,1248,45.9,7.21,520.2,93.47,9.4,1.45, , 
,,,,,,94.39,928,63.5,13.39,693.6,94.08,0.0,1.48, , 
,,,,,,94.96,1472,47.1,6.18,520.2,94.66,0.0,1.05, , 
,,,,,,95.63,1216,56.1,9.27,632.4,95.26,0.0,1.56, , 
,,,,,,96.25,1472,48.6,7.21,550.8,95.98,0.0,1.37, , 
,,,,,,96.99,1696,53.3,9.27,571.2,96.63,0.0,1.45, , 
,,,,,,97.68,2048,60.4,9.27,632.4,97.32,0.0,1.48, , 
,,,,,,98.37,2272,29.4,2.06,357.0,98.03,0.0,1.48, , 
,,,,,,99.05,2112,22.0,3.09,295.8,98.70,0.0,1.29, , 
,,,,,,99.69,1312,35.3,6.18,418.2,99.38,0.0,0.86, , 
,,,,,,100.36,1376,41.2,6.18,459.0,100.01,0.0,0.90, , 
,,,,,,101.12,1440,41.2,6.18,479.4,100.71,0.8,1.45, , 
,,,,,,101.92,1568,38.4,5.15,438.6,101.57,3.5,1.48, , 
,,,,,,102.65,1600,35.3,5.15,418.2,102.28,6.3,1.48, , 
,,,,,,103.33,1696,31.0,4.12,377.4,102.99,7.0,1.37, , 
,,,,,,104.05,1760,28.2,4.12,336.6,103.68,4.3,1.25, , 
,,,,,,104.72,1792,26.7,4.12,336.6,104.38,2.7,1.25, , 
,,,,,,105.47,1824,25.1,3.09,336.6,105.09,0.4,1.25, , 
,,,,,,106.19,1856,25.1,3.09,316.2,105.81,-1.2,1.29, , 
,,,,,,106.94,1888,23.5,3.09,316.2,106.56,-2.0,1.33, , 
,,,,,,107.66,1888,23.5,3.09,295.8,107.30,-2.7,1.37, , 
,,,,,,108.38,1888,23.5,3.09,295.8,108.02,-3.5,1.37, , 
,,,,,,109.08,1920,22.0,3.09,295.8,108.72,-3.1,1.41, , 
,,,,,,109.81,1920,22.0,3.09,295.8,109.43,-2.7,1.41, , 
,,,,,,110.55,1888,22.0,3.09,295.8,110.18,-2.3,1.45, , 
,,,,,,111.28,1920,22.0,3.09,295.8,110.92,-1.6,1.45, , 
,,,,,,112.02,1920,22.0,3.09,295.8,111.65,-0.8,1.45, , 
,,,,,,112.71,1952,22.0,3.09,295.8,112.35,0.0,1.45, , 
,,,,,,113.43,1952,22.0,3.09,295.8,113.06,0.8,1.45, , 
,,,,,,114.16,1952,20.8,3.09,295.8,113.80,0.8,1.41, , 
,,,,,,114.87,1952,20.8,3.09,295.8,114.52,0.8,1.37, , 
,,,,,,115.61,1952,22.0,3.09,295.8,115.24,0.8,1.37, , 
,,,,,,116.31,1984,22.0,3.09,295.8,115.95,2.3,1.45, , 
,,,,,,117.00,2016,23.5,3.09,295.8,116.66,3.1,1.45, , 
,,,,,,117.66,2112,28.2,4.12,357.0,117.33,3.9,1.41, , 
,,,,,,118.33,2112,25.1,3.09,316.2,117.98,6.3,1.48, , 
,,,,,,119.01,2144,20.8,3.09,275.4,118.65,4.7,1.29, , 
,,,,,,119.69,2144,20.8,3.09,275.4,119.35,2.0,1.25, , 
,,,,,,120.39,2176,20.8,3.09,275.4,120.04,2.0,1.33, , 
,,,,,,121.07,2176,20.8,3.09,275.4,120.73,2.0,1.41, , 
,,,,,,121.75,2208,20.8,3.09,275.4,121.41,1.2,1.37, , 
,,,,,,122.40,2240,22.0,3.09,295.8,122.08,1.2,1.41, , 
,,,,,,123.09,2272,20.8,3.09,275.4,122.75,1.2,1.41, , 
,,,,,,123.77,2304,20.8,3.09,275.4,123.43,1.2,1.41, , 
,,,,,,124.43,2240,20.8,3.09,275.4,124.11,2.7,1.48, , 
,,,,,,125.14,2208,20.8,3.09,275.4,124.79,5.1,1.48, , 
,,,,,,125.81,2112,20.8,3.09,275.4,125.47,6.6,1.48, , 
,,,,,,126.55,1952,20.8,3.09,275.4,126.17,8.6,1.48, , 
,,,,,,127.27,1792,25.1,4.12,316.2,126.91,9.4,1.41, , 
,,,,,,127.94,1600,29.4,4.12,357.0,127.62,11.7,1.41, , 
,,,,,,128.57,1120,31.0,5.15,397.8,128.24,14.1,1.45, , 
,,,,,,129.18,896,36.9,5.15,459.0,128.87,12.9,1.41, , 
,,,,,,129.79,960,36.9,5.15,438.6,129.45,12.9,1.45, , 
,,,,,,130.42,1120,36.9,6.18,459.0,130.11,12.1,1.29, , 
,,,,,,131.07,1248,35.3,5.15,418.2,130.74,15.6,1.45, , 
,,,,,,131.74,1312,32.5,5.15,397.8,131.40,11.3,1.21, , 
,,,,,,132.44,1376,31.0,4.12,377.4,132.08,10.2,1.25, , 
,,,,,,133.12,1440,29.4,4.12,377.4,132.76,7.8,1.29, , 
,,,,,,133.68,1504,29.4,4.12,357.0,133.40,6.6,1.33, , 
,,,,,,134.35,1536,29.4,4.12,357.0,133.96,7.8,1.45, , 
,,,,,,135.03,1536,29.4,4.12,357.0,134.63,7.8,1.41, , 
,,,,,,135.75,1504,29.4,4.12,357.0,135.30,9.0,1.48, , 
,,,,,,136.63,1472,29.4,4.12,357.0,136.21,10.5,1.48, , 
,,,,,,137.26,1440,29.4,4.12,357.0,136.92,12.1,1.48, , 
,,,,,,137.92,1536,28.2,4.12,357.0,137.53,12.5,1.41, , 
,,,,,,138.66,1568,28.2,4.12,357.0,138.30,11.7,1.37, , 
,,,,,,139.37,1632,28.2,4.12,357.0,139.01,10.9,1.37, , 
,,,,,,140.09,1728,26.7,4.12,336.6,139.73,10.2,1.37, , 
,,,,,,140.83,1792,26.7,4.12,336.6,140.45,9.4,1.37, , 
,,,,,,141.57,1792,25.1,3.09,336.6,141.18,7.8,1.33, , 
,,,,,,142.27,1856,23.5,3.09,316.2,141.91,4.7,1.29, , 
,,,,,,142.99,1856,23.5,3.09,316.2,142.62,3.9,1.37, , 
,,,,,,143.74,1856,25.1,3.09,316.2,143.36,4.3,1.48, , 
,,,,,,144.43,1792,25.1,3.09,336.6,144.10,4.7,1.48, , 
,,,,,,145.09,1792,26.7,4.12,336.6,144.75,6.3,1.52, , 
,,,,,,145.86,1792,23.5,3.09,316.2,145.48,6.6,1.45, , 
,,,,,,146.58,1856,23.5,3.09,316.2,146.25,6.6,1.41, , 
,,,,,,147.32,1920,25.1,3.09,316.2,146.95,5.5,1.37, , 
,,,,,,148.00,2016,26.7,4.12,336.6,147.66,4.3,1.37, , 
,,,,,,148.72,2080,23.5,3.09,295.8,148.36,4.7,1.41, , 
,,,,,,149.39,2112,25.1,3.09,316.2,149.06,3.1,1.41, , 
,,,,,,150.08,2208,25.1,3.09,316.2,149.73,2.7,1.45, , 
,,,,,,150.74,2272,25.1,3.09,316.2,150.41,3.1,1.48, , 
,,,,,,151.40,2336,25.1,3.09,316.2,151.07,4.3,1.52, , 
,,,,,,152.05,2368,25.1,3.09,316.2,151.74,4.3,1.48, , 
,,,,,,152.77,1440,0.0,0.00,357.0,152.42,0.0,1.52, , 
,,,,,,153.35,960,40.0,7.21,479.4,153.05,0.0,3.63, , 
,,,,,,153.95,928,36.9,6.18,459.0,153.65,0.0,1.41, , 
,,,,,,154.56,896,35.3,5.15,438.6,154.26,0.0,0.98, , 
,,,,,,155.16,896,36.9,5.15,459.0,154.86,-2.0,1.17, , 
,,,,,,155.74,896,36.9,5.15,459.0,155.45,-2.7,1.45, , 
,,,,,,156.36,896,36.9,5.15,459.0,156.05,-2.3,1.52, , 
,,,,,,157.00,896,36.9,5.15,459.0,156.68,-1.2,1.52, , 
,,,,,,157.61,864,36.9,5.15,459.0,157.31,0.0,1.56, , 
,,,,,,158.20,896,38.4,5.15,479.4,157.90,2.3,1.60, , 
,,,,,,158.79,864,36.9,5.15,459.0,158.50,4.7,1.56, , 
,,,,,,159.38,896,36.9,5.15,459.0,159.09,6.3,1.56, , 
,,,,,,159.99,896,36.9,5.15,459.0,159.67,7.8,1.52, , 
,,,,,,160.59,896,36.9,5.15,459.0,160.28,8.6,1.52, , 
,,,,,,161.22,896,36.9,5.15,459.0,160.90,9.8,1.52, , 
,,,,,,161.82,896,36.9,5.15,459.0,161.51,9.8,1.45, , 
,,,,,,162.42,896,36.9,5.15,459.0,162.11,10.2,1.48, , 
,,,,,,163.00,800,35.3,5.15,459.0,162.71,10.5,1.45, , 
,,,,,,163.64,864,41.2,7.21,499.8,163.32,10.2,1.41, , 
,,,,,,164.35,1568,40.0,5.15,459.0,164.05,0.0,1.41, , 
,,,,,,165.03,1344,48.6,7.21,571.2,164.68,0.0,1.72, , 
,,,,,,165.69,1280,63.5,11.33,693.6,165.34,0.0,1.68, , 
,,,,,,166.39,1760,54.5,8.24,591.6,166.05,0.0,1.60, , 
,,,,,,167.05,1888,0.0,0.00,357.0,166.74,0.0,1.56, , 
,,,,,,167.70,1088,35.3,5.15,438.6,167.37,0.0,3.01, , 
,,,,,,168.34,1248,32.5,4.12,397.8,168.03,0.0,1.60, , 
,,,,,,168.99,1280,29.4,4.12,377.4,168.65,0.0,1.33, , 
,,,,,,169.65,1312,31.0,4.12,397.8,169.30,-2.3,1.37, , 
,,,,,,170.36,1344,32.5,4.12,397.8,170.00,0.4,1.52, , 
,,,,,,171.05,1440,31.0,4.12,397.8,170.70,3.9,1.56, , 
,,,,,,171.80,1472,29.4,4.12,377.4,171.34,5.1,1.48, , 
,,,,,,172.57,1504,28.2,4.12,357.0,172.24,6.6,1.48, , 
,,,,,,173.23,1536,28.2,4.12,357.0,172.92,9.0,1.52, , 
,,,,,,173.99,1536,28.2,4.12,357.0,173.62,10.2,1.45, , 
,,,,,,174.72,1536,28.2,4.12,357.0,174.28,11.7,1.48, , 
,,,,,,175.52,1536,31.0,5.15,397.8,175.14,12.9,1.41, , 
,,,,,,176.29,1568,41.2,6.18,479.4,175.90,14.5,1.45, , 
,,,,,,177.04,1632,51.8,7.21,571.2,176.69,0.0,1.48, , 
,,,,,,177.78,1792,56.1,8.24,612.0,177.41,0.0,1.72, , 
,,,,,,178.48,1952,62.0,9.27,652.8,178.13,5.1,1.68, , 
,,,,,,179.18,2144,72.2,11.33,734.4,178.82,0.0,1.56, , 
,,,,,,179.84,2368,72.2,11.33,734.4,179.50,2.7,1.64, , 
,,,,,,180.52,2624,69.4,11.33,714.0,180.18,6.3,1.56, , 
,,,,,,181.20,2304,0.0,0.00,336.6,180.85,7.4,1.45, , 
,,,,,,181.81,1024,31.0,4.12,397.8,181.50,0.0,3.24, , 
,,,,,,182.52,1536,28.2,4.12,357.0,182.14,0.0,2.30, , 
,,,,,,183.27,1760,26.7,3.09,336.6,182.88,0.0,1.09, , 
,,,,,,183.98,1760,31.0,4.12,377.4,183.64,-5.1,1.33, , 
,,,,,,184.66,1760,45.9,7.21,520.2,184.33,-2.7,1.52, , 
,,,,,,185.38,1824,47.1,6.18,520.2,185.00,0.0,1.56, , 
,,,,,,186.12,1856,44.3,6.18,499.8,185.75,3.5,1.60, , 
,,,,,,186.87,1888,42.7,6.18,479.4,186.49,5.5,1.48, , 
,,,,,,187.60,1920,36.9,5.15,438.6,187.24,6.6,1.45, , 
,,,,,,188.31,1952,40.0,5.15,459.0,187.96,5.9,1.45, , 
,,,,,,189.05,1984,45.9,7.21,520.2,188.68,7.0,1.48, , 
,,,,,,189.75,2016,45.9,7.21,499.8,189.41,9.8,1.48, , 
,,,,,,190.45,2048,45.9,7.21,499.8,190.11,11.3,1.48, , 
,,,,,,191.14,2112,47.1,7.21,520.2,190.80,10.9,1.37, , 
,,,,,,191.84,2144,47.1,7.21,520.2,191.48,11.7,1.41, , 
,,,,,,192.52,2208,45.9,7.21,499.8,192.18,10.5,1.37, , 
,,,,,,193.20,2240,45.9,6.18,499.8,192.86,10.5,1.41, , 
,,,,,,193.89,2272,44.3,6.18,479.4,193.55,10.2,1.41, , 
,,,,,,194.58,2304,42.7,6.18,479.4,194.24,9.4,1.41, , 
,,,,,,195.25,2304,42.7,6.18,479.4,194.92,8.2,1.41, , 
,,,,,,195.96,2304,42.7,6.18,459.0,195.62,7.8,1.45, , 
,,,,,,196.67,2336,42.7,6.18,479.4,196.32,7.0,1.41, , 
,,,,,,197.38,2336,44.3,6.18,479.4,197.04,7.0,1.45, , 
,,,,,,198.07,2368,45.9,6.18,499.8,197.73,7.8,1.45, , 
,,,,,,198.77,2400,47.1,7.21,520.2,198.41,9.0,1.52, , 
,,,,,,199.46,2432,51.8,8.24,550.8,199.12,9.4,1.41, , 
,,,,,,200.15,2496,60.4,9.27,632.4,199.82,10.9,1.45, , 
,,,,,,200.84,2592,63.5,10.30,652.8,200.50,10.9,1.41, , 
,,,,,,201.54,2656,63.5,10.30,652.8,201.19,10.2,1.41, , 
,,,,,,202.25,2720,62.0,9.27,632.4,201.91,8.6,1.37, , 
,,,,,,202.91,2784,60.4,9.27,632.4,202.58,7.4,1.41, , 
,,,,,,203.61,2880,56.1,8.24,591.6,203.26,6.6,1.37, , 
,,,,,,204.31,1792,0.0,0.00,336.6,203.96,0.0,2.46, , 
,,,,,,204.97,1088,35.3,5.15,438.6,204.61,0.0,3.67, , 
,,,,,,205.65,2016,19.2,3.09,275.4,205.32,0.0,1.41, , 
,,,,,,206.38,2016,25.1,3.09,316.2,206.01,0.0,0.98, , 
,,,,,,207.09,2048,31.0,3.09,377.4,206.73,-27.3,0.00, , 
,,,,,,207.82,1984,50.2,9.27,550.8,207.45,-29.3,1.25, , 
,,,,,,208.54,2016,50.2,7.21,550.8,208.19,0.0,0.00, , 
,,,,,,209.26,2048,50.2,5.15,550.8,208.89,-19.1,0.51, , 
,,,,,,209.99,2048,50.2,4.12,550.8,209.62,-25.4,1.17, , 
,,,,,,210.68,2048,48.6,4.12,550.8,210.33,-30.1,1.37, , 
,,,,,,211.35,2080,48.6,4.12,550.8,211.01,-30.5,1.45, , 
,,,,,,212.01,2112,48.6,4.12,520.2,211.68,-31.3,1.37, , 
,,,,,,212.71,2112,48.6,4.12,520.2,212.37,-30.5,1.45, , 
,,,,,,213.39,2144,47.1,4.12,520.2,213.04,-30.5,1.45, , 
,,,,,,214.07,2144,44.3,4.12,479.4,213.73,-30.5,1.45, , 
,,,,,,214.77,2144,44.3,4.12,499.8,214.41,-30.5,1.45, , 
,,,,,,215.44,2144,44.3,4.12,479.4,215.11,-30.5,1.45, , 
,,,,,,216.12,2176,44.3,4.12,479.4,215.76,-30.1,1.45, , 
,,,,,,216.82,2176,44.3,4.12,499.8,216.48,-30.1,1.45, , 
,,,,,,217.49,2176,44.3,4.12,479.4,217.15,-30.5,1.41, , 
,,,,,,218.16,2176,42.7,4.12,479.4,217.81,-30.5,1.41, , 
,,,,,,218.85,2144,38.4,3.09,438.6,218.50,-30.9,1.37, , 
,,,,,,219.52,2144,40.0,3.09,459.0,219.19,-31.6,1.33, , 
,,,,,,220.24,2144,40.0,3.09,459.0,219.88,-31.3,1.33, , 
,,,,,,220.91,2144,40.0,3.09,459.0,220.56,-31.6,1.29, , 
,,,,,,221.58,2144,40.0,3.09,459.0,221.23,-31.6,1.29, , 
,,,,,,222.24,2144,38.4,3.09,438.6,221.91,-30.9,1.37, , 
,,,,,,222.95,2144,38.4,3.09,438.6,222.59,-30.9,1.37, , 
,,,,,,223.65,2112,38.4,3.09,438.6,223.30,-31.3,1.33, , 
,,,,,,224.36,2112,38.4,3.09,438.6,224.01,-31.6,1.33, , 
,,,,,,225.05,2112,40.0,3.09,459.0,224.70,-31.3,1.37, , 
,,,,,,225.74,2112,40.0,3.09,459.0,225.39,-31.6,1.33, , 
,,,,,,226.44,2112,44.3,4.12,499.8,226.08,-31.3,1.41, , 
,,,,,,227.12,2112,47.1,4.12,520.2,226.78,-30.1,1.45, , 
,,,,,,227.83,2112,45.9,4.12,520.2,227.48,-30.9,1.45, , 
,,,,,,228.50,2112,45.9,4.12,520.2,228.16,-30.1,1.48, , 
,,,,,,229.20,2144,45.9,4.12,520.2,228.86,-30.1,1.48, , 
,,,,,,229.89,2144,44.3,4.12,499.8,229.55,-30.1,1.48, , 
,,,,,,230.56,2144,44.3,4.12,499.8,230.24,-30.5,1.48, , 
,,,,,,231.24,2144,44.3,4.12,499.8,230.89,-30.1,1.45, , 
,,,,,,231.93,2144,44.3,4.12,499.8,231.59,-30.5,1.41, , 
,,,,,,232.62,2144,44.3,4.12,499.8,232.28,-30.1,1.45, , 
,,,,,,233.29,2144,44.3,4.12,499.8,232.96,-30.5,1.45, , 
,,,,,,233.97,2144,44.3,4.12,499.8,233.63,-30.1,1.41, , 
,,,,,,234.65,2144,44.3,4.12,499.8,234.29,-30.1,1.41, , 
,,,,,,235.32,2176,44.3,4.12,479.4,234.99,-29.7,1.41, , 
,,,,,,236.01,2144,28.2,3.09,357.0,235.64,0.0,1.21, , 
,,,,,,236.69,2144,29.4,3.09,357.0,236.35,0.0,0.12, , 
,,,,,,237.38,2112,29.4,3.09,377.4,237.03,-22.7,0.90, , 
,,,,,,238.06,2112,36.9,3.09,438.6,237.73,-30.1,1.21, , 
,,,,,,238.76,2112,38.4,3.09,438.6,238.40,-32.0,1.45, , 
,,,,,,239.48,2112,44.3,4.12,499.8,239.12,-25.8,1.60, , 
,,,,,,240.16,2112,47.1,4.12,550.8,239.82,-25.4,1.60, , 
,,,,,,240.85,2112,34.1,3.09,418.2,240.50,-19.1,1.68, , 
,,,,,,241.51,2080,32.5,3.09,397.8,241.18,0.0,1.09, , 
,,,,,,242.19,2112,34.1,3.09,397.8,241.85,-13.7,0.66, , 
,,,,,,242.86,2080,38.4,3.09,459.0,242.51,-14.5,1.29, , 
,,,,,,243.56,2080,40.0,3.09,459.0,243.20,-15.6,1.45, , 
,,,,,,244.24,2080,40.0,3.09,459.0,243.89,-16.8,1.48, , 
,,,,,,244.92,2080,40.0,3.09,459.0,244.59,-16.8,1.52, , 
,,,,,,245.62,2080,40.0,3.09,459.0,245.28,-16.8,1.48, , 
,,,,,,246.32,2080,40.0,3.09,459.0,245.98,-16.4,1.52, , 
,,,,,,247.04,2080,41.2,3.09,459.0,246.69,-16.4,1.48, , 
,,,,,,247.71,2080,45.9,4.12,499.8,247.38,-15.6,1.48, , 
,,,,,,248.37,2080,51.8,5.15,571.2,248.04,-14.8,1.52, , 
,,,,,,249.08,2112,56.1,5.15,612.0,248.72,-13.7,1.52, , 
,,,,,,249.77,2112,56.1,5.15,612.0,249.42,-12.1,1.45, , 
,,,,,,250.46,2144,56.1,5.15,612.0,250.11,-11.3,1.45, , 
,,,,,,251.17,2176,54.5,5.15,612.0,250.81,-11.3,1.45, , 
,,,,,,251.87,2176,54.5,5.15,612.0,251.52,-10.5,1.45, , 
,,,,,,252.56,2208,54.5,5.15,591.6,252.21,-10.5,1.37, , 
,,,,,,253.24,2208,53.3,5.15,591.6,252.89,-9.0,1.45, , 
,,,,,,253.91,2208,53.3,5.15,591.6,253.57,-19.1,1.45, , 
,,,,,,254.56,2240,53.3,5.15,591.6,254.23,-19.9,1.37, , 
,,,,,,255.24,2240,53.3,5.15,591.6,254.91,-19.5,1.41, , 
,,,,,,255.91,2272,53.3,5.15,571.2,255.57,-19.9,1.41, , 
,,,,,,256.57,2272,53.3,5.15,571.2,256.23,-20.7,1.41, , 
,,,,,,257.26,2304,51.8,5.15,571.2,256.91,-20.7,1.41, , 
,,,,,,257.92,2304,48.6,5.15,550.8,257.60,-19.9,1.48, , 
,,,,,,258.61,2304,42.7,4.12,479.4,258.26,-21.5,1.45, , 
,,,,,,259.26,2304,42.7,4.12,479.4,258.93,-21.9,1.41, , 
,,,,,,259.95,2304,44.3,4.12,479.4,259.59,-23.4,1.33, , 
,,,,,,260.63,2304,44.3,4.12,479.4,260.31,-23.8,1.45, , 
,,,,,,261.34,2304,42.7,4.12,479.4,260.99,-24.2,1.41, , 
,,,,,,262.04,2336,44.3,4.12,479.4,261.68,-25.0,1.41, , 
,,,,,,262.71,2304,44.3,4.12,479.4,262.38,-25.0,1.41, , 
,,,,,,263.37,2336,42.7,4.12,479.4,263.03,-25.0,1.48, , 
,,,,,,264.04,2336,41.2,4.12,479.4,263.70,-25.4,1.48, , 
,,,,,,264.70,2336,42.7,4.12,479.4,264.36,-25.0,1.48, , 
,,,,,,265.36,2336,42.7,4.12,479.4,265.02,-25.4,1.45, , 
,,,,,,266.03,2336,42.7,4.12,479.4,265.69,-25.8,1.41, , 
,,,,,,266.69,2336,42.7,4.12,479.4,266.36,-25.4,1.41, , 
,,,,,,267.33,2336,42.7,4.12,479.4,267.01,-25.8,1.37, , 
,,,,,,268.01,2336,42.7,4.12,479.4,267.66,-25.0,1.45, , 
,,,,,,268.70,2336,42.7,4.12,479.4,268.36,-24.6,1.48, , 
,,,,,,269.41,2336,41.2,4.12,479.4,269.07,-24.6,1.45, , 
,,,,,,270.12,2336,41.2,4.12,479.4,269.77,-24.6,1.45, , 
,,,,,,270.80,2336,41.2,4.12,459.0,270.47,-25.0,1.45, , 
,,,,,,271.45,2336,41.2,4.12,479.4,271.13,-24.6,1.45, , 
,,,,,,272.14,2336,41.2,4.12,479.4,271.77,-25.0,1.41, , 
,,,,,,272.82,2336,38.4,4.12,438.6,272.48,-24.6,1.41, , 
,,,,,,273.50,2336,38.4,4.12,438.6,273.17,-25.0,1.37, , 
,,,,,,274.18,2336,40.0,4.12,459.0,273.83,-25.4,1.37, , 
,,,,,,274.86,2336,40.0,4.12,459.0,274.53,-25.0,1.41, , 
,,,,,,275.55,2336,38.4,4.12,438.6,275.19,-25.4,1.45, , 
,,,,,,276.19,2304,38.4,4.12,438.6,275.87,-25.8,1.48, , 
,,,,,,276.87,2336,38.4,4.12,438.6,276.54,-25.4,1.48, , 
,,,,,,277.55,2304,40.0,4.12,459.0,277.22,-25.0,1.48, , 
,,,,,,278.22,2336,38.4,4.12,459.0,277.89,-24.2,1.48, , 
,,,,,,278.89,2304,38.4,4.12,438.6,278.56,-25.4,1.33, , 
,,,,,,279.56,2336,38.4,4.12,438.6,279.24,-25.8,1.37, , 
,,,,,,280.24,2304,29.4,2.06,357.0,279.90,-25.8,1.41, , 
,,,,,,280.90,2304,28.2,2.06,357.0,280.56,-28.1,1.37, , 
,,,,,,281.58,2304,28.2,2.06,357.0,281.22,-28.9,1.41, , 
,,,,,,282.29,2304,28.2,2.06,357.0,281.93,-29.3,1.45, , 
,,,,,,283.02,2304,28.2,2.06,357.0,282.67,-29.3,1.45, , 
,,,,,,283.67,2336,28.2,2.06,357.0,283.34,-28.9,1.45, , 
,,,,,,284.34,2336,23.5,2.06,316.2,284.02,-28.9,1.45, , 
,,,,,,284.99,2336,19.2,2.06,275.4,284.66,-27.0,1.56, , 
,,,,,,285.65,2304,0.0,0.00,275.4,285.33,0.0,1.64, , 
,,,,,,286.30,2304,0.0,0.00,275.4,285.96,0.0,3.98, , 
,,,,,,286.97,2272,0.0,0.00,275.4,286.64,0.0,3.98, , 
,,,,,,287.66,2240,0.0,0.00,275.4,287.31,0.0,3.98, , 
,,,,,,288.31,2240,0.0,0.00,275.4,287.98,0.0,3.98, , 
,,,,,,288.96,2208,0.0,0.00,275.4,288.62,0.0,4.02, , 
,,,,,,289.60,2208,19.2,3.09,275.4,289.27,0.0,3.59, , 
,,,,,,290.28,2176,19.2,2.06,275.4,289.94,0.0,0.63, , 
,,,,,,290.95,2176,19.2,2.06,275.4,290.62,0.0,0.39, , 
,,,,,,291.62,2176,19.2,2.06,275.4,291.28,-23.4,0.86, , 
,,,,,,292.32,2176,23.5,2.06,316.2,291.98,-27.3,1.29, , 
,,,,,,292.99,2176,25.1,2.06,336.6,292.65,-29.7,1.48, , 
,,,,,,293.67,2208,35.3,4.12,418.2,293.33,-29.3,1.52, , 
,,,,,,294.35,2208,45.9,6.18,499.8,294.01,-29.7,1.45, , 
,,,,,,295.01,2272,50.2,7.21,571.2,294.68,0.0,0.12, , 
,,,,,,295.66,2304,53.3,6.18,591.6,295.34,-14.5,0.43, , 
,,,,,,296.37,2368,53.3,6.18,591.6,296.00,-18.4,1.13, , 
,,,,,,297.05,2400,54.5,5.15,591.6,296.73,-24.6,1.45, , 
,,,,,,297.75,2432,57.6,6.18,612.0,297.40,-27.0,1.52, , 
,,,,,,298.48,2496,65.1,6.18,673.2,298.11,-28.1,1.56, , 
,,,,,,299.14,2560,67.8,7.21,714.0,298.81,-29.3,1.37, , 
,,,,,,299.83,2624,67.8,6.18,714.0,299.49,-31.3,1.25, , 
,,,,,,300.48,2688,71.0,7.21,734.4,300.16,-30.5,1.37, , 
,,,,,,301.16,2720,72.2,7.21,754.8,300.82,-30.5,1.41, , 
,,,,,,301.83,2784,71.0,7.21,734.4,301.51,-31.3,1.37, , 
,,,,,,302.48,2656,0.0,0.00,377.4,302.16,-30.1,1.45, , 
,,,,,,303.17,1376,0.0,0.00,357.0,302.82,0.0,3.71, , 
,,,,,,303.83,1152,35.3,5.15,438.6,303.50,0.0,3.83, , 
,,,,,,304.54,2112,22.0,3.09,295.8,304.19,0.0,0.08, , 
,,,,,,305.26,2080,42.7,6.18,499.8,304.89,0.0,0.00, , 
,,,,,,305.96,2112,56.1,8.24,632.4,305.60,0.0,0.27, , 
,,,,,,306.62,2144,66.3,9.27,714.0,306.27,0.0,0.08, , 
,,,,,,307.29,2144,69.4,8.24,734.4,306.96,0.0,0.08, , 
,,,,,,307.99,2176,78.4,12.36,826.2,307.65,-25.4,0.98, , 
,,,,,,308.67,2208,78.4,9.27,826.2,308.33,0.0,0.08, , 
,,,,,,309.34,2240,78.4,8.24,826.2,309.01,-24.6,0.70, , 
,,,,,,309.98,2240,78.4,8.24,826.2,309.65,-30.1,1.21, , 
,,,,,,310.64,2272,79.6,8.24,826.2,310.31,-31.6,1.17, , 
,,,,,,311.30,2304,78.4,8.24,826.2,310.99,-30.5,1.29, , 
,,,,,,311.98,2304,76.9,8.24,795.6,311.65,-32.0,1.13, , 
,,,,,,312.64,2336,72.2,7.21,754.8,312.30,-30.9,1.29, , 
,,,,,,313.32,2336,66.3,9.27,714.0,312.98,0.0,0.16, , 
,,,,,,313.99,2368,65.1,7.21,693.6,313.67,-19.1,0.47, , 
,,,,,,314.68,2368,54.5,5.15,591.6,314.33,-25.8,1.21, , 
,,,,,,315.41,2368,53.3,5.15,571.2,315.01,-28.1,1.52, , 
,,,,,,316.13,2368,53.3,5.15,591.6,315.76,-27.3,1.56, , 
,,,,,,316.79,2368,53.3,5.15,571.2,316.45,-26.2,1.45, , 
,,,,,,317.53,2368,53.3,5.15,571.2,317.18,-24.2,1.52, , 
,,,,,,318.19,2400,53.3,5.15,571.2,317.87,-24.6,1.45, , 
,,,,,,318.92,2368,51.8,5.15,571.2,318.54,-24.2,1.41, , 
,,,,,,319.63,2400,54.5,5.15,591.6,319.29,-24.2,1.37, , 
,,,,,,320.31,2400,57.6,6.18,612.0,319.99,-25.4,1.33, , 
,,,,,,321.03,2400,56.1,5.15,612.0,320.67,-26.2,1.33, , 
,,,,,,321.71,2400,54.5,5.15,591.6,321.38,-27.0,1.33, , 
,,,,,,322.43,2400,54.5,5.15,591.6,322.07,-25.4,1.45, , 
,,,,,,323.16,2432,54.5,5.15,591.6,322.79,-25.8,1.37, , 
,,,,,,323.85,2400,53.3,5.15,591.6,323.52,-25.4,1.37, , 
,,,,,,324.58,2400,51.8,5.15,571.2,324.22,-25.0,1.41, , 
,,,,,,325.32,2432,50.2,5.15,550.8,324.96,-23.8,1.45, , 
,,,,,,326.02,2400,50.2,5.15,550.8,325.68,-23.0,1.45, , 
,,,,,,326.76,2432,50.2,5.15,550.8,326.37,-23.0,1.37, , 
,,,,,,327.49,2400,50.2,5.15,550.8,327.11,-21.9,1.48, , 
,,,,,,328.23,2400,50.2,5.15,550.8,327.85,-23.0,1.41, , 
,,,,,,328.94,2400,50.2,5.15,550.8,328.58,-23.0,1.45, , 
,,,,,,329.63,2400,50.2,5.15,550.8,329.29,-23.0,1.41, , 
,,,,,,330.39,2400,50.2,5.15,550.8,329.99,-23.4,1.41, , 
,,,,,,331.11,2400,51.8,5.15,571.2,330.76,-23.0,1.45, , 
,,,,,,331.76,2400,59.2,6.18,632.4,331.43,-23.0,1.45, , 
,,,,,,332.48,2400,57.6,6.18,632.4,332.12,-25.8,1.37, , 
,,,,,,333.22,2432,57.6,6.18,612.0,332.86,-26.6,1.41, , 
,,,,,,333.89,2432,57.6,5.15,612.0,333.56,-27.0,1.41, , 
,,,,,,334.57,2432,56.1,5.15,612.0,334.22,-27.3,1.37, , 
,,,,,,335.28,2432,56.1,5.15,612.0,334.94,-27.0,1.41, , 
,,,,,,335.97,2464,50.2,5.15,571.2,335.63,-25.4,1.52, , 
,,,,,,336.65,2464,50.2,5.15,550.8,336.31,-24.6,1.48, , 
,,,,,,337.38,2464,50.2,5.15,550.8,337.02,-23.8,1.45, , 
,,,,,,338.12,2464,50.2,5.15,550.8,337.76,-24.6,1.41, , 
,,,,,,338.84,2464,50.2,5.15,550.8,338.46,-24.2,1.45, , 
,,,,,,339.57,2464,50.2,5.15,550.8,339.20,-23.4,1.48, , 
,,,,,,340.27,2464,50.2,5.15,550.8,339.92,-23.8,1.45, , 
,,,,,,341.01,2464,50.2,5.15,550.8,340.63,-23.4,1.45, , 
,,,,,,341.71,2464,50.2,5.15,550.8,341.36,-23.8,1.45, , 
,,,,,,342.43,2464,50.2,5.15,550.8,342.08,-23.8,1.45, , 
,,,,,,343.17,2464,51.8,5.15,571.2,342.79,-23.0,1.41, , 
,,,,,,343.87,2464,51.8,5.15,571.2,343.51,-24.2,1.37, , 
,,,,,,344.57,2464,56.1,6.18,612.0,344.21,-24.2,1.41, , 
,,,,,,345.26,2464,56.1,6.18,612.0,344.94,-25.4,1.33, , 
,,,,,,345.94,2464,56.1,5.15,612.0,345.60,-25.8,1.37, , 
,,,,,,346.65,2464,56.1,5.15,612.0,346.29,-26.2,1.41, , 
,,,,,,347.34,2464,56.1,5.15,612.0,347.00,-26.6,1.41, , 
,,,,,,348.03,2464,56.1,5.15,612.0,347.70,-25.8,1.48, , 
,,,,,,348.69,2496,54.5,5.15,612.0,348.37,-25.4,1.45, , 
,,,,,,349.39,2496,54.5,6.18,612.0,349.03,-25.4,1.45, , 
,,,,,,350.10,2496,56.1,6.18,612.0,349.74,-25.4,1.45, , 
,,,,,,350.79,2496,56.1,5.15,612.0,350.44,-26.2,1.37, , 
,,,,,,351.45,2496,56.1,6.18,612.0,351.13,-25.8,1.37, , 
,,,,,,352.13,2496,56.1,6.18,612.0,351.78,-26.2,1.37, , 
,,,,,,352.79,2496,56.1,5.15,612.0,352.45,-26.2,1.41, , 
,,,,,,353.49,2496,56.1,6.18,612.0,353.13,-25.0,1.48, , 
,,,,,,354.18,2528,56.1,6.18,612.0,353.82,-25.4,1.41, , 
,,,,,,354.82,2496,56.1,6.18,612.0,354.49,-25.0,1.45, , 
,,,,,,355.47,2528,56.1,6.18,612.0,355.15,-25.4,1.41, , 
,,,,,,356.17,2528,56.1,6.18,612.0,355.81,-25.8,1.41, , 
,,,,,,356.84,2528,57.6,6.18,632.4,356.51,-25.4,1.45, , 
,,,,,,357.54,2528,57.6,6.18,612.0,357.18,-25.8,1.45, , 
,,,,,,358.22,2528,57.6,6.18,612.0,357.88,-25.4,1.48, , 
,,,,,,358.94,2528,56.1,6.18,612.0,358.59,-25.8,1.45, , 
,,,,,,359.63,2528,56.1,6.18,612.0,359.29,-25.8,1.41, , 
,,,,,,360.32,2528,56.1,6.18,612.0,359.97,-26.6,1.33, , 
,,,,,,361.02,2528,56.1,5.15,612.0,360.66,-25.8,1.41, , 
,,,,,,361.73,2560,56.1,6.18,612.0,361.36,-25.4,1.45, , 
,,,,,,362.39,2560,56.1,6.18,612.0,362.07,-25.4,1.48, , 
,,,,,,363.06,2560,57.6,6.18,632.4,362.72,-26.2,1.41, , 
,,,,,,363.74,2560,56.1,6.18,612.0,363.39,-26.2,1.41, , 
,,,,,,364.43,2560,56.1,6.18,612.0,364.11,-25.4,1.41, , 
,,,,,,365.09,2560,57.6,6.18,632.4,364.77,-26.2,1.33, , 
,,,,,,365.80,2560,56.1,5.15,612.0,365.44,-26.2,1.37, , 
,,,,,,366.48,2560,56.1,6.18,612.0,366.14,-25.4,1.45, , 
,,,,,,367.17,2560,56.1,6.18,612.0,366.83,-25.0,1.48, , 
,,,,,,367.85,2592,56.1,6.18,612.0,367.50,-25.4,1.48, , 
,,,,,,368.52,2592,56.1,6.18,612.0,368.17,-25.8,1.41, , 
,,,,,,369.20,2592,56.1,6.18,612.0,368.84,-25.0,1.41, , 
,,,,,,369.88,2592,56.1,5.15,612.0,369.52,-25.8,1.37, , 
,,,,,,370.53,2592,56.1,5.15,612.0,370.20,-26.2,1.33, , 
,,,,,,371.21,2592,45.9,4.12,520.2,370.87,-25.8,1.41, , 
,,,,,,371.90,2592,38.4,4.12,459.0,371.56,-23.4,1.52, , 
,,,,,,372.57,2560,36.9,4.12,438.6,372.22,-23.4,1.41, , 
,,,,,,373.27,2560,36.9,4.12,438.6,372.91,-23.8,1.41, , 
,,,,,,373.96,2560,36.9,4.12,438.6,373.61,-24.2,1.37, , 
,,,,,,374.67,2528,41.2,4.12,479.4,374.30,-23.4,1.45, , 
,,,,,,375.37,2528,48.6,5.15,550.8,375.02,-22.3,1.45, , 
,,,,,,376.07,2528,47.1,5.15,550.8,375.72,-22.3,1.45, , 
,,,,,,376.77,2528,48.6,5.15,550.8,376.43,-21.1,1.48, , 
,,,,,,377.46,2528,47.1,5.15,520.2,377.12,-20.7,1.48, , 
,,,,,,378.11,2528,47.1,5.15,520.2,377.79,-21.1,1.41, , 
,,,,,,378.76,2496,47.1,5.15,520.2,378.44,-21.1,1.37, , 
,,,,,,379.42,2496,44.3,4.12,499.8,379.11,-21.5,1.37, , 
,,,,,,380.06,2496,44.3,4.12,499.8,379.76,-21.1,1.45, , 
,,,,,,380.76,2496,44.3,4.12,499.8,380.41,-20.3,1.48, , 
,,,,,,381.47,2496,44.3,5.15,499.8,381.11,-20.3,1.48, , 
,,,,,,382.16,2496,45.9,5.15,499.8,381.81,-20.7,1.45, , 
,,,,,,382.87,2464,48.6,5.15,550.8,382.52,-19.9,1.45, , 
,,,,,,383.57,2464,47.1,5.15,550.8,383.21,-21.1,1.37, , 
,,,,,,384.29,2464,48.6,5.15,550.8,383.92,-18.8,1.41, , 
,,,,,,384.99,2464,48.6,5.15,550.8,384.64,-18.8,1.41, , 
,,,,,,385.72,2464,54.5,6.18,591.6,385.36,-19.1,1.41, , 
,,,,,,386.39,2464,56.1,6.18,632.4,386.06,-22.7,1.29, , 
,,,,,,387.08,2464,56.1,6.18,612.0,386.72,-22.7,1.45, , 
,,,,,,387.82,2464,56.1,6.18,612.0,387.46,-22.7,1.48, , 
,,,,,,388.55,2496,56.1,6.18,612.0,388.20,-23.0,1.48, , 
,,,,,,389.27,2496,56.1,6.18,612.0,388.91,-22.3,1.48, , 
,,,,,,389.96,2496,56.1,6.18,612.0,389.61,-20.3,1.48, , 
,,,,,,390.64,2496,56.1,6.18,612.0,390.31,-19.5,1.48, , 
,,,,,,391.29,2496,56.1,6.18,612.0,390.97,-19.9,1.41, , 
,,,,,,391.97,2496,54.5,5.15,591.6,391.63,-19.9,1.41, , 
,,,,,,392.66,2496,51.8,5.15,571.2,392.29,-19.5,1.41, , 
,,,,,,393.36,2496,51.8,5.15,571.2,393.01,-18.4,1.48, , 
,,,,,,394.02,2496,51.8,5.15,571.2,393.68,-18.4,1.48, , 
,,,,,,394.69,2496,51.8,5.15,571.2,394.36,-18.0,1.52, , 
,,,,,,395.36,2496,51.8,5.15,571.2,395.03,-18.4,1.45, , 
,,,,,,396.04,2496,51.8,5.15,571.2,395.70,-16.0,1.41, , 
,,,,,,396.70,2528,51.8,5.15,571.2,396.37,-16.0,1.41, , 
,,,,,,397.39,2496,53.3,5.15,591.6,397.03,-16.0,1.45, , 
,,,,,,398.08,2528,54.5,6.18,591.6,397.73,-16.4,1.45, , 
,,,,,,398.74,2528,54.5,6.18,591.6,398.42,-16.8,1.48, , 
,,,,,,399.45,2528,53.3,6.18,591.6,399.10,-17.2,1.45, , 
,,,,,,400.15,2528,53.3,5.15,591.6,399.81,-16.8,1.45, , 
,,,,,,400.82,2528,53.3,5.15,591.6,400.48,-17.2,1.41, , 
,,,,,,401.51,2528,53.3,5.15,591.6,401.17,-17.2,1.41, , 
,,,,,,402.18,2528,53.3,5.15,591.6,401.85,-14.8,1.45, , 
,,,,,,402.89,2528,53.3,5.15,591.6,402.55,-14.8,1.48, , 
,,,,,,403.54,2528,53.3,5.15,591.6,403.21,-14.8,1.52, , 
,,,,,,404.26,2528,51.8,5.15,571.2,403.91,-15.2,1.52, , 
,,,,,,404.95,2528,51.8,5.15,571.2,404.62,-14.5,1.48, , 
,,,,,,405.66,2528,51.8,5.15,571.2,405.31,-14.5,1.41, , 
,,,,,,406.36,2528,51.8,5.15,571.2,406.03,-14.5,1.37, , 
,,,,,,407.06,2528,51.8,5.15,571.2,406.71,-14.1,1.45, , 
,,,,,,407.73,2528,51.8,5.15,571.2,407.39,-14.5,1.45, , 
,,,,,,408.41,2528,51.8,5.15,591.6,408.07,-13.3,1.48, , 
,,,,,,409.12,2528,51.8,5.15,571.2,408.78,-13.7,1.48, , 
,,,,,,409.81,2528,50.2,5.15,571.2,409.48,-13.7,1.48, , 
,,,,,,410.46,2496,41.2,4.12,479.4,410.13,-12.9,1.48, , 
,,,,,,411.12,2496,36.9,4.12,438.6,410.81,-12.1,1.45, , 
,,,,,,411.82,2496,36.9,4.12,438.6,411.46,-12.9,1.45, , 
,,,,,,412.55,2464,36.9,4.12,438.6,412.20,-12.9,1.45, , 
,,,,,,413.25,2464,35.3,4.12,438.6,412.90,-12.5,1.48, , 
,,,,,,413.95,2464,32.5,3.09,397.8,413.58,-12.9,1.37, , 
,,,,,,414.65,2432,31.0,3.09,377.4,414.31,-14.1,1.45, , 
,,,,,,415.32,2400,31.0,3.09,377.4,415.00,-14.1,1.48, , 
,,,,,,415.98,2400,31.0,3.09,377.4,415.65,-14.8,1.45, , 
,,,,,,416.63,2368,31.0,3.09,397.8,416.31,-14.1,1.48, , 
,,,,,,417.34,2368,22.0,2.06,316.2,417.00,-14.1,1.41, , 
,,,,,,418.01,2336,22.0,2.06,295.8,417.66,-14.5,1.48, , 
,,,,,,418.70,2304,20.8,2.06,295.8,418.36,-14.1,1.48, , 
,,,,,,419.39,2304,22.0,2.06,316.2,419.04,-12.9,1.52, , 
,,,,,,420.10,2240,25.1,2.06,336.6,419.74,-14.5,1.41, , 
,,,,,,420.77,2176,26.7,2.06,357.0,420.43,-16.4,1.45, , 
,,,,,,421.46,2144,29.4,3.09,377.4,421.12,-16.8,1.48, , 
,,,,,,422.14,2112,40.0,4.12,459.0,421.81,-15.6,1.52, , 
,,,,,,422.83,2048,40.0,4.12,479.4,422.48,-14.1,1.56, , 
,,,,,,423.51,2016,42.7,4.12,499.8,423.17,-13.3,1.52, , 
,,,,,,424.22,1984,63.5,8.24,714.0,423.87,-12.1,1.52, , 
,,,,,,424.94,1984,66.3,7.21,734.4,424.58,0.0,0.78, , 
,,,,,,425.66,1984,67.8,7.21,734.4,425.30,-9.8,1.25, , 
,,,,,,426.38,1984,67.8,7.21,734.4,426.02,-12.5,1.41, , 
,,,,,,427.11,1984,67.8,7.21,734.4,426.74,-14.5,1.48, , 
,,,,,,427.81,2016,66.3,7.21,734.4,427.46,-14.8,1.52, , 
,,,,,,428.50,2048,66.3,7.21,734.4,428.15,-14.8,1.52, , 
,,,,,,429.19,2048,65.1,7.21,714.0,428.84,-14.8,1.52, , 
,,,,,,429.89,2080,60.4,6.18,673.2,429.56,-13.7,1.52, , 
,,,,,,430.58,2112,62.0,7.21,693.6,430.23,-14.5,1.45, , 
,,,,,,431.28,2144,62.0,6.18,673.2,430.93,-14.8,1.48, , 
,,,,,,431.94,2208,60.4,6.18,673.2,431.62,-14.5,1.48, , 
,,,,,,432.61,2240,60.4,6.18,652.8,432.28,-14.8,1.48, , 
,,,,,,433.28,2272,59.2,6.18,652.8,432.94,-14.8,1.48, , 
,,,,,,433.93,2304,63.5,7.21,693.6,433.61,-14.1,1.45, , 
,,,,,,434.59,2336,72.2,7.21,754.8,434.25,-16.0,1.29, , 
,,,,,,435.29,2368,76.9,7.21,795.6,434.90,-19.9,1.29, , 
,,,,,,436.02,2400,75.3,7.21,795.6,435.65,-22.3,1.45, , 
,,,,,,436.75,2432,75.3,7.21,795.6,436.39,-23.0,1.41, , 
,,,,,,437.45,2464,73.7,7.21,775.2,437.11,-23.4,1.48, , 
,,,,,,438.17,2464,73.7,7.21,775.2,437.79,-23.0,1.48, , 
,,,,,,438.89,2464,73.7,7.21,775.2,438.54,-23.0,1.52, , 
,,,,,,439.55,2496,73.7,7.21,775.2,439.22,-23.0,1.48, , 
,,,,,,440.26,2528,72.2,7.21,775.2,439.91,-22.3,1.52, , 
,,,,,,440.97,2528,72.2,7.21,754.8,440.63,-21.9,1.52, , 
,,,,,,441.63,2560,72.2,7.21,754.8,441.31,-22.3,1.45, , 
,,,,,,442.31,2560,71.0,7.21,754.8,441.96,-21.9,1.41, , 
,,,,,,442.99,2560,71.0,7.21,754.8,442.65,-21.5,1.45, , 
,,,,,,443.68,2592,69.4,7.21,734.4,443.34,-21.9,1.45, , 
,,,,,,444.38,2592,69.4,7.21,734.4,444.02,-21.5,1.45, , 
,,,,,,445.03,2624,54.5,6.18,591.6,444.71,0.0,1.60, , 
,,,,,,445.68,2592,59.2,6.18,632.4,445.36,-10.9,0.78, , 
,,,,,,446.31,2592,60.4,6.18,652.8,446.00,-14.5,1.25, , 
,,,,,,446.94,2624,60.4,6.18,652.8,446.62,-18.0,1.41, , 
,,,,,,447.59,2624,60.4,6.18,652.8,447.26,-18.4,1.52, , 
,,,,,,448.25,2624,60.4,6.18,652.8,447.91,-18.4,1.60, , 
,,,,,,448.92,2624,59.2,6.18,652.8,448.58,-18.0,1.56, , 
,,,,,,449.59,2624,59.2,6.18,652.8,449.26,-18.0,1.52, , 
,,,,,,450.29,2624,59.2,6.18,652.8,449.94,-17.2,1.45, , 
,,,,,,450.97,2624,59.2,6.18,652.8,450.62,-17.2,1.45, , 
,,,,,,451.65,2656,59.2,6.18,632.4,451.30,-16.8,1.48, , 
,,,,,,452.37,2656,59.2,6.18,652.8,452.01,-16.8,1.45, , 
,,,,,,453.04,2656,59.2,6.18,652.8,452.70,-17.2,1.52, , 
,,,,,,453.72,2656,59.2,6.18,632.4,453.39,-16.8,1.48, , 
,,,,,,454.41,2656,57.6,6.18,632.4,454.08,-16.4,1.48, , 
,,,,,,455.09,2656,57.6,6.18,632.4,454.75,-16.0,1.45, , 
,,,,,,455.80,2656,57.6,6.18,632.4,455.43,-16.0,1.45, , 
,,,,,,456.45,2656,57.6,6.18,632.4,456.12,-18.0,1.45, , 
,,,,,,457.11,2656,57.6,6.18,632.4,456.78,-17.6,1.52, , 
,,,,,,457.78,2656,56.1,6.18,632.4,457.44,-18.4,1.45, , 
,,,,,,458.46,2656,56.1,6.18,612.0,458.13,-17.6,1.48, , 
,,,,,,459.12,2656,54.5,6.18,612.0,458.79,-16.4,1.45, , 
,,,,,,459.80,2656,53.3,5.15,591.6,459.45,-16.4,1.45, , 
,,,,,,460.50,2656,48.6,5.15,550.8,460.16,-14.5,1.52, , 
,,,,,,461.18,2656,38.4,4.12,438.6,460.83,-13.7,1.45, , 
,,,,,,461.85,2624,38.4,4.12,459.0,461.53,-13.3,1.48, , 
,,,,,,462.54,2624,41.2,4.12,479.4,462.19,-13.7,1.41, , 
,,,,,,463.24,2624,45.9,5.15,520.2,462.90,-12.5,1.45, , 
,,,,,,463.91,2624,47.1,5.15,550.8,463.58,-11.7,1.37, , 
,,,,,,464.57,2624,48.6,5.15,550.8,464.25,-10.5,1.41, , 
,,,,,,465.26,2592,48.6,5.15,550.8,464.91,-10.9,1.41, , 
,,,,,,465.91,2592,48.6,5.15,550.8,465.59,-11.7,1.45, , 
,,,,,,466.61,2592,48.6,5.15,550.8,466.27,-12.5,1.45, , 
,,,,,,467.28,2592,48.6,5.15,550.8,466.93,-12.5,1.45, , 
,,,,,,467.96,2592,48.6,5.15,550.8,467.62,-12.5,1.45, , 
,,,,,,468.63,2592,50.2,5.15,571.2,468.30,-13.3,1.41, , 
,,,,,,469.31,2592,51.8,5.15,571.2,468.98,-13.3,1.45, , 
,,,,,,470.00,2592,51.8,5.15,591.6,469.65,-13.7,1.45, , 
,,,,,,470.67,2592,51.8,5.15,591.6,470.32,-14.5,1.48, , 
,,,,,,471.32,2592,53.3,6.18,591.6,471.00,-13.7,1.52, , 
,,,,,,471.96,2592,53.3,6.18,591.6,471.64,-14.8,1.45, , 
,,,,,,472.64,2592,54.5,6.18,612.0,472.32,-14.8,1.45, , 
,,,,,,473.29,2592,54.5,6.18,612.0,472.95,-15.6,1.45, , 
,,,,,,473.97,2592,54.5,6.18,612.0,473.64,-15.6,1.52, , 
,,,,,,474.63,2592,56.1,6.18,612.0,474.29,-15.2,1.52, , 
,,,,,,475.31,2624,57.6,6.18,632.4,474.98,-15.6,1.45, , 
,,,,,,475.98,2624,57.6,6.18,632.4,475.63,-16.4,1.41, , 
,,,,,,476.67,2624,57.6,6.18,632.4,476.33,-17.2,1.41, , 
,,,,,,477.33,2624,57.6,6.18,632.4,477.00,-17.6,1.45, , 
,,,,,,477.99,2624,57.6,6.18,632.4,477.65,-17.2,1.48, , 
,,,,,,478.66,2624,57.6,6.18,632.4,478.33,-16.4,1.52, , 
,,,,,,479.34,2624,57.6,6.18,632.4,479.00,-16.0,1.56, , 
,,,,,,480.01,2624,57.6,6.18,632.4,479.67,-16.4,1.45, , 
,,,,,,480.68,2656,57.6,6.18,632.4,480.35,-16.4,1.41, , 
,,,,,,481.40,2624,57.6,6.18,632.4,481.04,-15.6,1.45, , 
,,,,,,482.09,2656,57.6,6.18,632.4,481.74,-16.4,1.41, , 
,,,,,,482.77,2656,57.6,6.18,632.4,482.43,-16.4,1.48, , 
,,,,,,483.46,2656,57.6,6.18,632.4,483.12,-16.4,1.48, , 
,,,,,,484.15,2656,56.1,6.18,612.0,483.82,-16.0,1.52, , 
,,,,,,484.86,2656,53.3,5.15,591.6,484.50,-16.8,1.45, , 
,,,,,,485.53,2656,53.3,5.15,591.6,485.20,-15.2,1.45, , 
,,,,,,486.18,2656,51.8,5.15,591.6,485.86,-14.8,1.41, , 
,,,,,,486.91,2656,51.8,5.15,591.6,486.55,-14.1,1.48, , 
,,,,,,487.61,2656,53.3,5.15,591.6,487.26,-13.7,1.48, , 
,,,,,,488.29,2624,51.8,5.15,571.2,487.95,-14.1,1.48, , 
,,,,,,488.98,2624,51.8,5.15,591.6,488.64,-14.5,1.48, , 
,,,,,,489.68,2624,53.3,5.15,591.6,489.33,-14.8,1.45, , 
,,,,,,490.36,2624,53.3,5.15,591.6,490.02,-14.5,1.45, , 
,,,,,,491.04,2624,53.3,5.15,591.6,490.70,-14.8,1.41, , 
,,,,,,491.75,2624,53.3,5.15,591.6,491.40,-15.2,1.41, , 
,,,,,,492.41,2624,53.3,5.15,591.6,492.07,-15.2,1.45, , 
,,,,,,493.10,2624,53.3,5.15,591.6,492.76,-14.5,1.52, , 
,,,,,,493.78,2624,53.3,6.18,591.6,493.44,-14.1,1.48, , 
,,,,,,494.45,2624,53.3,5.15,591.6,494.11,-14.8,1.45, , 
,,,,,,495.10,2624,53.3,5.15,591.6,494.78,-14.8,1.45, , 
,,,,,,495.77,2624,53.3,5.15,591.6,495.44,-14.8,1.45, , 
,,,,,,496.45,2624,54.5,6.18,612.0,496.12,-14.8,1.41, , 
,,,,,,497.11,2624,54.5,6.18,612.0,496.78,-14.8,1.52, , 
,,,,,,497.75,2624,54.5,6.18,612.0,497.44,-15.2,1.52, , 
,,,,,,498.41,2624,54.5,6.18,612.0,498.08,-15.6,1.45, , 
,,,,,,499.08,2624,54.5,6.18,612.0,498.76,-15.2,1.45, , 
,,,,,,499.76,2624,54.5,6.18,612.0,499.41,-14.5,1.45, , 
,,,,,,500.46,2624,54.5,6.18,591.6,500.12,-15.2,1.45, , 
,,,,,,501.14,2624,54.5,6.18,612.0,500.81,-14.8,1.52, , 
,,,,,,501.81,2624,56.1,6.18,612.0,501.47,-15.2,1.48, , 
,,,,,,502.49,2624,54.5,6.18,612.0,502.14,-15.2,1.48, , 
,,,,,,503.16,2624,54.5,6.18,612.0,502.83,-14.8,1.48, , 
,,,,,,503.84,2624,59.2,6.18,632.4,503.50,-16.0,1.41, , 
,,,,,,504.53,2624,57.6,6.18,632.4,504.18,-17.6,1.37, , 
,,,,,,505.20,2624,57.6,6.18,632.4,504.86,-17.6,1.48, , 
,,,,,,505.92,2656,57.6,6.18,632.4,505.55,-17.6,1.52, , 
,,,,,,506.59,2656,57.6,6.18,632.4,506.26,-18.0,1.48, , 
,,,,,,507.24,2656,57.6,6.18,632.4,506.92,-17.6,1.52, , 
,,,,,,507.93,2656,57.6,6.18,632.4,507.59,-18.4,1.41, , 
,,,,,,508.62,2656,62.0,6.18,673.2,508.28,-17.2,1.41, , 
,,,,,,509.28,2656,62.0,6.18,673.2,508.95,-18.8,1.45, , 
,,,,,,509.97,2656,62.0,6.18,673.2,509.62,-16.8,1.48, , 
,,,,,,510.62,2656,60.4,6.18,673.2,510.31,-17.2,1.52, , 
,,,,,,511.32,2656,53.3,5.15,591.6,510.96,-14.8,1.60, , 
,,,,,,511.98,2656,53.3,6.18,591.6,511.65,-12.5,1.52, , 
,,,,,,512.66,2656,53.3,6.18,591.6,512.30,-11.7,1.41, , 
,,,,,,513.38,2656,44.3,5.15,499.8,513.01,-11.3,1.48, , 
,,,,,,514.04,2656,42.7,4.12,479.4,513.72,-8.6,1.52, , 
,,,,,,514.72,2624,31.0,3.09,397.8,514.38,-7.8,1.48, , 
,,,,,,515.39,2624,22.0,2.06,295.8,515.06,-11.3,1.37, , 
,,,,,,516.06,2592,20.8,2.06,295.8,515.71,-16.4,1.25, , 
,,,,,,516.73,2560,20.8,2.06,295.8,516.38,-18.0,1.41, , 
,,,,,,517.43,2528,17.6,2.06,275.4,517.09,-18.8,1.48, , 
,,,,,,518.10,2496,19.2,2.06,275.4,517.77,-18.4,1.48, , 
,,,,,,518.78,2464,0.0,0.00,275.4,518.43,0.0,2.23, , 
,,,,,,519.40,2432,0.0,0.00,275.4,519.08,0.0,3.95, , 
,,,,,,520.06,2400,0.0,0.00,275.4,519.73,0.0,3.95, , 
,,,,,,520.71,2368,0.0,0.00,275.4,520.38,0.0,3.87, , 
,,,,,,521.38,2304,0.0,0.00,275.4,521.05,0.0,3.95, , 
,,,,,,522.06,2240,0.0,0.00,275.4,521.72,0.0,3.98, , 
,,,,,,522.73,2144,0.0,0.00,275.4,522.40,0.0,3.98, , 
,,,,,,523.41,2048,0.0,0.00,275.4,523.06,0.0,3.95, , 
,,,,,,524.08,1984,0.0,0.00,275.4,523.73,0.0,3.91, , 
,,,,,,524.77,1888,0.0,0.00,295.8,524.44,0.0,3.91, , 
,,,,,,525.48,1824,0.0,0.00,295.8,525.13,0.0,3.95, , 
,,,,,,526.14,1792,0.0,0.00,316.2,525.84,0.0,3.98, , 
,,,,,,526.80,1728,22.0,3.09,316.2,526.45,0.0,3.87, , 
,,,,,,527.53,1760,38.4,5.15,459.0,527.18,0.0,0.59, , 
,,,,,,528.28,1728,53.3,7.21,612.0,527.91,0.0,1.05, , 
,,,,,,528.97,1728,51.8,6.18,612.0,528.63,-2.3,1.33, , 
,,,,,,529.63,960,29.4,4.12,397.8,529.29,0.0,2.07, , 
,,,,,,530.32,1632,26.7,3.09,357.0,529.97,0.0,2.19, , 
,,,,,,531.01,2048,17.6,2.06,244.8,530.66,0.0,0.59, , 
,,,,,,531.70,2016,17.6,2.06,244.8,531.36,-1.2,1.41, , 
,,,,,,532.44,1952,25.1,2.06,336.6,532.06,-2.0,1.48, , 
,,,,,,533.15,1920,28.2,3.09,377.4,532.79,-8.6,1.29, , 
,,,,,,533.87,1856,29.4,3.09,377.4,533.50,-10.2,1.45, , 
,,,,,,534.60,1824,32.5,3.09,418.2,534.24,-9.8,1.48, , 
,,,,,,535.30,1792,36.9,4.12,438.6,534.95,-12.1,1.41, , 
,,,,,,536.01,1728,38.4,4.12,459.0,535.65,-11.7,1.52, , 
,,,,,,536.78,1728,38.4,4.12,479.4,536.38,-9.8,1.60, , 
,,,,,,537.53,1664,31.0,3.09,418.2,537.15,-7.4,1.56, , 
,,,,,,538.20,1632,23.5,3.09,336.6,537.86,0.0,1.60, , 
,,,,,,538.82,960,26.7,3.09,377.4,538.51,0.0,1.37, , 
,,,,,,539.45,1088,28.2,3.09,397.8,539.14,0.0,2.30, , 
,,,,,,540.03,896,26.7,3.09,377.4,539.72,0.0,0.63, , 
,,,,,,540.67,896,28.2,3.09,397.8,540.35,0.0,0.51, , 
,,,,,,541.29,928,28.2,3.09,397.8,540.98,-2.7,0.66, , 
,,,,,,541.88,896,28.2,3.09,397.8,541.59,-10.9,0.90, , 
,,,,,,542.48,864,29.4,3.09,418.2,542.18,-14.1,1.37, , 
,,,,,,543.09,864,29.4,3.09,397.8,542.79,-13.7,1.52, , 
,,,,,,543.71,896,29.4,3.09,397.8,543.37,-12.9,1.52, , 
,,,,,,544.35,1056,32.5,3.09,418.2,544.02,-13.7,1.52, , 
,,,,,,544.96,1088,32.5,3.09,438.6,544.66,-12.1,1.60, , 
,,,,,,545.61,1120,45.9,6.18,550.8,545.29,0.0,1.41, , 
,,,,,,546.26,1248,50.2,6.18,612.0,545.93,0.0,0.98, , 
,,,,,,546.94,1344,60.4,9.27,714.0,546.59,0.0,0.90, , 
,,,,,,547.61,1472,56.1,7.21,652.8,547.26,0.0,0.63, , 
,,,,,,548.32,1600,56.1,6.18,652.8,547.95,-9.8,1.41, , 
,,,,,,549.04,1728,53.3,6.18,632.4,548.70,-9.0,1.52, , 
,,,,,,549.79,1856,57.6,6.18,652.8,549.42,-9.0,1.56, , 
,,,,,,550.52,2048,62.0,8.24,693.6,550.16,0.0,1.05, , 
,,,,,,551.19,2208,67.8,8.24,734.4,550.86,-5.5,1.33, , 
,,,,,,551.90,2368,73.7,8.24,775.2,551.52,-11.3,1.29, , 
,,,,,,552.57,2560,75.3,7.21,795.6,552.23,-18.0,1.29, , 
,,,,,,553.27,2656,0.0,0.00,438.6,552.92,-20.7,1.52, , 
,,,,,,553.96,1472,0.0,0.00,336.6,553.61,0.0,3.71, , 
,,,,,,554.66,1632,26.7,4.12,357.0,554.28,0.0,3.91, , 
,,,,,,555.37,1728,32.5,4.12,397.8,555.04,0.0,0.35, , 
,,,,,,556.09,1728,38.4,4.12,459.0,555.70,-8.6,0.98, , 
,,,,,,556.79,1760,47.1,5.15,571.2,556.43,-5.1,1.52, , 
,,,,,,557.51,1792,54.5,7.21,632.4,557.13,0.0,1.33, , 
,,,,,,558.28,1856,56.1,6.18,632.4,557.90,-5.1,1.33, , 
,,,,,,558.99,1920,53.3,6.18,612.0,558.64,-7.0,1.41, , 
,,,,,,559.74,2016,51.8,6.18,591.6,559.37,-10.2,1.48, , 
,,,,,,560.44,2048,50.2,5.15,571.2,560.09,-10.9,1.52, , 
,,,,,,561.14,2112,45.9,5.15,550.8,560.78,-10.9,1.52, , 
,,,,,,561.82,2144,40.0,4.12,459.0,561.47,-11.7,1.45, , 
,,,,,,562.48,2144,38.4,4.12,459.0,562.15,-13.3,1.45, , 
,,,,,,563.17,2176,38.4,4.12,459.0,562.83,-13.7,1.48, , 
,,,,,,563.86,2176,38.4,4.12,459.0,563.51,-14.5,1.45, , 
,,,,,,564.54,2208,38.4,4.12,459.0,564.20,-14.8,1.45, , 
,,,,,,565.23,2208,38.4,4.12,459.0,564.89,-15.2,1.48, , 
,,,,,,565.92,2208,36.9,4.12,438.6,565.58,-15.2,1.48, , 
,,,,,,566.61,2208,35.3,3.09,438.6,566.26,-14.8,1.48, , 
,,,,,,567.28,2240,35.3,3.09,438.6,566.93,-14.8,1.45, , 
,,,,,,567.93,2240,36.9,3.09,438.6,567.61,-15.2,1.48, , 
,,,,,,568.63,2240,35.3,3.09,438.6,568.27,-15.2,1.48, , 
,,,,,,569.31,2240,35.3,3.09,438.6,568.97,-14.5,1.48, , 
,,,,,,569.97,2240,35.3,4.12,438.6,569.65,-14.5,1.52, , 
,,,,,,570.61,2240,35.3,4.12,438.6,570.29,-14.1,1.52, , 
,,,,,,571.27,2240,35.3,4.12,438.6,570.92,-13.7,1.48, , 
,,,,,,571.99,2240,35.3,4.12,438.6,571.63,-14.1,1.48, , 
,,,,,,572.68,2240,36.9,4.12,438.6,572.34,-14.5,1.48, , 
,,,,,,573.37,2208,35.3,4.12,438.6,573.03,-14.5,1.48, , 
,,,,,,574.05,2208,36.9,4.12,438.6,573.72,-14.1,1.48, , 
,,,,,,574.73,2208,36.9,4.12,438.6,574.38,-13.7,1.48, , 
,,,,,,575.43,2208,36.9,4.12,438.6,575.08,-14.1,1.45, , 
,,,,,,576.11,2208,36.9,4.12,438.6,575.77,-14.5,1.45, , 
,,,,,,576.80,2208,36.9,4.12,438.6,576.45,-14.5,1.45, , 
,,,,,,577.48,2176,36.9,4.12,438.6,577.14,-14.5,1.45, , 
,,,,,,578.15,2176,36.9,4.12,459.0,577.81,-13.7,1.48, , 
,,,,,,578.81,2176,36.9,4.12,438.6,578.48,-14.1,1.45, , 
,,,,,,579.50,2144,36.9,4.12,438.6,579.16,-14.1,1.48, , 
,,,,,,580.21,2144,38.4,4.12,459.0,579.85,-13.3,1.48, , 
,,,,,,580.90,2144,47.1,5.15,550.8,580.56,-12.1,1.52, , 
,,,,,,581.59,2144,45.9,5.15,550.8,581.25,-7.8,1.56, , 
,,,,,,582.25,2176,45.9,5.15,520.2,581.92,-5.5,1.48, , 
,,,,,,582.92,2176,45.9,5.15,520.2,582.59,-5.5,1.45, , 
,,,,,,583.60,2208,45.9,5.15,520.2,583.26,-5.5,1.45, , 
,,,,,,584.28,2208,45.9,5.15,520.2,583.94,-5.5,1.48, , 
,,,,,,584.96,2208,44.3,5.15,520.2,584.62,-6.3,1.45, , 
,,,,,,585.66,2208,44.3,5.15,520.2,585.31,-6.6,1.45, , 
,,,,,,586.36,2208,44.3,5.15,520.2,586.02,-6.6,1.48, , 
,,,,,,587.03,2208,44.3,5.15,520.2,586.69,-6.6,1.48, , 
,,,,,,587.70,2208,44.3,5.15,520.2,587.36,-6.3,1.52, , 
,,,,,,588.40,2240,44.3,5.15,520.2,588.05,-7.0,1.45, , 
,,,,,,589.07,2208,44.3,5.15,520.2,588.74,-7.0,1.48, , 
,,,,,,589.75,2240,44.3,5.15,520.2,589.41,-7.4,1.45, , 
,,,,,,590.45,2240,45.9,5.15,520.2,590.11,-6.6,1.48, , 
,,,,,,591.14,2208,47.1,5.15,550.8,590.81,-5.9,1.45, , 
,,,,,,591.82,2208,47.1,5.15,550.8,591.47,-6.6,1.45, , 
,,,,,,592.51,2208,47.1,5.15,550.8,592.17,-7.0,1.45, , 
,,,,,,593.20,2208,47.1,5.15,550.8,592.85,-7.0,1.48, , 
,,,,,,593.89,2176,47.1,5.15,550.8,593.54,-6.6,1.48, , 
,,,,,,594.59,2176,50.2,6.18,571.2,594.23,-7.0,1.48, , 
,,,,,,595.27,2176,53.3,6.18,612.0,594.94,-7.8,1.41, , 
,,,,,,595.96,2144,59.2,7.21,652.8,595.60,-8.2,1.45, , 
,,,,,,596.62,2176,63.5,7.21,714.0,596.29,-7.8,1.45, , 
,,,,,,597.32,2208,71.0,8.24,775.2,596.98,-9.0,1.48, , 
,,,,,,598.03,2208,66.3,7.21,734.4,597.67,-12.9,1.41, , 
,,,,,,598.72,2208,66.3,7.21,734.4,598.37,-11.3,1.56, , 
,,,,,,599.38,2240,71.0,7.21,775.2,599.05,-12.9,1.45, , 
,,,,,,600.06,2272,71.0,8.24,775.2,599.71,-13.3,1.52, , 
,,,,,,600.74,2272,71.0,8.24,754.8,600.40,-14.5,1.52, , 
,,,,,,601.41,2272,69.4,7.21,754.8,601.07,-14.1,1.52, , 
,,,,,,602.07,2304,67.8,7.21,734.4,601.73,-14.1,1.52, , 
,,,,,,602.76,2304,65.1,7.21,714.0,602.41,-13.7,1.45, , 
,,,,,,603.41,2304,51.8,5.15,591.6,603.08,-11.7,1.52, , 
,,,,,,604.10,2272,51.8,6.18,591.6,603.76,-8.2,1.52, , 
,,,,,,604.77,2240,59.2,7.21,652.8,604.43,-6.3,1.48, , 
,,,,,,605.43,2272,62.0,7.21,673.2,605.10,-7.8,1.37, , 
,,,,,,606.12,2272,67.8,7.21,734.4,605.77,-9.0,1.37, , 
,,,,,,606.81,2304,67.8,7.21,734.4,606.46,-12.1,1.41, , 
,,,,,,607.47,2304,67.8,7.21,734.4,607.15,-13.3,1.48, , 
,,,,,,608.12,2304,67.8,7.21,734.4,607.80,-13.7,1.52, , 
,,,,,,608.77,2336,67.8,7.21,734.4,608.45,-14.5,1.48, , 
,,,,,,609.45,2336,67.8,7.21,734.4,609.12,-14.5,1.52, , 
,,,,,,610.14,2368,66.3,7.21,734.4,609.79,-14.5,1.48, , 
,,,,,,610.80,2368,63.5,7.21,693.6,610.48,-14.1,1.41, , 
,,,,,,611.48,2400,60.4,6.18,652.8,611.11,-13.7,1.45, , 
,,,,,,612.18,2400,60.4,6.18,652.8,611.82,-10.2,1.45, , 
,,,,,,612.90,2400,57.6,6.18,632.4,612.52,-9.4,1.52, , 
,,,,,,613.57,2400,51.8,6.18,591.6,613.24,-8.6,1.52, , 
,,,,,,614.28,2400,50.2,5.15,571.2,613.93,-6.6,1.52, , 
,,,,,,614.95,2400,50.2,6.18,571.2,614.63,-4.3,1.52, , 
,,,,,,615.63,2400,50.2,6.18,571.2,615.31,-4.3,1.45, , 
,,,,,,616.28,2400,47.1,5.15,520.2,615.94,-3.9,1.45, , 
,,,,,,617.05,2400,47.1,5.15,520.2,616.67,-3.1,1.45, , 
,,,,,,617.70,2368,47.1,5.15,550.8,617.38,-2.7,1.41, , 
,,,,,,618.38,2368,44.3,5.15,499.8,618.02,-4.3,1.41, , 
,,,,,,619.05,2336,44.3,5.15,499.8,618.72,-3.5,1.45, , 
,,,,,,619.72,2336,44.3,5.15,499.8,619.39,-3.5,1.45, , 
,,,,,,620.38,2304,41.2,5.15,479.4,620.06,-5.5,1.48, , 
,,,,,,621.07,2272,40.0,4.12,479.4,620.71,-6.6,1.45, , 
,,,,,,621.76,2272,41.2,5.15,479.4,621.41,-7.8,1.45, , 
,,,,,,622.43,2240,42.7,5.15,499.8,622.10,-8.2,1.48, , 
,,,,,,623.13,2240,42.7,5.15,499.8,622.78,-7.8,1.52, , 
,,,,,,623.80,2208,42.7,5.15,499.8,623.47,-8.6,1.48, , 
,,,,,,624.46,2208,42.7,5.15,499.8,624.13,-9.0,1.45, , 
,,,,,,625.15,2208,50.2,6.18,571.2,624.80,-8.6,1.48, , 
,,,,,,625.83,2208,50.2,6.18,591.6,625.49,-8.2,1.37, , 
,,,,,,626.47,2208,50.2,6.18,571.2,626.16,-7.8,1.37, , 
,,,,,,627.13,2208,51.8,6.18,591.6,626.80,-6.3,1.45, , 
,,,,,,627.81,2208,50.2,6.18,571.2,627.46,-7.4,1.37, , 
,,,,,,628.52,2208,50.2,6.18,571.2,628.16,-7.0,1.45, , 
,,,,,,629.20,2208,50.2,6.18,571.2,628.85,-6.6,1.48, , 
,,,,,,629.88,2208,50.2,6.18,591.6,629.54,-6.3,1.52, , 
,,,,,,630.56,2240,50.2,6.18,571.2,630.22,-6.6,1.45, , 
,,,,,,631.22,2240,50.2,6.18,571.2,630.89,-6.3,1.45, , 
,,,,,,631.88,2208,50.2,6.18,571.2,631.56,-6.6,1.48, , 
,,,,,,632.55,2240,50.2,6.18,571.2,632.21,-6.3,1.52, , 
,,,,,,633.23,2240,50.2,6.18,571.2,632.88,-6.3,1.52, , 
,,,,,,633.93,2240,50.2,6.18,571.2,633.60,-6.6,1.48, , 
,,,,,,634.61,2240,50.2,6.18,571.2,634.28,-8.2,1.41, , 
,,,,,,635.28,2272,48.6,5.15,571.2,634.94,-8.6,1.45, , 
,,,,,,635.94,2272,50.2,5.15,571.2,635.61,-8.2,1.48, , 
,,,,,,636.61,2272,48.6,5.15,571.2,636.28,-7.8,1.48, , 
,,,,,,637.24,2304,48.6,5.15,550.8,636.92,-7.0,1.45, , 
,,,,,,637.92,2304,48.6,5.15,550.8,637.58,-7.4,1.45, , 
,,,,,,638.60,2336,48.6,5.15,550.8,638.26,-7.0,1.48, , 
,,,,,,639.26,2336,47.1,5.15,550.8,638.94,-7.0,1.52, , 
,,,,,,639.99,2368,47.1,5.15,550.8,639.63,-6.3,1.52, , 
,,,,,,640.68,2368,42.7,5.15,499.8,640.35,-6.6,1.52, , 
,,,,,,641.39,2368,34.1,4.12,418.2,641.01,-7.0,1.45, , 
,,,,,,642.08,2368,34.1,4.12,418.2,641.72,-9.0,1.45, , 
,,,,,,642.79,2368,41.2,4.12,479.4,642.41,-9.8,1.45, , 
,,,,,,643.56,2400,47.1,5.15,550.8,643.18,-7.8,1.48, , 
,,,,,,644.26,2432,44.3,5.15,520.2,643.91,-5.9,1.52, , 
,,,,,,644.94,2464,44.3,5.15,499.8,644.62,-4.7,1.45, , 
,,,,,,645.64,2464,40.0,5.15,479.4,645.29,-5.1,1.45, , 
,,,,,,646.37,2496,38.4,4.12,459.0,646.02,-6.3,1.41, , 
,,,,,,647.03,2496,38.4,4.12,459.0,646.71,-7.8,1.41, , 
,,,,,,647.76,2496,38.4,4.12,459.0,647.40,-8.2,1.52, , 
,,,,,,648.43,2528,38.4,4.12,459.0,648.11,-8.6,1.52, , 
,,,,,,649.11,2560,38.4,4.12,438.6,648.77,-8.6,1.52, , 
,,,,,,649.79,2560,38.4,4.12,438.6,649.43,-8.6,1.45, , 
,,,,,,650.48,2560,38.4,4.12,438.6,650.13,-9.0,1.45, , 
,,,,,,651.16,2592,36.9,4.12,438.6,650.83,-8.6,1.48, , 
,,,,,,651.80,2592,22.0,2.06,295.8,651.48,0.0,1.45, , 
,,,,,,652.46,2592,20.8,2.06,295.8,652.12,-7.8,0.94, , 
,,,,,,653.17,2560,19.2,2.06,275.4,652.82,-12.5,1.25, , 
,,,,,,653.89,2528,20.8,2.06,275.4,653.53,-15.2,1.45, , 
,,,,,,654.59,2528,20.8,2.06,275.4,654.23,-16.0,1.56, , 
,,,,,,655.24,2496,20.8,2.06,275.4,654.92,-16.0,1.56, , 
,,,,,,655.91,2496,20.8,2.06,275.4,655.56,-16.0,1.52, , 
,,,,,,656.59,2496,20.8,2.06,275.4,656.24,-16.0,1.52, , 
,,,,,,657.27,2496,25.1,2.06,336.6,656.94,-14.5,1.56, , 
,,,,,,657.94,2496,29.4,3.09,357.0,657.61,-13.3,1.56, , 
,,,,,,658.60,2496,29.4,3.09,357.0,658.27,-11.3,1.56, , 
,,,,,,659.27,2528,29.4,3.09,357.0,658.94,-10.2,1.52, , 
,,,,,,659.95,2560,28.2,3.09,357.0,659.60,-9.4,1.48, , 
,,,,,,660.65,2560,28.2,3.09,357.0,660.30,-8.2,1.45, , 
,,,,,,661.31,2560,28.2,3.09,357.0,660.99,-9.8,1.41, , 
,,,,,,662.00,2592,28.2,3.09,357.0,661.66,-10.5,1.45, , 
,,,,,,662.68,2592,26.7,3.09,336.6,662.34,-10.9,1.48, , 
,,,,,,663.35,2592,26.7,3.09,336.6,663.03,-10.5,1.48, , 
,,,,,,664.04,2592,25.1,2.06,336.6,663.69,-11.3,1.45, , 
,,,,,,664.71,2592,25.1,2.06,316.2,664.37,-12.9,1.45, , 
,,,,,,665.40,2592,25.1,2.06,336.6,665.06,-13.3,1.45, , 
,,,,,,666.06,2592,25.1,2.06,336.6,665.75,-14.8,1.45, , 
,,,,,,666.73,2592,26.7,3.09,336.6,666.41,-14.1,1.56, , 
,,,,,,667.41,2592,28.2,3.09,357.0,667.06,-12.1,1.52, , 
,,,,,,668.06,2592,28.2,3.09,357.0,667.72,-12.1,1.48, , 
,,,,,,668.69,2592,28.2,3.09,357.0,668.38,-11.3,1.48, , 
,,,,,,669.36,2592,31.0,3.09,377.4,669.01,-10.2,1.45, , 
,,,,,,670.02,2592,34.1,3.09,397.8,669.67,-7.0,1.52, , 
,,,,,,670.68,2624,34.1,4.12,397.8,670.36,-6.3,1.45, , 
,,,,,,671.35,2624,34.1,4.12,397.8,671.01,-6.6,1.45, , 
,,,,,,672.04,2624,34.1,4.12,397.8,671.70,-7.0,1.45, , 
,,,,,,672.76,2624,32.5,3.09,397.8,672.40,-7.0,1.45, , 
,,,,,,673.43,2624,32.5,3.09,397.8,673.10,-6.3,1.45, , 
,,,,,,674.09,2624,34.1,3.09,397.8,673.76,-6.6,1.41, , 
,,,,,,674.81,2624,32.5,3.09,397.8,674.45,-7.0,1.45, , 
,,,,,,675.45,2592,32.5,3.09,397.8,675.14,-7.4,1.48, , 
,,,,,,676.13,2592,32.5,3.09,397.8,675.78,-7.8,1.48, , 
,,,,,,676.78,2592,34.1,4.12,397.8,676.47,-7.0,1.52, , 
,,,,,,677.46,2592,34.1,3.09,397.8,677.10,-7.4,1.45, , 
,,,,,,678.12,2592,34.1,3.09,397.8,677.78,-8.2,1.45, , 
,,,,,,678.80,2560,32.5,3.09,397.8,678.46,-8.6,1.48, , 
,,,,,,679.46,2560,35.3,4.12,418.2,679.14,-8.2,1.52, , 
,,,,,,680.14,2560,42.7,5.15,499.8,679.79,-5.9,1.60, , 
,,,,,,680.85,2560,42.7,5.15,479.4,680.49,-5.1,1.48, , 
,,,,,,681.57,2592,42.7,5.15,479.4,681.21,-4.7,1.48, , 
,,,,,,682.26,2592,41.2,5.15,479.4,681.91,-3.9,1.45, , 
,,,,,,682.92,2624,41.2,5.15,479.4,682.59,-3.5,1.45, , 
,,,,,,683.58,2624,41.2,5.15,479.4,683.25,-3.9,1.41, , 
,,,,,,684.23,2656,41.2,5.15,479.4,683.91,-4.7,1.45, , 
,,,,,,684.93,2688,42.7,5.15,479.4,684.60,-5.1,1.48, , 
,,,,,,685.62,2688,41.2,5.15,479.4,685.26,-5.5,1.48, , 
,,,,,,686.32,2720,41.2,4.12,479.4,685.97,-5.9,1.45, , 
,,,,,,687.05,2752,42.7,5.15,499.8,686.69,-5.9,1.48, , 
,,,,,,687.73,2784,42.7,5.15,499.8,687.39,-4.7,1.45, , 
,,,,,,688.41,2816,42.7,4.12,479.4,688.06,-7.4,1.48, , 
,,,,,,689.11,2848,51.8,6.18,571.2,688.77,-7.4,1.48, , 
,,,,,,689.80,2560,0.0,0.00,316.2,689.45,-7.4,1.48, , 
,,,,,,690.43,1472,0.0,0.00,336.6,690.14,0.0,3.83, , 
,,,,,,691.06,1248,26.7,4.12,377.4,690.76,0.0,3.91, , 
,,,,,,691.74,2016,17.6,2.06,244.8,691.41,0.0,0.78, , 
,,,,,,692.44,2048,25.1,3.09,336.6,692.09,0.0,1.21, , 
,,,,,,693.13,2048,40.0,4.12,479.4,692.78,-7.0,1.29, , 
,,,,,,693.83,2048,47.1,5.15,571.2,693.48,-9.4,1.52, , 
,,,,,,694.52,2080,47.1,5.15,550.8,694.17,-7.0,1.60, , 
,,,,,,695.22,2080,59.2,8.24,673.2,694.86,-5.5,1.60, , 
,,,,,,695.91,2112,53.3,6.18,612.0,695.56,0.0,1.09, , 
,,,,,,696.60,2144,51.8,6.18,591.6,696.25,-4.7,1.45, , 
,,,,,,697.29,2144,29.4,3.09,377.4,696.95,-5.5,1.52, , 
,,,,,,697.96,2176,17.6,2.06,244.8,697.62,0.0,1.33, , 
,,,,,,698.65,2112,0.0,0.00,244.8,698.31,-0.4,1.52, , 
,,,,,,699.33,2080,0.0,0.00,244.8,699.00,0.0,3.63, , 
,,,,,,700.02,2016,0.0,0.00,244.8,699.67,0.0,3.95, , 
,,,,,,700.70,1984,0.0,0.00,275.4,700.34,0.0,3.91, , 
,,,,,,701.41,1920,0.0,0.00,275.4,701.05,0.0,3.95, , 
,,,,,,702.08,1856,0.0,0.00,295.8,701.74,0.0,3.91, , 
,,,,,,702.74,1760,0.0,0.00,316.2,702.38,0.0,3.98, , 
,,,,,,703.42,1696,0.0,0.00,336.6,703.08,0.0,3.98, , 
,,,,,,704.11,1600,0.0,0.00,336.6,703.75,0.0,3.98, , 
,,,,,,704.89,1504,0.0,0.00,336.6,704.43,0.0,4.02, , 
,,,,,,705.56,1472,29.4,5.15,377.4,705.28,0.0,4.02, , 
,,,,,,706.31,1440,44.3,6.18,550.8,705.94,0.0,1.21, , 
,,,,,,707.01,1504,76.9,11.33,867.0,706.62,0.0,0.98, , 
,,,,,,707.70,1568,78.4,11.33,887.4,707.35,0.0,0.86, , 
,,,,,,708.41,1632,76.9,10.30,867.0,708.05,0.0,1.05, , 
,,,,,,709.14,1696,75.3,9.27,846.6,708.78,-7.0,1.21, , 
,,,,,,709.89,1760,73.7,8.24,826.2,709.50,-10.9,1.41, , 
,,,,,,710.62,1824,72.2,8.24,795.6,710.27,-12.5,1.52, , 
,,,,,,711.37,1856,71.0,8.24,775.2,711.01,-14.1,1.52, , 
,,,,,,712.11,1920,69.4,8.24,775.2,711.74,-13.3,1.52, , 
,,,,,,712.80,1984,67.8,8.24,754.8,712.46,-11.7,1.48, , 
,,,,,,713.51,2016,66.3,8.24,734.4,713.14,-10.2,1.48, , 
,,,,,,714.23,2080,65.1,7.21,734.4,713.87,-9.0,1.45, , 
,,,,,,714.92,2112,65.1,7.21,714.0,714.57,-9.8,1.45, , 
,,,,,,715.58,2176,65.1,7.21,714.0,715.25,-10.2,1.41, , 
,,,,,,716.26,2208,63.5,7.21,693.6,715.92,-10.5,1.45, , 
,,,,,,716.93,2240,62.0,7.21,693.6,716.59,-10.9,1.45, , 
,,,,,,717.63,2272,60.4,7.21,673.2,717.29,-11.3,1.48, , 
,,,,,,718.31,2336,60.4,7.21,673.2,717.96,-11.3,1.48, , 
,,,,,,718.97,2368,59.2,7.21,652.8,718.64,-10.9,1.48, , 
,,,,,,719.64,2432,59.2,6.18,652.8,719.30,-11.7,1.48, , 
,,,,,,720.39,2464,57.6,6.18,632.4,720.04,-12.1,1.52, , 
,,,,,,721.05,2528,56.1,6.18,632.4,720.72,-10.2,1.52, , 
,,,,,,721.70,2560,56.1,6.18,612.0,721.38,-9.8,1.52, , 
,,,,,,722.38,2592,54.5,6.18,612.0,722.05,-9.8,1.45, , 
,,,,,,723.05,2656,54.5,6.18,612.0,722.71,-9.0,1.45, , 
,,,,,,723.74,2688,53.3,6.18,591.6,723.40,-7.8,1.45, , 
,,,,,,724.41,2752,50.2,5.15,571.2,724.08,-7.8,1.48, , 
,,,,,,725.10,1824,0.0,0.00,295.8,724.76,0.0,3.16, , 
,,,,,,725.80,1024,26.7,4.12,377.4,725.43,0.0,3.87, , 
,,,,,,726.48,2080,19.2,2.06,275.4,726.12,0.0,1.60, , 
,,,,,,727.17,2080,40.0,4.12,459.0,726.83,0.0,0.63, , 
,,,,,,727.83,2112,53.3,6.18,591.6,727.50,0.0,1.13, , 
,,,,,,728.54,2144,57.6,7.21,652.8,728.18,-3.1,1.33, , 
,,,,,,729.22,2176,59.2,7.21,652.8,728.89,-4.3,1.41, , 
,,,,,,729.90,2176,59.2,7.21,652.8,729.55,-5.5,1.45, , 
,,,,,,730.61,2208,66.3,8.24,734.4,730.26,-7.4,1.41, , 
,,,,,,731.26,2240,69.4,7.21,754.8,730.94,-10.2,1.41, , 
,,,,,,731.94,2240,67.8,7.21,734.4,731.60,-11.7,1.48, , 
,,,,,,732.60,2272,67.8,7.21,734.4,732.27,-12.5,1.52, , 
,,,,,,733.30,2304,66.3,7.21,734.4,732.96,-12.5,1.52, , 
,,,,,,733.96,2304,66.3,7.21,734.4,733.62,-12.1,1.56, , 
,,,,,,734.63,2336,66.3,7.21,734.4,734.30,-11.7,1.52, , 
,,,,,,735.33,2368,66.3,7.21,714.0,734.98,-11.7,1.48, , 
,,,,,,736.00,2368,65.1,7.21,714.0,735.66,-12.5,1.48, , 
,,,,,,736.74,2400,65.1,7.21,714.0,736.36,-12.5,1.41, , 
,,,,,,737.43,2400,65.1,7.21,693.6,737.09,-13.3,1.41, , 
,,,,,,738.14,2432,63.5,7.21,693.6,737.78,-10.9,1.45, , 
,,,,,,738.86,2432,63.5,7.21,693.6,738.49,-10.5,1.41, , 
,,,,,,739.58,2464,63.5,7.21,693.6,739.21,-10.9,1.48, , 
,,,,,,740.29,2464,63.5,7.21,693.6,739.94,-10.5,1.48, , 
,,,,,,740.99,2496,63.5,7.21,693.6,740.65,-10.9,1.48, , 
,,,,,,741.65,2496,63.5,7.21,693.6,741.32,-10.9,1.48, , 
,,,,,,742.37,2528,62.0,7.21,693.6,742.02,-10.2,1.52, , 
,,,,,,743.06,2528,62.0,7.21,673.2,742.71,-10.5,1.48, , 
,,,,,,743.74,2560,60.4,6.18,652.8,743.40,-10.9,1.45, , 
,,,,,,744.43,2528,60.4,6.18,652.8,744.08,-9.4,1.45, , 
,,,,,,745.15,2528,59.2,6.18,652.8,744.79,-9.8,1.41, , 
,,,,,,745.84,2528,60.4,6.18,652.8,745.50,-9.0,1.48, , 
,,,,,,746.53,2528,60.4,6.18,673.2,746.19,-9.0,1.45, , 
,,,,,,747.18,2528,60.4,7.21,673.2,746.86,-9.0,1.52, , 
,,,,,,747.92,2528,60.4,7.21,652.8,747.56,-9.8,1.48, , 
,,,,,,748.60,2528,60.4,7.21,652.8,748.27,-9.4,1.48, , 
,,,,,,749.28,2528,60.4,6.18,673.2,748.96,-9.4,1.45, , 
,,,,,,749.97,2496,60.4,6.18,652.8,749.62,-9.8,1.41, , 
,,,,,,750.64,2528,60.4,6.18,673.2,750.31,-9.4,1.45, , 
,,,,,,751.31,2496,60.4,6.18,673.2,750.98,-9.4,1.48, , 
,,,,,,752.00,2496,60.4,7.21,652.8,751.66,-9.4,1.52, , 
,,,,,,752.64,2496,60.4,7.21,652.8,752.31,-9.4,1.52, , 
,,,,,,753.32,2496,60.4,7.21,673.2,752.99,-9.4,1.45, , 
,,,,,,754.01,2496,60.4,6.18,673.2,753.68,-9.4,1.45, , 
,,,,,,754.66,2496,60.4,6.18,673.2,754.35,-9.4,1.45, , 
,,,,,,755.33,2496,60.4,6.18,673.2,754.98,-10.2,1.45, , 
,,,,,,755.96,2496,60.4,7.21,652.8,755.66,-9.8,1.52, , 
,,,,,,756.61,2496,56.1,6.18,632.4,756.30,-9.4,1.52, , 
,,,,,,757.28,2496,56.1,6.18,612.0,756.96,-8.6,1.45, , 
,,,,,,757.96,2464,54.5,6.18,612.0,757.61,-7.4,1.45, , 
,,,,,,758.70,2464,54.5,6.18,612.0,758.33,-6.6,1.45, , 
,,,,,,759.41,2464,54.5,6.18,612.0,759.05,-6.6,1.41, , 
,,,,,,760.10,2464,54.5,6.18,612.0,759.76,-6.6,1.45, , 
,,,,,,760.81,2464,53.3,6.18,591.6,760.45,-6.6,1.48, , 
,,,,,,761.52,2464,51.8,6.18,591.6,761.17,-5.9,1.52, , 
,,,,,,762.21,2464,51.8,6.18,571.2,761.87,-5.5,1.52, , 
,,,,,,762.89,2464,51.8,6.18,591.6,762.55,-5.1,1.52, , 
,,,,,,763.61,2496,51.8,6.18,591.6,763.25,-4.7,1.52, , 
,,,,,,764.28,2496,51.8,6.18,571.2,763.96,-5.1,1.45, , 
,,,,,,764.94,2496,51.8,6.18,571.2,764.63,-5.5,1.41, , 
,,,,,,765.66,2496,48.6,5.15,550.8,765.29,-4.3,1.48, , 
,,,,,,766.32,2496,47.1,5.15,550.8,765.98,-3.1,1.45, , 
,,,,,,767.01,2496,47.1,5.15,550.8,766.66,-2.7,1.48, , 
,,,,,,767.66,2496,42.7,5.15,499.8,767.34,-2.0,1.52, , 
,,,,,,768.36,2496,34.1,4.12,397.8,768.00,-2.3,1.45, , 
,,,,,,769.08,2464,22.0,2.06,295.8,768.72,-7.8,1.33, , 
,,,,,,769.75,2464,17.6,2.06,244.8,769.42,-12.1,1.29, , 
,,,,,,770.41,2432,17.6,2.06,244.8,770.07,-10.2,1.45, , 
,,,,,,771.07,2400,0.0,0.00,275.4,770.75,0.0,1.99, , 
,,,,,,771.71,2368,0.0,0.00,275.4,771.38,0.0,3.83, , 
,,,,,,772.35,2336,0.0,0.00,275.4,772.03,0.0,3.91, , 
,,,,,,773.00,2304,0.0,0.00,275.4,772.67,0.0,3.91, , 
,,,,,,773.67,2240,0.0,0.00,275.4,773.34,0.0,3.98, , 
,,,,,,774.34,2208,0.0,0.00,275.4,774.02,0.0,3.95, , 
,,,,,,775.04,2176,0.0,0.00,275.4,774.68,0.0,3.98, , 
,,,,,,775.72,2144,0.0,0.00,275.4,775.38,0.0,3.91, , 
,,,,,,776.40,2112,0.0,0.00,244.8,776.05,0.0,3.95, , 
,,,,,,777.09,2080,16.1,2.06,244.8,776.75,0.0,3.98, , 
,,,,,,777.78,2048,38.4,5.15,459.0,777.43,0.0,0.66, , 
,,,,,,778.48,2048,51.8,6.18,591.6,778.13,0.0,1.17, , 
,,,,,,779.19,2048,51.8,6.18,591.6,778.85,-1.6,1.41, , 
,,,,,,779.90,2048,51.8,6.18,612.0,779.53,-0.8,1.48, , 
,,,,,,780.61,2048,63.5,8.24,714.0,780.26,0.0,1.52, , 
,,,,,,781.32,2048,62.0,7.21,693.6,780.96,-4.7,1.37, , 
,,,,,,782.02,2080,62.0,7.21,693.6,781.67,-5.1,1.48, , 
,,,,,,782.68,2080,62.0,7.21,693.6,782.35,-5.1,1.52, , 
,,,,,,783.41,2080,62.0,7.21,693.6,783.04,-7.8,1.48, , 
,,,,,,784.11,2112,63.5,7.21,714.0,783.76,-7.4,1.48, , 
,,,,,,784.80,2112,63.5,7.21,693.6,784.45,-7.8,1.48, , 
,,,,,,785.47,2112,63.5,7.21,693.6,785.14,-9.0,1.48, , 
,,,,,,786.16,2144,62.0,7.21,693.6,785.80,-9.4,1.48, , 
,,,,,,786.84,2144,34.1,4.12,418.2,786.50,0.0,1.48, , 
,,,,,,787.51,2144,25.1,3.09,336.6,787.17,-4.3,1.21, , 
,,,,,,788.22,2112,31.0,3.09,377.4,787.88,-8.6,1.21, , 
,,,,,,788.94,2112,35.3,4.12,438.6,788.57,-11.3,1.37, , 
,,,,,,789.65,2080,35.3,4.12,438.6,789.29,-12.5,1.52, , 
,,,,,,790.37,2080,36.9,4.12,438.6,790.01,-13.3,1.48, , 
,,,,,,791.05,2080,41.2,4.12,499.8,790.71,-13.3,1.56, , 
,,,,,,791.74,2080,50.2,6.18,591.6,791.39,-10.5,1.64, , 
,,,,,,792.41,2080,51.8,6.18,591.6,792.08,-7.8,1.60, , 
,,,,,,793.08,2048,51.8,6.18,591.6,792.74,-5.5,1.52, , 
,,,,,,793.79,2080,51.8,6.18,591.6,793.43,-3.9,1.45, , 
,,,,,,794.53,2080,51.8,6.18,591.6,794.16,-4.3,1.45, , 
,,,,,,795.21,2080,54.5,6.18,612.0,794.88,-4.7,1.45, , 
,,,,,,795.90,2080,54.5,7.21,632.4,795.54,-4.3,1.45, , 
,,,,,,796.62,2080,54.5,6.18,632.4,796.27,-4.7,1.48, , 
,,,,,,797.33,2112,54.5,6.18,612.0,796.99,-5.1,1.48, , 
,,,,,,798.03,2112,53.3,6.18,612.0,797.67,-5.9,1.48, , 
,,,,,,798.72,2144,53.3,6.18,612.0,798.38,-5.9,1.48, , 
,,,,,,799.43,2144,53.3,6.18,612.0,799.07,-5.9,1.48, , 
,,,,,,800.13,2144,50.2,6.18,591.6,799.78,-6.6,1.45, , 
,,,,,,800.82,2176,42.7,5.15,499.8,800.47,-5.1,1.56, , 
,,,,,,801.51,2144,42.7,5.15,499.8,801.15,-5.5,1.48, , 
,,,,,,802.19,2176,44.3,5.15,520.2,801.84,-4.7,1.48, , 
,,,,,,802.90,2176,48.6,6.18,571.2,802.55,-2.3,1.48, , 
,,,,,,803.59,2176,50.2,6.18,571.2,803.26,-1.6,1.41, , 
,,,,,,804.26,2176,65.1,9.27,714.0,803.93,-3.1,1.37, , 
,,,,,,804.94,2208,69.4,9.27,754.8,804.60,0.0,0.78, , 
,,,,,,805.61,2208,66.3,7.21,734.4,805.27,-7.8,1.29, , 
,,,,,,806.28,2240,53.3,6.18,612.0,805.94,-9.8,1.45, , 
,,,,,,806.94,2240,34.1,3.09,418.2,806.61,0.0,1.48, , 
,,,,,,807.59,2240,23.5,3.09,316.2,807.27,0.0,1.37, , 
,,,,,,808.27,2208,25.1,3.09,336.6,807.92,-7.4,1.13, , 
,,,,,,808.94,2208,23.5,2.06,316.2,808.60,-9.4,1.37, , 
,,,,,,809.63,2176,17.6,2.06,275.4,809.28,-11.7,1.37, , 
,,,,,,810.30,2176,17.6,2.06,244.8,809.96,-9.0,1.60, , 
,,,,,,810.99,2144,17.6,2.06,244.8,810.65,-7.8,1.60, , 
,,,,,,811.66,2112,16.1,2.06,244.8,811.31,-7.0,1.56, , 
,,,,,,812.34,2112,16.1,2.06,244.8,811.99,-6.3,1.52, , 
,,,,,,813.05,2080,16.1,2.06,244.8,812.70,-4.3,1.56, , 
,,,,,,813.76,2048,0.0,0.00,244.8,813.41,-3.9,1.52, , 
,,,,,,814.48,2016,0.0,0.00,275.4,814.11,0.0,3.20, , 
,,,,,,815.20,1984,0.0,0.00,275.4,814.84,0.0,3.91, , 
,,,,,,815.91,1952,0.0,0.00,275.4,815.55,0.0,3.87, , 
,,,,,,816.62,1920,0.0,0.00,275.4,816.25,0.0,3.95, , 
,,,,,,817.34,1888,0.0,0.00,295.8,816.97,0.0,3.87, , 
,,,,,,818.00,1824,0.0,0.00,316.2,817.68,0.0,3.95, , 
,,,,,,818.65,1760,0.0,0.00,316.2,818.31,0.0,3.95, , 
,,,,,,819.39,1728,0.0,0.00,316.2,819.04,0.0,3.95, , 
,,,,,,820.09,1664,0.0,0.00,316.2,819.74,0.0,3.91, , 
,,,,,,820.79,1632,0.0,0.00,336.6,820.45,0.0,3.95, , 
,,,,,,821.47,1632,0.0,0.00,336.6,821.13,0.0,3.95, , 
,,,,,,822.14,1600,0.0,0.00,336.6,821.81,0.0,3.95, , 
,,,,,,822.81,1600,0.0,0.00,336.6,822.48,0.0,3.91, , 
,,,,,,823.49,1600,32.5,4.12,418.2,823.14,0.0,3.59, , 
,,,,,,824.15,1632,78.4,11.33,867.0,823.81,0.0,0.90, , 
,,,,,,824.86,1664,87.1,13.39,969.0,824.51,0.0,0.90, , 
,,,,,,825.53,1696,90.2,13.39,989.4,825.20,0.0,0.90, , 
,,,,,,826.27,1792,91.4,12.36,989.4,825.89,0.0,0.78, , 
,,,,,,827.04,1824,91.4,11.33,989.4,826.65,-12.5,1.13, , 
,,,,,,827.79,1888,91.4,10.30,989.4,827.42,-15.6,1.37, , 
,,,,,,828.52,1920,91.4,11.33,989.4,828.16,-18.8,1.45, , 
,,,,,,829.23,1984,91.4,11.33,989.4,828.88,-20.7,1.17, , 
,,,,,,829.95,1984,91.4,11.33,989.4,829.59,-21.9,1.17, , 
,,,,,,830.65,2016,92.9,11.33,989.4,830.30,-20.7,1.21, , 
,,,,,,831.35,2048,92.9,12.36,989.4,830.99,-21.1,1.17, , 
,,,,,,832.03,2080,92.9,12.36,989.4,831.69,-19.5,1.17, , 
,,,,,,832.72,2080,92.9,12.36,989.4,832.38,-19.5,1.13, , 
,,,,,,833.39,2112,92.9,12.36,989.4,833.05,-18.4,1.13, , 
,,,,,,834.06,2144,92.9,12.36,989.4,833.74,-18.8,1.09, , 
,,,,,,834.75,2176,92.9,12.36,989.4,834.40,-18.4,1.09, , 
,,,,,,835.41,2176,92.9,10.30,989.4,835.08,-18.4,1.13, , 
,,,,,,836.09,2176,92.9,11.33,989.4,835.75,-17.2,1.52, , 
,,,,,,836.77,2208,92.9,11.33,989.4,836.42,-16.4,1.45, , 
,,,,,,837.44,2240,92.9,11.33,989.4,837.10,-16.8,1.41, , 
,,,,,,838.11,2272,92.9,11.33,989.4,837.78,-16.4,1.41, , 
,,,,,,838.80,2272,92.9,11.33,989.4,838.45,-16.8,1.37, , 
,,,,,,839.47,2272,92.9,11.33,989.4,839.13,-16.0,1.41, , 
,,,,,,840.13,2304,92.9,11.33,989.4,839.80,-16.8,1.41, , 
,,,,,,840.80,2304,92.9,11.33,989.4,840.47,-16.0,1.45, , 
,,,,,,841.49,2336,94.5,11.33,989.4,841.12,-16.0,1.45, , 
,,,,,,842.15,2368,94.5,11.33,989.4,841.82,-14.8,1.48, , 
,,,,,,842.82,2400,91.4,11.33,969.0,842.49,-15.2,1.48, , 
,,,,,,843.52,2432,88.6,10.30,928.2,843.17,-17.2,1.37, , 
,,,,,,844.22,2432,63.5,8.24,693.6,843.87,0.0,0.82, , 
,,,,,,844.91,2464,65.1,7.21,693.6,844.57,0.0,0.78, , 
,,,,,,845.62,2464,63.5,7.21,693.6,845.26,-11.7,1.25, , 
,,,,,,846.33,2464,63.5,6.18,693.6,845.99,-14.5,1.45, , 
,,,,,,847.02,2464,60.4,6.18,673.2,846.66,-15.6,1.56, , 
,,,,,,847.70,2496,57.6,6.18,632.4,847.37,-14.5,1.60, , 
,,,,,,848.39,2496,56.1,6.18,612.0,848.05,-13.3,1.56, , 
,,,,,,849.06,2496,48.6,5.15,550.8,848.73,-11.7,1.56, , 
,,,,,,849.74,2496,47.1,5.15,520.2,849.41,-7.4,1.56, , 
,,,,,,850.45,2496,45.9,5.15,520.2,850.07,-5.1,1.48, , 
,,,,,,851.16,2464,34.1,3.09,418.2,850.81,-4.3,1.37, , 
,,,,,,851.86,2464,28.2,3.09,357.0,851.53,-7.8,1.33, , 
,,,,,,852.61,2432,29.4,3.09,377.4,852.23,-9.4,1.41, , 
,,,,,,853.30,2432,44.3,5.15,520.2,852.94,0.0,1.60, , 
,,,,,,853.97,2432,44.3,5.15,499.8,853.64,-2.3,1.37, , 
,,,,,,854.67,2432,44.3,5.15,499.8,854.31,-2.7,1.45, , 
,,,,,,855.36,2400,44.3,5.15,499.8,855.03,-3.5,1.48, , 
,,,,,,856.04,2400,38.4,4.12,459.0,855.70,-4.7,1.48, , 
,,,,,,856.77,2400,38.4,4.12,438.6,856.40,-5.1,1.52, , 
,,,,,,857.43,2400,36.9,4.12,438.6,857.10,-5.5,1.52, , 
,,,,,,858.14,2400,36.9,4.12,438.6,857.81,-6.3,1.48, , 
,,,,,,858.86,2400,36.9,4.12,438.6,858.48,-6.3,1.48, , 
,,,,,,859.56,2368,36.9,4.12,438.6,859.21,-5.9,1.48, , 
,,,,,,860.26,2368,38.4,4.12,459.0,859.92,-5.5,1.48, , 
,,,,,,861.00,2368,38.4,4.12,459.0,860.64,-4.3,1.45, , 
,,,,,,861.65,2336,38.4,4.12,459.0,861.33,-5.1,1.45, , 
,,,,,,862.33,2336,38.4,4.12,459.0,862.00,-4.7,1.48, , 
,,,,,,863.02,2336,38.4,4.12,459.0,862.67,-4.7,1.48, , 
,,,,,,863.70,2336,40.0,4.12,459.0,863.36,-3.9,1.48, , 
,,,,,,864.37,2304,38.4,4.12,459.0,864.03,-5.9,1.48, , 
,,,,,,865.04,2304,41.2,5.15,479.4,864.70,-5.5,1.56, , 
,,,,,,865.72,2304,41.2,5.15,479.4,865.39,-5.9,1.48, , 
,,,,,,866.36,2304,54.5,7.21,612.0,866.05,-4.7,1.52, , 
,,,,,,867.06,2304,54.5,6.18,612.0,866.71,-6.3,1.41, , 
,,,,,,867.74,2304,56.1,6.18,632.4,867.39,-7.0,1.41, , 
,,,,,,868.41,2336,54.5,6.18,612.0,868.07,-7.8,1.41, , 
,,,,,,869.06,2336,54.5,6.18,612.0,868.74,-8.2,1.48, , 
,,,,,,869.74,2336,54.5,6.18,612.0,869.41,-8.2,1.52, , 
,,,,,,870.43,2336,54.5,6.18,612.0,870.10,-8.2,1.52, , 
,,,,,,871.13,2336,54.5,6.18,612.0,870.78,-8.6,1.48, , 
,,,,,,871.82,2336,54.5,6.18,612.0,871.49,-8.2,1.52, , 
,,,,,,872.49,2336,40.0,4.12,479.4,872.15,-8.6,1.48, , 
,,,,,,873.15,2336,29.4,3.09,377.4,872.81,-5.9,1.41, , 
,,,,,,873.84,2304,28.2,3.09,357.0,873.51,-10.2,1.33, , 
,,,,,,874.53,2304,28.2,3.09,357.0,874.18,-10.5,1.45, , 
,,,,,,875.20,2272,25.1,2.06,336.6,874.87,-11.7,1.45, , 
,,,,,,875.89,2272,25.1,2.06,336.6,875.55,-12.9,1.45, , 
,,,,,,876.57,2240,31.0,3.09,397.8,876.23,-13.7,1.48, , 
,,,,,,877.23,2240,31.0,3.09,397.8,876.91,-12.9,1.56, , 
,,,,,,877.89,2208,31.0,3.09,397.8,877.56,-11.7,1.56, , 
,,,,,,878.60,2208,32.5,3.09,397.8,878.26,-10.9,1.52, , 
,,,,,,879.27,2208,32.5,3.09,397.8,878.94,-11.3,1.45, , 
,,,,,,879.98,2176,26.7,3.09,357.0,879.62,-9.8,1.52, , 
,,,,,,880.65,2144,26.7,3.09,357.0,880.32,-10.5,1.45, , 
,,,,,,881.34,2144,26.7,3.09,357.0,881.00,-10.2,1.52, , 
,,,,,,881.98,1344,0.0,0.00,336.6,881.66,0.0,2.70, , 
,,,,,,882.64,1024,29.4,4.12,397.8,882.32,0.0,3.71, , 
,,,,,,883.28,928,25.1,3.09,377.4,882.97,0.0,1.09, , 
,,,,,,883.89,896,26.7,3.09,397.8,883.57,0.0,0.23, , 
,,,,,,884.49,928,26.7,3.09,397.8,884.19,0.0,0.63, , 
,,,,,,885.08,896,26.7,3.09,397.8,884.80,-5.5,0.94, , 
,,,,,,885.70,896,26.7,3.09,397.8,885.40,-8.6,1.29, , 
,,,,,,886.31,896,28.2,3.09,397.8,886.00,-9.0,1.45, , 
,,,,,,886.93,896,26.7,3.09,397.8,886.62,-8.6,1.48, , 
,,,,,,887.54,896,26.7,3.09,397.8,887.22,-7.8,1.52, , 
,,,,,,888.16,864,26.7,3.09,397.8,887.85,-7.0,1.52, , 
,,,,,,888.80,896,26.7,3.09,397.8,888.46,-6.3,1.48, , 
,,,,,,889.43,896,26.7,3.09,397.8,889.12,-5.9,1.48, , 
,,,,,,890.00,896,26.7,3.09,397.8,889.71,-5.5,1.48, , 
,,,,,,890.61,896,26.7,3.09,397.8,890.32,-4.7,1.48, , 
,,,,,,891.21,864,26.7,3.09,397.8,890.92,-4.3,1.48, , 
,,,,,,891.82,896,26.7,3.09,397.8,891.50,-4.3,1.45, , 
,,,,,,892.43,896,26.7,3.09,377.4,892.12,-4.3,1.45, , 
,,,,,,893.02,896,26.7,3.09,377.4,892.73,-4.7,1.41, , 
,,,,,,893.62,864,28.2,3.09,397.8,893.33,-5.1,1.41, , 
,,,,,,894.21,896,26.7,3.09,397.8,893.92,-5.5,1.37, , 
,,,,,,894.81,864,28.2,3.09,397.8,894.50,-7.4,1.29, , 
,,,,,,895.45,896,28.2,3.09,397.8,895.11,-8.2,1.41, , 
,,,,,,896.08,864,28.2,3.09,397.8,895.77,-8.2,1.48, , 
,,,,,,896.70,896,28.2,3.09,397.8,896.37,-7.4,1.48, , 
,,,,,,897.30,896,28.2,3.09,397.8,897.01,-6.6,1.52, , 
,,,,,,897.90,864,28.2,3.09,397.8,897.60,-6.3,1.48, , 
,,,,,,898.51,896,28.2,3.09,397.8,898.21,-5.9,1.45, , 
,,,,,,899.11,896,28.2,3.09,397.8,898.81,-6.3,1.41, , 
,,,,,,899.70,896,28.2,3.09,397.8,899.40,-6.6,1.41, , 
,,,,,,900.31,864,26.7,3.09,397.8,900.01,-6.6,1.41, , 
,,,,,,900.92,896,28.2,3.09,397.8,900.62,-7.0,1.45, , 
,,,,,,901.51,768,26.7,3.09,397.8,901.22,-7.4,1.37, , 
,,,,,,902.10,768,29.4,3.09,418.2,901.81,-9.0,1.37, , 
,,,,,,902.70,800,29.4,3.09,438.6,902.40,-9.0,1.48, , 
,,,,,,903.28,800,29.4,3.09,438.6,902.98,-8.6,1.48, , 
,,,,,,903.87,800,29.4,3.09,418.2,903.57,-8.2,1.48, , 
,,,,,,904.46,800,29.4,3.09,418.2,904.16,-7.8,1.48, , 
,,,,,,905.06,800,29.4,3.09,418.2,904.76,-7.8,1.45, , 
,,,,,,905.66,800,29.4,3.09,418.2,905.35,-7.8,1.45, , 
,,,,,,906.27,768,29.4,3.09,418.2,905.96,-8.2,1.45, , 
