Czwartek,27,Sierpieñ,2026,16:35:06:00009-VCID:1C3761778CABCE7337-5178,Wersja VCDS: AKP 23.3.1,Wersja danych: 20230601 DS346.2
047 906 033 L,,1.4l SIMOS3PA   00HS5401,

,Grupa A:,'001,,,,Grupa B:,'002,,,,Grupa C:,'033
,,Obroty silnika,Temperatura,Lambda,Bity binarnie,,Obroty silnika,Obci¹¿enie,Czas wtrysku,Ciœnienie rzecz.,,Lambda,Napiêcie, , 
,CZAS,,,,,CZAS,,,,,CZAS,,,,
Znacznik,ZAPISU, /min,*C, %,,ZAPISU, /min, %, ms, mbar,ZAPISU, %, V,,
,0.66,2272,87.0,7.8,11101001,0.01,2240,57.6,8.24,673.2,0.33,7.8,1.52, , 
,1.66,2272,87.0,8.2,11101001,0.99,2272,56.1,8.24,652.8,1.33,8.6,1.48, , 
,2.65,2304,87.0,7.8,11101001,2.00,2272,56.1,8.24,652.8,2.32,7.4,1.45, , 
,3.66,2304,87.0,7.4,11101001,2.97,2304,50.2,7.21,591.6,3.29,7.4,1.52, , 
,4.69,2304,85.5,6.6,11101001,3.98,2304,51.8,7.21,612.0,4.33,7.4,1.48, , 
,5.70,2336,85.5,7.8,11101001,5.04,2304,53.3,8.24,612.0,5.37,7.8,1.52, , 
,6.69,2336,85.5,7.4,11101001,6.05,2336,62.0,9.27,714.0,6.36,7.4,1.52, , 
,7.77,2368,85.5,6.3,11101001,7.04,2336,62.0,9.27,693.6,7.39,7.4,1.48, , 
,8.79,2400,85.5,7.0,11101001,8.08,2368,60.4,9.27,693.6,8.40,6.6,1.52, , 
,9.85,2432,85.5,7.4,11101001,9.14,2400,63.5,9.27,714.0,9.48,7.0,1.52, , 
,10.88,2432,85.5,6.6,11101001,10.20,2432,65.1,9.27,734.4,10.55,7.0,1.45, , 
,11.91,2464,85.5,7.0,11101001,11.21,2432,56.1,8.24,632.4,11.56,7.4,1.52, , 
,12.99,2464,85.5,5.9,11101001,12.26,2464,53.3,7.21,612.0,12.62,5.9,1.48, , 
,14.03,2464,85.5,6.3,11101001,13.32,2464,53.3,7.21,612.0,13.68,5.9,1.48, , 
,15.11,2464,85.5,6.6,11101001,14.40,2464,51.8,7.21,591.6,14.76,5.9,1.52, , 
,16.16,2464,85.5,6.6,11101001,15.47,2464,50.2,7.21,591.6,15.81,6.6,1.48, , 
,17.23,2464,85.5,7.4,11101001,16.52,2464,50.2,7.21,591.6,16.87,6.6,1.52, , 
,18.30,2464,85.5,7.4,11101001,17.59,2464,50.2,7.21,591.6,17.96,7.8,1.48, , 
,19.32,2496,85.5,6.6,11101001,18.62,2496,51.8,7.21,591.6,18.95,7.0,1.48, , 
,20.40,2496,85.5,8.2,11101001,19.68,2496,47.1,7.21,571.2,20.03,7.0,1.52, , 
,21.37,2496,85.5,7.4,11101001,20.72,2496,45.9,6.18,550.8,21.04,7.4,1.48, , 
,22.44,2496,85.5,7.0,11101001,21.72,2496,45.9,6.18,550.8,22.08,7.0,1.45, , 
,23.51,2464,85.5,7.4,11101001,22.78,2464,45.9,6.18,550.8,23.15,7.4,1.48, , 
,24.56,2464,85.5,7.0,11101001,23.85,2464,45.9,6.18,550.8,24.21,7.0,1.52, , 
,25.65,2464,85.5,6.6,11101001,24.93,2464,45.9,6.18,520.2,25.29,7.4,1.45, , 
,26.72,2464,85.5,6.6,11101001,26.00,2464,41.2,6.18,479.4,26.35,6.3,1.52, , 
,27.82,2432,85.5,5.1,11101001,27.07,2464,34.1,4.12,418.2,27.45,5.5,1.45, , 
,28.88,2432,85.5,5.9,11101001,28.18,2432,31.0,4.12,397.8,28.52,5.1,1.52, , 
,29.88,2400,85.5,7.0,11101001,29.20,2432,34.1,4.12,418.2,29.55,6.3,1.52, , 
,30.92,2400,85.5,8.2,11101001,30.24,2400,41.2,6.18,479.4,30.59,8.2,1.48, , 
,31.94,2400,85.5,10.5,11101001,31.27,2400,45.9,6.18,550.8,31.61,10.5,1.48, , 
,33.01,2400,85.5,9.4,11101001,32.30,2400,50.2,7.21,591.6,32.66,9.8,1.45, , 
,34.05,2400,84.0,8.2,11101001,33.34,2400,51.8,7.21,591.6,33.70,8.6,1.45, , 
,35.10,2400,85.5,7.8,11101001,34.42,2400,50.2,7.21,591.6,34.76,7.8,1.52, , 
,36.17,2432,84.0,7.8,11101001,35.45,2432,50.2,7.21,591.6,35.81,8.2,1.45, , 
,37.20,2400,84.0,0.0,11101001,36.50,2400,50.2,7.21,571.2,36.85,0.0,1.64, , 
,38.24,2432,84.0,4.7,11101001,37.55,2432,56.1,7.21,632.4,37.88,3.5,1.64, , 
,39.27,2432,84.0,7.0,11101001,38.59,2432,56.1,8.24,632.4,38.94,6.6,1.52, , 
,40.31,2432,84.0,7.8,11101001,39.61,2432,54.5,8.24,632.4,39.97,7.8,1.48, , 
,41.37,2464,84.0,7.4,11101001,40.66,2464,53.3,8.24,612.0,41.01,7.8,1.45, , 
,42.44,2464,84.0,7.4,11101001,41.72,2464,53.3,8.24,612.0,42.08,7.0,1.48, , 
,43.50,2464,84.0,7.4,11101001,42.79,2464,44.3,6.18,520.2,43.15,7.4,1.48, , 
,44.54,2464,84.0,6.3,11101001,43.85,2464,42.7,6.18,499.8,44.19,7.0,1.45, , 
,45.61,2432,84.0,5.5,11101001,44.90,2432,32.5,4.12,397.8,45.25,5.5,1.52, , 
,46.66,2400,84.0,3.9,11101001,45.96,2432,26.7,3.09,357.0,46.31,4.3,1.48, , 
,47.69,2368,84.0,3.5,11101001,47.03,2400,28.2,4.12,357.0,47.38,3.1,1.52, , 
,48.76,2368,84.0,5.5,11101001,48.03,2368,28.2,4.12,357.0,48.40,4.7,1.52, , 
,49.77,2336,84.0,4.7,11101001,49.09,2336,28.2,4.12,377.4,49.44,6.3,1.48, , 
,50.80,2336,84.0,3.9,11101001,50.12,2336,26.7,3.09,357.0,50.47,4.3,1.52, , 
,51.79,2304,84.0,4.7,11101001,51.12,2304,29.4,4.12,377.4,51.45,4.3,1.52, , 
,52.81,2304,84.0,3.9,11101001,52.12,2304,29.4,4.12,377.4,52.47,4.3,1.45, , 
,53.81,2272,84.0,4.7,11101001,53.15,2272,29.4,4.12,377.4,53.48,3.9,1.52, , 
,54.81,2272,84.0,5.1,11101001,54.14,2272,29.4,4.12,377.4,54.48,5.1,1.52, , 
,55.83,2240,84.0,4.3,11101001,55.14,2272,28.2,4.12,377.4,55.50,4.3,1.45, , 
,56.84,2240,85.5,3.5,11101001,56.17,2240,28.2,3.09,357.0,56.50,2.7,1.48, , 
,57.88,2208,84.0,4.7,11101001,57.18,2208,32.5,4.12,418.2,57.53,4.7,1.48, , 
,58.89,2208,84.0,7.8,11101001,58.22,2208,35.3,5.15,438.6,58.55,6.3,1.52, , 
,59.91,2240,84.0,8.2,11101001,59.22,2208,42.7,6.18,520.2,59.56,8.6,1.45, , 
,60.92,2208,85.5,8.2,11101001,60.23,2208,42.7,6.18,499.8,60.58,7.8,1.45, , 
,61.92,2208,85.5,7.4,11101001,61.27,2208,42.7,6.18,499.8,61.59,7.4,1.48, , 
,62.92,2176,85.5,7.8,11101001,62.26,2176,42.7,6.18,499.8,62.60,7.4,1.52, , 
,63.95,2144,85.5,9.4,11101001,63.25,2144,45.9,6.18,550.8,63.59,9.0,1.52, , 
,64.98,2080,85.5,0.0,11101001,64.30,2112,44.3,6.18,550.8,64.63,0.0,1.45, , 
,66.04,2016,85.5,0.8,11101001,65.33,2080,22.0,3.09,316.2,65.67,0.8,1.52, , 
,67.13,1952,85.5,2.0,11101011,66.40,1984,22.0,3.09,316.2,66.76,1.6,1.52, , 
,68.20,1920,85.5,0.0,11101011,67.48,1920,28.2,4.12,377.4,67.84,0.0,1.48, , 
,69.30,1696,85.5,0.0,11111111,68.58,1888,60.4,8.24,693.6,68.95,0.0,1.64, , 
,70.23,1600,85.5,0.0,11101011,69.60,1248,0.0,0.00,377.4,69.91,0.0,3.52, , 
,71.23,2368,85.5,1.2,11101001,70.57,2464,19.2,3.09,295.8,70.89,0.0,1.37, , 
,72.23,2400,85.5,0.0,11101001,71.56,2432,31.0,4.12,377.4,71.89,0.0,1.60, , 
,73.33,2464,85.5,3.9,11101001,72.59,2400,42.7,5.15,499.8,72.96,4.7,1.60, , 
,74.37,2528,85.5,5.5,11101001,73.68,2464,42.7,6.18,499.8,74.03,5.5,1.48, , 
,75.37,2656,85.5,10.2,11101001,74.69,2560,63.5,9.27,714.0,75.04,8.6,1.52, , 
,76.40,2816,85.5,9.8,11101001,75.71,2688,78.4,12.36,867.0,76.06,10.2,1.48, , 
,77.47,2944,85.5,8.2,11101001,76.75,2848,85.5,14.42,928.2,77.03,9.0,1.41, , 
,78.57,2752,85.5,0.0,11111101,77.89,2976,88.6,15.45,969.0,78.22,7.4,1.45, , 
,79.66,2176,85.5,0.0,11101001,78.95,2208,0.0,0.00,295.8,79.31,0.0,3.75, , 
,80.64,2304,85.5,0.0,11101001,79.98,2272,19.2,3.09,275.4,80.31,0.0,1.29, , 
,81.68,2336,85.5,3.5,11101001,80.97,2304,67.8,9.27,754.8,81.32,0.0,1.68, , 
,82.72,2368,85.5,7.0,11101001,82.01,2336,75.3,11.33,846.6,82.35,6.3,1.52, , 
,83.69,2368,85.5,0.0,11101001,83.04,2368,78.4,12.36,867.0,83.38,7.4,1.52, , 
,84.75,2400,85.5,4.3,11101001,84.04,2400,54.5,7.21,632.4,84.40,3.1,1.68, , 
,85.80,2400,85.5,7.0,11101001,85.08,2400,50.2,7.21,591.6,85.42,5.9,1.52, , 
,86.84,2400,85.5,10.2,11101001,86.15,2400,45.9,6.18,520.2,86.48,9.8,1.52, , 
,87.91,2432,85.5,9.0,11101001,87.21,2400,56.1,8.24,652.8,87.56,9.4,1.41, , 
,88.96,2432,85.5,8.6,11101001,88.24,2432,56.1,8.24,652.8,88.59,8.6,1.45, , 
,90.01,2432,85.5,7.4,11101001,89.33,2432,60.4,9.27,693.6,89.67,7.8,1.48, , 
,91.10,2464,85.5,3.1,11101001,90.36,2464,50.2,7.21,591.6,90.73,0.0,1.64, , 
,92.21,2464,85.5,6.3,11101001,91.46,2464,48.6,7.21,571.2,91.83,5.5,1.52, , 
,93.25,2464,85.5,8.2,11101001,92.56,2464,50.2,7.21,571.2,92.91,7.8,1.52, , 
,94.31,2464,85.5,8.2,11101001,93.60,2464,50.2,7.21,571.2,93.94,8.6,1.48, , 
,95.35,2464,85.5,7.4,11101001,94.65,2464,50.2,7.21,571.2,94.98,7.8,1.45, , 
,96.38,2464,85.5,7.8,11101001,95.70,2464,50.2,7.21,571.2,96.05,7.4,1.52, , 
,97.44,2464,85.5,7.0,11101001,96.72,2464,50.2,7.21,571.2,97.08,6.6,1.45, , 
,98.48,2496,85.5,7.0,11101001,97.79,2464,56.1,8.24,632.4,98.14,7.0,1.48, , 
,99.54,2496,87.0,6.6,11101001,98.82,2496,56.1,8.24,652.8,99.17,7.0,1.52, , 
,100.57,2496,85.5,6.3,11101001,99.90,2496,56.1,8.24,632.4,100.25,7.0,1.45, , 
,101.61,2528,87.0,6.6,11101001,100.90,2496,56.1,8.24,632.4,101.27,5.9,1.45, , 
,102.66,2528,87.0,7.4,11101001,101.97,2528,54.5,8.24,632.4,102.31,6.6,1.52, , 
,103.69,2528,87.0,7.0,11101001,103.00,2528,54.5,8.24,632.4,103.34,7.4,1.48, , 
,104.73,2528,87.0,7.4,11101001,104.03,2528,54.5,8.24,632.4,104.38,7.0,1.48, , 
,105.78,2528,87.0,7.4,11101001,105.09,2528,57.6,8.24,652.8,105.44,7.4,1.52, , 
,106.79,2528,87.0,6.6,11101001,106.13,2528,56.1,8.24,652.8,106.46,7.4,1.52, , 
,107.79,2528,87.0,0.0,11111101,107.13,2528,56.1,8.24,652.8,107.45,0.0,1.45, , 
,108.77,2592,87.0,0.0,11101001,108.11,2528,19.2,2.06,275.4,108.44,2.3,1.60, , 
,109.80,2496,87.0,4.3,11101001,109.11,2464,53.3,7.21,612.0,109.44,0.0,1.64, , 
,110.83,2496,87.0,6.6,11101001,110.12,2496,54.5,8.24,632.4,110.48,6.3,1.52, , 
,111.87,2496,87.0,0.0,11101001,111.18,2496,56.1,8.24,652.8,111.53,9.0,1.52, , 
,112.90,2528,87.0,3.1,11101001,112.21,2528,81.2,12.36,887.4,112.56,2.3,1.64, , 
,113.93,2560,87.0,6.3,11101001,113.24,2560,79.6,12.36,887.4,113.59,5.5,1.52, , 
,114.93,2592,87.0,7.0,11101001,114.28,2592,73.7,11.33,826.2,114.61,6.6,1.52, , 
,115.94,2592,87.0,2.3,11101001,115.27,2592,56.1,8.24,652.8,115.61,0.0,1.60, , 
,116.94,2592,87.0,2.3,11101001,116.26,2592,32.5,4.12,418.2,116.61,1.6,1.52, , 
,117.95,2560,87.0,3.9,11101001,117.28,2560,29.4,4.12,377.4,117.61,3.1,1.52, , 
,119.01,2528,87.0,6.6,11101001,118.32,2560,31.0,4.12,397.8,118.66,5.9,1.52, , 
,120.04,2528,87.0,7.0,11101001,119.35,2528,40.0,6.18,479.4,119.68,6.3,1.48, , 
,121.06,2528,87.0,6.6,11101001,120.37,2528,42.7,6.18,499.8,120.72,6.6,1.48, , 
,122.10,2528,87.0,5.9,11101001,121.43,2528,41.2,6.18,499.8,121.77,5.9,1.48, , 
,123.15,2496,87.0,5.5,11101001,122.46,2528,40.0,5.15,479.4,122.79,5.5,1.48, , 
,124.12,2464,87.0,0.4,11101001,123.46,2496,22.0,3.09,316.2,123.78,0.0,1.56, , 
,125.19,2464,87.0,2.0,11101001,124.48,2464,19.2,2.06,275.4,124.82,1.6,1.56, , 
,126.24,2432,87.0,4.7,11101001,125.54,2432,35.3,5.15,438.6,125.89,3.9,1.52, , 
,127.30,2432,87.0,7.4,11101001,126.59,2432,42.7,6.18,499.8,126.95,6.6,1.52, , 
,128.32,2432,87.0,8.6,11101001,127.63,2432,44.3,6.18,520.2,127.96,9.0,1.48, , 
,129.37,2432,87.0,8.2,11101001,128.67,2432,48.6,7.21,571.2,129.02,8.6,1.48, , 
,130.41,2432,87.0,7.8,11101001,129.71,2432,47.1,7.21,550.8,130.08,7.8,1.45, , 
,131.52,2432,87.0,7.0,11101001,130.76,2432,47.1,6.18,550.8,131.13,7.4,1.45, , 
,132.59,2432,87.0,7.0,11101001,131.89,2432,47.1,6.18,550.8,132.23,6.6,1.52, , 
,133.57,2432,87.0,7.8,11101001,132.92,2432,47.1,6.18,550.8,133.25,8.2,1.48, , 
,134.60,2432,87.0,7.8,11101001,133.92,2432,47.1,7.21,550.8,134.26,7.8,1.48, , 
,135.59,2432,87.0,8.2,11101001,134.94,2432,47.1,7.21,550.8,135.27,7.8,1.52, , 
,136.60,2432,87.0,7.8,11101001,135.93,2432,47.1,7.21,550.8,136.27,8.2,1.48, , 
,137.66,2432,87.0,8.2,11101001,136.97,2432,47.1,7.21,550.8,137.33,7.4,1.48, , 
,138.67,2432,87.0,8.2,11101001,137.98,2432,47.1,7.21,571.2,138.31,7.8,1.52, , 
,139.72,2432,87.0,8.2,11101001,139.01,2432,47.1,7.21,550.8,139.38,8.2,1.45, , 
,140.78,2432,87.0,8.6,11101001,140.06,2432,48.6,7.21,571.2,140.42,8.2,1.52, , 
,141.81,2432,87.0,8.2,11101001,141.12,2432,48.6,7.21,571.2,141.46,7.8,1.48, , 
,142.88,2432,87.0,7.8,11101001,142.15,2432,48.6,7.21,571.2,142.51,8.6,1.48, , 
,143.90,2400,87.0,6.3,11101001,143.22,2432,38.4,5.15,459.0,143.55,7.4,1.52, , 
,144.95,2400,87.0,7.0,11101001,144.23,2400,41.2,5.15,479.4,144.58,6.3,1.48, , 
,145.97,2400,87.0,9.8,11101001,145.29,2400,44.3,6.18,520.2,145.64,9.4,1.52, , 
,147.02,2400,87.0,9.8,11101001,146.31,2400,44.3,6.18,520.2,146.67,9.8,1.52, , 
,148.06,2400,87.0,8.6,11101001,147.35,2400,44.3,6.18,520.2,147.71,9.4,1.48, , 
,149.07,2400,87.0,9.4,11101001,148.39,2400,44.3,6.18,520.2,148.75,9.4,1.52, , 
,150.12,2400,87.0,7.8,11101001,149.43,2400,44.3,6.18,520.2,149.77,9.8,1.52, , 
,151.19,2400,87.0,7.0,11101001,150.47,2400,45.9,6.18,520.2,150.83,7.4,1.45, , 
,152.28,2400,87.0,7.4,11101001,151.54,2400,44.3,6.18,520.2,151.92,6.3,1.52, , 
,153.33,2400,87.0,6.3,11101001,152.64,2400,48.6,7.21,571.2,152.99,7.4,1.48, , 
,154.35,2400,87.0,7.0,11101001,153.65,2400,48.6,7.21,571.2,153.99,6.6,1.48, , 
,155.41,2400,87.0,7.4,11101001,154.68,2400,47.1,6.18,550.8,155.06,7.4,1.56, , 
,156.42,2432,87.0,6.6,11101001,155.73,2400,47.1,6.18,550.8,156.10,7.4,1.45, , 
,157.48,2400,87.0,5.9,11101001,156.77,2432,48.6,7.21,571.2,157.12,6.6,1.48, , 
,158.57,2432,87.0,6.3,11101001,157.85,2432,51.8,7.21,591.6,158.22,6.3,1.52, , 
,159.63,2464,87.0,5.5,11101001,158.93,2432,71.0,11.33,775.2,159.27,5.1,1.45, , 
,160.69,2496,87.0,6.3,11101001,159.96,2464,69.4,10.30,775.2,160.34,5.9,1.52, , 
,161.69,2496,87.0,0.0,11101001,161.05,2496,69.4,10.30,775.2,161.37,6.6,1.45, , 
,162.69,2496,87.0,2.7,11101001,162.01,2496,50.2,7.21,591.6,162.35,1.6,1.56, , 
,163.73,2496,87.0,4.7,11101001,163.03,2496,44.3,6.18,520.2,163.37,3.5,1.45, , 
,164.81,2496,87.0,7.0,11101001,164.09,2496,47.1,6.18,550.8,164.45,5.9,1.52, , 
,165.88,2464,87.0,6.6,11101001,165.17,2496,47.1,6.18,550.8,165.54,7.0,1.41, , 
,166.96,2464,87.0,5.5,11101001,166.24,2496,50.2,7.21,571.2,166.59,5.9,1.48, , 
,168.03,2464,87.0,5.5,11101001,167.32,2464,48.6,7.21,571.2,167.69,5.5,1.52, , 
,169.10,2496,87.0,4.7,11101001,168.39,2496,48.6,7.21,571.2,168.74,5.1,1.45, , 
,170.17,2496,87.0,5.9,11101001,169.46,2496,48.6,7.21,571.2,169.82,5.1,1.52, , 
,171.19,2496,87.0,5.1,11101001,170.52,2496,48.6,7.21,571.2,170.82,5.5,1.52, , 
,172.24,2496,87.0,5.1,11101001,171.54,2496,48.6,7.21,571.2,171.90,5.1,1.45, , 
,173.27,2496,87.0,5.9,11101001,172.60,2496,48.6,7.21,571.2,172.93,5.1,1.52, , 
,174.29,2496,87.0,5.9,11101001,173.62,2496,48.6,7.21,571.2,173.96,5.5,1.48, , 
,175.28,2496,87.0,0.0,11111101,174.62,2496,42.7,5.15,520.2,174.94,0.0,1.72, , 
,176.25,2432,87.0,0.0,11111101,175.60,2464,0.0,0.00,244.8,175.92,0.0,3.36, , 
,177.22,2368,87.0,0.0,11111101,176.57,2400,0.0,0.00,244.8,176.89,0.0,3.95, , 
,178.20,2304,87.0,0.0,11111101,177.55,2336,0.0,0.00,244.8,177.87,0.0,3.95, , 
,179.20,2304,87.0,0.0,11101001,178.54,2304,16.1,2.06,244.8,178.88,0.0,1.29, , 
,180.18,2240,87.0,3.9,11101001,179.53,2272,35.3,5.15,438.6,179.86,3.5,1.56, , 
,181.18,2240,87.0,5.1,11101001,180.52,2272,38.4,5.15,459.0,180.85,5.1,1.52, , 
,182.18,2240,87.0,5.9,11101001,181.52,2240,38.4,5.15,459.0,181.86,4.3,1.45, , 
,183.21,2240,87.0,6.3,11101001,182.53,2240,44.3,6.18,520.2,182.87,5.9,1.48, , 
,184.22,2240,87.0,7.8,11101001,183.56,2240,42.7,6.18,520.2,183.89,7.4,1.48, , 
,185.21,2240,87.0,0.0,11101001,184.54,2240,42.7,6.18,520.2,184.87,0.0,1.41, , 
,186.21,2208,87.0,-0.4,11101001,185.55,2208,23.5,3.09,316.2,185.87,-0.4,1.48, , 
,187.24,2176,87.0,-0.4,11101001,186.56,2176,22.0,3.09,316.2,186.89,-0.4,1.52, , 
,188.26,2144,87.0,-1.6,11101001,187.58,2176,16.1,2.06,244.8,187.94,-1.6,1.45, , 
,189.29,2112,87.0,-1.2,11101001,188.60,2112,16.1,2.06,244.8,188.95,-1.2,1.48, , 
,190.33,2080,87.0,0.0,11101001,189.64,2080,14.9,2.06,244.8,189.98,-0.8,1.52, , 
,191.40,2016,87.0,0.4,11101001,190.68,2048,14.9,2.06,244.8,191.04,0.0,1.48, , 
,192.48,1952,87.0,0.8,11101011,191.76,2016,14.9,2.06,244.8,192.13,0.4,1.48, , 
,193.57,1952,87.0,2.0,11101011,192.84,1952,14.9,2.06,244.8,193.21,1.2,1.52, , 
,194.63,1888,87.0,3.1,11111111,193.92,1920,16.1,2.06,244.8,194.27,2.7,1.52, , 
,195.69,1856,87.0,0.0,11111111,195.00,1856,0.0,0.00,275.4,195.34,0.0,3.09, , 
,196.75,1792,87.0,0.0,11101011,196.04,1824,19.2,3.09,295.8,196.40,0.0,1.84, , 
,197.64,992,87.0,0.0,11111111,197.04,1696,0.0,0.00,336.6,197.35,0.0,3.01, , 
,198.63,1728,87.0,0.0,11101011,197.96,1088,26.7,4.12,377.4,198.29,0.0,1.64, , 
,199.65,2112,87.0,3.1,11101001,198.96,2176,16.1,2.06,244.8,199.31,0.0,1.60, , 
,200.69,2080,87.0,3.5,11101001,200.00,2112,16.1,2.06,244.8,200.33,3.1,1.56, , 
,201.72,2016,87.0,3.1,11101001,201.03,2048,14.9,2.06,244.8,201.38,3.1,1.45, , 
,202.80,1984,87.0,0.0,11101011,202.08,2016,23.5,3.09,316.2,202.44,0.0,1.56, , 
,203.88,1952,87.0,3.1,11101011,203.15,1952,53.3,7.21,632.4,203.51,2.3,1.56, , 
,204.95,1952,87.0,6.3,11101011,204.23,1952,51.8,7.21,612.0,204.59,5.1,1.56, , 
,206.05,1952,87.0,7.4,11101011,205.33,1952,50.2,7.21,591.6,205.68,7.8,1.45, , 
,207.13,1952,87.0,7.0,11101011,206.40,1952,53.3,7.21,632.4,206.76,7.4,1.45, , 
,208.20,1952,85.5,6.6,11101011,207.48,1952,53.3,8.24,632.4,207.85,7.0,1.52, , 
,209.30,1952,87.0,5.9,11101011,208.56,1952,53.3,8.24,632.4,208.93,6.3,1.45, , 
,210.37,1952,85.5,5.9,11101011,209.65,1952,53.3,8.24,632.4,210.02,5.5,1.52, , 
,211.45,1952,85.5,5.9,11101011,210.74,1952,54.5,8.24,632.4,211.09,5.5,1.48, , 
,212.54,1920,85.5,5.5,11101011,211.81,1920,54.5,8.24,652.8,212.18,5.5,1.48, , 
,213.62,1920,85.5,5.5,11101011,212.91,1920,54.5,8.24,652.8,213.26,5.5,1.52, , 
,214.70,1920,85.5,2.0,11101011,214.00,1920,41.2,5.15,520.2,214.34,2.0,1.60, , 
,215.80,1920,85.5,2.7,11101011,215.06,1920,56.1,8.24,652.8,215.42,0.0,1.56, , 
,216.88,1920,85.5,4.7,11101011,216.15,1920,60.4,9.27,693.6,216.51,4.3,1.56, , 
,217.96,1920,85.5,0.0,11101011,217.24,1920,63.5,9.27,734.4,217.59,6.6,1.48, , 
,219.04,1920,85.5,3.1,11101011,218.33,1920,44.3,6.18,520.2,218.69,2.7,1.60, , 
,220.13,1888,85.5,4.7,11101011,219.40,1888,45.9,6.18,550.8,219.77,4.3,1.56, , 
,221.21,1888,85.5,6.3,11101011,220.49,1888,47.1,6.18,571.2,220.85,5.5,1.48, , 
,222.33,1920,85.5,5.9,11101011,221.57,1920,48.6,7.21,571.2,221.95,6.3,1.45, , 
,223.43,1920,85.5,5.9,11101011,222.68,1920,47.1,6.18,571.2,223.06,5.5,1.45, , 
,224.54,1920,85.5,5.5,11101011,223.80,1920,48.6,7.21,571.2,224.17,5.5,1.52, , 
,225.66,1952,87.0,5.1,11101011,224.93,1952,47.1,6.18,571.2,225.29,5.5,1.52, , 
,226.73,1984,87.0,5.1,11101011,226.02,1952,45.9,6.18,550.8,226.38,4.7,1.48, , 
,227.81,1984,87.0,3.5,11101011,227.09,1984,41.2,6.18,520.2,227.46,3.9,1.45, , 
,228.91,1984,87.0,0.8,11101011,228.18,1984,25.1,3.09,336.6,228.54,2.0,1.45, , 
,229.95,1952,87.0,-0.4,11101011,229.25,1952,25.1,3.09,336.6,229.60,0.0,1.48, , 
,231.03,1952,87.0,-0.4,11101011,230.32,1952,25.1,3.09,357.0,230.67,0.0,1.52, , 
,232.13,1952,85.5,2.3,11101011,231.40,1952,29.4,4.12,377.4,231.77,2.0,1.52, , 
,233.21,1952,87.0,1.6,11101011,232.49,1952,31.0,4.12,397.8,232.84,2.0,1.48, , 
,234.29,1952,87.0,2.0,11101011,233.57,1952,29.4,4.12,397.8,233.94,2.0,1.48, , 
,235.38,1952,87.0,5.1,11101011,234.66,1952,31.0,4.12,397.8,235.01,1.6,1.48, , 
,236.45,1952,87.0,8.2,11101011,235.73,1952,36.9,5.15,459.0,236.10,7.4,1.52, , 
,237.55,1952,87.0,8.6,11101011,236.82,1952,35.3,5.15,438.6,237.18,8.6,1.48, , 
,238.66,1952,87.0,8.6,11101011,237.91,1952,36.9,5.15,459.0,238.28,8.6,1.48, , 
,239.73,1984,87.0,8.2,11101011,239.01,1984,36.9,5.15,459.0,239.38,8.2,1.45, , 
,240.81,1984,87.0,7.8,11101001,240.11,1984,35.3,5.15,459.0,240.45,7.8,1.48, , 
,241.89,1984,87.0,5.9,11101011,241.17,1984,32.5,4.12,418.2,241.53,7.8,1.48, , 
,243.00,1984,87.0,5.1,11101011,242.26,1984,25.1,3.09,357.0,242.62,4.7,1.48, , 
,244.09,1952,87.0,4.7,11101011,243.35,1952,25.1,3.09,357.0,243.71,5.5,1.52, , 
,245.17,1952,87.0,4.7,11101011,244.45,1952,26.7,3.09,357.0,244.82,4.7,1.52, , 
,246.26,1984,87.0,5.5,11101011,245.55,1952,36.9,5.15,459.0,245.90,6.3,1.56, , 
,247.34,2016,87.0,9.0,11101001,246.64,1984,48.6,7.21,591.6,246.99,9.0,1.52, , 
,248.39,2016,87.0,6.6,11101001,247.69,2016,40.0,5.15,479.4,248.05,7.4,1.45, , 
,249.47,2016,87.0,5.5,11101001,248.76,2016,32.5,4.12,418.2,249.11,5.1,1.41, , 
,250.55,2016,87.0,3.9,11101001,249.82,2016,32.5,4.12,418.2,250.19,5.1,1.48, , 
,251.63,2016,87.0,4.7,11101001,250.92,2016,32.5,4.12,418.2,251.27,4.3,1.52, , 
,252.67,2016,87.0,3.9,11101001,251.99,2016,32.5,4.12,418.2,252.33,4.7,1.48, , 
,253.75,2016,87.0,5.1,11101001,253.03,2016,31.0,4.12,397.8,253.40,3.9,1.52, , 
,254.84,2016,87.0,4.3,11101001,254.10,2016,29.4,4.12,377.4,254.46,4.7,1.48, , 
,255.91,2016,87.0,4.3,11101001,255.20,2016,25.1,3.09,336.6,255.57,3.9,1.48, , 
,256.95,2016,87.0,3.1,11101001,256.25,2016,25.1,3.09,336.6,256.59,3.5,1.48, , 
,258.03,1952,87.0,0.8,11101011,257.31,1984,23.5,3.09,336.6,257.67,2.7,1.48, , 
,259.11,1952,87.0,-0.8,11101011,258.39,1984,16.1,2.06,244.8,258.74,-1.2,1.37, , 
,260.22,1888,87.0,0.4,11101011,259.48,1920,16.1,2.06,244.8,259.84,0.4,1.56, , 
,261.31,1856,87.0,2.0,11101011,260.58,1888,17.6,2.06,275.4,260.94,1.2,1.56, , 
,262.38,1856,87.0,5.5,11101011,261.69,1888,22.0,3.09,316.2,262.05,4.7,1.56, , 
,263.52,1856,87.0,6.3,11101011,262.76,1856,26.7,3.09,357.0,263.16,6.3,1.45, , 
,264.61,1856,87.0,5.9,11101011,263.87,1856,26.7,3.09,357.0,264.23,5.9,1.45, , 
,265.67,1824,85.5,6.3,11101011,264.97,1824,26.7,3.09,357.0,265.31,5.5,1.48, , 
,266.77,1824,85.5,5.9,11101011,266.02,1824,28.2,4.12,357.0,266.40,5.9,1.45, , 
,267.89,1824,87.0,5.5,11101011,267.14,1824,28.2,4.12,377.4,267.52,5.9,1.48, , 
,269.00,1824,85.5,4.7,11101011,268.27,1824,28.2,4.12,377.4,268.61,5.1,1.48, , 
,270.10,1856,87.0,5.1,11101011,269.37,1824,28.2,4.12,377.4,269.74,5.1,1.48, , 
,271.16,1856,87.0,0.0,11101011,270.46,1824,36.9,5.15,459.0,270.81,5.9,1.52, , 
,272.27,1888,85.5,4.7,11101011,271.53,1888,51.8,7.21,612.0,271.89,3.5,1.64, , 
,273.37,1920,87.0,7.8,11101011,272.63,1920,50.2,7.21,591.6,272.98,6.6,1.56, , 
,274.46,1984,85.5,9.0,11101011,273.73,1952,47.1,7.21,571.2,274.10,9.4,1.48, , 
,275.50,2016,85.5,9.4,11101001,274.80,1984,47.1,7.21,571.2,275.16,9.4,1.45, , 
,276.54,2048,85.5,9.0,11101001,275.85,2016,45.9,6.18,550.8,276.19,9.4,1.48, , 
,277.61,2080,85.5,7.8,11101001,276.90,2048,44.3,6.18,520.2,277.25,8.6,1.45, , 
,278.67,2080,85.5,7.8,11101001,277.97,2080,44.3,6.18,520.2,278.31,7.4,1.48, , 
,279.68,2112,85.5,5.5,11101001,279.02,2112,41.2,6.18,499.8,279.35,5.9,1.41, , 
,280.77,2112,85.5,4.3,11101001,280.04,2112,40.0,5.15,479.4,280.40,4.7,1.52, , 
,281.84,2144,85.5,3.9,11101001,281.11,2144,36.9,5.15,459.0,281.48,4.3,1.48, , 
,282.87,2112,85.5,0.0,11111101,282.19,2144,36.9,5.15,459.0,282.52,0.0,1.56, , 
,283.92,2080,85.5,0.0,11111101,283.21,2080,16.1,2.06,244.8,283.58,0.0,1.72, , 
,284.97,2016,85.5,0.0,11101001,284.27,2048,0.0,0.00,244.8,284.62,0.0,3.55, , 
,286.02,2016,85.5,0.0,11101001,285.31,2016,14.9,2.06,244.8,285.67,0.0,1.29, , 
,287.08,2016,85.5,0.0,11101001,286.37,2016,25.1,3.09,336.6,286.74,0.0,1.52, , 
,288.13,2048,85.5,4.7,11101001,287.43,2016,47.1,6.18,571.2,287.78,3.5,1.60, , 
,289.13,2112,85.5,7.0,11101001,288.46,2080,57.6,8.24,673.2,288.80,6.6,1.52, , 
,290.16,2144,85.5,2.3,11101001,289.48,2112,51.8,7.21,612.0,289.82,0.0,1.64, , 
,291.17,2144,85.5,3.5,11101001,290.50,2144,36.9,5.15,438.6,290.85,2.7,1.60, , 
,292.18,2144,85.5,4.3,11101001,291.52,2144,36.9,5.15,459.0,291.86,3.9,1.48, , 
,293.19,2176,85.5,3.5,11101001,292.52,2176,34.1,5.15,418.2,292.84,4.3,1.48, , 
,294.19,2176,85.5,0.4,11101001,293.53,2176,25.1,3.09,336.6,293.86,1.2,1.41, , 
,295.18,2144,85.5,-0.4,11101001,294.52,2144,20.8,3.09,295.8,294.84,0.4,1.45, , 
,296.23,2112,85.5,-0.4,11101001,295.51,2112,17.6,2.06,275.4,295.87,-1.2,1.48, , 
,297.29,2048,85.5,3.1,11101001,296.59,2112,17.6,2.06,275.4,296.93,3.5,1.52, , 
,298.34,2016,87.0,3.9,11101001,297.65,2048,19.2,2.06,275.4,298.00,3.9,1.52, , 
,299.44,1984,85.5,5.5,11101001,298.69,2016,20.8,3.09,316.2,299.06,5.5,1.48, , 
,300.53,1952,85.5,8.2,11101011,299.79,1984,25.1,3.09,336.6,300.17,6.6,1.52, , 
,301.62,1984,85.5,14.1,11101011,300.88,1952,35.3,5.15,438.6,301.26,11.3,1.56, , 
,302.72,1984,85.5,0.0,11101011,301.99,1984,47.1,7.21,571.2,302.36,0.0,1.68, , 
,303.79,1952,85.5,3.5,11101011,303.07,1952,22.0,3.09,316.2,303.44,3.5,1.56, , 
,304.87,1920,85.5,4.3,11101011,304.16,1952,22.0,3.09,316.2,304.52,3.5,1.48, , 
,305.99,1920,87.0,0.0,11101011,305.25,1920,26.7,3.09,357.0,305.62,0.0,1.56, , 
,307.09,1952,85.5,9.4,11101011,306.34,1920,45.9,6.18,550.8,306.71,7.4,1.64, , 
,308.17,1952,85.5,0.0,11101011,307.46,1952,44.3,6.18,550.8,307.81,11.7,1.56, , 
,309.27,1952,85.5,2.7,11101011,308.54,1952,25.1,3.09,357.0,308.90,3.1,1.64, , 
,310.37,1920,85.5,4.3,11101011,309.64,1920,23.5,3.09,336.6,310.00,3.9,1.52, , 
,311.47,1888,85.5,6.6,11101011,310.73,1888,25.1,3.09,336.6,311.09,5.5,1.52, , 
,312.54,1888,85.5,0.0,11101011,311.85,1888,29.4,4.12,397.8,312.19,8.6,1.56, , 
,313.62,1920,85.5,7.8,11101011,312.91,1920,50.2,6.18,591.6,313.27,6.6,1.76, , 
,314.71,1920,85.5,7.0,11101011,313.98,1920,29.4,4.12,397.8,314.35,8.6,1.52, , 
,315.80,1888,85.5,5.1,11111111,315.08,1920,20.8,3.09,295.8,315.44,6.3,1.41, , 
,316.89,1856,85.5,0.0,11111111,316.16,1888,17.6,2.06,275.4,316.52,0.0,1.60, , 
,317.92,1792,85.5,0.0,11111111,317.24,1856,0.0,0.00,295.8,317.59,0.0,3.87, , 
,318.94,1696,85.5,0.0,11111111,318.27,1760,0.0,0.00,295.8,318.60,0.0,3.95, , 
,319.94,1568,85.5,0.0,11111111,319.26,1632,0.0,0.00,316.2,319.60,0.0,3.95, , 
,321.06,1440,85.5,0.0,11111111,320.29,1536,0.0,0.00,316.2,320.75,0.0,3.98, , 
,322.03,1056,85.5,0.0,11111111,321.38,1408,0.0,0.00,336.6,321.72,0.0,3.91, , 
,322.96,992,85.5,0.0,11111111,322.36,1056,26.7,4.12,377.4,322.67,0.0,1.45, , 
,323.92,1632,85.5,0.0,11111111,323.24,1248,20.8,3.09,316.2,323.57,0.0,1.21, , 
,324.98,1600,85.5,0.0,11101011,324.28,1632,0.0,0.00,336.6,324.64,0.0,3.63, , 
,326.04,1568,85.5,4.7,11101011,325.32,1536,22.0,3.09,316.2,325.68,0.0,1.45, , 
,327.08,1536,85.5,5.5,11101011,326.38,1536,28.2,4.12,377.4,326.73,5.9,1.29, , 
,328.12,1568,85.5,7.4,11101011,327.44,1536,31.0,4.12,397.8,327.78,7.0,1.52, , 
,329.15,1600,85.5,0.0,11101011,328.46,1568,34.1,5.15,438.6,328.78,8.6,1.52, , 
,330.27,1696,85.5,9.0,11101011,329.53,1632,51.8,7.21,632.4,329.89,3.1,1.64, , 
,331.34,1760,85.5,11.3,11101011,330.62,1696,50.2,7.21,612.0,330.99,10.5,1.56, , 
,332.35,1728,85.5,0.0,11111111,331.66,1760,28.2,3.09,377.4,332.00,0.0,1.80, , 
,333.39,1664,85.5,7.8,11111111,332.68,1696,22.0,3.09,316.2,333.01,5.5,1.60, , 
,334.52,1536,85.5,11.3,11111111,333.75,1632,22.0,3.09,316.2,334.09,10.2,1.56, , 
,335.54,1280,85.5,9.4,11111111,334.89,1440,23.5,3.09,336.6,335.24,10.5,1.45, , 
,336.51,1184,85.5,9.8,11111111,335.85,1216,22.0,3.09,336.6,336.19,10.2,1.45, , 
,337.50,1120,85.5,8.6,11111111,336.83,1120,23.5,3.09,336.6,337.17,9.0,1.37, , 
,338.38,960,85.5,7.8,11111111,337.79,1056,25.1,3.09,357.0,338.09,8.2,1.45, , 
,339.40,1216,85.5,5.9,11101011,338.68,928,25.1,3.09,377.4,339.03,6.6,1.41, , 
,340.43,1344,85.5,6.6,11101011,339.73,1344,26.7,4.12,377.4,340.08,7.8,1.52, , 
,341.43,1408,85.5,3.1,11101011,340.76,1376,40.0,5.15,499.8,341.10,4.3,1.45, , 
,342.63,1472,85.5,4.3,11101011,341.75,1440,41.2,6.18,520.2,342.19,3.9,1.52, , 
,343.66,1536,85.5,4.3,11101011,342.97,1504,35.3,5.15,459.0,343.31,4.3,1.52, , 
,344.78,1504,85.5,4.3,11101011,344.01,1536,29.4,4.12,397.8,344.37,3.9,1.52, , 
,345.71,1440,85.5,0.8,11101011,345.05,1504,22.0,3.09,336.6,345.38,2.0,1.45, , 
,346.74,1408,85.5,4.7,11101011,346.06,1440,23.5,3.09,336.6,346.39,4.3,1.48, , 
,347.78,1408,85.5,6.3,11101011,347.11,1408,35.3,5.15,459.0,347.43,5.5,1.52, , 
,348.84,1408,85.5,7.4,11101011,348.14,1376,36.9,5.15,479.4,348.48,7.0,1.52, , 
,349.91,1376,85.5,7.8,11101011,349.18,1408,36.9,5.15,459.0,349.54,8.2,1.48, , 
,350.92,1376,85.5,7.0,11101011,350.25,1376,36.9,5.15,479.4,350.59,7.4,1.48, , 
,351.92,1248,85.5,4.3,11111111,351.26,1344,23.5,3.09,336.6,351.61,3.9,1.37, , 
,352.88,928,85.5,4.7,11111111,352.24,1184,22.0,3.09,336.6,352.58,5.1,1.48, , 
,353.78,864,85.5,4.3,11111111,353.18,864,25.1,3.09,377.4,353.48,4.7,1.52, , 
,354.72,896,87.0,5.1,11111111,354.09,864,28.2,3.09,397.8,354.40,4.7,1.52, , 
,355.62,992,87.0,6.6,11101011,355.02,896,28.2,3.09,397.8,355.29,6.3,1.56, , 
,356.50,992,85.5,0.0,11101011,355.90,896,35.3,5.15,459.0,356.21,0.0,1.68, , 
,357.45,1184,85.5,4.3,11101011,356.81,1056,38.4,5.15,499.8,357.13,3.5,1.60, , 
,358.47,1408,87.0,2.7,11101011,357.76,1248,41.2,6.18,520.2,358.13,1.6,1.48, , 
,359.66,1472,87.0,5.1,11101011,358.91,1472,36.9,5.15,459.0,359.24,3.5,1.56, , 
,360.72,1312,87.0,0.8,11101011,360.01,1408,22.0,3.09,336.6,360.37,0.8,1.37, , 
,361.72,1184,87.0,0.8,11101011,361.03,1248,22.0,3.09,336.6,361.34,1.2,1.45, , 
,362.70,1152,87.0,2.7,10101011,362.03,1152,26.7,3.09,377.4,362.36,1.2,1.52, , 
,363.67,1312,87.0,4.7,10101011,363.02,1184,38.4,5.15,479.4,363.34,5.1,1.52, , 
,364.73,1408,87.0,0.0,10111111,364.01,1344,41.2,6.18,520.2,364.42,0.0,1.48, , 
,365.58,1024,87.0,0.0,10111111,365.00,992,25.1,3.09,357.0,365.28,0.0,2.62, , 
,366.53,832,87.0,0.0,10111111,365.92,992,23.5,3.09,357.0,366.24,0.0,1.56, , 
,367.60,1632,87.0,0.0,10101011,366.86,832,40.0,6.18,479.4,367.25,0.0,1.09, , 
,368.51,1152,87.0,0.0,10111111,367.94,1600,54.5,7.21,673.2,368.22,0.0,1.68, , 
,369.46,1088,87.0,0.0,10111111,368.85,1088,26.7,4.12,377.4,369.17,0.0,1.88, , 
,370.33,672,87.0,0.0,10111111,369.77,928,19.2,3.09,316.2,370.05,0.0,1.17, , 
,371.25,768,87.0,0.0,10111111,370.63,768,31.0,4.12,438.6,370.93,0.0,1.25, , 
,372.15,800,87.0,2.0,10111111,371.54,768,28.2,3.09,418.2,371.86,0.4,1.52, , 
,373.06,768,87.0,5.1,10111111,372.45,800,28.2,4.12,418.2,372.75,5.1,1.60, , 
,373.99,768,87.0,3.1,10111111,373.37,768,25.1,3.09,397.8,373.68,3.9,1.33, , 
,374.89,768,87.0,2.3,10111111,374.29,768,28.2,3.09,418.2,374.59,2.0,1.45, , 
,375.80,768,87.0,3.1,10111111,375.20,768,26.7,3.09,397.8,375.50,2.7,1.52, , 
,376.69,800,87.0,3.9,10111111,376.09,768,28.2,3.09,418.2,376.39,3.5,1.52, , 
,377.61,800,87.0,4.3,10111111,377.00,768,28.2,4.12,418.2,377.30,3.9,1.52, , 
,378.53,800,87.0,3.5,10111111,377.93,800,26.7,3.09,397.8,378.23,3.9,1.45, , 
,379.42,800,87.0,3.5,10111111,378.83,800,26.7,3.09,397.8,379.12,3.5,1.48, , 
,380.33,800,87.0,3.5,10111111,379.73,800,28.2,4.12,418.2,380.03,3.5,1.52, , 
,381.24,800,87.0,3.5,10111111,380.62,800,28.2,4.12,418.2,380.94,3.5,1.48, , 
,382.17,768,87.0,3.1,10111111,381.56,768,28.2,4.12,418.2,381.87,3.1,1.52, , 
,383.08,768,87.0,3.5,10111111,382.47,800,28.2,4.12,418.2,382.78,3.5,1.52, , 
,383.98,768,87.0,3.9,10111111,383.38,800,28.2,4.12,418.2,383.68,3.9,1.52, , 
,384.87,768,87.0,3.5,10111111,384.27,800,26.7,3.09,397.8,384.57,3.9,1.48, , 
,385.77,768,87.0,3.5,10111111,385.17,800,28.2,4.12,418.2,385.46,3.5,1.48, , 
,386.65,800,87.0,2.7,10111111,386.06,800,28.2,4.12,418.2,386.36,2.7,1.48, , 
,387.57,768,87.0,3.1,10111111,386.97,768,28.2,4.12,418.2,387.27,2.7,1.52, , 
,388.46,800,87.0,3.5,10111111,387.86,800,28.2,4.12,418.2,388.16,3.5,1.52, , 
,389.35,800,88.5,3.5,10111111,388.75,768,28.2,4.12,418.2,389.05,3.5,1.52, , 
,390.23,768,88.5,3.5,10111111,389.64,800,26.7,3.09,397.8,389.94,3.5,1.48, , 
,391.15,800,88.5,3.9,10111111,390.54,768,26.7,3.09,397.8,390.85,3.9,1.52, , 
,392.04,768,88.5,3.9,10111111,391.44,800,28.2,4.12,418.2,391.74,4.3,1.52, , 
,392.97,768,88.5,3.9,10111111,392.35,768,26.7,3.09,397.8,392.67,3.9,1.48, , 
,393.85,800,88.5,3.5,10111111,393.27,768,28.2,3.09,418.2,393.57,3.5,1.52, , 
,394.78,768,88.5,3.1,10111111,394.17,768,26.7,3.09,397.8,394.48,3.1,1.48, , 
,395.67,768,88.5,3.5,10111111,395.08,768,26.7,3.09,397.8,395.37,3.5,1.52, , 
,396.57,768,88.5,3.5,10111111,395.98,768,26.7,4.12,397.8,396.29,3.5,1.52, , 
,397.48,768,88.5,3.5,10111111,396.88,800,26.7,3.09,397.8,397.17,3.5,1.48, , 
,398.36,768,88.5,3.9,10111111,397.78,768,26.7,3.09,397.8,398.07,3.9,1.52, , 
