Niedziela,27,Wrzesieñ,2026,17:12:58:00009-VCID:1C3761778CABCE7337-5178,Wersja VCDS: AKP 23.3.1,Wersja danych: 20230601 DS346.2
047 906 033 L,,1.4l SIMOS3PA   00HS5401,

,Grupa A:,'001,,,,Grupa B:,'002,,,,Grupa C:,'032
,,Obroty silnika,Temperatura,Lambda,Bity binarnie,,Obroty silnika,Obci¹¿enie,Czas wtrysku,Ciœnienie rzecz.,,Lambda,Lambda, , 
,CZAS,,,,,CZAS,,,,,CZAS,,,,
Znacznik,ZAPISU, /min,*C, %,,ZAPISU, /min, %, ms, mbar,ZAPISU, %, %,,
,0.30,800,96.0,21.5,10111111,0.60,800,28.2,4.12,418.2,0.01,0.8,0.0, , 
,1.20,800,96.0,21.5,10111111,1.50,800,28.2,4.12,418.2,0.91,0.8,0.0, , 
,2.10,768,96.0,21.1,10111111,2.40,768,28.2,4.12,418.2,1.79,0.8,0.0, , 
,3.00,800,96.0,21.5,10111111,3.29,768,28.2,4.12,418.2,2.71,0.8,0.0, , 
,3.89,800,96.0,21.5,10111111,4.17,800,28.2,4.12,418.2,3.59,0.8,0.0, , 
,4.76,768,97.5,21.9,10111111,5.07,800,28.2,4.12,418.2,4.46,0.8,0.0, , 
,5.66,768,97.5,21.5,10111111,5.95,768,28.2,4.12,418.2,5.36,0.8,0.0, , 
,6.55,768,97.5,21.1,10111111,6.83,800,28.2,4.12,418.2,6.25,0.8,0.0, , 
,7.41,800,97.5,21.5,10111111,7.70,768,28.2,4.12,418.2,7.12,0.8,0.0, , 
,8.31,800,97.5,21.9,10111111,8.62,800,28.2,4.12,418.2,8.00,0.8,0.0, , 
,9.21,800,97.5,22.3,10111111,9.51,800,28.2,4.12,418.2,8.91,0.8,0.0, , 
,10.13,800,97.5,22.7,10111111,10.43,800,28.2,4.12,418.2,9.84,0.8,0.0, , 
,11.05,768,97.5,22.3,10111111,11.35,800,28.2,4.12,418.2,10.74,0.8,0.0, , 
,11.95,800,97.5,19.9,10111111,12.25,800,28.2,4.12,418.2,11.65,0.8,0.0, , 
,12.85,800,97.5,19.9,10111111,13.15,768,28.2,4.12,418.2,12.55,0.8,0.0, , 
,13.76,800,97.5,19.1,10111111,14.07,800,28.2,4.12,418.2,13.45,0.8,0.0, , 
,14.67,800,97.5,19.1,10111111,14.98,800,28.2,4.12,418.2,14.37,0.8,0.0, , 
,15.58,832,97.5,23.0,10101011,15.90,992,42.7,5.15,520.2,15.28,0.8,0.0, , 
,16.56,1344,97.5,0.0,10101011,16.89,1216,42.7,5.15,550.8,16.22,0.0,0.0, , 
,17.50,1088,97.5,11.3,10101011,17.82,1120,44.3,6.18,571.2,17.21,0.0,0.0, , 
,18.43,1536,97.5,13.3,10101011,18.77,1408,32.5,4.12,438.6,18.11,0.0,0.0, , 
,19.44,1408,97.5,0.0,10101011,19.77,2208,59.2,7.21,693.6,19.08,0.0,0.0, , 
,20.47,2176,96.0,10.5,10101001,20.81,1920,29.4,3.09,397.8,20.11,0.0,0.4, , 
,21.45,864,96.0,7.8,10111111,21.75,800,26.7,3.09,397.8,21.15,0.8,0.0, , 
,22.38,768,96.0,0.0,10101011,22.72,1088,47.1,6.18,591.6,22.06,0.8,0.0, , 
,23.39,1216,94.5,7.0,10101011,23.71,1024,51.8,7.21,652.8,23.07,0.0,0.0, , 
,24.36,896,94.5,12.5,10101011,24.67,1152,36.9,3.09,499.8,24.02,0.0,0.0, , 
,25.26,960,94.5,0.0,10101011,25.57,800,26.7,3.09,397.8,24.95,0.8,0.0, , 
,26.16,832,94.5,11.7,10101011,26.46,864,44.3,6.18,550.8,25.86,0.8,0.0, , 
,27.10,1088,94.5,0.0,10101011,27.44,1024,53.3,7.21,652.8,26.78,0.0,0.0, , 
,28.03,1024,94.5,7.8,10101011,28.35,1056,54.5,7.21,673.2,27.71,0.0,0.0, , 
,28.94,992,94.5,11.3,10101011,29.29,1216,44.3,4.12,591.6,28.62,0.0,0.0, , 
,29.92,1408,94.5,0.0,10111111,30.24,1248,23.5,3.09,336.6,29.60,0.0,0.0, , 
,30.82,992,94.5,3.1,10111111,31.13,800,44.3,7.21,479.4,30.53,0.8,0.0, , 
,31.82,1792,94.5,0.0,10101011,32.18,1856,62.0,8.24,714.0,31.47,0.0,0.0, , 
,32.91,1536,94.5,0.0,10101011,33.23,1664,73.7,10.30,867.0,32.53,0.0,0.4, , 
,33.92,2240,94.5,0.0,10101001,34.26,2496,59.2,7.21,693.6,33.58,0.0,0.4, , 
,34.97,1984,94.5,0.0,10111111,35.34,1472,22.0,3.09,316.2,34.62,0.0,0.4, , 
,36.01,1568,94.5,0.0,10101011,36.40,1600,51.8,7.21,632.4,35.66,0.0,0.4, , 
,37.12,1792,94.5,0.0,10101011,37.48,1888,57.6,8.24,693.6,36.78,0.0,0.4, , 
,38.19,2048,93.0,17.2,10101001,38.54,2144,50.2,7.21,612.0,37.84,0.0,0.4, , 
,39.22,2272,93.0,28.1,10101001,39.54,2368,56.1,9.27,652.8,38.89,0.0,0.4, , 
,40.20,2528,93.0,30.1,10101001,40.53,2624,59.2,9.27,673.2,39.86,0.0,0.4, , 
,41.19,2240,93.0,0.0,10111101,41.50,1728,0.0,0.00,295.8,40.84,0.0,0.4, , 
,42.20,1728,93.0,0.0,10101011,42.57,1760,23.5,3.09,336.6,41.86,0.8,0.0, , 
,43.28,1824,93.0,3.9,10101011,43.65,1824,45.9,6.18,571.2,42.91,0.0,0.4, , 
,44.39,1856,93.0,15.6,10101011,44.74,1888,45.9,6.18,550.8,44.03,0.0,0.4, , 
,45.45,1952,93.0,27.0,10101011,45.81,1984,45.9,7.21,571.2,45.10,0.0,0.4, , 
,46.54,2016,93.0,30.9,10101001,46.89,2048,47.1,7.21,571.2,46.17,0.0,0.4, , 
,47.58,2080,93.0,30.1,10101001,47.93,2080,54.5,9.27,652.8,47.23,0.0,0.4, , 
,48.61,2144,93.0,31.3,10101001,48.94,2176,54.5,9.27,652.8,48.27,0.0,0.4, , 
,49.60,2240,93.0,30.5,11101001,49.93,2272,51.8,8.24,612.0,49.28,0.0,0.4, , 
,50.58,2304,93.0,30.9,11101001,50.91,2336,51.8,8.24,612.0,50.25,0.0,0.4, , 
,51.59,2368,93.0,30.1,11101001,51.95,2400,51.8,8.24,612.0,51.23,0.0,0.4, , 
,52.67,2432,93.0,29.3,11101001,53.01,2464,57.6,9.27,652.8,52.31,0.0,0.4, , 
,53.73,2496,93.0,25.8,11101001,54.06,2528,50.2,8.24,591.6,53.37,0.0,0.4, , 
,54.74,2560,93.0,28.9,11101001,55.08,2560,53.3,9.27,612.0,54.40,0.0,0.4, , 
,55.75,2624,94.5,19.9,11101001,56.07,2656,67.8,12.36,775.2,55.42,0.0,0.4, , 
,56.77,2080,93.0,0.0,11111101,57.07,1536,0.0,0.00,316.2,56.42,0.0,0.4, , 
,57.71,1440,93.0,0.0,11111111,58.06,1888,0.0,0.00,295.8,57.39,0.8,0.0, , 
,58.74,1856,93.0,0.0,11101011,59.10,1856,17.6,3.09,275.4,58.41,0.0,0.4, , 
,59.82,1824,93.0,0.0,11101011,60.18,1824,28.2,4.12,377.4,59.44,0.0,0.4, , 
,60.90,1792,93.0,10.5,11101011,61.28,1792,38.4,6.18,479.4,60.53,0.0,0.4, , 
,62.03,1824,94.5,19.9,11101011,62.40,1824,47.1,7.21,571.2,61.65,0.0,0.4, , 
,63.15,1824,93.0,27.7,11101011,63.53,1856,44.3,7.21,550.8,62.76,0.0,0.4, , 
,64.28,1856,93.0,28.1,11101011,64.66,1888,42.7,7.21,520.2,63.91,0.0,0.4, , 
,65.36,1888,94.5,25.0,11101011,65.74,1888,32.5,5.15,418.2,65.00,0.0,0.4, , 
,66.46,1920,93.0,17.6,11101011,66.82,1920,32.5,5.15,418.2,66.10,0.0,0.4, , 
,67.57,1920,93.0,13.7,11101011,67.93,1920,32.5,5.15,418.2,67.20,0.0,0.4, , 
,68.68,1920,93.0,12.5,11101011,69.05,1920,26.7,4.12,377.4,68.31,0.0,0.4, , 
,69.77,1888,93.0,9.8,11111111,70.12,1888,17.6,2.06,275.4,69.41,0.0,0.4, , 
,70.83,1856,93.0,0.0,11111111,71.17,1856,0.0,0.00,295.8,70.47,0.0,0.4, , 
,71.86,1824,93.0,0.0,11111111,72.20,1792,0.0,0.00,295.8,71.51,0.0,0.4, , 
,72.94,1760,93.0,0.0,11111111,73.28,1760,0.0,0.00,295.8,72.59,0.0,0.4, , 
,73.99,1728,91.5,0.0,11111111,74.35,1728,0.0,0.00,316.2,73.64,0.8,0.4, , 
,75.02,1696,91.5,0.0,11111111,75.35,1696,0.0,0.00,316.2,74.68,0.8,0.4, , 
,76.04,1664,91.5,0.0,11111111,76.39,1664,0.0,0.00,316.2,75.70,0.0,0.4, , 
,77.11,1632,91.5,0.0,11111111,77.44,1632,22.0,3.09,316.2,76.75,0.0,0.4, , 
,78.16,1632,91.5,0.0,11101011,78.50,1600,20.8,3.09,316.2,77.81,0.8,0.4, , 
,79.26,1632,91.5,4.7,11101011,79.62,1600,20.8,3.09,316.2,78.88,0.8,0.4, , 
,80.35,1600,91.5,8.2,11101011,80.71,1600,20.8,3.09,316.2,79.98,0.8,0.4, , 
,81.38,1600,91.5,10.2,11111111,81.73,1600,22.0,3.09,316.2,81.06,0.8,0.4, , 
,82.44,1568,91.5,14.1,11111111,82.81,1568,22.0,3.09,316.2,82.09,0.0,0.4, , 
,83.50,1536,91.5,15.6,11111111,83.85,1536,22.0,3.09,316.2,83.15,0.8,0.4, , 
,84.48,1504,91.5,16.0,11111111,84.79,1504,22.0,3.09,316.2,84.18,0.8,0.4, , 
,85.69,1472,91.5,15.6,11111111,85.96,1472,22.0,3.09,336.6,85.25,0.8,0.4, , 
,86.67,1440,91.5,15.2,11111111,87.01,1440,22.0,3.09,336.6,86.32,0.8,0.0, , 
,87.70,1408,91.5,13.7,11111111,88.03,1408,22.0,3.09,336.6,87.37,0.8,0.0, , 
,88.70,1376,90.0,14.1,11111111,89.04,1376,22.0,3.09,336.6,88.36,0.8,0.0, , 
,89.71,1376,91.5,13.7,11111111,90.03,1344,23.5,3.09,336.6,89.37,0.8,0.0, , 
,90.67,1344,90.0,14.1,10101011,90.98,1344,26.7,4.12,377.4,90.34,0.8,0.0, , 
,91.65,1312,90.0,19.5,10101011,91.99,1312,31.0,5.15,418.2,91.33,0.0,0.0, , 
,92.64,1344,90.0,19.5,10101011,92.99,1344,29.4,5.15,397.8,92.30,0.0,0.0, , 
,93.65,1344,90.0,21.1,10101011,93.97,1344,35.3,6.18,459.0,93.32,0.0,0.0, , 
,94.65,1344,91.5,21.5,10101011,94.98,1344,40.0,6.18,499.8,94.28,0.0,0.0, , 
,95.65,1344,90.0,16.0,10101011,95.99,1344,45.9,7.21,591.6,95.32,0.0,0.0, , 
,96.71,1376,90.0,18.0,10101011,97.04,1376,44.3,7.21,571.2,96.32,0.0,0.0, , 
,97.71,1376,90.0,16.4,10101011,98.07,1376,40.0,6.18,499.8,97.38,0.0,0.0, , 
,98.73,1376,90.0,16.4,10101011,99.10,1376,36.9,6.18,479.4,98.39,0.0,0.0, , 
,99.78,1376,90.0,15.2,10101011,100.10,1376,25.1,4.12,357.0,99.43,0.0,0.0, , 
,100.81,1376,90.0,7.8,10101011,101.13,1376,20.8,3.09,316.2,100.44,0.8,0.0, , 
,101.83,1376,90.0,6.3,10101011,102.14,1376,22.0,3.09,316.2,101.48,0.8,0.0, , 
,102.80,1344,90.0,5.5,10101011,103.12,1344,22.0,3.09,336.6,102.46,0.8,0.0, , 
,103.77,1344,90.0,5.9,10101011,104.12,1344,22.0,3.09,336.6,103.44,0.8,0.0, , 
,104.79,1344,90.0,9.0,10111111,105.15,1312,22.0,3.09,336.6,104.46,0.8,0.0, , 
,105.77,1312,90.0,9.4,10111111,106.10,1312,22.0,3.09,336.6,105.47,0.8,0.0, , 
,106.78,1312,90.0,10.9,10101011,107.11,1280,22.0,3.09,336.6,106.45,0.8,0.0, , 
,107.73,1280,90.0,10.9,10101011,108.08,1280,22.0,3.09,336.6,107.41,0.8,0.0, , 
,108.70,1280,90.0,9.8,10111111,108.99,1280,22.0,3.09,336.6,108.41,0.8,0.0, , 
,109.67,1280,90.0,9.4,10101011,110.01,1248,23.5,3.09,336.6,109.34,0.8,0.0, , 
,110.70,1248,90.0,13.3,10101011,111.03,1280,42.7,7.21,550.8,110.35,0.8,0.0, , 
,111.68,1408,90.0,0.0,10111111,112.00,1024,26.7,3.09,377.4,111.39,0.0,0.0, , 
,112.71,1632,90.0,0.0,10101011,113.05,1696,51.8,8.24,591.6,112.35,0.0,0.4, , 
,113.75,1760,90.0,0.0,10101011,114.12,1792,73.7,11.33,846.6,113.41,0.0,0.4, , 
,114.86,1888,88.5,4.3,10101011,115.24,1952,87.1,14.42,989.4,114.49,0.0,0.4, , 
,115.94,2048,88.5,0.0,11101001,116.29,2112,88.6,14.42,989.4,115.59,0.0,0.4, , 
,116.95,2240,88.5,-2.3,11101001,117.28,2304,88.6,14.42,989.4,116.63,0.0,0.4, , 
,118.00,2432,88.5,0.4,11101001,118.35,2496,88.6,14.42,989.4,117.66,0.0,0.4, , 
,119.03,2624,88.5,0.0,11101001,119.35,2368,0.0,0.00,295.8,118.68,0.0,0.4, , 
,120.08,1952,88.5,0.0,11101011,120.45,1952,78.4,13.39,887.4,119.71,0.0,0.4, , 
,121.17,2016,88.5,0.0,11101001,121.51,2016,88.6,14.42,989.4,120.81,0.0,0.4, , 
,122.19,2048,88.5,-3.9,11101001,122.54,2048,88.6,13.39,989.4,121.86,0.0,0.4, , 
,123.25,2112,88.5,-3.5,11101001,123.59,2112,88.6,13.39,989.4,122.90,0.0,0.4, , 
,124.29,2176,88.5,-2.7,11101001,124.64,2208,88.6,13.39,989.4,123.95,0.0,0.4, , 
,125.32,2240,88.5,-2.3,11101001,125.65,2272,88.6,15.45,989.4,124.98,0.0,0.4, , 
,126.34,2304,88.5,-0.4,11101001,126.70,2336,88.6,14.42,989.4,125.99,0.0,0.4, , 
,127.39,2400,88.5,-0.4,11101001,127.73,2432,81.2,12.36,907.8,127.03,0.0,0.4, , 
,128.43,2432,88.5,0.0,11101001,128.77,2432,48.6,6.18,571.2,128.09,0.0,0.4, , 
,129.43,2432,88.5,0.0,11111101,129.77,2432,19.2,2.06,295.8,129.10,0.0,0.4, , 
,130.44,2368,88.5,0.0,11111101,130.75,2368,0.0,0.00,244.8,130.10,0.0,0.4, , 
,131.41,2304,88.5,0.0,11111101,131.72,2240,0.0,0.00,244.8,131.07,0.0,0.4, , 
,132.37,2144,88.5,0.0,11111101,132.72,2080,0.0,0.00,244.8,132.04,0.0,0.4, , 
,133.41,2016,88.5,0.0,11111101,133.75,2016,14.9,2.06,244.8,133.07,0.0,0.4, , 
,134.48,1920,88.5,0.0,11101011,134.85,1952,29.4,4.12,397.8,134.12,0.0,0.4, , 
,135.56,1920,88.5,7.4,11101011,135.93,1920,41.2,6.18,499.8,135.20,0.0,0.4, , 
,136.67,1920,88.5,16.0,11101011,137.03,1920,26.7,4.12,377.4,136.30,0.0,0.4, , 
,137.76,1856,88.5,10.9,11101011,138.13,1856,16.1,2.06,244.8,137.40,0.0,0.4, , 
,138.85,1824,88.5,5.9,11111111,139.22,1824,19.2,3.09,295.8,138.48,0.0,0.4, , 
,139.88,1728,88.5,0.0,11111111,140.19,1664,0.0,0.00,336.6,139.54,0.8,0.4, , 
,140.75,1152,88.5,0.0,11111111,141.06,896,28.2,4.12,397.8,140.47,0.8,0.4, , 
,141.65,928,88.5,0.0,11111111,141.97,896,26.7,4.12,397.8,141.36,0.8,0.0, , 
,142.60,896,88.5,0.0,11111111,142.88,896,26.7,3.09,377.4,142.30,0.8,0.0, , 
,143.52,960,88.5,2.0,11111111,143.84,992,23.5,3.09,357.0,143.18,0.8,0.0, , 
,144.46,1216,88.5,6.3,11111111,144.76,928,22.0,3.09,336.6,144.15,0.8,0.0, , 
,145.35,864,88.5,12.5,11111111,145.65,864,25.1,4.12,377.4,145.05,0.8,0.0, , 
,146.27,896,88.5,12.1,11111111,146.57,928,26.7,4.12,377.4,145.96,0.8,0.0, , 
,147.32,1792,88.5,18.8,11101011,147.70,1760,42.7,6.18,520.2,146.97,0.0,0.0, , 
,148.44,1920,88.5,0.0,11101011,148.77,2016,71.0,10.30,826.2,148.07,0.0,0.4, , 
,149.45,2208,88.5,6.3,11101001,149.78,2304,69.4,10.30,775.2,149.10,0.0,0.4, , 
,150.44,2464,88.5,12.9,11101001,150.76,2560,71.0,11.33,795.6,150.11,0.0,0.4, , 
,151.44,2752,88.5,16.8,11101001,151.79,2848,76.9,13.39,867.0,151.11,0.0,0.4, , 
,152.41,2656,88.5,0.0,11111101,152.74,2144,0.0,0.00,316.2,152.07,0.0,0.4, , 
,153.46,1984,88.5,0.0,11101011,153.83,1920,36.9,5.15,438.6,153.09,0.0,0.4, , 
,154.54,1984,88.5,0.0,11101011,154.89,2016,72.2,11.33,826.2,154.18,0.0,0.4, , 
,155.56,2112,88.5,7.4,11101001,155.90,2144,73.7,11.33,846.6,155.22,0.0,0.4, , 
,156.58,2240,88.5,11.7,11101001,156.91,2272,72.2,11.33,826.2,156.25,0.0,0.4, , 
,157.61,2368,88.5,14.1,11101001,157.96,2400,73.7,12.36,826.2,157.26,0.0,0.4, , 
,158.68,2496,88.5,16.0,11101001,159.03,2528,72.2,12.36,826.2,158.33,0.0,0.4, , 
,159.69,2624,88.5,16.4,11101001,160.02,2656,71.0,12.36,795.6,159.35,0.0,0.4, , 
,160.70,2720,88.5,16.8,11101001,161.04,2752,69.4,11.33,775.2,160.36,0.0,0.4, , 
,161.72,2816,88.5,18.4,11101001,162.06,2848,0.0,0.00,571.2,161.39,0.0,0.4, , 
,162.71,1888,88.5,0.0,11111111,163.08,1568,22.0,4.12,316.2,162.39,0.0,0.4, , 
,163.78,2048,88.5,0.0,11101001,164.15,2016,20.8,3.09,295.8,163.43,0.0,0.4, , 
,164.85,1984,87.0,2.3,11101011,165.21,1952,22.0,3.09,316.2,164.50,0.0,0.4, , 
,165.95,1952,88.5,5.1,11101011,166.32,1920,34.1,4.12,418.2,165.58,0.0,0.4, , 
,167.05,1920,88.5,14.1,11101011,167.42,1920,32.5,4.12,418.2,166.69,0.0,0.4, , 
,168.13,1920,88.5,13.3,11101011,168.49,1920,25.1,4.12,357.0,167.78,0.0,0.4, , 
,169.20,1920,88.5,12.1,11101011,169.56,1920,25.1,4.12,357.0,168.85,0.0,0.4, , 
,170.30,1952,87.0,12.1,11101011,170.67,1952,25.1,3.09,336.6,169.93,0.0,0.4, , 
,171.38,1952,88.5,9.4,11101011,171.73,1952,23.5,3.09,336.6,171.03,0.0,0.4, , 
,172.46,1984,88.5,7.0,11101011,172.82,1984,23.5,3.09,336.6,172.10,0.0,0.4, , 
,173.51,1984,88.5,5.9,11101001,173.88,2016,22.0,3.09,316.2,173.16,0.0,0.4, , 
,174.58,2016,88.5,4.3,11101001,174.93,2016,22.0,3.09,316.2,174.22,0.0,0.4, , 
,175.62,2016,88.5,5.9,11101001,175.97,2016,22.0,3.09,316.2,175.28,0.0,0.4, , 
,176.69,2048,88.5,5.1,11101001,177.05,2048,22.0,3.09,316.2,176.32,0.0,0.4, , 
,177.74,1536,88.5,0.0,11111111,178.01,1088,23.5,4.12,336.6,177.39,0.0,0.4, , 
,178.64,1088,88.5,0.0,11111111,178.94,1056,23.5,4.12,357.0,178.34,0.8,0.0, , 
,179.58,928,88.5,0.0,11111111,179.89,896,23.5,3.09,357.0,179.28,0.8,0.0, , 
,180.49,864,87.0,0.0,11111111,180.78,864,26.7,3.09,397.8,180.20,0.8,0.0, , 
,181.39,864,88.5,3.5,11111111,181.70,896,26.7,3.09,397.8,181.09,0.8,0.0, , 
,182.30,896,88.5,9.0,11111111,182.59,896,26.7,4.12,397.8,182.00,0.8,0.0, , 
,183.18,896,88.5,12.9,11111111,183.50,896,26.7,4.12,397.8,182.89,0.8,0.0, , 
,184.12,896,87.0,16.4,11111111,184.47,896,26.7,4.12,397.8,183.81,0.8,0.0, , 
,185.10,896,88.5,21.5,11101011,185.44,1408,26.7,4.12,377.4,184.79,0.8,0.0, , 
,186.15,2080,88.5,27.0,11101001,186.51,1952,16.1,2.06,244.8,185.80,0.0,0.4, , 
,187.23,1952,88.5,16.4,11101011,187.61,1888,25.1,4.12,336.6,186.88,0.0,0.4, , 
,188.36,1856,88.5,23.0,11101011,188.71,1824,26.7,4.12,377.4,187.99,0.0,0.4, , 
,189.46,1792,88.5,27.0,11101011,189.84,1792,44.3,7.21,550.8,189.08,0.0,0.4, , 
,190.58,1792,87.0,28.5,11101011,190.96,1824,42.7,7.21,550.8,190.20,0.0,0.4, , 
,191.70,1856,88.5,28.1,11101011,192.06,1856,42.7,7.21,520.2,191.33,0.0,0.4, , 
,192.79,1856,87.0,26.2,11101011,193.16,1856,41.2,7.21,499.8,192.44,0.0,0.4, , 
,193.89,1888,87.0,21.5,11101011,194.26,1888,40.0,6.18,479.4,193.52,0.0,0.4, , 
,195.02,1888,87.0,14.1,11101011,195.36,1888,20.8,3.09,295.8,194.64,0.0,0.4, , 
,196.06,1856,87.0,7.4,11101011,196.44,1856,23.5,3.09,316.2,195.71,0.0,0.4, , 
,197.17,1888,87.0,7.4,11101011,197.53,1888,26.7,4.12,357.0,196.79,0.0,0.4, , 
,198.26,1888,87.0,5.5,11101011,198.64,1888,26.7,4.12,357.0,197.90,0.0,0.4, , 
,199.37,1888,87.0,5.1,11101011,199.75,1888,26.7,4.12,357.0,199.00,0.0,0.4, , 
,200.47,1888,87.0,6.3,11101011,200.83,1888,25.1,4.12,357.0,200.11,0.0,0.4, , 
,201.57,1888,87.0,8.2,11101011,201.94,1920,25.1,3.09,357.0,201.21,0.0,0.4, , 
,202.66,1920,87.0,7.4,11101011,203.00,1888,17.6,2.06,275.4,202.30,0.0,0.4, , 
,203.72,1888,87.0,0.4,11101011,204.07,1952,23.5,3.09,336.6,203.36,0.0,0.4, , 
,204.83,1952,87.0,3.9,11101011,205.21,1952,23.5,3.09,336.6,204.44,0.0,0.4, , 
,205.93,1952,87.0,5.5,11101011,206.31,1984,22.0,3.09,316.2,205.57,0.0,0.4, , 
,207.03,1984,87.0,4.3,11101011,207.39,2016,22.0,3.09,316.2,206.67,0.0,0.4, , 
,208.09,1984,87.0,4.3,11101001,208.44,2016,22.0,3.09,316.2,207.75,0.0,0.4, , 
,209.12,2016,87.0,3.9,11101001,209.48,2016,20.8,3.09,316.2,208.78,0.0,0.4, , 
,210.20,2016,87.0,4.7,11101001,210.55,2048,20.8,3.09,316.2,209.85,0.0,0.4, , 
,211.26,2048,87.0,3.9,11101001,211.63,2048,20.8,3.09,316.2,210.90,0.0,0.4, , 
,212.31,2048,87.0,4.3,11101001,212.67,2048,22.0,3.09,316.2,211.96,0.0,0.4, , 
,213.37,2016,87.0,6.3,11101001,213.74,2016,23.5,3.09,336.6,213.02,0.0,0.4, , 
,214.45,1984,87.0,9.4,11101001,214.81,1984,25.1,3.09,357.0,214.09,0.0,0.4, , 
,215.54,1952,85.5,10.5,11101011,215.90,1952,25.1,3.09,357.0,215.19,0.0,0.4, , 
,216.62,1920,87.0,12.1,11101011,216.99,1920,26.7,4.12,357.0,216.27,0.0,0.4, , 
,217.71,1920,87.0,15.2,11101011,218.08,1920,26.7,4.12,357.0,217.35,0.0,0.4, , 
,218.80,1888,87.0,16.8,11101011,219.14,1888,28.2,4.12,377.4,218.44,0.0,0.4, , 
,219.87,1920,87.0,18.4,11101011,220.25,1920,28.2,4.12,377.4,219.51,0.0,0.4, , 
,220.99,1888,87.0,19.9,11101011,221.35,1888,28.2,4.12,377.4,220.62,0.0,0.4, , 
,222.11,1920,87.0,17.2,11101011,222.47,1920,26.7,4.12,357.0,221.73,0.0,0.4, , 
,223.18,1920,87.0,16.8,11101011,223.55,1920,25.1,4.12,336.6,222.83,0.0,0.4, , 
,224.26,1920,87.0,14.1,11101011,224.62,1920,23.5,3.09,336.6,223.91,0.0,0.4, , 
,225.34,1952,87.0,12.1,11101011,225.71,1952,22.0,3.09,316.2,224.99,0.0,0.4, , 
,226.43,1952,87.0,9.8,11101011,226.80,1920,17.6,2.06,275.4,226.06,0.0,0.4, , 
,227.53,1952,87.0,3.1,11101011,227.88,1952,17.6,2.06,275.4,227.17,0.0,0.4, , 
,228.60,1952,87.0,0.0,11101011,228.97,1952,17.6,2.06,275.4,228.25,0.0,0.4, , 
,229.68,1952,87.0,-1.2,11101011,230.06,1952,17.6,2.06,275.4,229.32,0.0,0.4, , 
,230.79,1952,87.0,-0.8,11101011,231.16,1952,17.6,2.06,275.4,230.43,0.0,0.4, , 
,231.89,1952,87.0,-1.2,11101011,232.25,1952,17.6,2.06,275.4,231.51,0.0,0.4, , 
,232.95,1952,87.0,-0.8,11101011,233.32,1952,17.6,2.06,275.4,232.60,0.0,0.4, , 
,234.04,1984,85.5,-0.4,11101011,234.40,1984,17.6,2.06,275.4,233.69,0.0,0.4, , 
,235.12,1952,85.5,-0.4,11101011,235.48,1952,22.0,3.09,316.2,234.77,0.0,0.4, , 
,236.22,1952,85.5,6.6,11101011,236.58,1920,26.7,4.12,357.0,235.85,0.0,0.4, , 
,237.32,1920,87.0,14.1,11101011,237.68,1888,26.7,4.12,357.0,236.95,0.0,0.4, , 
,238.42,1888,85.5,18.4,11101011,238.80,1888,28.2,4.12,377.4,238.05,0.0,0.4, , 
,239.53,1856,85.5,19.1,11101011,239.87,1856,20.8,3.09,295.8,239.16,0.0,0.4, , 
,240.61,1824,85.5,16.0,11101011,241.00,1824,22.0,3.09,316.2,240.25,0.0,0.4, , 
,241.71,1792,85.5,14.8,11101011,242.09,1792,23.5,3.09,336.6,241.38,0.0,0.4, , 
,242.82,1760,85.5,13.7,11101011,243.19,1760,23.5,3.09,336.6,242.43,0.0,0.4, , 
,243.95,1728,85.5,14.8,11101011,244.31,1760,25.1,4.12,336.6,243.56,0.0,0.4, , 
,245.00,1728,85.5,16.0,11101011,245.35,1696,25.1,4.12,357.0,244.66,0.0,0.4, , 
,246.08,1696,85.5,17.2,11101011,246.46,1696,29.4,4.12,397.8,245.70,0.0,0.4, , 
,247.21,1696,85.5,15.6,11101011,247.57,1696,29.4,4.12,397.8,246.83,0.0,0.4, , 
,248.31,1696,85.5,15.6,11101011,248.66,1696,29.4,5.15,397.8,247.96,0.0,0.4, , 
,249.35,1728,85.5,15.6,11101011,249.70,1696,29.4,5.15,397.8,249.01,0.0,0.4, , 
,250.43,1696,85.5,14.1,11101011,250.81,1664,29.4,5.15,397.8,250.07,0.0,0.4, , 
,251.54,1696,87.0,14.1,11101011,251.90,1664,29.4,5.15,397.8,251.17,0.0,0.4, , 
,252.59,1696,85.5,14.5,11101011,252.98,1696,29.4,5.15,397.8,252.26,0.0,0.4, , 
,253.71,1696,85.5,15.6,11101011,254.06,1664,35.3,5.15,438.6,253.34,0.0,0.4, , 
,254.78,1664,85.5,17.2,11101011,255.15,1696,35.3,6.18,459.0,254.40,0.0,0.4, , 
,255.85,1696,85.5,18.4,11101011,256.20,1728,35.3,6.18,459.0,255.52,0.0,0.4, , 
,256.92,1728,85.5,19.1,11101011,257.28,1696,35.3,6.18,459.0,256.57,0.0,0.4, , 
,258.05,1696,85.5,19.1,11101011,258.41,1696,35.3,6.18,459.0,257.66,0.0,0.4, , 
,259.17,1696,85.5,19.1,11101011,259.55,1696,40.0,6.18,499.8,258.78,0.0,0.4, , 
,260.25,1728,85.5,19.9,11101011,260.61,1760,56.1,10.30,673.2,259.89,0.0,0.4, , 
,261.33,1760,85.5,18.4,11101011,261.69,1792,53.3,9.27,632.4,260.96,0.0,0.4, , 
,262.32,1120,85.5,0.0,11111111,262.65,1088,26.7,4.12,377.4,261.99,0.0,0.4, , 
,263.27,1088,85.5,0.0,11111111,263.53,1024,22.0,3.09,336.6,262.97,0.8,0.0, , 
,264.13,832,85.5,0.0,11111111,264.43,864,25.1,3.09,377.4,263.82,0.8,0.0, , 
,265.03,896,85.5,0.0,11111111,265.34,864,26.7,3.09,397.8,264.74,0.8,0.0, , 
,265.97,896,85.5,3.1,11111111,266.27,896,26.7,4.12,397.8,265.66,0.8,0.0, , 
,266.87,896,85.5,6.3,11111111,267.17,896,26.7,4.12,397.8,266.57,0.8,0.0, , 
,267.76,896,85.5,9.0,11111111,268.08,896,26.7,4.12,377.4,267.47,0.8,0.0, , 
,268.68,1024,85.5,9.8,11111111,268.99,1120,20.8,3.09,316.2,268.35,0.8,0.0, , 
,269.67,1216,85.5,16.0,11101011,270.00,1152,26.7,4.12,377.4,269.33,0.8,0.0, , 
,270.63,1248,85.5,15.6,11101011,270.95,1280,23.5,4.12,336.6,270.32,0.8,0.0, , 
,271.61,1312,85.5,13.3,11101011,271.94,1344,23.5,4.12,336.6,271.29,0.8,0.0, , 
,272.61,1440,85.5,10.2,11111111,273.02,1472,23.5,3.09,336.6,272.27,0.8,0.0, , 
,273.70,1280,87.0,9.8,11111111,274.03,1088,23.5,3.09,336.6,273.34,0.8,0.0, , 
,274.62,864,85.5,9.8,11111111,274.93,864,26.7,4.12,397.8,274.32,0.8,0.0, , 
,275.58,896,85.5,8.2,11111111,275.89,896,28.2,4.12,397.8,275.26,0.8,0.0, , 
,276.51,896,85.5,7.8,11111111,276.81,896,28.2,4.12,397.8,276.21,0.8,0.0, , 
,277.44,896,87.0,8.6,11111111,277.76,896,28.2,4.12,397.8,277.12,0.8,0.0, , 
,278.37,896,85.5,9.0,11111111,278.67,832,26.7,4.12,397.8,278.07,0.8,0.0, , 
,279.27,768,85.5,8.6,11111111,279.56,768,29.4,4.12,418.2,278.97,0.8,0.0, , 
,280.15,800,85.5,8.6,11111111,280.46,800,29.4,4.12,418.2,279.86,0.8,0.0, , 
,281.08,800,85.5,9.4,11111111,281.38,800,29.4,4.12,418.2,280.76,0.8,0.0, , 
,281.97,800,85.5,9.4,11111111,282.27,800,28.2,4.12,418.2,281.67,0.8,0.0, , 
,282.86,800,85.5,9.8,11111111,283.17,800,28.2,4.12,418.2,282.56,0.8,0.0, , 
,283.78,800,87.0,10.2,11111111,284.07,800,28.2,4.12,418.2,283.48,0.8,0.0, , 
,284.67,768,87.0,9.4,11111111,284.97,768,28.2,4.12,418.2,284.38,0.8,0.0, , 
,285.57,768,87.0,7.8,10111111,285.88,768,28.2,4.12,418.2,285.27,0.8,0.0, , 
,286.48,768,87.0,6.6,10111111,286.78,768,28.2,4.12,418.2,286.18,0.8,0.0, , 
,287.38,800,87.0,6.6,10111111,287.68,800,28.2,4.12,418.2,287.08,0.8,0.0, , 
,288.28,768,87.0,6.3,10111111,288.58,800,28.2,4.12,418.2,287.99,0.8,0.0, , 
,289.17,768,87.0,6.6,10111111,289.49,768,29.4,4.12,418.2,288.88,0.8,0.0, , 
,290.06,800,87.0,7.0,10111111,290.36,768,29.4,4.12,418.2,289.77,0.8,0.0, , 
,290.95,768,87.0,7.0,10111111,291.25,800,29.4,4.12,418.2,290.65,0.8,0.0, , 
,291.91,1152,87.0,0.0,10101011,292.22,1600,0.0,0.00,418.2,291.56,0.8,0.0, , 
,292.82,992,87.0,0.0,10111111,293.14,928,26.7,4.12,377.4,292.54,0.8,0.0, , 
,293.74,736,87.0,0.0,10111111,294.00,704,29.4,4.12,438.6,293.44,0.8,0.0, , 
,294.60,800,87.0,0.0,10111111,294.89,800,29.4,4.12,438.6,294.30,0.8,0.0, , 
,295.50,768,87.0,0.0,10111111,295.79,768,29.4,4.12,438.6,295.18,0.8,0.0, , 
,296.41,800,87.0,0.8,10111111,296.71,768,29.4,4.12,438.6,296.10,0.8,0.0, , 
,297.31,800,87.0,2.3,10111111,297.62,800,29.4,4.12,438.6,297.02,0.8,0.0, , 
,298.20,800,87.0,3.5,10111111,298.51,800,29.4,4.12,438.6,297.91,0.8,0.0, , 
,299.11,800,87.0,4.7,10111111,299.41,800,29.4,4.12,438.6,298.81,0.8,0.0, , 
,300.01,800,87.0,5.5,10111111,300.30,800,29.4,4.12,438.6,299.71,0.8,0.0, , 
,300.94,1408,87.0,0.0,10101011,301.29,2144,67.8,10.30,775.2,300.61,0.0,0.0, , 
,301.99,1696,87.0,0.0,10101011,302.33,1536,79.6,12.36,928.2,301.65,0.0,0.4, , 
,303.02,2336,87.0,0.0,10101001,303.31,2752,90.2,15.45,989.4,302.68,0.0,0.4, , 
,303.98,2112,88.5,0.0,11101001,304.36,1728,72.2,14.42,826.2,303.63,0.0,0.4, , 
,305.03,1792,88.5,0.0,11101011,305.38,1920,87.1,14.42,989.4,304.69,0.0,0.4, , 
,306.05,2176,88.5,-2.0,11101001,306.37,2304,90.2,14.42,989.4,305.71,0.0,0.4, , 
,307.05,2592,88.5,0.4,11101001,307.37,2720,90.2,15.45,989.4,306.71,0.0,0.4, , 
,308.05,2528,88.5,0.0,11111101,308.39,2016,0.0,0.00,316.2,307.71,0.0,0.4, , 
,309.06,1888,88.5,0.0,11101011,309.42,1856,17.6,3.09,275.4,308.69,0.8,0.4, , 
,310.16,1792,88.5,0.0,11101011,310.50,1760,19.2,2.06,295.8,309.78,0.0,0.4, , 
,311.19,1760,88.5,3.5,11101011,311.53,1696,26.7,4.12,357.0,310.84,0.8,0.4, , 
,312.29,1664,88.5,8.2,11101011,312.67,1664,29.4,4.12,397.8,311.90,0.0,0.4, , 
,313.39,1664,88.5,12.9,11101011,313.71,1664,36.9,6.18,479.4,313.02,0.0,0.4, , 
,314.45,1664,88.5,18.4,11101011,314.84,1664,45.9,7.21,571.2,314.07,0.0,0.4, , 
,315.58,1664,88.5,22.3,11101011,315.92,1664,41.2,7.21,499.8,315.20,0.0,0.4, , 
,316.59,1664,88.5,21.5,11101011,316.96,1664,34.1,5.15,438.6,316.25,0.0,0.4, , 
,317.71,1664,88.5,22.3,11101011,318.08,1664,44.3,7.21,550.8,317.32,0.0,0.4, , 
,318.80,1696,90.0,23.0,11101011,319.13,1728,41.2,7.21,520.2,318.43,0.0,0.4, , 
,319.88,1728,88.5,21.5,11101011,320.23,1760,34.1,5.15,438.6,319.50,0.0,0.4, , 
,320.95,1760,88.5,16.0,11101011,321.32,1760,26.7,4.12,357.0,320.58,0.0,0.4, , 
,322.05,1760,88.5,15.6,11101011,322.40,1760,20.8,3.09,316.2,321.68,0.0,0.4, , 
,323.11,1760,88.5,14.8,11101011,323.47,1760,20.8,3.09,295.8,322.74,0.8,0.4, , 
,324.24,1728,88.5,17.2,11101011,324.62,1728,20.8,3.09,295.8,323.86,0.8,0.4, , 
,325.32,1728,88.5,20.7,11101011,325.69,1728,19.2,3.09,295.8,324.98,0.8,0.4, , 
,326.38,1696,88.5,19.9,11111111,326.72,1696,22.0,3.09,316.2,326.03,0.8,0.4, , 
,327.45,1664,88.5,23.8,11111111,327.83,1664,22.0,3.09,316.2,327.07,0.0,0.4, , 
,328.51,1632,88.5,28.5,11111111,328.85,1600,22.0,3.09,316.2,328.17,0.0,0.4, , 
,329.53,1568,88.5,29.7,11111111,329.87,1568,22.0,3.09,316.2,329.19,0.8,0.4, , 
,330.57,1536,88.5,28.5,11111111,330.94,1504,22.0,4.12,316.2,330.22,0.8,0.4, , 
,331.65,1504,88.5,18.8,11111111,332.07,1472,22.0,3.09,316.2,331.20,0.8,0.4, , 
,332.80,1440,88.5,12.5,11111111,333.12,1440,22.0,3.09,336.6,332.51,0.8,0.0, , 
,333.75,1440,88.5,8.2,11101011,334.12,1440,22.0,3.09,316.2,333.44,0.8,0.0, , 
,334.81,1408,88.5,4.3,11111111,335.16,1408,23.5,3.09,336.6,334.49,0.8,0.0, , 
,335.82,1408,88.5,3.5,11111111,336.18,1408,22.0,3.09,336.6,335.46,0.8,0.0, , 
,336.86,1376,88.5,4.7,11111111,337.18,1376,23.5,3.09,336.6,336.52,0.8,0.0, , 
,337.87,1408,88.5,5.1,11101011,338.21,1376,23.5,3.09,357.0,337.52,0.8,0.0, , 
,338.85,1376,88.5,7.0,11101011,339.19,1376,25.1,4.12,357.0,338.53,0.8,0.0, , 
,339.87,1376,88.5,7.4,11101011,340.23,1408,31.0,4.12,418.2,339.53,0.8,0.0, , 
,340.95,1440,88.5,11.7,11101011,341.36,1440,29.4,4.12,397.8,340.59,0.0,0.0, , 
,341.89,1472,88.5,8.2,11101011,342.15,1504,20.8,3.09,316.2,341.62,0.8,0.0, , 
,342.85,1536,88.5,5.1,11101011,343.21,1536,22.0,3.09,336.6,342.50,0.8,0.4, , 
,343.96,1568,88.5,6.3,11101011,344.30,1568,25.1,4.12,357.0,343.60,0.8,0.4, , 
,345.03,1600,88.5,8.6,11101011,345.38,1632,25.1,4.12,357.0,344.67,0.0,0.4, , 
,346.10,1664,88.5,9.4,11101011,346.46,1664,29.4,4.12,397.8,345.74,0.0,0.4, , 
,347.18,1696,88.5,13.7,11101011,347.54,1728,31.0,5.15,397.8,346.81,0.0,0.4, , 
,348.29,1760,88.5,12.9,11101011,348.65,1792,29.4,4.12,397.8,347.91,0.0,0.4, , 
,349.38,1856,88.5,11.7,11101011,349.74,1888,44.3,7.21,550.8,349.01,0.0,0.4, , 
,350.45,1952,88.5,14.8,11101011,350.81,1984,47.1,7.21,571.2,350.10,0.0,0.4, , 
,351.51,2048,88.5,13.7,11101001,351.86,2080,47.1,7.21,571.2,351.17,0.0,0.4, , 
,352.51,2144,88.5,12.1,11101001,352.84,2176,44.3,7.21,520.2,352.19,0.0,0.4, , 
,353.52,2240,88.5,11.3,11101001,353.85,2240,32.5,5.15,397.8,353.18,0.0,0.4, , 
,354.52,2272,88.5,7.8,11101001,354.83,2304,22.0,3.09,316.2,354.18,0.0,0.4, , 
,355.49,2304,88.5,5.1,11101001,355.83,2304,20.8,3.09,295.8,355.15,0.0,0.4, , 
,356.50,2272,88.5,2.3,11101001,356.84,2272,20.8,3.09,295.8,356.17,0.0,0.4, , 
,357.47,2272,88.5,-0.4,11101001,357.80,2240,20.8,3.09,295.8,357.14,0.0,0.4, , 
,358.47,2208,88.5,-1.2,11101001,358.80,2240,20.8,3.09,295.8,358.13,0.0,0.4, , 
,359.48,2208,88.5,1.6,11101001,359.83,2208,20.8,3.09,295.8,359.14,0.0,0.4, , 
,360.48,2208,88.5,1.6,11101001,360.82,2176,20.8,3.09,295.8,360.15,0.0,0.4, , 
,361.49,2176,88.5,3.5,11101001,361.82,2176,20.8,3.09,295.8,361.16,0.0,0.4, , 
,362.49,2176,88.5,3.9,11101001,362.85,2144,20.8,3.09,295.8,362.16,0.0,0.4, , 
,363.54,2176,88.5,4.3,11101001,363.88,2176,34.1,4.12,438.6,363.18,0.0,0.4, , 
,364.56,2176,88.5,10.9,11101001,364.90,2208,35.3,5.15,438.6,364.21,0.0,0.4, , 
,365.57,2208,88.5,15.2,11101001,365.91,2240,35.3,5.15,438.6,365.23,0.0,0.4, , 
,366.60,2208,88.5,14.1,11101001,366.95,2208,17.6,2.06,275.4,366.25,0.0,0.4, , 
,367.65,2176,88.5,7.4,11101001,367.98,2176,17.6,2.06,275.4,367.29,0.0,0.4, , 
,368.69,2176,88.5,5.9,11101001,369.03,2144,31.0,4.12,397.8,368.33,0.0,0.4, , 
,369.71,2144,88.5,12.1,11101001,370.04,2176,40.0,5.15,499.8,369.37,0.0,0.4, , 
,370.72,2208,88.5,16.0,11101001,371.07,2208,36.9,5.15,459.0,370.38,0.0,0.4, , 
,371.74,2208,87.0,18.4,11101001,372.07,2240,34.1,5.15,418.2,371.41,0.0,0.4, , 
,372.77,2240,87.0,16.4,11101001,373.11,2240,32.5,5.15,418.2,372.42,0.0,0.4, , 
,373.79,2272,87.0,16.4,11101001,374.13,2272,32.5,5.15,418.2,373.46,0.0,0.4, , 
,374.80,2272,87.0,13.3,11101001,375.13,2304,34.1,5.15,418.2,374.46,0.0,0.4, , 
,375.83,2304,87.0,12.9,11101001,376.17,2304,34.1,5.15,418.2,375.48,0.0,0.4, , 
,376.85,2304,87.0,9.0,11101001,377.18,2336,32.5,5.15,397.8,376.51,0.0,0.4, , 
,377.86,2336,87.0,9.0,11101001,378.21,2336,34.1,5.15,438.6,377.53,0.0,0.4, , 
,378.93,2368,87.0,6.3,11101001,379.27,2368,34.1,5.15,418.2,378.58,0.0,0.4, , 
,379.93,2400,87.0,5.9,11101001,380.32,2400,31.0,4.12,397.8,379.61,0.0,0.4, , 
,380.99,2400,87.0,6.6,11101001,381.37,2400,28.2,4.12,357.0,380.64,0.0,0.4, , 
,382.06,2400,87.0,9.0,11101001,382.42,2400,28.2,4.12,357.0,381.71,0.0,0.4, , 
,383.09,2400,87.0,9.8,11101001,383.43,2400,28.2,4.12,357.0,382.75,0.0,0.4, , 
,384.15,2400,87.0,10.9,11101001,384.50,2400,28.2,4.12,357.0,383.79,0.0,0.4, , 
,385.18,2400,87.0,12.5,11101001,385.54,2400,28.2,4.12,357.0,384.83,0.0,0.4, , 
,386.24,2432,87.0,13.3,11101001,386.57,2432,28.2,4.12,357.0,385.88,0.0,0.4, , 
,387.28,2432,87.0,14.1,11101001,387.64,2432,28.2,4.12,377.4,386.94,0.0,0.4, , 
,388.37,2464,87.0,13.7,11101001,388.73,2464,29.4,4.12,377.4,388.02,0.0,0.4, , 
,389.43,2464,87.0,13.3,11101001,389.77,2464,29.4,4.12,377.4,389.08,0.0,0.4, , 
,390.46,2432,87.0,12.1,11101001,390.83,2432,31.0,5.15,397.8,390.11,0.0,0.4, , 
,391.59,2432,87.0,11.3,11101001,391.96,2432,32.5,5.15,418.2,391.21,0.0,0.4, , 
,392.64,2432,87.0,10.2,11101001,393.00,2432,32.5,5.15,397.8,392.30,0.0,0.4, , 
,393.67,2432,87.0,10.2,11101001,394.02,2432,32.5,5.15,397.8,393.34,0.0,0.4, , 
,394.69,2432,87.0,9.8,11101001,395.04,2432,31.0,4.12,397.8,394.35,0.0,0.4, , 
,395.76,2432,87.0,12.5,11101001,396.11,2432,31.0,4.12,397.8,395.38,0.0,0.4, , 
,396.83,2432,87.0,13.3,11101001,397.18,2432,26.7,4.12,336.6,396.45,0.0,0.4, , 
,397.86,2432,87.0,14.1,11101001,398.21,2432,25.1,4.12,336.6,397.51,0.0,0.4, , 
,398.87,2432,87.0,13.7,11111101,399.22,2016,0.0,0.00,275.4,398.54,0.0,0.4, , 
,399.84,992,87.0,0.0,11111111,400.17,1056,28.2,4.12,377.4,399.56,0.8,0.0, , 
,400.79,1088,87.0,0.0,11111111,401.14,1024,22.0,3.09,336.6,400.49,0.8,0.0, , 
,401.75,832,87.0,0.0,11111111,402.04,864,26.7,3.09,397.8,401.46,0.8,0.0, , 
,402.66,864,87.0,0.8,11111111,402.96,864,26.7,3.09,397.8,402.36,0.8,0.0, , 
,403.57,896,87.0,4.3,11111111,403.90,896,26.7,4.12,397.8,403.28,0.8,0.0, , 
,404.50,896,87.0,7.0,11111111,404.79,896,26.7,4.12,397.8,404.20,0.8,0.0, , 
,405.41,896,87.0,9.0,11111111,405.69,896,26.7,4.12,397.8,405.11,0.8,0.0, , 
,406.29,896,87.0,10.2,11111111,406.63,896,26.7,4.12,397.8,405.98,0.8,0.0, , 
,407.26,992,87.0,9.0,11111111,407.65,1184,23.5,3.09,357.0,406.94,0.8,0.0, , 
,408.35,1632,87.0,14.8,11101011,408.71,1600,28.2,4.12,377.4,407.98,0.0,0.4, , 
,409.43,1696,87.0,0.0,11101011,409.77,1760,51.8,7.21,612.0,409.08,0.0,0.4, , 
,410.52,1856,87.0,6.3,11101011,410.89,1920,50.2,8.24,612.0,410.15,0.0,0.4, , 
,411.59,2048,87.0,13.7,11101001,411.93,2048,50.2,8.24,612.0,411.24,0.0,0.4, , 
,412.61,2176,87.0,19.1,11101001,412.95,2240,47.1,8.24,571.2,412.28,0.0,0.4, , 
,413.64,2368,87.0,20.7,11101001,414.01,2432,56.1,9.27,652.8,413.30,0.0,0.4, , 
,414.71,2528,87.0,23.4,11101001,415.06,2528,0.0,0.00,357.0,414.37,0.0,0.4, , 
,415.74,1440,87.0,0.0,11111111,416.01,992,23.5,4.12,336.6,415.40,0.0,0.4, , 
,416.64,1472,87.0,0.0,11111111,416.99,1632,0.0,0.00,336.6,416.33,0.8,0.0, , 
,417.64,1600,87.0,0.0,11111111,417.99,1536,0.0,0.00,316.2,417.32,0.8,0.4, , 
,418.64,1504,87.0,0.0,11111111,418.91,1472,0.0,0.00,316.2,418.37,0.8,0.4, , 
,419.59,1408,87.0,0.0,11111111,419.92,1408,0.0,0.00,336.6,419.26,0.8,0.0, , 
,420.58,1408,87.0,0.0,11101011,420.93,1376,20.8,3.09,316.2,420.24,0.8,0.0, , 
,421.60,1344,87.0,0.0,11111111,421.91,1280,23.5,3.09,336.6,421.27,0.8,0.0, , 
,422.61,1312,87.0,0.0,11111111,422.92,1280,22.0,3.09,336.6,422.25,0.8,0.0, , 
,423.57,1280,87.0,7.0,11101011,423.92,1280,22.0,3.09,316.2,423.26,0.8,0.0, , 
,424.56,1216,87.0,8.6,11101011,424.87,1216,23.5,3.09,336.6,424.25,0.8,0.0, , 
,425.54,1184,87.0,8.6,11101011,425.84,1216,22.0,3.09,336.6,425.22,0.8,0.0, , 
,426.45,1184,87.0,6.3,11101011,426.78,1152,23.5,3.09,336.6,426.14,0.8,0.0, , 
,427.39,1120,87.0,9.4,10101011,427.72,1088,26.7,4.12,377.4,427.08,0.8,0.0, , 
,428.32,1088,87.0,9.4,10101011,428.65,1056,31.0,4.12,418.2,428.02,0.8,0.0, , 
,429.29,1024,87.0,12.5,10101011,429.60,1024,34.1,5.15,459.0,428.97,0.8,0.0, , 
,430.23,960,87.0,10.5,10101011,430.56,960,28.2,4.12,397.8,429.93,0.8,0.0, , 
,431.14,960,87.0,9.0,10101011,431.46,928,34.1,5.15,459.0,430.83,0.8,0.0, , 
,432.07,928,87.0,0.0,10101011,432.37,928,54.5,8.24,652.8,431.76,0.8,0.0, , 
,432.98,896,87.0,0.0,10101011,433.27,928,59.2,8.24,714.0,432.68,0.0,0.0, , 
,433.96,1536,87.0,0.0,10111111,434.29,1376,25.1,3.09,336.6,433.55,0.0,0.0, , 
,434.95,1248,87.0,4.3,10101011,435.28,1216,35.3,5.15,459.0,434.63,0.0,0.0, , 
,435.92,1248,87.0,9.0,10101011,436.25,1248,36.9,5.15,479.4,435.59,0.0,0.0, , 
,436.92,1248,87.0,10.9,10101011,437.26,1280,36.9,6.18,479.4,436.59,0.0,0.0, , 
,437.92,1312,87.0,12.9,10101011,438.27,1312,34.1,5.15,438.6,437.61,0.0,0.0, , 
,438.87,1344,87.0,12.5,10111111,439.20,1344,23.5,3.09,336.6,438.57,0.0,0.0, , 
,439.86,1280,87.0,6.6,10111111,440.15,1248,22.0,3.09,336.6,439.51,0.8,0.0, , 
,440.81,1216,87.0,6.3,10101011,441.12,1184,26.7,4.12,377.4,440.48,0.8,0.0, , 
,441.75,1216,87.0,8.2,10111111,442.07,1184,25.1,3.09,357.0,441.45,0.8,0.0, , 
,442.73,1152,87.0,0.0,10111111,443.05,1120,23.5,3.09,336.6,442.42,0.8,0.0, , 
,443.67,1024,87.0,3.1,10111111,443.98,1024,23.5,3.09,357.0,443.36,0.8,0.0, , 
,444.67,1024,87.0,3.9,10111111,444.95,992,23.5,3.09,357.0,444.32,0.8,0.0, , 
,445.51,992,87.0,5.5,10111111,445.82,960,22.0,3.09,336.6,445.22,0.8,0.0, , 
,446.46,928,87.0,6.3,10111111,446.78,928,23.5,3.09,357.0,446.16,0.8,0.0, , 
,447.38,896,87.0,6.3,10111111,447.69,896,23.5,3.09,357.0,447.08,0.8,0.0, , 
,448.30,864,87.0,6.6,10111111,448.61,864,26.7,4.12,377.4,448.00,0.8,0.0, , 
,449.21,864,87.0,9.4,10101011,449.51,864,29.4,4.12,418.2,448.91,0.8,0.0, , 
,450.09,832,87.0,9.8,10111111,450.39,832,29.4,4.12,418.2,449.80,0.8,0.0, , 
,450.97,832,87.0,7.4,10111111,451.27,832,31.0,4.12,438.6,450.69,0.8,0.0, , 
,451.88,832,87.0,4.7,10101011,452.16,832,32.5,4.12,459.0,451.58,0.8,0.0, , 
,452.76,864,87.0,7.0,10101011,453.08,832,32.5,4.12,459.0,452.45,0.8,0.0, , 
,453.70,864,87.0,7.4,10101011,453.99,864,34.1,5.15,459.0,453.39,0.8,0.0, , 
,454.61,896,87.0,0.0,10101011,454.90,960,50.2,7.21,632.4,454.29,0.8,0.0, , 
,455.49,1024,87.0,-2.0,10101011,455.81,1056,44.3,6.18,571.2,455.19,0.0,0.0, , 
,456.45,1152,87.0,3.5,10111111,456.77,1152,29.4,3.09,397.8,456.13,0.0,0.0, , 
,457.39,1216,87.0,2.7,10111111,457.72,1152,23.5,3.09,336.6,457.08,0.8,0.0, , 
,458.29,960,87.0,2.7,10111111,458.60,832,23.5,3.09,357.0,458.00,0.8,0.0, , 
,459.17,768,87.0,3.5,10111111,459.47,768,34.1,5.15,459.0,458.87,1.6,0.0, , 
,460.11,1344,87.0,0.0,10101011,460.43,1248,41.2,6.18,520.2,459.77,0.0,0.0, , 
,461.09,1120,87.0,3.9,10101011,461.41,1216,42.7,6.18,550.8,460.77,0.0,0.0, , 
,461.94,1472,87.0,0.0,10111111,462.27,1440,20.8,3.09,316.2,461.67,0.0,0.0, , 
,462.94,1184,87.0,2.0,10101011,463.22,1056,25.1,3.09,357.0,462.60,0.8,0.0, , 
,463.85,1216,87.0,0.0,10101011,464.12,1472,38.4,5.15,499.8,463.53,0.8,0.0, , 
,464.81,1312,87.0,5.1,10101011,465.12,1408,40.0,6.18,499.8,464.47,0.0,0.0, , 
,465.87,1600,87.0,8.2,10101011,466.21,1408,36.9,5.15,479.4,465.49,0.0,0.4, , 
,466.87,1344,87.0,11.7,10101011,467.22,1344,40.0,6.18,499.8,466.54,0.0,0.0, , 
,467.90,1568,87.0,0.0,10111111,468.20,1152,23.5,3.09,336.6,467.60,0.0,0.0, , 
,468.81,896,87.0,0.0,10111111,469.14,896,29.4,4.12,418.2,468.50,0.8,0.0, , 
,469.73,864,87.0,0.0,10111111,470.05,864,28.2,4.12,397.8,469.43,0.8,0.0, , 
,470.64,864,88.5,0.0,10111111,470.95,832,28.2,4.12,397.8,470.34,0.8,0.0, , 
,471.53,768,87.0,2.3,10111111,471.84,800,29.4,4.12,418.2,471.24,0.8,0.0, , 
,472.43,800,88.5,4.7,10111111,472.74,800,29.4,4.12,418.2,472.13,0.8,0.0, , 
,473.35,800,88.5,5.5,10111111,473.65,800,29.4,4.12,418.2,473.05,0.8,0.0, , 
,474.26,768,88.5,6.3,10111111,474.57,800,29.4,4.12,418.2,473.97,0.8,0.0, , 
,475.17,800,88.5,6.3,10111111,475.47,800,29.4,4.12,418.2,474.87,0.8,0.0, , 
,476.06,800,88.5,6.3,10111111,476.36,800,29.4,4.12,418.2,475.77,0.8,0.0, , 
,476.95,800,88.5,6.6,10111111,477.27,800,29.4,4.12,418.2,476.66,0.8,0.0, , 
,477.85,800,88.5,6.6,10111111,478.14,800,29.4,4.12,418.2,477.56,0.8,0.0, , 
,478.75,800,88.5,7.0,10111111,479.05,800,29.4,4.12,418.2,478.45,0.8,0.0, , 
,479.65,800,88.5,7.0,10111111,479.95,800,29.4,4.12,418.2,479.35,0.8,0.0, , 
,480.54,800,88.5,7.0,10111111,480.85,768,28.2,4.12,418.2,480.24,0.8,0.0, , 
,481.49,768,88.5,7.0,10111111,481.79,800,28.2,4.12,418.2,481.18,0.8,0.0, , 
,482.39,800,88.5,7.0,10111111,482.68,800,28.2,4.12,418.2,482.09,0.8,0.0, , 
,483.27,768,88.5,7.0,10111111,483.57,768,28.2,4.12,418.2,482.98,0.8,0.0, , 
,484.19,800,90.0,7.4,10111111,484.48,768,29.4,4.12,418.2,483.89,0.8,0.0, , 
,485.06,768,88.5,7.0,10111111,485.36,768,28.2,4.12,418.2,484.78,0.8,0.0, , 
,485.98,768,88.5,6.6,10111111,486.29,768,28.2,4.12,418.2,485.67,0.8,0.0, , 
,486.88,800,90.0,7.0,10111111,487.18,800,28.2,4.12,418.2,486.59,0.8,0.0, , 
,487.81,800,90.0,7.4,10111111,488.11,800,28.2,4.12,418.2,487.49,0.8,0.0, , 
,488.70,800,90.0,7.4,10111111,489.02,768,29.4,4.12,418.2,488.41,0.8,0.0, , 
,489.60,800,90.0,7.4,10111111,489.88,768,28.2,4.12,418.2,489.31,0.8,0.0, , 
,490.46,800,90.0,7.4,10111111,490.76,768,29.4,4.12,418.2,490.16,0.8,0.0, , 
,491.36,800,90.0,7.4,10111111,491.66,800,28.2,4.12,418.2,491.07,0.8,0.0, , 
,492.26,800,90.0,8.2,10111111,492.57,768,28.2,4.12,418.2,491.96,0.8,0.0, , 
,493.18,928,90.0,9.4,10101011,493.49,1120,34.1,5.15,459.0,492.87,0.8,0.0, , 
,494.12,1088,90.0,10.5,10101011,494.42,1024,34.1,5.15,438.6,493.81,0.8,0.0, , 
,494.99,928,90.0,12.1,10101011,495.28,832,35.3,5.15,479.4,494.69,0.8,0.0, , 
,495.88,736,90.0,12.5,10101011,496.17,800,45.9,7.21,591.6,495.59,0.8,0.0, , 
,496.75,864,90.0,3.9,10101011,497.03,928,38.4,5.15,499.8,496.45,0.8,0.0, , 
,497.69,1024,90.0,7.0,10101011,498.01,1088,34.1,5.15,438.6,497.37,0.8,0.0, , 
,498.63,1152,90.0,9.4,10101011,498.97,1184,28.2,4.12,397.8,498.33,0.8,0.0, , 
,499.61,1184,90.0,7.0,10111111,499.94,1184,23.5,3.09,336.6,499.30,0.8,0.0, , 
,500.53,1088,90.0,0.8,10111111,500.83,1088,23.5,3.09,357.0,500.24,0.8,0.0, , 
,501.46,992,90.0,1.2,10111111,501.73,960,26.7,3.09,377.4,501.15,0.8,0.0, , 
,502.38,896,91.5,2.0,10101011,502.69,960,26.7,3.09,377.4,502.05,0.8,0.0, , 
,503.29,960,91.5,2.0,10101011,503.65,992,28.2,4.12,397.8,503.00,0.8,0.0, , 
,504.27,992,91.5,2.0,10101011,504.58,1056,31.0,4.12,418.2,504.00,0.8,0.0, , 
,505.19,1120,91.5,7.8,10101011,505.52,1184,40.0,6.18,520.2,504.87,0.8,0.0, , 
,506.23,1376,91.5,8.2,10101011,506.60,1504,38.4,5.15,479.4,505.83,0.0,0.0, , 
,507.32,1632,90.0,9.0,10101011,507.67,1632,23.5,3.09,336.6,506.97,0.0,0.4, , 
,508.38,1632,91.5,7.8,10101011,508.73,1632,26.7,4.12,357.0,508.03,0.0,0.4, , 
,509.49,1696,91.5,8.6,10101011,509.86,1728,26.7,4.12,357.0,509.09,0.0,0.4, , 
,510.58,1760,91.5,10.5,10101011,510.95,1792,25.1,3.09,336.6,510.23,0.0,0.4, , 
,511.71,1824,91.5,10.2,10101011,512.10,1824,23.5,3.09,336.6,511.33,0.0,0.4, , 
,512.82,1824,91.5,9.8,10101011,513.22,1824,23.5,3.09,336.6,512.46,0.0,0.4, , 
,513.98,1824,91.5,7.8,10101011,514.35,1792,22.0,3.09,316.2,513.60,0.0,0.4, , 
,515.06,1728,91.5,6.6,10101011,515.44,1728,23.5,3.09,336.6,514.71,0.0,0.4, , 
,516.17,1760,91.5,7.4,10101011,516.53,1728,22.0,3.09,316.2,515.81,0.0,0.4, , 
,517.24,1696,91.5,7.4,10101011,517.56,1696,22.0,3.09,316.2,516.91,0.8,0.4, , 
,518.23,1632,91.5,6.6,10101011,518.59,1632,22.0,3.09,316.2,517.89,0.0,0.4, , 
,519.30,1568,91.5,5.1,10101011,519.63,1568,22.0,3.09,316.2,518.95,0.0,0.4, , 
,520.36,1536,91.5,3.5,10101011,520.71,1536,22.0,3.09,316.2,520.01,0.8,0.4, , 
,521.40,1504,91.5,0.8,10101011,521.71,1472,22.0,3.09,316.2,520.98,0.8,0.4, , 
,522.41,1472,91.5,0.0,10101011,522.67,1472,22.0,3.09,336.6,522.01,0.8,0.0, , 
,523.51,1504,91.5,1.6,10101011,523.85,1504,25.1,3.09,357.0,523.12,0.8,0.0, , 
,524.57,1600,91.5,5.5,10101011,524.97,1600,25.1,3.09,336.6,524.21,0.0,0.4, , 
,525.68,1632,91.5,9.0,10101011,526.05,1696,31.0,5.15,418.2,525.32,0.0,0.4, , 
,526.80,1792,91.5,14.1,10101011,527.15,1856,28.2,4.12,377.4,526.41,0.0,0.4, , 
,527.88,1952,91.5,12.1,10101011,528.20,2080,44.3,7.21,520.2,527.52,0.0,0.4, , 
,528.85,2368,91.5,0.0,10101001,529.21,2080,0.0,0.00,316.2,528.52,0.0,0.4, , 
,529.83,1152,91.5,0.0,10111111,530.12,1056,26.7,4.12,377.4,529.50,0.8,0.4, , 
,530.79,1280,91.5,0.0,10111111,531.12,1248,20.8,3.09,316.2,530.45,0.8,0.0, , 
,531.74,1216,91.5,0.0,10101011,532.07,1184,22.0,3.09,316.2,531.42,0.8,0.0, , 
,532.70,1216,91.5,5.5,10101011,533.01,1216,26.7,4.12,377.4,532.40,0.8,0.0, , 
,533.67,1216,91.5,7.0,10101011,534.01,1216,25.1,4.12,357.0,533.34,0.8,0.0, , 
,534.69,1216,91.5,9.0,10101011,535.02,1248,25.1,4.12,357.0,534.36,0.8,0.0, , 
,535.66,1248,91.5,9.8,10101011,535.95,1248,25.1,4.12,357.0,535.33,0.8,0.0, , 
,536.62,1280,91.5,10.9,10101011,536.93,1280,25.1,4.12,357.0,536.28,0.8,0.0, , 
,537.59,1280,91.5,11.3,10101011,537.91,1312,26.7,4.12,357.0,537.27,0.8,0.0, , 
,538.57,1312,91.5,13.7,10101011,538.89,1312,26.7,4.12,357.0,538.23,0.8,0.0, , 
,539.57,1312,91.5,13.3,10101011,539.89,1312,26.7,4.12,357.0,539.24,0.8,0.0, , 
,540.55,1312,91.5,12.5,10101011,540.86,1312,26.7,4.12,377.4,540.21,0.8,0.0, , 
,541.53,1344,91.5,14.5,10101011,541.87,1344,28.2,4.12,397.8,541.20,0.8,0.0, , 
,542.54,1376,91.5,14.1,10101011,542.88,1408,28.2,4.12,397.8,542.22,0.0,0.0, , 
,543.55,1408,91.5,11.3,10101011,543.88,1408,25.1,4.12,357.0,543.23,0.0,0.0, , 
,544.54,1408,91.5,6.6,10101011,544.90,1408,22.0,3.09,316.2,544.22,0.8,0.0, , 
,545.61,1376,91.5,2.7,10111111,545.96,1376,22.0,3.09,316.2,545.26,0.8,0.0, , 
,546.63,1344,91.5,3.1,10111111,546.95,1248,23.5,3.09,336.6,546.30,0.8,0.0, , 
,547.54,1024,91.5,3.9,10111111,547.86,896,25.1,3.09,377.4,547.26,0.8,0.0, , 
,548.47,864,91.5,4.7,10111111,548.76,896,29.4,4.12,418.2,548.15,0.8,0.0, , 
,549.37,864,91.5,5.5,10111111,549.69,864,31.0,4.12,438.6,549.07,0.8,0.0, , 
,550.31,896,91.5,7.0,10111111,550.61,928,29.4,4.12,418.2,550.00,0.8,0.0, , 
,551.25,1344,91.5,0.0,10101011,551.56,1344,40.0,5.15,499.8,550.93,0.8,0.0, , 
,552.17,1216,91.5,0.0,10101011,552.50,1216,23.5,3.09,336.6,551.86,0.0,0.0, , 
,553.15,1216,93.0,2.0,10101011,553.48,1216,28.2,4.12,397.8,552.82,0.8,0.0, , 
,554.15,1216,91.5,7.8,10101011,554.51,1248,31.0,4.12,418.2,553.81,0.8,0.0, , 
,555.17,1312,91.5,0.0,10101011,555.56,1376,82.7,13.39,969.0,554.86,0.0,0.0, , 
,556.25,1664,91.5,0.0,10101011,556.63,1792,87.1,14.42,989.4,555.90,0.0,0.4, , 
,557.34,2048,91.5,-4.3,10101001,557.68,2208,88.6,14.42,989.4,557.00,0.0,0.4, , 
,558.34,2464,91.5,-2.3,10101001,558.67,2560,0.0,0.00,591.6,558.01,0.0,0.4, , 
,559.43,1664,91.5,0.0,10101011,559.80,1888,87.1,15.45,989.4,559.04,0.0,0.4, , 
,560.55,1856,91.5,0.0,11101011,560.92,1952,88.6,14.42,989.4,560.17,0.0,0.4, , 
,561.63,2016,91.5,-6.3,11101001,561.98,2080,88.6,13.39,989.4,561.28,0.0,0.4, , 
,562.67,2176,91.5,-6.3,11101001,563.02,2240,0.0,0.00,867.0,562.33,0.0,0.4, , 
,563.66,1344,91.5,0.0,11111111,563.96,1024,25.1,4.12,377.4,563.34,0.0,0.4, , 
,564.58,1088,91.5,0.0,11111111,564.90,1056,22.0,3.09,336.6,564.26,0.8,0.0, , 
,565.49,928,91.5,0.0,11111111,565.79,864,23.5,3.09,377.4,565.20,0.8,0.0, , 
,566.38,896,91.5,0.0,11111111,566.66,896,25.1,3.09,377.4,566.08,0.8,0.0, , 
,567.28,864,91.5,0.8,11111111,567.59,896,26.7,3.09,377.4,566.97,0.8,0.0, , 
,568.23,896,91.5,2.3,11111111,568.55,896,26.7,3.09,377.4,567.91,0.8,0.0, , 
,569.16,896,93.0,3.9,11111111,569.46,896,25.1,3.09,377.4,568.86,0.8,0.0, , 
,570.07,896,91.5,5.5,11111111,570.39,896,25.1,4.12,377.4,569.76,0.8,0.0, , 
,571.01,896,91.5,6.3,11111111,571.33,896,25.1,3.09,377.4,570.70,0.8,0.0, , 
,571.96,896,91.5,6.6,11111111,572.27,864,25.1,3.09,377.4,571.63,0.8,0.0, , 
,572.89,896,93.0,6.6,11111111,573.18,864,25.1,3.09,377.4,572.57,0.8,0.0, , 
,573.80,896,93.0,5.1,11111111,574.10,896,25.1,3.09,377.4,573.50,0.8,0.0, , 
,574.72,864,93.0,4.3,11111111,575.01,896,25.1,3.09,377.4,574.42,0.8,0.0, , 
,575.59,896,93.0,4.7,11111111,575.88,864,25.1,3.09,377.4,575.31,0.8,0.0, , 
,576.49,864,93.0,5.1,11111111,576.79,896,26.7,4.12,377.4,576.18,0.8,0.0, , 
,577.38,864,93.0,4.7,11111111,577.69,896,25.1,4.12,377.4,577.07,0.8,0.0, , 
,578.30,896,93.0,4.3,11111111,578.60,864,26.7,4.12,397.8,577.99,0.8,0.0, , 
,579.21,896,91.5,5.9,11111111,579.51,864,26.7,4.12,397.8,578.91,0.8,0.0, , 
,580.11,896,93.0,6.6,11111111,580.42,896,28.2,4.12,397.8,579.81,0.8,0.0, , 
,581.07,1280,93.0,8.6,11101011,581.39,1152,38.4,6.18,499.8,580.75,0.8,0.0, , 
,582.05,1280,91.5,13.3,11111111,582.38,1408,22.0,3.09,336.6,581.72,0.0,0.0, , 
,583.02,1440,91.5,9.8,11111111,583.34,1344,22.0,3.09,336.6,582.69,0.8,0.0, , 
,583.94,896,91.5,7.4,11111111,584.27,736,25.1,4.12,397.8,583.64,0.8,0.0, , 
,584.87,1056,91.5,0.0,11101011,585.20,1248,42.7,6.18,550.8,584.57,0.8,0.0, , 
,585.85,928,91.5,3.5,11101011,586.16,832,51.8,8.24,652.8,585.55,0.0,0.0, , 
,586.81,864,91.5,-0.4,11101011,587.11,928,51.8,7.21,652.8,586.50,0.0,0.0, , 
,587.75,1280,91.5,0.0,11111111,588.08,1216,23.5,3.09,336.6,587.44,0.0,0.0, , 
,588.70,832,91.5,1.6,10111111,589.01,832,26.7,3.09,397.8,588.40,0.8,0.0, , 
,589.67,1664,91.5,0.0,11101011,590.02,1664,59.2,9.27,693.6,589.31,0.0,0.0, , 
,590.71,1440,91.5,3.5,11101011,591.07,1184,59.2,9.27,714.0,590.36,0.0,0.4, , 
,591.80,1600,91.5,7.0,11101011,592.18,1760,48.6,7.21,591.6,591.46,0.0,0.0, , 
,592.83,1184,91.5,0.0,11111111,593.14,1024,26.7,4.12,377.4,592.53,0.0,0.4, , 
,593.75,1120,91.5,0.0,11111111,594.06,1056,22.0,3.09,336.6,593.44,0.8,0.0, , 
,594.67,832,91.5,0.0,10111111,594.97,768,28.2,4.12,397.8,594.37,0.8,0.0, , 
,595.59,928,91.5,0.0,10111111,595.90,896,26.7,3.09,397.8,595.28,0.8,0.0, , 
,596.48,864,91.5,-1.2,10111111,596.79,864,26.7,3.09,397.8,596.19,0.8,0.0, , 
,597.40,864,91.5,0.0,10111111,597.70,832,26.7,3.09,397.8,597.09,0.8,0.0, , 
,598.29,768,93.0,1.2,10111111,598.60,768,28.2,4.12,418.2,597.99,0.8,0.0, , 
,599.20,800,93.0,2.7,10111111,599.50,800,28.2,4.12,418.2,598.90,0.8,0.0, , 
,600.09,800,93.0,3.9,10111111,600.39,800,28.2,4.12,418.2,599.79,0.8,0.0, , 
,600.99,800,93.0,5.1,10111111,601.31,800,28.2,4.12,418.2,600.68,0.8,0.0, , 
,601.91,800,93.0,5.5,10111111,602.20,800,28.2,4.12,418.2,601.61,0.8,0.0, , 
,602.81,800,93.0,5.9,10111111,603.10,800,26.7,4.12,418.2,602.52,0.8,0.0, , 
,603.71,800,93.0,4.7,10111111,604.02,800,28.2,4.12,418.2,603.41,0.8,0.0, , 
,604.65,800,93.0,3.9,10111111,604.95,800,26.7,4.12,418.2,604.32,0.8,0.0, , 
,605.54,800,91.5,3.5,10111111,605.84,800,26.7,4.12,397.8,605.25,0.8,0.0, , 
,606.45,800,93.0,2.7,10111111,606.76,800,26.7,4.12,397.8,606.15,0.8,0.0, , 
,607.37,800,93.0,2.3,10111111,607.68,800,28.2,4.12,418.2,607.06,0.8,0.0, , 
,608.29,768,93.0,2.3,10111111,608.61,768,26.7,4.12,418.2,607.98,0.8,0.0, , 
,609.21,800,93.0,2.7,10111111,609.51,800,26.7,4.12,418.2,608.91,0.8,0.0, , 
,610.09,800,94.5,2.7,10111111,610.39,800,28.2,4.12,418.2,609.81,0.8,0.0, , 
,611.02,768,94.5,2.3,10111111,611.31,768,26.7,4.12,418.2,610.70,0.8,0.0, , 
,611.91,768,94.5,2.3,10111111,612.20,800,28.2,4.12,418.2,611.61,0.8,0.0, , 
,612.81,800,94.5,2.3,10111111,613.11,768,26.7,3.09,397.8,612.51,0.8,0.0, , 
,613.71,800,94.5,2.3,10111111,614.01,768,28.2,4.12,418.2,613.41,0.8,0.0, , 
,614.61,800,94.5,2.3,10111111,614.91,800,26.7,4.12,418.2,614.31,0.8,0.0, , 
,615.50,768,94.5,2.3,10111111,615.81,800,28.2,4.12,418.2,615.20,0.8,0.0, , 
,616.39,800,94.5,2.7,10111111,616.68,800,28.2,4.12,418.2,616.10,0.8,0.0, , 
,617.27,800,94.5,3.5,10111111,617.55,768,26.7,4.12,397.8,616.99,0.8,0.0, , 
,618.15,800,94.5,3.9,10111111,618.45,768,26.7,4.12,397.8,617.84,0.8,0.0, , 
,619.04,768,94.5,3.5,10111111,619.35,768,26.7,4.12,418.2,618.75,0.8,0.0, , 
,619.97,768,94.5,3.1,10111111,620.27,768,28.2,4.12,418.2,619.66,0.8,0.0, , 
,620.87,768,94.5,2.7,10111111,621.17,768,28.2,4.12,418.2,620.58,0.8,0.0, , 
,621.77,768,94.5,2.7,10111111,622.07,768,28.2,4.12,418.2,621.47,0.8,0.0, , 
,622.67,768,94.5,2.3,10111111,622.97,768,26.7,4.12,418.2,622.37,0.8,0.0, , 
,623.56,800,94.5,2.3,10111111,623.87,768,28.2,4.12,418.2,623.27,0.8,0.0, , 
,624.47,768,94.5,2.0,10111111,624.76,768,28.2,4.12,418.2,624.17,0.8,0.0, , 
,625.35,800,94.5,2.0,10111111,625.66,768,28.2,4.12,418.2,625.06,0.8,0.0, , 
,626.25,800,94.5,2.0,10111111,626.55,800,28.2,4.12,418.2,625.95,0.8,0.0, , 
,627.16,800,94.5,2.0,10111111,627.44,800,28.2,4.12,418.2,626.84,0.8,0.0, , 
,628.02,768,94.5,2.0,10111111,628.31,800,28.2,4.12,418.2,627.73,0.8,0.0, , 
,628.93,800,96.0,1.6,10111111,629.23,768,28.2,4.12,418.2,628.62,0.8,0.0, , 
,629.83,768,96.0,2.0,10111111,630.11,768,28.2,4.12,418.2,629.53,0.8,0.0, , 
,630.68,800,96.0,2.3,10111111,630.99,800,28.2,4.12,418.2,630.39,0.8,0.0, , 
,631.61,768,96.0,3.1,10111111,631.91,768,28.2,4.12,418.2,631.29,0.8,0.0, , 
,632.51,800,96.0,3.5,10111111,632.82,768,28.2,4.12,418.2,632.21,0.8,0.0, , 
,633.42,800,96.0,3.9,10111111,633.71,768,28.2,4.12,418.2,633.13,0.8,0.0, , 
,634.32,800,96.0,4.3,10111111,634.62,800,28.2,4.12,418.2,634.01,0.8,0.0, , 
,635.24,768,96.0,4.7,10111111,635.55,768,28.2,4.12,418.2,634.93,0.8,0.0, , 
,636.14,768,96.0,4.7,10111111,636.43,768,28.2,4.12,418.2,635.84,0.8,0.0, , 
,637.04,800,96.0,4.3,10111111,637.34,768,28.2,4.12,418.2,636.73,0.8,0.0, , 
,637.93,800,96.0,4.3,10111111,638.23,768,28.2,4.12,418.2,637.63,0.8,0.0, , 
,638.84,768,96.0,3.9,10111111,639.14,768,28.2,4.12,418.2,638.54,0.8,0.0, , 
,639.73,800,96.0,3.9,10111111,640.02,800,28.2,4.12,418.2,639.43,0.8,0.0, , 
,640.61,800,96.0,3.9,10111111,640.91,768,29.4,4.12,418.2,640.31,0.8,0.0, , 
,641.48,768,96.0,3.9,10111111,641.79,768,28.2,4.12,418.2,641.19,0.8,0.0, , 
,642.40,800,96.0,4.3,10111111,642.69,768,28.2,4.12,418.2,642.11,0.8,0.0, , 
,643.30,800,97.5,4.3,10111111,643.59,800,28.2,4.12,418.2,642.99,0.8,0.0, , 
,644.19,800,96.0,4.3,10111111,644.48,800,28.2,4.12,418.2,643.88,0.8,0.0, , 
,645.08,800,97.5,4.7,10111111,645.39,800,28.2,4.12,418.2,644.78,0.8,0.0, , 
,645.98,800,96.0,5.1,10111111,646.29,800,28.2,4.12,418.2,645.69,0.8,0.0, , 
,646.89,800,96.0,5.1,10111111,647.17,800,28.2,4.12,418.2,646.59,0.8,0.0, , 
,647.78,768,96.0,5.5,10111111,648.09,800,28.2,4.12,418.2,647.48,0.8,0.0, , 
,648.68,800,96.0,5.1,10111111,648.98,800,28.2,4.12,418.2,648.38,0.8,0.0, , 
,649.58,768,96.0,5.1,10111111,649.88,800,28.2,4.12,418.2,649.28,0.8,0.0, , 
,650.49,800,96.0,5.5,10111111,650.78,800,28.2,4.12,418.2,650.18,0.8,0.0, , 
,651.38,800,96.0,5.5,10111111,651.69,800,28.2,4.12,418.2,651.08,0.8,0.0, , 
,652.31,800,96.0,5.1,10111111,652.62,800,28.2,4.12,418.2,651.99,0.8,0.0, , 
,653.20,800,96.0,5.1,10111111,653.50,800,28.2,4.12,418.2,652.91,0.8,0.0, , 
,654.10,800,96.0,5.1,10111111,654.40,800,28.2,4.12,418.2,653.79,0.8,0.0, , 
,655.01,768,96.0,5.1,10111111,655.30,800,28.2,4.12,418.2,654.71,0.8,0.0, , 
,655.91,800,96.0,5.5,10111111,656.21,800,28.2,4.12,418.2,655.60,0.8,0.0, , 
,656.80,800,96.0,5.9,10111111,657.09,800,28.2,4.12,418.2,656.50,0.8,0.0, , 
,657.72,800,96.0,5.9,10111111,658.01,800,28.2,4.12,418.2,657.40,0.8,0.0, , 
,658.61,800,94.5,5.9,10111111,658.91,800,28.2,4.12,418.2,658.31,0.8,0.0, , 
,659.50,800,94.5,5.5,10111111,659.78,800,28.2,4.12,418.2,659.20,0.8,0.0, , 
,660.38,800,94.5,5.1,10111111,660.68,800,28.2,4.12,418.2,660.08,0.8,0.0, , 
,661.27,800,94.5,4.7,10111111,661.55,800,28.2,4.12,418.2,660.97,0.8,0.0, , 
,662.14,800,94.5,3.9,10111111,662.45,800,28.2,4.12,418.2,661.83,0.8,0.0, , 
,663.05,800,94.5,3.9,10111111,663.34,800,28.2,4.12,418.2,662.74,0.8,0.0, , 
,663.95,800,94.5,3.5,10111111,664.26,800,28.2,4.12,418.2,663.64,0.8,0.0, , 
,664.87,800,94.5,3.5,10111111,665.17,800,28.2,4.12,418.2,664.58,0.8,0.0, , 
,665.76,800,94.5,3.9,10111111,666.07,768,28.2,4.12,418.2,665.47,0.8,0.0, , 
,666.67,800,94.5,3.9,10111111,666.96,800,28.2,4.12,418.2,666.38,0.8,0.0, , 
,667.56,800,94.5,3.9,10111111,667.86,768,28.2,4.12,418.2,667.26,0.8,0.0, , 
,668.46,768,94.5,4.3,10111111,668.77,768,28.2,4.12,418.2,668.15,0.8,0.0, , 
,669.37,768,93.0,5.5,10101011,669.71,800,56.1,9.27,652.8,669.07,0.8,0.0, , 
,670.42,2656,93.0,0.0,10101001,670.78,3232,66.3,10.30,734.4,670.08,0.0,0.4, , 
,671.43,1472,93.0,0.0,10111111,671.75,1312,26.7,3.09,377.4,671.10,0.0,0.4, , 
,672.43,1376,93.0,2.0,10101011,672.78,1504,76.9,13.39,867.0,672.06,0.8,0.0, , 
,673.50,1952,93.0,0.0,10101011,673.86,1984,17.6,2.06,275.4,673.15,0.0,0.4, , 
,674.57,1920,93.0,-2.3,10101011,674.95,1888,14.9,2.06,244.8,674.22,0.0,0.4, , 
,675.68,1824,93.0,-8.6,10101011,676.02,1760,19.2,2.06,295.8,675.31,0.0,0.4, , 
,676.72,1728,91.5,-2.7,10101011,677.07,1696,20.8,3.09,295.8,676.38,0.8,0.4, , 
,677.78,1664,93.0,2.0,10101011,678.14,1600,22.0,3.09,316.2,677.44,0.8,0.4, , 
,678.82,1600,91.5,3.9,10101011,679.16,1600,22.0,3.09,316.2,678.48,0.0,0.4, , 
,679.85,1568,93.0,4.7,10101011,680.21,1536,22.0,3.09,316.2,679.52,0.8,0.4, , 
,680.82,1504,93.0,2.3,10101011,681.10,1504,22.0,3.09,316.2,680.52,0.8,0.4, , 
,681.69,1472,93.0,2.0,10101011,682.00,1472,22.0,3.09,336.6,681.40,0.8,0.0, , 
,682.69,1440,93.0,2.0,10101011,683.05,1440,23.5,3.09,336.6,682.32,0.8,0.0, , 
,683.78,1440,93.0,0.8,10101011,684.11,1440,23.5,3.09,336.6,683.43,0.8,0.0, , 
,684.79,1440,93.0,0.0,10101011,685.17,1440,23.5,3.09,336.6,684.44,0.8,0.0, , 
,685.90,1440,93.0,0.4,10101011,686.25,1440,23.5,3.09,336.6,685.54,0.8,0.0, , 
,686.92,1440,93.0,0.4,10101011,687.25,1440,23.5,3.09,336.6,686.60,0.8,0.0, , 
,687.94,1440,93.0,0.4,10101011,688.31,1408,23.5,3.09,336.6,687.61,0.8,0.0, , 
,688.99,1408,93.0,-1.6,10101011,689.31,1376,23.5,3.09,336.6,688.65,0.8,0.0, , 
,689.99,1376,93.0,3.1,10101011,690.34,1376,23.5,3.09,336.6,689.66,0.8,0.0, , 
,691.03,1376,93.0,3.1,10101011,691.35,1408,23.5,3.09,336.6,690.68,0.8,0.0, , 
,692.06,1408,93.0,3.9,10101011,692.40,1408,28.2,4.12,377.4,691.70,0.8,0.0, , 
,693.17,1472,93.0,7.8,10101011,693.48,1504,31.0,4.12,418.2,692.71,0.0,0.0, , 
,694.17,1568,93.0,7.0,10101011,694.51,1632,31.0,4.12,418.2,693.83,0.0,0.4, , 
,695.20,1696,91.5,8.6,10101011,695.59,1760,42.7,6.18,520.2,694.84,0.0,0.4, , 
,696.34,1984,94.5,10.2,10101001,696.70,2048,34.1,5.15,438.6,695.96,0.0,0.4, , 
,697.39,2176,94.5,6.3,10101001,697.75,2240,31.0,4.12,397.8,697.05,0.0,0.4, , 
,698.42,2272,94.5,0.0,10101001,698.76,2208,17.6,2.06,244.8,698.08,0.0,0.4, , 
,699.44,2208,93.0,-4.3,10111101,699.79,2080,16.1,2.06,244.8,699.10,0.0,0.4, , 
,700.47,1824,94.5,0.0,10111111,700.80,1760,0.0,0.00,295.8,700.15,0.0,0.4, , 
,701.47,1664,94.5,0.0,10101011,701.83,1632,23.5,3.09,336.6,701.13,0.8,0.4, , 
,702.52,1824,93.0,0.0,10101011,702.87,1952,35.3,4.12,479.4,702.17,0.0,0.4, , 
,703.57,2016,94.5,0.4,10101001,703.92,1984,19.2,2.06,295.8,703.22,0.0,0.4, , 
,704.63,1984,94.5,-2.0,10101001,704.98,1920,23.5,3.09,336.6,704.28,0.0,0.4, , 
,705.72,1984,94.5,0.4,10101001,706.09,1952,17.6,2.06,275.4,705.34,0.0,0.4, , 
,706.76,1248,94.5,0.0,10111111,707.06,960,26.7,4.12,377.4,706.47,0.8,0.4, , 
,707.67,1056,94.5,0.0,10111111,708.02,992,22.0,3.09,336.6,707.37,0.8,0.0, , 
,708.64,928,94.5,0.0,10101011,708.96,1088,28.2,4.12,397.8,708.31,0.8,0.0, , 
,709.69,1984,94.5,0.0,10101001,710.00,1440,71.0,11.33,826.2,709.32,0.0,0.0, , 
,710.63,1408,94.5,0.0,10101011,711.06,1440,57.6,9.27,693.6,710.32,0.0,0.0, , 
,711.78,1632,94.5,0.0,10101011,712.14,1664,28.2,4.12,377.4,711.41,0.0,0.4, , 
,712.81,1696,94.5,3.1,10101011,713.15,1696,23.5,3.09,336.6,712.47,0.0,0.4, , 
,713.84,1664,94.5,3.5,10101011,714.19,1632,22.0,3.09,336.6,713.49,0.0,0.4, , 
,714.86,1568,94.5,2.7,10111111,715.18,1568,22.0,3.09,316.2,714.52,0.0,0.4, , 
,715.93,1504,94.5,3.1,10101011,716.32,1536,26.7,4.12,357.0,715.56,0.8,0.4, , 
,716.96,1568,94.5,7.4,10101011,717.27,1536,26.7,4.12,357.0,716.64,0.0,0.4, , 
,717.95,1536,94.5,6.3,10101011,718.33,1536,25.1,3.09,357.0,717.60,0.0,0.4, , 
,719.00,1504,94.5,2.3,10101011,719.45,1504,22.0,3.09,316.2,718.74,0.8,0.4, , 
,719.98,1472,94.5,0.4,10101011,720.25,1472,22.0,3.09,336.6,719.72,0.8,0.4, , 
,720.79,1472,94.5,0.0,10101011,721.25,1472,22.0,3.09,336.6,720.51,0.8,0.0, , 
,721.90,1472,94.5,4.7,10101011,722.21,1440,23.5,3.09,336.6,721.55,0.8,0.0, , 
,722.91,1440,94.5,5.5,10111111,723.25,1408,23.5,3.09,336.6,722.57,0.8,0.0, , 
,723.90,1376,94.5,8.2,10111111,724.22,1376,22.0,3.09,336.6,723.56,0.8,0.0, , 
,724.87,1344,94.5,12.5,10111111,725.22,1312,22.0,3.09,336.6,724.54,0.8,0.0, , 
,725.85,1248,94.5,14.1,10111111,726.17,1216,22.0,3.09,336.6,725.54,0.8,0.0, , 
,726.81,1024,94.5,12.9,10111111,727.08,992,23.5,3.09,357.0,726.48,0.8,0.0, , 
,727.64,992,94.5,13.3,10111111,727.94,960,25.1,3.09,377.4,727.34,0.8,0.0, , 
,728.56,928,94.5,12.1,10111111,728.87,896,25.1,3.09,377.4,728.24,0.8,0.0, , 
,729.50,896,94.5,11.3,10111111,729.80,896,25.1,3.09,377.4,729.18,0.8,0.0, , 
,730.41,896,94.5,10.5,10111111,730.70,864,25.1,3.09,377.4,730.09,0.8,0.0, , 
,731.28,768,94.5,-4.7,10111111,731.55,736,28.2,3.09,418.2,731.00,0.8,0.0, , 
,732.15,800,94.5,-4.3,10111111,732.45,800,28.2,3.09,418.2,731.85,0.8,0.0, , 
,733.03,768,94.5,-1.6,10111111,733.31,736,29.4,4.12,418.2,732.75,0.8,0.0, , 
,733.92,800,94.5,0.8,10111111,734.22,800,28.2,4.12,418.2,733.60,0.8,0.0, , 
,734.82,800,94.5,2.3,10111111,735.11,800,28.2,4.12,418.2,734.53,0.8,0.0, , 
,735.71,800,94.5,2.7,10111111,736.01,800,26.7,4.12,418.2,735.41,0.8,0.0, , 
,736.60,800,94.5,2.7,10111111,736.91,768,28.2,4.12,418.2,736.31,0.8,0.0, , 
,737.49,704,94.5,3.1,10111111,737.78,672,35.3,4.12,479.4,737.18,0.8,0.0, , 
,738.35,672,94.5,5.9,10101011,738.63,704,41.2,6.18,550.8,738.06,0.8,0.0, , 
,739.19,640,94.5,6.3,10101011,739.45,672,42.7,6.18,571.2,738.91,0.8,0.0, , 
,740.05,832,94.5,4.7,10101011,740.35,896,35.3,5.15,479.4,739.75,0.8,0.0, , 
,741.03,992,96.0,2.7,10101011,741.32,1024,28.2,4.12,397.8,740.69,0.8,0.0, , 
,741.92,1056,94.5,4.3,10101011,742.23,1056,26.7,4.12,377.4,741.63,0.8,0.0, , 
,742.87,1120,94.5,5.1,10101011,743.20,1120,28.2,4.12,397.8,742.53,0.8,0.0, , 
,743.84,1152,94.5,4.3,10101011,744.16,1152,26.7,4.12,377.4,743.53,0.8,0.0, , 
,744.82,1184,94.5,3.1,10101011,745.14,1216,25.1,3.09,377.4,744.50,0.8,0.0, , 
,745.78,1216,94.5,2.7,10101011,746.11,1248,25.1,3.09,357.0,745.47,0.8,0.0, , 
,746.74,1280,94.5,4.3,10101011,747.06,1280,25.1,3.09,357.0,746.42,0.8,0.0, , 
,747.71,1312,94.5,3.5,10101011,748.04,1312,25.1,3.09,357.0,747.37,0.8,0.0, , 
,748.71,1344,94.5,2.7,10101011,749.03,1344,25.1,3.09,357.0,748.39,0.8,0.0, , 
,749.68,1344,96.0,3.1,10101011,750.02,1344,25.1,3.09,357.0,749.34,0.8,0.0, , 
,750.69,1376,96.0,2.7,10101011,751.03,1376,25.1,4.12,357.0,750.37,0.8,0.0, , 
,751.68,1408,96.0,3.9,10101011,752.02,1408,28.2,4.12,377.4,751.35,0.8,0.0, , 
,752.79,1472,96.0,6.6,10101011,753.21,1472,26.7,4.12,377.4,752.32,0.0,0.0, , 
,754.00,1504,96.0,5.9,10101011,754.27,1504,23.5,3.09,336.6,753.62,0.0,0.4, , 
,755.04,1472,96.0,2.0,10111111,755.36,1376,22.0,3.09,336.6,754.71,0.8,0.4, , 
,756.01,1056,94.5,2.0,10111111,756.31,928,23.5,3.09,357.0,755.69,0.8,0.0, , 
,756.95,864,94.5,2.7,10111111,757.27,896,29.4,4.12,418.2,756.65,0.8,0.0, , 
,757.89,896,94.5,2.0,10111111,758.20,864,26.7,3.09,397.8,757.59,0.8,0.0, , 
,758.79,768,94.5,2.3,10111111,759.10,800,28.2,4.12,418.2,758.50,0.8,0.0, , 
,759.72,800,94.5,4.3,10111111,760.03,800,28.2,4.12,418.2,759.40,0.8,0.0, , 
,760.62,800,94.5,5.1,10111111,760.91,800,28.2,4.12,418.2,760.31,0.8,0.0, , 
,761.48,800,94.5,5.5,10111111,761.79,800,28.2,4.12,418.2,761.19,0.8,0.0, , 
,762.41,800,94.5,5.5,10111111,762.71,800,28.2,4.12,418.2,762.10,0.8,0.0, , 
,763.31,800,94.5,5.5,10111111,763.61,800,28.2,4.12,418.2,763.03,0.8,0.0, , 
,764.22,800,94.5,5.5,10111111,764.51,800,28.2,4.12,418.2,763.92,0.8,0.0, , 
,765.11,800,94.5,4.7,10111111,765.40,768,28.2,4.12,418.2,764.80,0.8,0.0, , 
,765.99,800,94.5,4.7,10111111,766.29,800,28.2,4.12,418.2,765.70,0.8,0.0, , 
,766.89,800,94.5,4.7,10111111,767.18,800,28.2,4.12,418.2,766.60,0.8,0.0, , 
,767.81,800,94.5,4.7,10111111,768.11,768,28.2,4.12,418.2,767.50,0.8,0.0, , 
,768.70,800,94.5,4.3,10111111,769.01,800,26.7,4.12,418.2,768.41,0.8,0.0, , 
,769.62,800,94.5,3.5,10111111,769.92,800,26.7,4.12,418.2,769.32,0.8,0.0, , 
,770.51,768,94.5,2.7,10111111,770.82,768,26.7,4.12,418.2,770.21,0.8,0.0, , 
,771.42,800,94.5,2.3,10111111,771.72,800,26.7,4.12,418.2,771.12,0.8,0.0, , 
,772.32,768,94.5,2.3,10111111,772.65,768,28.2,4.12,418.2,772.03,0.8,0.0, , 
,773.25,800,94.5,2.0,10111111,773.55,768,26.7,4.12,418.2,772.95,0.8,0.0, , 
,774.15,800,94.5,2.0,10111111,774.45,800,26.7,4.12,397.8,773.85,0.8,0.0, , 
,775.03,800,93.0,2.0,10111111,775.32,800,26.7,4.12,397.8,774.75,0.8,0.0, , 
,775.93,800,93.0,1.6,10111111,776.23,800,26.7,3.09,397.8,775.62,0.8,0.0, , 
,776.83,768,93.0,1.2,10111111,777.11,768,26.7,3.09,397.8,776.53,0.8,0.0, , 
,777.71,768,93.0,0.8,10111111,778.00,768,26.7,3.09,397.8,777.41,0.8,0.0, , 
,778.60,768,93.0,0.8,10111111,778.91,768,26.7,3.09,418.2,778.30,0.8,0.0, , 
,779.52,768,93.0,0.8,10111111,779.82,800,28.2,4.12,418.2,779.22,0.8,0.0, , 
,780.41,768,93.0,1.2,10111111,780.70,768,28.2,4.12,418.2,780.11,0.8,0.0, , 
,781.31,800,93.0,1.2,10111111,781.61,768,26.7,4.12,418.2,781.01,0.8,0.0, , 
,782.22,768,93.0,1.2,10111111,782.52,800,28.2,4.12,418.2,781.91,0.8,0.0, , 
,783.13,768,93.0,1.2,10111111,783.43,800,28.2,4.12,418.2,782.83,0.8,0.0, , 
,784.03,768,93.0,1.2,10111111,784.31,768,28.2,4.12,418.2,783.73,0.8,0.0, , 
,784.91,768,93.0,1.2,10111111,785.20,800,26.7,3.09,418.2,784.61,0.8,0.0, , 
,785.79,768,93.0,0.8,10111111,786.10,768,28.2,4.12,418.2,785.50,0.8,0.0, , 
,786.67,768,93.0,0.4,10111111,786.96,768,28.2,4.12,418.2,786.39,0.8,0.0, , 
,787.62,960,93.0,0.4,10101011,787.97,992,32.5,4.12,438.6,787.28,0.8,0.0, , 
,788.59,960,91.5,5.1,10101011,788.92,992,41.2,6.18,520.2,788.27,0.8,0.0, , 
,789.51,992,93.0,4.3,10101011,789.82,896,44.3,6.18,571.2,789.22,0.0,0.0, , 
,790.43,768,93.0,5.5,10101011,790.74,896,48.6,6.18,632.4,790.14,0.8,0.0, , 
,791.33,1056,93.0,-0.4,10101011,791.68,1184,44.3,6.18,571.2,791.01,0.0,0.0, , 
,792.35,1376,93.0,2.0,10101011,792.67,1440,36.9,5.15,479.4,792.02,0.0,0.0, , 
,793.38,1600,93.0,3.5,10101011,793.73,1696,36.9,5.15,459.0,793.03,0.0,0.4, , 
,794.43,1856,93.0,5.1,10101011,794.79,1984,42.7,6.18,520.2,794.08,0.0,0.4, , 
,795.46,1792,93.0,0.0,10111111,795.82,1312,0.0,0.00,357.0,795.14,0.0,0.4, , 
,796.54,992,93.0,0.0,10111111,796.86,960,23.5,4.12,357.0,796.18,0.8,0.0, , 
,797.46,864,93.0,0.0,10111111,797.77,864,26.7,3.09,397.8,797.16,0.8,0.0, , 
,798.37,896,93.0,0.0,10111111,798.68,896,26.7,3.09,397.8,798.07,0.8,0.0, , 
,799.28,896,93.0,-0.4,10111111,799.59,864,26.7,3.09,397.8,798.98,0.8,0.0, , 
,800.21,896,93.0,0.0,10111111,800.51,896,28.2,3.09,397.8,799.91,0.8,0.0, , 
,801.11,896,94.5,0.4,10111111,801.42,896,26.7,3.09,397.8,800.81,0.8,0.0, , 
,802.04,896,93.0,0.0,10111111,802.34,896,26.7,3.09,397.8,801.74,0.8,0.0, , 
,802.98,896,93.0,-0.4,10111111,803.29,896,26.7,3.09,397.8,802.65,0.8,0.0, , 
,803.89,864,93.0,0.0,10111111,804.19,864,29.4,4.12,418.2,803.59,0.8,0.0, , 
,804.80,896,93.0,0.8,10111111,805.10,896,28.2,4.12,418.2,804.48,0.8,0.0, , 
,805.75,896,93.0,1.2,10111111,806.06,800,28.2,4.12,418.2,805.42,0.8,0.0, , 
,806.64,800,93.0,0.0,10101011,806.95,832,42.7,6.18,571.2,806.35,0.8,0.0, , 
,807.59,960,94.5,0.0,10101011,807.91,1024,62.0,9.27,754.8,807.26,0.0,0.0, , 
,808.53,1184,94.5,0.0,10101011,808.84,1248,76.9,12.36,907.8,808.21,0.0,0.0, , 
,809.44,1472,93.0,-3.1,10101011,809.78,1568,76.9,11.33,907.8,809.17,0.0,0.0, , 
,810.48,1760,94.5,-0.4,10101011,810.85,1856,72.2,11.33,846.6,810.11,0.0,0.4, , 
,811.57,2080,94.5,4.3,10101001,811.91,2176,73.7,11.33,846.6,811.22,0.0,0.4, , 
,812.57,2368,94.5,3.9,10101001,812.93,2496,76.9,12.36,867.0,812.23,0.0,0.4, , 
,813.61,2720,94.5,4.7,10101001,813.95,2720,0.0,0.00,479.4,813.26,0.0,0.4, , 
,814.66,1728,94.5,0.0,10111111,814.98,1312,0.0,0.00,336.6,814.29,0.0,0.4, , 
,815.73,1824,94.5,0.0,10101011,816.07,1760,19.2,3.09,295.8,815.37,0.8,0.0, , 
,816.80,1728,94.5,0.0,10101011,817.16,1728,38.4,5.15,479.4,816.44,0.8,0.4, , 
,817.89,1760,94.5,4.7,10101011,818.23,1760,45.9,7.21,571.2,817.51,0.0,0.4, , 
,818.99,1824,94.5,9.8,10101011,819.36,1824,41.2,6.18,520.2,818.61,0.0,0.4, , 
,820.07,1856,94.5,12.5,10101011,820.45,1888,41.2,6.18,499.8,819.71,0.0,0.4, , 
,821.20,1856,94.5,9.8,10101011,821.58,1856,29.4,4.12,397.8,820.83,0.0,0.4, , 
,822.28,1888,94.5,9.0,10101011,822.64,1856,32.5,5.15,418.2,821.94,0.0,0.4, , 
,823.38,1888,94.5,7.8,10101011,823.74,1888,35.3,5.15,459.0,823.01,0.0,0.4, , 
,824.49,1888,94.5,9.8,10101011,824.85,1888,36.9,5.15,479.4,824.13,0.0,0.4, , 
,825.58,1888,94.5,9.8,10101011,825.95,1888,40.0,6.18,479.4,825.20,0.0,0.4, , 
,826.68,1920,94.5,7.0,10101011,827.04,1984,62.0,9.27,734.4,826.31,0.0,0.4, , 
,827.75,2016,94.5,10.2,10101001,828.10,2048,56.1,9.27,673.2,827.40,0.0,0.4, , 
,828.81,2080,93.0,9.8,10101001,829.17,2080,25.1,3.09,357.0,828.46,0.0,0.4, , 
,829.89,2048,94.5,-1.6,10101001,830.23,2016,16.1,2.06,244.8,829.52,0.0,0.4, , 
,830.93,1984,93.0,-11.3,10101001,831.30,1952,14.9,1.03,224.4,830.57,0.0,0.4, , 
,831.99,1888,93.0,-5.1,10101011,832.33,1856,17.6,2.06,275.4,831.66,0.0,0.4, , 
,833.04,1792,93.0,13.7,10101011,833.39,1760,19.2,2.06,295.8,832.70,0.0,0.4, , 
,834.07,1696,93.0,20.3,10101011,834.42,1664,20.8,2.06,316.2,833.74,0.8,0.4, , 
,835.13,1632,93.0,27.0,10101011,835.49,1600,22.0,3.09,316.2,834.78,0.8,0.4, , 
,836.21,1568,93.0,34.0,10101011,836.59,1536,28.2,4.12,377.4,835.83,0.0,0.4, , 
,837.22,1536,93.0,35.2,10101011,837.61,1504,28.2,4.12,397.8,836.94,0.0,0.4, , 
,838.32,1504,94.5,28.9,10101011,838.78,1472,29.4,4.12,397.8,837.88,0.0,0.4, , 
,839.42,1472,93.0,27.3,10101011,839.83,1472,29.4,4.12,397.8,839.15,0.0,0.0, , 
,840.49,1440,91.5,27.0,10101011,840.88,1440,32.5,5.15,438.6,840.12,0.0,0.0, , 
,841.54,1440,93.0,27.3,10101011,841.98,1472,38.4,5.15,499.8,841.28,0.0,0.0, , 
,842.51,1472,93.0,27.3,10101011,842.94,1472,38.4,6.18,499.8,842.25,0.0,0.0, , 
,843.51,1504,93.0,29.3,10101011,843.79,1504,38.4,6.18,479.4,843.25,0.0,0.0, , 
,844.55,1504,93.0,28.9,10101011,844.94,1504,40.0,6.18,499.8,844.25,0.0,0.4, , 
,845.64,1536,93.0,27.0,10101011,845.98,1536,41.2,6.18,520.2,845.29,0.0,0.4, , 
,846.69,1536,93.0,24.2,10101011,847.02,1536,35.3,5.15,459.0,846.33,0.0,0.4, , 
,847.66,1536,93.0,0.0,10111111,847.94,1536,22.0,3.09,316.2,847.35,0.8,0.4, , 
,848.78,1504,93.0,1.2,10111111,849.13,1472,22.0,3.09,336.6,848.37,0.8,0.4, , 
,849.81,1376,93.0,4.3,10111111,850.12,1312,22.0,3.09,336.6,849.50,0.8,0.0, , 
,850.71,992,93.0,5.1,10111111,851.04,896,25.1,3.09,377.4,850.42,0.8,0.0, , 
,851.71,1120,91.5,7.4,10101011,852.08,1824,23.5,3.09,336.6,851.36,0.8,0.0, , 
,852.77,1728,91.5,0.0,10101011,853.12,1760,63.5,10.30,754.8,852.44,0.0,0.4, , 
,853.84,1920,91.5,0.0,10101011,854.20,2016,82.7,13.39,948.6,853.49,0.0,0.4, , 
,854.88,2208,91.5,-3.9,10101001,855.20,2304,88.6,13.39,989.4,854.55,0.0,0.4, , 
,855.87,2528,93.0,-1.2,11101001,856.21,2656,88.6,14.42,989.4,855.55,0.0,0.4, , 
,856.86,2880,91.5,0.8,11101001,857.17,2688,0.0,0.00,377.4,856.54,0.0,0.4, , 
,857.84,1824,91.5,0.0,11101011,858.21,1952,62.0,11.33,714.0,857.50,0.0,0.4, , 
,858.91,1888,91.5,0.0,11101011,859.26,1920,73.7,11.33,867.0,858.56,0.0,0.4, , 
,859.97,1952,91.5,1.6,11101011,860.31,2016,82.7,13.39,948.6,859.63,0.0,0.4, , 
,860.99,2080,91.5,-0.4,11101001,861.34,2112,82.7,12.36,948.6,860.65,0.0,0.4, , 
,862.02,2176,91.5,-1.2,11101001,862.37,2208,79.6,12.36,907.8,861.68,0.0,0.4, , 
,863.05,2240,91.5,0.8,11101001,863.38,2272,78.4,12.36,887.4,862.72,0.0,0.4, , 
,864.04,2336,91.5,2.7,11101001,864.38,2336,78.4,12.36,887.4,863.72,0.0,0.4, , 
,865.08,2400,91.5,3.9,11101001,865.44,2208,0.0,0.00,357.0,864.72,0.0,0.4, , 
,866.12,1152,91.5,0.0,11111111,866.44,1024,25.1,4.12,377.4,865.80,0.0,0.4, , 
,867.02,992,91.5,0.0,11111111,867.32,928,23.5,4.12,357.0,866.74,0.8,0.0, , 
,867.95,864,91.5,0.0,11111111,868.27,896,26.7,3.09,397.8,867.63,0.8,0.0, , 
,868.91,896,91.5,-0.8,11111111,869.21,864,26.7,3.09,397.8,868.59,0.8,0.0, , 
,869.81,896,91.5,0.4,11111111,870.12,896,26.7,3.09,397.8,869.52,0.8,0.0, , 
,870.71,896,91.5,1.2,11111111,871.02,864,26.7,3.09,397.8,870.42,0.8,0.0, , 
,871.61,896,91.5,1.6,11111111,871.92,896,26.7,3.09,397.8,871.31,0.8,0.0, , 
,872.51,896,91.5,2.3,11111111,872.82,896,26.7,4.12,397.8,872.21,0.8,0.0, , 
,873.42,832,91.5,3.9,11101011,873.72,864,44.3,7.21,550.8,873.12,0.8,0.0, , 
,874.35,1568,93.0,0.0,11101011,874.71,1664,60.4,9.27,714.0,874.03,0.0,0.0, , 
,875.42,1504,93.0,4.3,11101011,875.78,1376,66.3,10.30,775.2,875.11,0.0,0.4, , 
,876.52,1728,93.0,6.3,11101011,876.86,1952,63.5,10.30,734.4,876.15,0.0,0.4, , 
,877.55,2368,93.0,12.5,11101001,877.89,2272,0.0,0.00,377.4,877.22,0.0,0.4, , 
,878.53,1376,93.0,0.0,11101011,878.86,1280,41.2,7.21,520.2,878.20,0.0,0.4, , 
,879.52,1280,93.0,0.0,11101011,879.85,1312,72.2,11.33,867.0,879.19,0.0,0.0, , 
,880.49,1376,93.0,-0.8,11101011,880.82,1408,73.7,11.33,887.4,880.17,0.0,0.0, , 
,881.49,1504,93.0,0.0,11101011,881.84,1536,71.0,10.30,846.6,881.15,0.0,0.0, , 
,882.54,1600,93.0,4.7,11101011,882.91,1632,57.6,9.27,693.6,882.19,0.0,0.4, , 
,883.63,1664,91.5,12.5,11101011,883.98,1664,56.1,9.27,673.2,883.27,0.0,0.4, , 
,884.70,1728,93.0,16.8,11101011,885.08,1792,62.0,10.30,734.4,884.34,0.0,0.4, , 
,885.83,1856,93.0,15.6,11101011,886.20,1888,63.5,11.33,734.4,885.46,0.0,0.4, , 
,886.94,1984,93.0,15.2,11101001,887.29,2048,63.5,10.30,734.4,886.57,0.0,0.4, , 
,887.99,2144,93.0,12.9,11101001,888.34,2144,62.0,10.30,714.0,887.64,0.0,0.4, , 
,889.02,2240,93.0,10.2,11101001,889.35,2272,66.3,10.30,754.8,888.69,0.0,0.4, , 
,890.04,2400,93.0,5.5,11101001,890.39,2464,69.4,11.33,795.6,889.69,0.0,0.4, , 
,891.08,2592,93.0,5.1,11101001,891.42,2656,73.7,11.33,826.2,890.74,0.0,0.4, , 
,892.10,2816,94.5,0.0,11101001,892.45,2336,0.0,0.00,316.2,891.77,0.0,0.4, , 
,893.19,1824,93.0,0.0,11101011,893.58,1760,35.3,6.18,459.0,892.81,0.0,0.4, , 
,894.32,1728,93.0,2.7,11101011,894.68,1728,32.5,4.12,438.6,893.93,0.0,0.4, , 
,895.36,1696,93.0,6.6,11101011,895.72,1664,20.8,3.09,316.2,895.02,0.0,0.4, , 
,896.40,1600,93.0,3.1,11101011,896.75,1568,22.0,3.09,336.6,896.06,0.8,0.4, , 
,897.48,1536,93.0,4.3,11101011,897.85,1504,34.1,5.15,438.6,897.11,0.0,0.4, , 
,898.45,1504,93.0,6.3,11101011,898.72,1472,36.9,5.15,479.4,898.19,0.0,0.4, , 
,899.43,1472,93.0,8.6,11101011,899.76,1440,38.4,5.15,479.4,898.99,0.0,0.0, , 
,900.44,1440,93.0,6.6,11101011,900.76,1440,38.4,6.18,499.8,900.09,0.0,0.0, , 
,901.47,1440,93.0,7.0,11101011,901.80,1440,44.3,7.21,571.2,901.12,0.0,0.0, , 
,902.47,1408,93.0,7.4,11101011,902.81,1408,45.9,7.21,571.2,902.14,0.0,0.0, , 
,903.54,1440,93.0,7.8,11101011,903.90,1440,44.3,6.18,571.2,903.18,0.0,0.0, , 
,904.64,1440,93.0,8.2,11101011,904.99,1440,44.3,6.18,571.2,904.27,0.0,0.0, , 
,905.68,1440,93.0,7.4,11101011,906.03,1440,44.3,6.18,571.2,905.32,0.0,0.0, , 
,906.71,1440,93.0,7.4,11101011,907.05,1440,44.3,6.18,571.2,906.38,0.0,0.0, , 
,907.73,1408,93.0,7.4,11101011,908.07,1440,59.2,9.27,714.0,907.40,0.0,0.0, , 
,908.70,1440,93.0,0.8,11101011,909.10,1440,60.4,9.27,734.4,908.42,0.0,0.0, , 
,909.66,1472,93.0,2.3,11101011,909.92,1504,60.4,9.27,714.0,909.38,0.0,0.0, , 
,910.68,1536,93.0,4.7,11101011,911.02,1536,59.2,9.27,714.0,910.31,0.0,0.4, , 
,911.75,1568,93.0,8.2,11101011,912.10,1568,56.1,9.27,673.2,911.39,0.0,0.4, , 
,912.83,1568,93.0,11.3,11101011,913.18,1600,54.5,9.27,673.2,912.48,0.0,0.4, , 
,913.88,1632,91.5,13.3,11101011,914.23,1632,54.5,9.27,652.8,913.54,0.0,0.4, , 
,914.97,1664,93.0,14.1,11101011,915.32,1696,51.8,8.24,632.4,914.61,0.0,0.4, , 
,916.05,1664,93.0,15.6,11101011,916.40,1696,53.3,9.27,632.4,915.70,0.0,0.4, , 
,917.13,1728,93.0,15.6,11101011,917.49,1728,50.2,8.24,612.0,916.75,0.0,0.4, , 
,918.27,1760,93.0,16.4,11101011,918.65,1792,48.6,8.24,591.6,917.89,0.0,0.4, , 
,919.38,1824,93.0,16.8,11101011,919.73,1824,45.9,7.21,571.2,919.02,0.0,0.4, , 
,920.46,1856,93.0,15.2,11101011,920.84,1856,38.4,6.18,479.4,920.09,0.0,0.4, , 
,921.58,1856,94.5,12.5,11101011,921.94,1888,38.4,6.18,479.4,921.21,0.0,0.4, , 
,922.64,1888,93.0,10.2,11101011,923.00,1888,29.4,4.12,397.8,922.28,0.0,0.4, , 
,923.74,1920,93.0,7.4,11101011,924.10,1952,26.7,4.12,357.0,923.37,0.0,0.4, , 
,924.83,1920,93.0,5.5,11101011,925.21,1920,26.7,4.12,357.0,924.47,0.0,0.4, , 
,925.94,1920,93.0,4.3,11101011,926.29,1920,26.7,4.12,357.0,925.58,0.0,0.4, , 
,927.01,1920,93.0,3.9,11101011,927.38,1920,26.7,4.12,357.0,926.66,0.0,0.4, , 
,928.13,1888,93.0,5.9,11101011,928.51,1888,26.7,4.12,357.0,927.76,0.0,0.4, , 
,929.23,1888,93.0,7.4,11101011,929.61,1888,26.7,4.12,377.4,928.86,0.0,0.4, , 
,930.34,1856,91.5,9.4,11101011,930.69,1856,29.4,4.12,377.4,929.97,0.0,0.4, , 
,931.41,1856,94.5,10.9,11101011,931.77,1856,29.4,4.12,397.8,931.05,0.0,0.4, , 
,932.48,1856,93.0,10.5,11101011,932.86,1856,29.4,4.12,397.8,932.12,0.0,0.4, , 
,933.57,1824,91.5,10.2,11101011,933.97,1824,32.5,5.15,418.2,933.22,0.0,0.4, , 
,934.69,1824,94.5,11.7,11101011,935.07,1824,36.9,5.15,459.0,934.32,0.0,0.4, , 
,935.80,1824,93.0,12.9,11101011,936.17,1824,36.9,6.18,479.4,935.43,0.0,0.4, , 
,936.92,1824,93.0,12.5,11101011,937.26,1856,36.9,6.18,459.0,936.54,0.0,0.4, , 
,938.00,1824,91.5,12.5,11101011,938.37,1856,36.9,5.15,459.0,937.63,0.0,0.4, , 
,939.11,1824,93.0,11.7,11101011,939.49,1824,38.4,6.18,479.4,938.74,0.0,0.4, , 
,940.20,1824,91.5,0.0,11101011,940.57,1856,60.4,9.27,714.0,939.84,0.0,0.4, , 
,941.32,1888,91.5,9.8,11101011,941.68,1888,50.2,8.24,612.0,940.95,0.0,0.4, , 
,942.40,1888,91.5,0.0,11101011,942.78,1888,35.3,5.15,459.0,942.05,0.0,0.4, , 
,943.51,1856,91.5,5.9,11101011,943.88,1856,35.3,5.15,459.0,943.13,0.0,0.4, , 
,944.60,1856,91.5,8.6,11101011,944.97,1888,35.3,5.15,459.0,944.25,0.0,0.4, , 
,945.69,1888,91.5,10.9,11101011,946.05,1888,35.3,5.15,438.6,945.33,0.0,0.4, , 
,946.81,1920,91.5,11.7,11101011,947.18,1920,34.1,5.15,438.6,946.42,0.0,0.4, , 
,947.91,1920,91.5,10.9,11101011,948.26,1920,32.5,5.15,418.2,947.55,0.0,0.4, , 
,948.99,1952,91.5,9.0,11101011,949.36,1952,31.0,4.12,418.2,948.63,0.0,0.4, , 
,950.08,1984,91.5,9.0,11101011,950.43,1888,0.0,0.00,336.6,949.71,0.0,0.4, , 
,951.01,992,91.5,0.0,11111111,951.34,1056,26.7,4.12,377.4,950.75,0.8,0.0, , 
,951.94,1088,91.5,0.0,11111111,952.25,1024,20.8,3.09,336.6,951.63,0.8,0.0, , 
,952.85,896,91.5,0.0,11111111,953.16,832,25.1,3.09,377.4,952.54,0.8,0.0, , 
,953.77,896,91.5,0.0,11111111,954.09,896,25.1,3.09,377.4,953.46,0.8,0.0, , 
,954.70,864,91.5,0.8,11111111,955.02,864,25.1,3.09,377.4,954.39,0.8,0.0, , 
,955.63,896,91.5,2.7,11111111,955.94,896,26.7,3.09,377.4,955.33,0.8,0.0, , 
,956.54,896,91.5,3.9,11111111,956.84,896,25.1,3.09,377.4,956.23,0.8,0.0, , 
,957.44,896,91.5,4.7,11111111,957.73,864,26.7,4.12,397.8,957.13,0.8,0.0, , 
,958.35,864,91.5,5.5,11111111,958.63,864,28.2,4.12,418.2,958.04,0.8,0.0, , 
,959.23,960,91.5,6.6,11111111,959.54,1056,23.5,3.09,357.0,958.97,0.8,0.0, , 
,960.17,1024,93.0,8.6,11101011,960.48,1024,28.2,4.12,397.8,959.86,0.8,0.0, , 
,961.09,960,91.5,14.1,11101011,961.39,1024,44.3,7.21,550.8,960.80,0.8,0.0, , 
,962.03,1088,91.5,8.2,11101011,962.37,1152,60.4,9.27,714.0,961.72,0.0,0.0, , 
,963.03,1312,91.5,0.0,11101011,963.37,1376,71.0,11.33,846.6,962.70,0.0,0.0, , 
,964.09,1600,91.5,0.4,11101011,964.48,1728,75.3,11.33,887.4,963.74,0.0,0.4, , 
,965.21,1984,91.5,1.6,11101001,965.56,2112,71.0,10.30,826.2,964.85,0.0,0.4, , 
,966.25,2336,91.5,7.8,11101001,966.59,2432,60.4,9.27,693.6,965.90,0.0,0.4, , 
,967.25,1696,91.5,0.0,11111111,967.57,1280,0.0,0.00,336.6,966.95,0.0,0.4, , 
,968.21,1184,91.5,0.0,11111111,968.55,1632,0.0,0.00,316.2,967.87,0.8,0.0, , 
,969.25,1632,91.5,0.0,11101011,969.59,1664,20.8,3.09,316.2,968.88,0.0,0.4, , 
,970.28,1664,91.5,0.0,11101011,970.62,1696,20.8,3.09,316.2,969.95,0.8,0.4, , 
,971.32,1728,91.5,4.3,11101011,971.68,1728,20.8,3.09,295.8,970.98,0.8,0.4, , 
,972.37,1792,91.5,6.6,11101011,972.75,1792,19.2,3.09,295.8,972.02,0.8,0.4, , 
,973.43,1824,91.5,7.4,11101011,973.79,1856,19.2,2.06,275.4,973.08,0.0,0.4, , 
,974.54,1888,91.5,5.5,11101011,974.92,1888,17.6,2.06,275.4,974.17,0.0,0.4, , 
,975.65,1920,91.5,2.0,11101011,976.02,1920,16.1,2.06,275.4,975.27,0.0,0.4, , 
,976.74,1952,91.5,-0.4,11101011,977.09,1952,16.1,2.06,244.8,976.37,0.0,0.4, , 
,977.81,1984,91.5,-4.7,11101011,978.15,1984,14.9,2.06,244.8,977.45,0.0,0.4, , 
,978.87,1984,91.5,-11.7,11101001,979.24,1984,16.1,2.06,244.8,978.51,0.0,0.4, , 
,979.95,2016,91.5,-14.1,11101001,980.31,2016,16.1,2.06,244.8,979.60,0.0,0.4, , 
,981.00,2048,91.5,-15.6,11101001,981.35,2048,16.1,2.06,244.8,980.64,0.0,0.4, , 
,982.05,2048,91.5,-16.8,11101001,982.40,2048,16.1,2.06,244.8,981.70,0.0,0.4, , 
,983.10,2048,91.5,-16.8,11101001,983.45,2048,16.1,2.06,244.8,982.75,0.0,0.4, , 
,984.13,2048,91.5,-16.4,11101001,984.50,2048,19.2,2.06,275.4,983.80,0.0,0.4, , 
,985.19,2048,90.0,-8.2,11101001,985.54,2048,20.8,2.06,316.2,984.84,0.0,0.4, , 
,986.25,2048,90.0,-2.7,11101001,986.59,2048,20.8,2.06,295.8,985.89,0.0,0.4, , 
,987.28,2016,90.0,0.8,11101001,987.64,2016,20.8,3.09,295.8,986.94,0.0,0.4, , 
,988.34,1984,90.0,2.7,11101011,988.69,1984,19.2,2.06,295.8,987.98,0.0,0.4, , 
,989.40,1984,90.0,3.5,11101011,989.77,1952,20.8,3.09,295.8,989.03,0.0,0.4, , 
,990.49,1920,90.0,5.9,11101011,990.86,1920,22.0,3.09,316.2,990.12,0.0,0.4, , 
,991.59,1920,90.0,7.4,11101011,991.97,1920,26.7,4.12,357.0,991.22,0.0,0.4, , 
,992.69,1920,90.0,11.7,11101011,993.05,1920,34.1,5.15,438.6,992.32,0.0,0.4, , 
,993.79,1952,90.0,13.7,11101011,994.15,1952,32.5,5.15,418.2,993.40,0.0,0.4, , 
,994.87,1952,90.0,12.9,11101011,995.23,1984,31.0,5.15,418.2,994.52,0.0,0.4, , 
,995.98,1984,90.0,13.7,11101011,996.34,1984,31.0,5.15,418.2,995.61,0.0,0.4, , 
,997.07,1984,90.0,12.9,11101011,997.43,1984,20.8,3.09,316.2,996.72,0.0,0.4, , 
,998.15,1952,90.0,3.9,11111111,998.51,1888,16.1,2.06,244.8,997.81,0.0,0.4, , 
,999.26,1856,90.0,3.1,11101011,999.62,1792,31.0,4.12,397.8,998.88,0.0,0.4, , 
,1000.40,1824,90.0,7.0,11101011,1000.78,1824,41.2,6.18,499.8,1000.01,0.0,0.4, , 
,1001.50,1824,90.0,12.5,11101011,1001.86,1824,44.3,7.21,550.8,1001.14,0.0,0.4, , 
,1002.60,1824,90.0,18.4,11101011,1002.98,1792,48.6,8.24,591.6,1002.22,0.0,0.4, , 
,1003.72,1792,90.0,21.9,11101011,1004.10,1760,47.1,8.24,591.6,1003.36,0.0,0.4, , 
,1004.87,1792,90.0,23.0,11101011,1005.24,1792,44.3,7.21,550.8,1004.48,0.0,0.4, , 
,1005.97,1728,90.0,19.5,11101011,1006.33,1728,34.1,5.15,438.6,1005.61,0.0,0.4, , 
,1007.03,1696,90.0,15.6,11101011,1007.37,1664,31.0,5.15,397.8,1006.67,0.0,0.4, , 
,1008.04,1664,90.0,12.1,11101011,1008.39,1632,31.0,5.15,397.8,1007.72,0.0,0.4, , 
,1009.09,1600,90.0,10.2,11101011,1009.43,1600,31.0,5.15,418.2,1008.74,0.0,0.4, , 
,1010.17,1600,88.5,9.4,11101011,1010.51,1600,36.9,5.15,479.4,1009.82,0.0,0.4, , 
,1011.24,1632,88.5,9.4,11101011,1011.61,1632,42.7,6.18,550.8,1010.89,0.0,0.4, , 
,1012.27,1632,88.5,9.4,11101011,1012.63,1664,42.7,7.21,550.8,1011.94,0.0,0.4, , 
,1013.38,1696,88.5,11.7,11101011,1013.73,1664,31.0,5.15,418.2,1013.01,0.0,0.4, , 
,1014.47,1664,88.5,10.9,11101011,1014.81,1664,28.2,4.12,377.4,1014.12,0.0,0.4, , 
,1015.47,1024,88.5,0.0,11111111,1015.77,1024,26.7,4.12,377.4,1015.12,0.8,0.4, , 
,1016.37,1024,88.5,0.0,11111111,1016.68,960,22.0,3.09,336.6,1016.08,0.8,0.0, , 
,1017.27,864,88.5,0.0,11111111,1017.54,864,25.1,3.09,377.4,1016.98,0.8,0.0, , 
,1018.13,896,88.5,0.0,11111111,1018.44,864,25.1,3.09,377.4,1017.84,0.8,0.0, , 
,1019.05,896,88.5,0.8,11111111,1019.34,864,25.1,3.09,377.4,1018.75,0.8,0.0, , 
,1019.94,864,90.0,2.3,11111111,1020.25,896,26.7,3.09,397.8,1019.65,0.8,0.0, , 
,1020.86,864,88.5,3.5,11111111,1021.18,896,26.7,3.09,397.8,1020.55,0.8,0.0, , 
,1021.80,896,90.0,4.3,11111111,1022.10,896,26.7,4.12,397.8,1021.49,0.8,0.0, , 
,1022.72,896,90.0,4.3,11111111,1023.03,896,26.7,4.12,397.8,1022.40,1.6,0.0, , 
,1023.63,896,90.0,4.3,11111111,1023.95,864,26.7,4.12,397.8,1023.33,1.6,0.0, , 
,1024.55,864,90.0,4.3,11111111,1024.85,864,28.2,4.12,418.2,1024.25,1.6,0.0, , 
,1025.50,896,90.0,4.3,11111111,1025.83,992,26.7,4.12,377.4,1025.17,1.6,0.0, , 
,1026.46,1088,90.0,3.9,11111111,1026.77,1056,22.0,3.09,336.6,1026.15,1.6,0.0, , 
,1027.37,1056,90.0,9.4,11101011,1027.69,992,32.5,5.15,438.6,1027.08,0.8,0.0, , 
,1028.30,1024,90.0,14.1,11101011,1028.60,1056,38.4,6.18,499.8,1027.99,0.8,0.0, , 
,1029.23,1088,90.0,14.1,11101011,1029.55,1088,41.2,6.18,520.2,1028.92,0.8,0.0, , 
,1030.17,1152,90.0,12.1,11101011,1030.49,1184,38.4,6.18,499.8,1029.86,0.8,0.0, , 
,1031.17,1216,90.0,11.7,11101011,1031.50,1248,38.4,6.18,479.4,1030.82,0.8,0.0, , 
,1032.15,1312,90.0,10.9,10101011,1032.51,1344,36.9,6.18,479.4,1031.83,0.8,0.0, , 
,1033.22,1408,90.0,9.0,10101011,1033.55,1408,34.1,5.15,459.0,1032.86,0.8,0.0, , 
,1034.31,1440,90.0,5.9,10101011,1034.66,1440,25.1,3.09,357.0,1033.88,0.8,0.0, , 
,1035.43,1472,90.0,0.0,10101011,1035.71,1472,26.7,3.09,357.0,1035.01,0.8,0.0, , 
,1036.43,1440,88.5,-1.2,10101011,1036.87,1472,26.7,3.09,357.0,1036.16,0.8,0.0, , 
,1037.69,1504,88.5,0.0,10101011,1037.97,1504,25.1,3.09,357.0,1037.33,0.8,0.0, , 
,1038.54,1472,88.5,-0.4,10111111,1038.81,1504,22.0,3.09,316.2,1038.27,0.8,0.4, , 
,1039.51,1440,88.5,-0.8,10111111,1039.78,1440,22.0,3.09,336.6,1039.08,0.8,0.0, , 
,1040.45,1440,90.0,3.9,10111111,1040.79,1376,23.5,3.09,336.6,1040.10,0.8,0.0, , 
,1041.53,1376,88.5,7.0,10111111,1041.86,1344,22.0,3.09,336.6,1041.17,0.8,0.0, , 
,1042.49,1312,90.0,10.2,10101011,1042.84,1376,25.1,4.12,357.0,1042.17,0.8,0.0, , 
,1043.53,1344,90.0,14.8,10101011,1043.89,1344,26.7,4.12,377.4,1043.18,0.8,0.0, , 
,1044.55,1376,90.0,10.9,10101011,1044.89,1408,23.5,3.09,336.6,1044.21,0.8,0.0, , 
,1045.57,1408,90.0,7.0,10101011,1045.91,1408,23.5,3.09,336.6,1045.23,0.8,0.0, , 
,1046.61,1408,90.0,4.3,10101011,1046.93,1440,23.5,3.09,336.6,1046.26,0.8,0.0, , 
,1047.63,1440,90.0,3.5,10101011,1048.05,1440,23.5,3.09,336.6,1047.26,0.8,0.0, , 
,1048.74,1472,90.0,2.7,10101011,1049.02,1472,20.8,3.09,316.2,1048.31,0.8,0.0, , 
,1049.74,1472,90.0,0.4,10111111,1050.09,1440,22.0,3.09,336.6,1049.39,0.8,0.0, , 
,1050.81,1440,90.0,3.5,10111111,1051.12,1344,22.0,3.09,336.6,1050.48,0.8,0.0, , 
,1051.74,960,90.0,5.1,10111111,1052.05,864,25.1,4.12,377.4,1051.42,0.8,0.0, , 
,1052.70,896,90.0,5.1,10111111,1053.00,864,26.7,4.12,397.8,1052.38,1.6,0.0, , 
,1053.59,864,90.0,4.7,10111111,1053.89,896,26.7,4.12,397.8,1053.28,1.6,0.0, , 
,1054.53,864,90.0,4.7,10111111,1054.83,896,28.2,4.12,418.2,1054.22,1.6,0.0, , 
,1055.46,864,90.0,4.7,10111111,1055.77,896,29.4,4.12,418.2,1055.13,1.6,0.0, , 
,1056.37,896,90.0,4.7,10111111,1056.69,896,29.4,4.12,418.2,1056.07,1.6,0.0, , 
,1057.33,896,90.0,5.1,10111111,1057.64,864,29.4,4.12,418.2,1057.01,1.6,0.0, , 
,1058.22,896,90.0,5.5,10111111,1058.51,864,29.4,4.12,418.2,1057.92,1.6,0.0, , 
,1059.13,864,90.0,1.2,10111111,1059.47,928,31.0,4.12,438.6,1058.83,1.6,0.0, , 
,1060.07,896,90.0,3.1,10111111,1060.37,896,28.2,4.12,397.8,1059.77,1.6,0.0, , 
,1060.97,864,90.0,4.3,10111111,1061.28,864,29.4,4.12,418.2,1060.68,1.6,0.0, , 
,1061.90,864,90.0,4.3,10111111,1062.22,832,29.4,4.12,438.6,1061.59,1.6,0.0, , 
,1062.82,768,90.0,4.3,10111111,1063.12,768,38.4,6.18,520.2,1062.53,2.3,0.0, , 
,1063.73,864,90.0,0.4,10111111,1064.01,768,34.1,5.15,479.4,1063.42,1.6,0.0, , 
,1064.64,800,90.0,-2.0,10111111,1064.97,864,38.4,5.15,520.2,1064.35,2.3,0.0, , 
,1065.51,704,90.0,-7.0,10111111,1065.81,800,45.9,7.21,591.6,1065.24,2.3,0.0, , 
,1066.41,800,90.0,-8.6,10111111,1066.71,768,41.2,6.18,550.8,1066.11,1.6,0.0, , 
,1067.33,832,90.0,-8.6,10111111,1067.63,864,41.2,5.15,550.8,1067.02,1.6,0.0, , 
,1068.24,896,90.0,-6.3,10111111,1068.55,928,36.9,5.15,499.8,1067.95,1.6,0.0, , 
,1069.16,928,90.0,-1.2,10111111,1069.45,928,36.9,5.15,479.4,1068.85,1.6,0.0, , 
,1070.08,928,90.0,3.9,10111111,1070.37,928,35.3,5.15,479.4,1069.76,0.8,0.0, , 
,1071.00,960,91.5,6.6,10111111,1071.29,928,32.5,5.15,459.0,1070.68,0.8,0.0, , 
,1071.90,800,90.0,8.2,10111111,1072.20,832,35.3,5.15,479.4,1071.60,1.6,0.0, , 
,1072.81,832,90.0,12.1,10101011,1073.10,864,42.7,6.18,550.8,1072.50,0.8,0.0, , 
,1073.69,736,90.0,8.2,10101011,1073.95,736,48.6,7.21,632.4,1073.41,0.8,0.0, , 
,1074.58,832,91.5,4.3,10111111,1074.88,896,34.1,4.12,459.0,1074.27,0.8,0.0, , 
,1075.50,864,91.5,2.7,10111111,1075.78,864,29.4,4.12,418.2,1075.19,1.6,0.0, , 
,1076.39,864,91.5,2.7,10111111,1076.70,896,29.4,4.12,418.2,1076.07,1.6,0.0, , 
,1077.33,864,91.5,2.3,10111111,1077.62,768,26.7,3.09,397.8,1077.01,1.6,0.0, , 
,1078.21,768,91.5,-1.6,10111111,1078.51,768,29.4,4.12,438.6,1077.92,1.6,0.0, , 
,1079.11,768,91.5,0.0,10101011,1079.40,832,45.9,6.18,591.6,1078.81,1.6,0.0, , 
,1080.00,928,91.5,0.0,10101011,1080.28,768,51.8,7.21,652.8,1079.70,0.8,0.0, , 
,1080.83,704,91.5,0.0,10101011,1081.13,768,57.6,8.24,714.0,1080.56,0.8,0.0, , 
,1081.76,864,91.5,0.0,10101011,1082.08,896,36.9,5.15,499.8,1081.43,0.8,0.0, , 
,1082.70,928,91.5,-0.4,10101011,1083.04,928,32.5,4.12,438.6,1082.38,1.6,0.0, , 
,1083.68,1088,91.5,0.0,10111111,1083.95,992,25.1,3.09,357.0,1083.36,1.6,0.0, , 
,1084.57,864,91.5,0.8,10111111,1084.88,832,28.2,4.12,418.2,1084.26,1.6,0.0, , 
,1085.47,800,91.5,0.8,10111111,1085.76,768,28.2,3.09,418.2,1085.19,1.6,0.0, , 
,1086.37,768,91.5,0.8,10111111,1086.67,800,29.4,4.12,438.6,1086.06,1.6,0.0, , 
,1087.26,800,91.5,2.3,10111111,1087.55,800,29.4,4.12,438.6,1086.96,1.6,0.0, , 
,1088.16,800,91.5,3.5,10111111,1088.47,800,28.2,4.12,418.2,1087.85,1.6,0.0, , 
,1089.07,800,91.5,6.3,10111111,1089.40,800,26.7,3.09,397.8,1088.76,1.6,0.0, , 
,1089.97,800,91.5,5.9,10111111,1090.25,800,26.7,3.09,397.8,1089.69,2.3,0.0, , 
,1090.84,800,93.0,5.5,10111111,1091.14,800,26.7,3.09,397.8,1090.54,2.3,0.0, , 
,1091.72,800,93.0,5.1,10111111,1092.01,800,26.7,3.09,397.8,1091.43,2.3,0.0, , 
,1092.62,800,93.0,4.7,10111111,1092.91,800,25.1,3.09,397.8,1092.31,2.3,0.0, , 
,1093.52,800,93.0,4.7,10111111,1093.80,800,25.1,3.09,397.8,1093.21,2.3,0.0, , 
,1094.40,800,93.0,6.6,10111111,1094.69,800,25.1,3.09,397.8,1094.10,2.3,0.0, , 
,1095.28,800,93.0,6.3,10111111,1095.58,768,25.1,3.09,397.8,1094.98,2.3,0.0, , 
,1096.18,768,93.0,5.9,10111111,1096.49,800,25.1,3.09,397.8,1095.88,2.3,0.0, , 
,1097.08,800,93.0,5.5,10111111,1097.37,800,25.1,3.09,397.8,1096.80,2.3,0.0, , 
,1097.97,768,93.0,5.5,10111111,1098.26,768,25.1,3.09,377.4,1097.67,2.3,0.0, , 
,1098.88,768,93.0,5.9,10111111,1099.20,800,25.1,3.09,377.4,1098.58,2.3,0.0, , 
,1099.82,768,93.0,6.3,10111111,1100.12,768,25.1,3.09,397.8,1099.51,2.3,0.0, , 
,1100.72,768,93.0,6.6,10111111,1101.02,800,25.1,3.09,377.4,1100.44,2.3,0.0, , 
,1101.61,800,93.0,7.0,10111111,1101.91,800,25.1,3.09,397.8,1101.32,2.3,0.0, , 
,1102.51,800,94.5,6.6,10111111,1102.81,800,25.1,3.09,377.4,1102.20,2.3,0.0, , 
,1103.41,768,94.5,6.6,10111111,1103.74,800,25.1,3.09,377.4,1103.11,2.3,0.0, , 
,1104.34,768,94.5,6.6,10111111,1104.63,768,25.1,3.09,397.8,1104.04,2.3,0.0, , 
,1105.20,800,94.5,6.3,10111111,1105.50,800,25.1,3.09,377.4,1104.91,2.3,0.0, , 
,1106.09,768,94.5,6.3,10111111,1106.40,800,25.1,3.09,397.8,1105.80,2.3,0.0, , 
,1107.00,800,94.5,6.3,10111111,1107.29,800,25.1,3.09,377.4,1106.70,2.3,0.0, , 
,1107.89,800,94.5,6.6,10111111,1108.19,768,25.1,3.09,377.4,1107.59,2.3,0.0, , 
,1108.80,768,94.5,6.6,10111111,1109.09,800,25.1,3.09,377.4,1108.49,2.3,0.0, , 
,1109.67,768,94.5,6.6,10111111,1109.97,800,25.1,3.09,377.4,1109.38,2.3,0.0, , 
,1110.57,768,94.5,6.6,10111111,1110.88,800,25.1,3.09,377.4,1110.26,2.3,0.0, , 
,1111.49,800,94.5,6.3,10111111,1111.78,768,25.1,3.09,377.4,1111.19,2.3,0.0, , 
,1112.39,800,94.5,5.9,10111111,1112.70,768,25.1,3.09,377.4,1112.09,2.3,0.0, , 
,1113.30,768,94.5,5.5,10111111,1113.60,768,25.1,3.09,397.8,1113.00,2.3,0.0, , 
,1114.20,768,94.5,5.5,10111111,1114.50,768,25.1,3.09,397.8,1113.90,2.3,0.0, , 
,1115.09,800,94.5,6.6,10111111,1115.40,768,25.1,3.09,397.8,1114.80,2.3,0.0, , 
,1115.99,768,94.5,6.3,10111111,1116.29,768,25.1,3.09,397.8,1115.70,2.3,0.0, , 
,1116.90,800,94.5,6.3,10111111,1117.20,800,25.1,3.09,397.8,1116.61,2.3,0.0, , 
,1117.79,800,94.5,5.9,10111111,1118.10,800,25.1,3.09,397.8,1117.50,2.3,0.0, , 
,1118.71,800,94.5,5.9,10111111,1119.01,768,25.1,3.09,397.8,1118.40,2.3,0.0, , 
,1119.59,768,94.5,5.9,10111111,1119.88,800,25.1,3.09,397.8,1119.30,2.3,0.0, , 
,1120.47,768,94.5,5.9,10111111,1120.77,800,25.1,3.09,397.8,1120.17,2.3,0.0, , 
,1121.36,768,94.5,5.9,10111111,1121.66,768,25.1,3.09,397.8,1121.06,2.3,0.0, , 
