Pi¹tek,28,Sierpieñ,2026,06:31:51:00009-VCID:1C3761778CABCE7337-515A,Wersja VCDS: AKP 23.3.1,Wersja danych: 20230601 DS346.2
047 906 033 L,,1.4l SIMOS3PA   00HS5401,

,Grupa A:,'001,,,,Grupa B:,'002,,,,Grupa C:,'033
,,Obroty silnika,Temperatura,Lambda,Bity binarnie,,Obroty silnika,Obci¹¿enie,Czas wtrysku,Ciœnienie rzecz.,,Lambda,Napiêcie, , 
,CZAS,,,,,CZAS,,,,,CZAS,,,,
Znacznik,ZAPISU, /min,*C, %,,ZAPISU, /min, %, ms, mbar,ZAPISU, %, V,,
,0.54,0,18.0,0.0,10110110,0.01,0,0.0,0.00,989.4,0.27,0.0,1.48, , 
,1.33,0,18.0,0.0,10110110,0.80,0,0.0,0.00,989.4,1.07,0.0,1.48, , 
,2.14,0,18.0,0.0,10110110,1.60,0,0.0,0.00,989.4,1.87,0.0,1.48, , 
,2.94,0,18.0,0.0,10110110,2.41,0,0.0,0.00,989.4,2.68,0.0,1.48, , 
,3.74,0,18.0,0.0,10110110,3.21,0,0.0,0.00,989.4,3.47,0.0,1.48, , 
,4.53,0,18.0,0.0,10110110,4.01,0,0.0,0.00,989.4,4.27,0.0,1.48, , 
,5.36,192,18.0,0.0,10110110,4.80,0,0.0,0.00,989.4,5.08,0.0,1.48, , 
,6.17,192,18.0,0.0,10110110,5.63,192,100.0,64.89,989.4,5.89,0.0,1.48, , 
,7.14,1152,18.0,0.0,10110110,6.48,1088,75.3,27.81,826.2,6.81,0.0,1.48, , 
,8.07,1056,18.0,0.0,10110110,7.44,1088,47.1,10.30,520.2,7.75,0.0,1.48, , 
,8.98,1056,18.0,0.0,10110110,8.37,1056,45.9,10.30,520.2,8.66,0.0,1.48, , 
,9.90,1024,18.0,0.0,10110110,9.31,1056,45.9,10.30,520.2,9.61,0.0,1.48, , 
,10.83,1024,18.0,0.0,10110110,10.21,1024,45.9,9.27,520.2,10.54,0.0,1.48, , 
,11.75,1024,18.0,0.0,10110110,11.12,992,45.9,9.27,520.2,11.42,0.0,1.48, , 
,12.73,1024,18.0,0.0,10110110,12.07,1024,45.9,9.27,520.2,12.41,0.0,1.48, , 
,13.67,992,18.0,0.0,10110110,13.00,1024,44.3,8.24,499.8,13.36,0.0,1.48, , 
,14.61,992,18.0,0.0,10110110,13.97,1024,44.3,8.24,499.8,14.33,0.0,1.48, , 
,15.60,992,18.0,0.0,10110110,14.97,992,42.7,8.24,499.8,15.26,0.0,1.48, , 
,16.55,992,18.0,0.0,10110110,15.89,992,42.7,7.21,479.4,16.21,0.0,1.48, , 
,17.42,992,18.0,0.0,10110110,16.83,992,41.2,7.21,479.4,17.10,0.0,1.48, , 
,18.32,992,18.0,0.0,10110110,17.77,992,41.2,7.21,479.4,18.05,0.0,1.48, , 
,19.14,992,18.0,0.0,10100010,18.58,992,41.2,7.21,479.4,18.85,0.0,1.48, , 
,20.10,1152,18.0,0.0,10110110,19.47,1184,51.8,8.24,591.6,19.78,0.0,1.48, , 
,21.02,960,18.0,0.0,10110110,20.38,1024,34.1,5.15,418.2,20.74,0.0,1.48, , 
,21.89,960,18.0,0.0,10110110,21.32,960,36.9,6.18,438.6,21.58,0.0,1.48, , 
,22.84,960,18.0,0.0,10110110,22.21,960,36.9,6.18,438.6,22.55,0.0,1.48, , 
,23.77,960,18.0,0.0,10110110,23.14,960,36.9,6.18,438.6,23.45,0.0,1.48, , 
,24.71,1088,18.0,0.0,10100010,24.08,928,36.9,6.18,459.0,24.42,0.0,1.48, , 
,25.68,1056,18.0,0.0,10100010,25.03,1248,36.9,5.15,438.6,25.36,0.0,1.48, , 
,26.62,1184,18.0,0.0,10100010,25.99,1056,51.8,11.33,571.2,26.30,0.0,1.48, , 
,27.58,1248,18.0,0.0,10100010,26.91,1088,51.8,9.27,571.2,27.23,0.0,1.48, , 
,28.57,1632,19.5,0.0,10110110,27.90,1312,41.2,5.15,479.4,28.22,0.0,1.48, , 
,29.58,1504,19.5,0.0,10110110,28.91,1664,31.0,4.12,377.4,29.25,0.0,1.48, , 
,30.57,896,19.5,0.0,10110110,29.90,1344,29.4,4.12,377.4,30.24,0.0,1.48, , 
,31.50,928,19.5,0.0,10110110,30.88,928,38.4,6.18,459.0,31.19,0.0,1.48, , 
,32.44,928,19.5,0.0,10110110,31.82,928,38.4,5.15,459.0,32.12,0.0,1.48, , 
,33.35,1056,19.5,0.0,10100010,32.75,928,40.0,6.18,459.0,33.04,0.0,1.45, , 
,34.27,800,19.5,0.0,10100010,33.68,1024,40.0,6.18,459.0,33.97,0.0,1.41, , 
,35.19,800,19.5,0.0,10100010,34.58,800,50.2,8.24,571.2,34.89,0.0,1.41, , 
,36.12,1024,19.5,0.0,10100010,35.49,800,54.5,8.24,612.0,35.78,0.0,1.52, , 
,37.13,1248,19.5,0.0,10110110,36.45,1120,41.2,6.18,479.4,36.79,0.0,1.41, , 
,38.16,1504,19.5,0.0,10110110,37.51,1408,32.5,4.12,377.4,37.87,0.0,1.17, , 
,39.15,1184,19.5,0.0,10110110,38.51,1472,31.0,4.12,377.4,38.83,0.0,1.25, , 
,40.02,928,19.5,0.0,10110110,39.41,1024,35.3,5.15,418.2,39.71,0.0,1.41, , 
,40.95,928,19.5,0.0,10110110,40.31,928,38.4,6.18,459.0,40.63,0.0,1.45, , 
,41.87,928,21.0,0.0,10110110,41.27,928,38.4,5.15,459.0,41.57,0.0,1.52, , 
,42.77,928,21.0,0.0,10110110,42.15,896,38.4,5.15,459.0,42.46,0.0,1.56, , 
,43.69,928,21.0,0.0,10110110,43.08,928,40.0,5.15,459.0,43.39,0.0,1.56, , 
,44.62,928,21.0,0.0,10110110,44.01,928,38.4,5.15,459.0,44.32,0.0,1.56, , 
,45.54,896,21.0,0.0,10110110,44.93,928,40.0,5.15,459.0,45.23,0.0,1.52, , 
,46.46,928,21.0,0.0,10110110,45.85,928,38.4,5.15,459.0,46.15,0.0,1.56, , 
,47.39,928,21.0,0.0,10110110,46.76,928,40.0,5.15,459.0,47.09,0.0,1.56, , 
,48.28,928,21.0,0.0,10110110,47.70,928,40.0,5.15,459.0,47.99,0.0,1.52, , 
,49.20,896,21.0,0.0,10110110,48.59,928,40.0,5.15,459.0,48.89,0.0,1.56, , 
,50.17,896,21.0,0.0,10110110,49.52,896,40.0,6.18,479.4,49.84,0.0,1.52, , 
,51.11,928,22.5,0.0,10110110,50.50,928,40.0,6.18,479.4,50.82,0.0,1.52, , 
,52.04,928,22.5,0.0,10110110,51.42,928,40.0,5.15,479.4,51.74,0.0,1.52, , 
,52.96,928,22.5,0.0,10110110,52.35,928,40.0,5.15,479.4,52.65,0.0,1.52, , 
,53.89,928,22.5,0.0,10110110,53.27,928,40.0,5.15,479.4,53.59,0.0,1.52, , 
,54.85,896,22.5,0.0,10110110,54.20,928,40.0,5.15,479.4,54.53,0.0,1.52, , 
,55.80,864,22.5,0.0,10100010,55.17,896,41.2,6.18,479.4,55.49,0.0,1.52, , 
,56.72,928,22.5,0.0,10100010,56.11,896,41.2,6.18,499.8,56.42,0.0,1.52, , 
,57.72,992,22.5,0.0,10100010,57.05,928,40.0,5.15,459.0,57.37,0.0,1.45, , 
,58.63,960,22.5,0.0,10110110,58.03,992,35.3,5.15,438.6,58.33,0.0,1.33, , 
,59.51,864,22.5,0.0,10110110,58.93,864,38.4,5.15,459.0,59.23,0.0,1.41, , 
,60.44,928,22.5,0.0,10110110,59.81,864,41.2,6.18,499.8,60.14,0.0,1.45, , 
,61.37,928,24.0,1.2,10111110,60.75,928,40.0,5.15,479.4,61.07,0.8,1.45, , 
,62.29,1184,24.0,0.0,10101010,61.65,928,41.2,6.18,479.4,61.97,0.0,1.45, , 
,63.28,896,24.0,4.3,10101010,62.60,1152,44.3,6.18,499.8,62.95,0.0,1.45, , 
,64.23,960,24.0,0.0,10101010,63.60,960,51.8,8.24,591.6,63.91,0.0,1.41, , 
,65.16,928,24.0,0.0,10111110,64.53,896,44.3,6.18,520.2,64.85,0.4,1.37, , 
,66.08,928,24.0,0.0,10111110,65.48,928,41.2,6.18,499.8,65.77,0.0,1.37, , 
,67.01,928,24.0,0.8,10111110,66.40,928,41.2,6.18,479.4,66.70,0.8,1.41, , 
,67.93,928,24.0,2.0,10111110,67.30,928,40.0,6.18,479.4,67.61,1.6,1.41, , 
,68.82,928,24.0,2.3,10111110,68.21,928,40.0,6.18,479.4,68.50,2.3,1.41, , 
,69.73,928,25.5,2.7,10111110,69.10,928,40.0,6.18,479.4,69.41,2.3,1.37, , 
,70.65,928,25.5,3.1,10111110,70.03,928,40.0,6.18,479.4,70.35,2.7,1.41, , 
,71.60,928,25.5,3.5,10111110,70.97,928,38.4,6.18,459.0,71.29,3.5,1.37, , 
,72.54,928,25.5,2.3,10111110,71.92,928,36.9,5.15,459.0,72.23,2.7,1.33, , 
,73.45,896,25.5,-0.8,10111110,72.83,928,35.3,5.15,438.6,73.15,0.0,1.21, , 
,74.40,896,25.5,-0.4,10111110,73.79,896,35.3,5.15,438.6,74.10,-1.2,1.45, , 
,75.32,896,25.5,1.2,10111110,74.70,928,36.9,5.15,438.6,75.00,0.8,1.41, , 
,76.21,896,25.5,2.0,10111110,75.62,896,36.9,5.15,438.6,75.90,1.6,1.45, , 
,77.12,896,25.5,2.3,10111110,76.51,928,36.9,5.15,438.6,76.81,2.3,1.37, , 
,78.03,896,25.5,2.7,10111110,77.41,896,36.9,5.15,438.6,77.71,2.7,1.41, , 
,78.97,896,25.5,2.7,10111110,78.35,928,36.9,5.15,438.6,78.68,2.7,1.37, , 
,79.88,896,27.0,3.1,10111110,79.27,928,36.9,5.15,438.6,79.58,3.1,1.41, , 
,80.81,896,27.0,3.1,10111110,80.19,896,36.9,5.15,438.6,80.51,3.1,1.41, , 
,81.74,928,27.0,3.5,10111110,81.13,896,35.3,5.15,438.6,81.44,3.1,1.37, , 
,82.63,928,27.0,3.5,10111110,82.04,896,36.9,5.15,438.6,82.33,3.5,1.41, , 
,83.53,896,27.0,3.5,10111110,82.93,896,35.3,5.15,438.6,83.22,3.5,1.37, , 
,84.46,960,27.0,4.7,10101010,83.84,896,36.9,5.15,438.6,84.16,3.5,1.37, , 
,85.44,1216,27.0,0.0,10101010,84.77,1152,35.3,5.15,438.6,85.11,6.3,1.37, , 
,86.40,1024,27.0,0.0,10101010,85.75,1152,51.8,9.27,571.2,86.06,0.0,1.21, , 
,87.28,800,27.0,0.0,10111110,86.71,1024,54.5,9.27,612.0,86.99,0.0,1.41, , 
,88.23,864,27.0,0.0,10111110,87.59,896,48.6,7.21,571.2,87.91,0.0,1.25, , 
,89.13,960,27.0,-3.5,10101010,88.54,896,44.3,6.18,520.2,88.83,-5.1,1.21, , 
,90.01,1056,28.5,0.8,10101010,89.43,960,47.1,7.21,550.8,89.70,1.2,1.56, , 
,90.96,1184,28.5,2.3,10101010,90.30,1088,42.7,6.18,499.8,90.63,1.6,1.45, , 
,91.96,1376,28.5,0.0,10101010,91.29,1248,42.7,6.18,499.8,91.61,0.0,1.48, , 
,93.00,1696,28.5,3.9,10101010,92.30,1472,50.2,7.21,571.2,92.65,2.7,1.56, , 
,94.12,1888,28.5,-0.8,10101010,93.39,1792,42.7,6.18,479.4,93.76,2.0,1.25, , 
,95.16,2048,28.5,0.0,10101000,94.46,1920,35.3,5.15,418.2,94.82,0.0,1.21, , 
,96.16,2240,28.5,0.0,10111100,95.49,2208,56.1,10.30,591.6,95.81,0.0,1.25, , 
,97.20,1280,28.5,-7.0,10101010,96.53,2112,23.5,3.09,295.8,96.87,-6.3,1.02, , 
,98.20,1248,28.5,-0.8,10101010,97.53,1280,32.5,4.12,397.8,97.86,-1.6,1.52, , 
,99.20,1312,30.0,3.9,10101010,98.55,1280,41.2,6.18,479.4,98.87,2.7,1.56, , 
,100.19,1376,30.0,9.4,10101010,99.54,1312,42.7,6.18,499.8,99.87,7.8,1.56, , 
,101.40,1504,30.0,13.3,10101010,100.56,1408,45.9,7.21,520.2,100.99,12.1,1.48, , 
,102.45,1568,30.0,14.5,10101010,101.76,1536,42.7,7.21,479.4,102.10,13.7,1.33, , 
,103.55,1664,30.0,13.3,10101010,102.82,1600,41.2,6.18,459.0,103.19,14.5,1.33, , 
,104.66,1728,30.0,10.5,10101010,103.92,1696,40.0,6.18,459.0,104.28,12.1,1.25, , 
,105.78,1760,31.5,7.8,10101010,105.04,1728,38.4,6.18,438.6,105.43,8.6,1.29, , 
,106.84,1792,31.5,5.9,10101010,106.11,1792,35.3,5.15,418.2,106.46,6.6,1.33, , 
,107.95,1856,31.5,5.9,10101010,107.21,1824,41.2,6.18,459.0,107.58,7.4,1.45, , 
,109.05,1952,31.5,7.0,10101010,108.33,1888,40.0,6.18,459.0,108.70,6.6,1.48, , 
,110.15,1856,31.5,0.0,10111110,109.41,1984,35.3,3.09,418.2,109.77,0.0,1.33, , 
,111.23,1408,31.5,1.2,10111110,110.51,1728,28.2,3.09,336.6,110.89,0.8,1.45, , 
,112.16,928,33.0,1.6,10111110,111.55,1184,31.0,4.12,377.4,111.85,2.3,1.45, , 
,113.04,928,33.0,3.5,10111110,112.46,896,38.4,5.15,459.0,112.74,3.1,1.52, , 
,113.93,960,33.0,4.3,10111110,113.32,928,36.9,5.15,459.0,113.63,4.3,1.45, , 
,114.87,896,33.0,3.5,10111110,114.27,992,35.3,5.15,438.6,114.57,3.9,1.33, , 
,115.77,896,33.0,3.5,10111110,115.15,896,36.9,5.15,459.0,115.46,3.1,1.45, , 
,116.70,896,33.0,4.3,10111110,116.10,896,36.9,5.15,459.0,116.40,4.3,1.45, , 
,117.65,864,33.0,4.7,10111110,117.01,896,36.9,5.15,459.0,117.33,4.7,1.45, , 
,118.54,864,34.5,2.3,10101010,117.94,864,32.5,5.15,418.2,118.27,3.1,1.29, , 
,119.69,1504,34.5,0.0,10101010,118.85,896,44.3,9.27,499.8,119.24,0.0,0.98, , 
,120.70,1056,34.5,0.0,10101010,120.04,1568,62.0,11.33,673.2,120.40,0.0,1.52, , 
,121.74,1696,34.5,0.0,10101010,121.06,1312,56.1,8.24,632.4,121.38,0.0,1.52, , 
,122.84,1984,34.5,0.0,10111100,122.11,1856,50.2,7.21,550.8,122.47,0.0,1.52, , 
,123.81,1024,34.5,0.0,10101010,123.17,1696,23.5,3.09,316.2,123.51,-9.4,1.05, , 
,124.80,1120,36.0,-0.4,10101010,124.16,1024,38.4,5.15,459.0,124.49,0.0,1.25, , 
,125.79,1216,36.0,3.9,10101010,125.13,1152,44.3,6.18,499.8,125.45,2.7,1.52, , 
,126.80,1376,36.0,0.0,10101010,126.11,1280,51.8,8.24,591.6,126.45,0.0,1.56, , 
,127.93,1600,36.0,8.2,10101010,127.25,1440,48.6,7.21,550.8,127.62,5.9,1.56, , 
,128.99,1760,36.0,10.5,10101010,128.28,1632,44.3,6.18,499.8,128.62,10.5,1.48, , 
,130.08,1920,36.0,4.3,10101010,129.36,1824,38.4,5.15,438.6,129.73,6.6,1.21, , 
,131.15,2016,37.5,0.4,10101000,130.44,1952,31.0,4.12,377.4,130.80,1.2,1.25, , 
,132.16,2112,37.5,1.2,10101000,131.50,2048,29.4,4.12,357.0,131.84,0.8,1.45, , 
,133.18,2208,37.5,1.6,10101000,132.51,2144,28.2,4.12,336.6,132.85,1.6,1.45, , 
,134.19,2272,37.5,2.7,10101000,133.50,2208,26.7,3.09,336.6,133.84,2.3,1.45, , 
,135.20,2176,37.5,2.7,10111100,134.52,2272,25.1,3.09,316.2,134.86,3.5,1.45, , 
,136.22,1312,37.5,3.5,10111110,135.55,1920,20.8,3.09,295.8,135.91,2.7,1.48, , 
,137.15,1152,39.0,3.9,10111110,136.52,1056,31.0,4.12,397.8,136.84,3.5,1.48, , 
,138.18,1568,39.0,7.0,10111110,137.53,1472,26.7,4.12,357.0,137.87,4.3,1.52, , 
,139.28,1568,39.0,10.9,10111110,138.53,1568,28.2,4.12,357.0,138.89,10.2,1.56, , 
,140.36,1568,39.0,12.9,10111110,139.66,1568,28.2,4.12,357.0,140.00,12.5,1.45, , 
,141.39,1600,39.0,14.5,10111110,140.71,1568,28.2,4.12,357.0,141.05,14.1,1.41, , 
,142.48,1568,39.0,14.5,10111110,141.74,1600,28.2,4.12,357.0,142.12,15.2,1.41, , 
,143.55,1568,40.5,14.5,10111110,142.84,1568,28.2,4.12,357.0,143.18,14.8,1.37, , 
,144.57,1536,40.5,14.8,10111110,143.89,1536,28.2,4.12,357.0,144.24,14.1,1.37, , 
,145.58,1504,40.5,14.5,10111110,144.88,1504,28.2,4.12,357.0,145.19,14.5,1.41, , 
,146.53,1504,40.5,14.1,10111110,145.92,1536,28.2,4.12,357.0,146.26,13.7,1.41, , 
,147.69,1504,40.5,12.5,10111110,146.99,1504,28.2,4.12,357.0,147.30,12.5,1.37, , 
,148.82,1504,40.5,12.9,10111110,148.07,1536,28.2,4.12,357.0,148.44,12.9,1.41, , 
,149.96,1408,40.5,11.7,10111110,149.18,1504,28.2,4.12,357.0,149.59,12.9,1.45, , 
,150.91,1248,42.0,8.2,10111110,150.28,1344,29.4,4.12,377.4,150.58,9.4,1.33, , 
,151.87,1024,42.0,7.4,10111110,151.22,1152,29.4,4.12,377.4,151.53,7.0,1.37, , 
,152.79,1056,42.0,7.0,10111110,152.16,1024,32.5,5.15,418.2,152.48,6.3,1.41, , 
,153.78,1088,42.0,5.9,10111110,153.11,1056,31.0,4.12,397.8,153.45,6.3,1.37, , 
,154.72,960,42.0,5.1,10111110,154.10,1056,29.4,4.12,377.4,154.44,5.5,1.41, , 
,155.62,960,42.0,3.5,10111110,155.02,928,31.0,4.12,397.8,155.35,3.9,1.37, , 
,156.50,992,42.0,2.7,10111110,155.88,992,29.4,4.12,397.8,156.15,3.1,1.41, , 
,157.45,1056,42.0,1.6,10101010,156.79,992,28.2,4.12,377.4,157.14,0.8,1.48, , 
,158.40,1120,43.5,1.6,10101010,157.78,1056,35.3,5.15,438.6,158.09,2.7,1.52, , 
,159.34,1184,43.5,2.0,10101010,158.72,1152,32.5,4.12,418.2,159.03,2.0,1.52, , 
,160.32,1280,43.5,2.3,10101010,159.66,1216,31.0,4.12,397.8,159.99,2.7,1.52, , 
,161.32,1344,43.5,4.3,10101010,160.66,1280,31.0,4.12,397.8,161.00,3.5,1.52, , 
,162.35,1376,43.5,3.1,10111110,161.64,1344,29.4,4.12,377.4,161.99,2.7,1.45, , 
,163.38,1440,43.5,4.3,10111110,162.69,1376,28.2,4.12,377.4,163.02,3.5,1.48, , 
,164.41,1440,43.5,6.3,10111110,163.71,1408,28.2,4.12,377.4,164.09,6.3,1.52, , 
,165.45,1408,43.5,7.4,10111110,164.78,1408,28.2,4.12,377.4,165.12,7.4,1.48, , 
,166.54,1536,45.0,9.0,10101010,165.77,1440,28.2,4.12,357.0,166.22,8.6,1.48, , 
,167.60,1600,45.0,9.8,10101010,166.89,1504,29.4,4.12,377.4,167.26,9.8,1.45, , 
,168.69,1696,45.0,10.5,10101010,167.96,1632,28.2,4.12,357.0,168.31,10.5,1.45, , 
,169.76,1760,45.0,9.4,10111110,169.04,1728,26.7,4.12,336.6,169.38,10.2,1.37, , 
,170.88,1856,45.0,8.2,10111110,170.11,1760,25.1,4.12,336.6,170.49,9.0,1.37, , 
,171.97,1856,45.0,9.8,10111110,171.25,1856,23.5,3.09,316.2,171.62,9.0,1.48, , 
,173.06,1824,45.0,10.2,10111110,172.33,1824,23.5,3.09,316.2,172.69,9.8,1.52, , 
,174.09,1792,45.0,11.7,10111110,173.42,1824,25.1,3.09,316.2,173.76,11.7,1.52, , 
,175.14,1632,46.5,12.1,10111110,174.42,1760,26.7,4.12,336.6,174.78,12.1,1.45, , 
,176.19,1376,46.5,12.1,10111110,175.50,1568,28.2,4.12,357.0,175.86,12.5,1.41, , 
,177.14,928,46.5,10.9,10111110,176.49,1312,28.2,4.12,377.4,176.82,11.7,1.37, , 
,178.05,928,46.5,9.0,10111110,177.43,928,34.1,5.15,438.6,177.73,9.8,1.37, , 
,178.98,960,46.5,8.2,10111110,178.35,928,34.1,5.15,438.6,178.66,8.2,1.45, , 
,179.88,896,46.5,7.0,10111110,179.29,960,34.1,5.15,438.6,179.59,7.4,1.37, , 
,180.82,896,46.5,6.6,10111110,180.20,896,34.1,5.15,438.6,180.51,6.6,1.45, , 
,181.71,800,46.5,5.1,10111110,181.12,832,31.0,4.12,418.2,181.40,5.5,1.33, , 
,182.63,832,46.5,3.5,10111110,182.00,800,34.1,5.15,438.6,182.32,3.9,1.41, , 
,183.55,800,46.5,3.9,10111110,182.95,800,34.1,5.15,438.6,183.26,3.5,1.48, , 
,184.45,832,46.5,4.3,10111110,183.86,800,35.3,5.15,459.0,184.14,3.9,1.52, , 
,185.39,832,46.5,4.7,10111110,184.75,832,35.3,5.15,459.0,185.08,4.7,1.48, , 
,186.32,800,46.5,3.9,10101010,185.69,832,35.3,5.15,459.0,185.98,5.1,1.48, , 
,187.29,1088,48.0,0.0,10101010,186.64,1024,38.4,6.18,479.4,186.97,2.3,1.45, , 
,188.23,992,48.0,0.0,10101010,187.61,1056,48.6,8.24,571.2,187.92,0.0,1.45, , 
,189.23,1792,48.0,0.0,10101010,188.55,1248,50.2,7.21,591.6,188.88,0.0,1.56, , 
,190.32,1760,48.0,0.0,10111110,189.60,1824,34.1,3.09,418.2,189.97,0.0,1.64, , 
,191.31,1088,48.0,-2.7,10101010,190.65,1344,28.2,4.12,357.0,190.99,-0.4,1.41, , 
,192.31,1312,48.0,1.6,10101010,191.62,1216,29.4,4.12,377.4,191.95,-2.0,1.48, , 
,193.35,1376,48.0,3.1,10101010,192.66,1312,38.4,6.18,459.0,193.00,3.1,1.52, , 
,194.56,1504,48.0,4.3,10101010,193.67,1408,36.9,5.15,459.0,194.14,5.1,1.52, , 
,195.67,1568,48.0,5.1,10101010,194.93,1536,26.7,4.12,336.6,195.29,4.3,1.45, , 
,196.77,1600,49.5,7.8,10111110,196.06,1568,25.1,3.09,336.6,196.41,6.6,1.48, , 
,197.83,1568,49.5,9.8,10101010,197.13,1536,28.2,4.12,357.0,197.49,8.6,1.45, , 
,198.95,1632,49.5,12.9,10101010,198.21,1632,26.7,4.12,357.0,198.58,10.9,1.48, , 
,200.02,1824,49.5,0.0,10101010,199.31,1664,47.1,8.24,520.2,199.66,0.0,1.52, , 
,201.06,2080,49.5,0.0,10101000,200.38,1888,62.0,9.27,652.8,200.73,0.0,1.60, , 
,202.04,2400,49.5,4.3,10101000,201.40,2208,66.3,10.30,714.0,201.73,3.1,1.56, , 
,203.05,1248,49.5,0.0,10111110,202.38,2432,41.2,4.12,479.4,202.75,0.0,2.73, , 
,204.10,1632,49.5,0.0,10101010,203.37,1024,35.3,5.15,438.6,203.75,0.0,1.60, , 
,205.18,1632,49.5,0.0,10101010,204.45,1632,26.7,4.12,357.0,204.80,-1.2,1.45, , 
,206.31,1632,49.5,7.0,10101010,205.56,1632,38.4,5.15,459.0,205.94,5.9,1.64, , 
,207.40,1696,51.0,10.5,10101010,206.67,1664,41.2,6.18,479.4,207.02,10.5,1.56, , 
,208.50,1760,49.5,10.5,10101010,207.76,1696,40.0,6.18,479.4,208.12,12.1,1.45, , 
,209.55,1856,51.0,9.4,10101010,208.84,1792,35.3,5.15,418.2,209.17,9.8,1.37, , 
,210.66,1824,51.0,7.4,10101010,209.93,1824,35.3,5.15,418.2,210.30,7.4,1.37, , 
,211.78,1824,51.0,5.9,10101010,211.02,1824,34.1,5.15,418.2,211.41,6.6,1.41, , 
,212.86,1888,51.0,5.1,10101010,212.14,1856,34.1,5.15,397.8,212.51,5.5,1.41, , 
,213.96,1888,51.0,5.1,10101010,213.23,1888,32.5,4.12,397.8,213.59,4.7,1.48, , 
,215.05,1952,51.0,6.3,10101010,214.33,1888,35.3,5.15,418.2,214.70,6.6,1.56, , 
,216.13,2016,51.0,9.4,10101000,215.43,1984,48.6,7.21,550.8,215.78,8.6,1.52, , 
,217.17,2112,51.0,9.8,10101000,216.49,2080,50.2,7.21,571.2,216.83,9.0,1.48, , 
,218.20,2176,52.5,9.0,10101000,217.53,2144,51.8,8.24,571.2,217.87,9.4,1.41, , 
,219.20,2240,52.5,7.0,10101000,218.54,2208,51.8,7.21,571.2,218.87,7.0,1.45, , 
,220.20,2304,52.5,7.4,10101000,219.53,2240,50.2,7.21,550.8,219.87,7.4,1.48, , 
,221.22,2336,52.5,7.4,10101000,220.53,2336,48.6,7.21,550.8,220.88,7.8,1.45, , 
,222.24,2400,52.5,7.4,10101000,221.56,2368,48.6,7.21,520.2,221.90,7.0,1.45, , 
,223.22,2464,52.5,0.0,11101000,222.57,2432,59.2,9.27,632.4,222.90,0.0,1.56, , 
,224.23,2304,52.5,0.0,11111100,223.56,2496,47.1,6.18,520.2,223.88,0.0,1.60, , 
,225.25,1088,52.5,0.0,10111110,224.60,1664,0.0,0.00,316.2,224.92,0.0,3.79, , 
,226.33,1824,52.5,0.0,10101010,225.59,1472,26.7,4.12,357.0,225.95,0.0,1.17, , 
,227.41,1792,54.0,-0.4,10101010,226.68,1824,28.2,4.12,357.0,227.04,-2.3,1.48, , 
,228.54,1792,54.0,4.7,10101010,227.79,1792,31.0,4.12,377.4,228.18,3.5,1.60, , 
,229.69,1792,54.0,7.4,10101010,228.92,1792,35.3,5.15,418.2,229.31,7.0,1.52, , 
,230.80,1792,54.0,8.2,10101010,230.07,1792,35.3,5.15,418.2,230.41,8.6,1.45, , 
,231.88,1792,54.0,9.0,10101010,231.17,1792,35.3,5.15,418.2,231.55,8.6,1.41, , 
,233.02,1792,54.0,8.6,10101010,232.25,1792,35.3,5.15,438.6,232.63,8.2,1.41, , 
,234.16,1824,55.5,9.8,10101010,233.40,1792,36.9,5.15,438.6,233.77,8.2,1.41, , 
,235.24,1824,55.5,8.2,10101010,234.54,1824,40.0,6.18,459.0,234.88,8.2,1.37, , 
,236.35,1888,55.5,0.0,11101010,235.60,1824,53.3,8.24,591.6,235.99,0.0,1.48, , 
,237.43,1920,55.5,2.0,11101010,236.71,1888,59.2,8.24,652.8,237.07,2.0,1.56, , 
,238.52,1952,55.5,4.3,11101010,237.81,1952,57.6,8.24,632.4,238.16,3.9,1.52, , 
,239.62,2016,55.5,2.3,11101000,238.88,1984,57.6,8.24,632.4,239.25,0.0,1.60, , 
,240.69,2080,55.5,4.3,11101000,239.97,2048,59.2,8.24,632.4,240.33,4.3,1.48, , 
,241.72,2112,55.5,5.9,11101000,241.03,2080,57.6,8.24,632.4,241.37,5.5,1.48, , 
,242.77,2144,55.5,5.9,11101000,242.06,2144,54.5,8.24,612.0,242.41,5.9,1.41, , 
,243.78,2144,57.0,0.0,11101000,243.10,2144,51.8,7.21,591.6,243.44,5.5,1.45, , 
,244.82,2144,57.0,2.0,11101000,244.13,2144,44.3,6.18,499.8,244.49,2.0,1.60, , 
,245.87,2176,57.0,3.1,11101000,245.18,2176,42.7,6.18,479.4,245.52,3.9,1.52, , 
,246.88,2176,57.0,3.9,11101000,246.21,2176,40.0,5.15,459.0,246.54,3.9,1.48, , 
,247.93,2144,57.0,5.5,11101000,247.23,2176,38.4,5.15,438.6,247.58,5.5,1.45, , 
,248.93,2144,57.0,6.6,11101000,248.26,2176,38.4,5.15,438.6,248.59,5.9,1.45, , 
,249.93,2144,57.0,6.3,11101000,249.26,2176,38.4,5.15,438.6,249.58,6.6,1.41, , 
,250.99,2144,57.0,6.3,11101000,250.27,2144,38.4,5.15,459.0,250.63,6.3,1.41, , 
,252.04,2144,57.0,5.9,11101000,251.35,2144,38.4,5.15,438.6,251.70,6.3,1.45, , 
,253.07,2144,58.5,5.1,11101000,252.36,2144,38.4,5.15,459.0,252.72,5.9,1.41, , 
,254.10,2144,58.5,5.1,11101000,253.41,2144,34.1,5.15,418.2,253.76,4.3,1.41, , 
,255.16,2144,58.5,4.7,11101000,254.44,2144,32.5,4.12,397.8,254.81,5.1,1.45, , 
,256.19,2112,58.5,5.5,11101000,255.52,2112,34.1,4.12,397.8,255.85,4.7,1.45, , 
,257.23,2112,58.5,6.3,11101000,256.55,2112,36.9,5.15,438.6,256.88,6.6,1.45, , 
,258.26,2112,58.5,6.6,11101000,257.57,2112,38.4,5.15,459.0,257.91,6.3,1.45, , 
,259.30,2112,58.5,6.3,11101000,258.60,2112,38.4,5.15,459.0,258.95,6.6,1.41, , 
,260.34,2112,58.5,6.3,11101000,259.65,2112,38.4,5.15,459.0,259.99,6.3,1.41, , 
,261.38,2112,58.5,6.6,11101000,260.69,2112,38.4,5.15,438.6,261.03,6.3,1.45, , 
,262.44,2112,60.0,6.3,11101000,261.72,2112,36.9,5.15,438.6,262.06,6.3,1.41, , 
,263.49,2112,60.0,6.3,11101000,262.80,2112,38.4,5.15,438.6,263.14,6.3,1.45, , 
,264.52,2112,60.0,6.3,11101000,263.83,2112,36.9,5.15,438.6,264.18,6.6,1.45, , 
,265.56,2112,60.0,6.3,11101000,264.87,2112,38.4,5.15,438.6,265.20,6.3,1.45, , 
,266.61,2112,60.0,6.3,11101000,265.89,2112,36.9,5.15,438.6,266.25,6.3,1.41, , 
,267.63,2112,60.0,6.6,11101000,266.96,2112,40.0,6.18,459.0,267.31,6.6,1.48, , 
,268.65,2112,60.0,7.4,11101000,267.99,2112,42.7,6.18,499.8,268.32,7.4,1.45, , 
,269.68,2144,60.0,8.6,11101000,268.98,2112,45.9,7.21,520.2,269.33,8.6,1.45, , 
,270.68,2176,61.5,7.8,11101000,270.01,2144,48.6,7.21,550.8,270.35,8.6,1.45, , 
,271.70,2176,61.5,7.4,11101000,271.02,2176,53.3,8.24,591.6,271.36,7.8,1.37, , 
,272.72,2208,61.5,0.0,11101000,272.03,2208,51.8,8.24,591.6,272.38,0.0,1.52, , 
,273.75,2176,61.5,1.2,11101000,273.06,2176,25.1,3.09,336.6,273.40,1.6,1.56, , 
,274.80,2144,61.5,3.9,11101000,274.09,2144,25.1,3.09,336.6,274.44,2.7,1.52, , 
,275.84,2144,61.5,7.0,11101000,275.15,2144,36.9,5.15,438.6,275.49,5.5,1.52, , 
,276.85,2144,63.0,9.8,11101000,276.18,2144,44.3,6.18,499.8,276.50,9.4,1.48, , 
,277.86,2176,63.0,11.3,11101000,277.20,2176,45.9,7.21,520.2,277.53,10.9,1.41, , 
,278.87,2176,63.0,9.8,11101000,278.20,2176,47.1,7.21,520.2,278.52,10.2,1.37, , 
,279.88,2208,63.0,0.0,11101000,279.21,2208,47.1,7.21,520.2,279.53,0.0,1.37, , 
,280.88,2176,63.0,2.0,11101000,280.23,2176,25.1,3.09,336.6,280.55,2.0,1.60, , 
,281.92,2144,63.0,2.7,11101000,281.22,2144,26.7,3.09,336.6,281.56,2.7,1.48, , 
,282.97,2112,63.0,4.3,11101000,282.25,2144,26.7,4.12,336.6,282.61,3.5,1.48, , 
,284.02,2112,63.0,4.3,11101000,283.31,2112,26.7,4.12,357.0,283.66,4.3,1.45, , 
,285.06,2112,63.0,6.6,11101000,284.36,2080,29.4,4.12,377.4,284.71,5.5,1.45, , 
,286.09,2080,64.5,7.4,11101000,285.42,2112,36.9,5.15,438.6,285.75,7.4,1.45, , 
,287.10,2080,64.5,7.4,11101000,286.43,2080,36.9,5.15,438.6,286.76,7.4,1.41, , 
,288.14,2112,64.5,8.6,11101000,287.46,2080,38.4,5.15,438.6,287.80,7.8,1.41, , 
,289.20,2112,64.5,9.8,11101000,288.48,2080,44.3,6.18,499.8,288.84,9.4,1.45, , 
,290.23,2112,64.5,8.6,11101000,289.54,2112,44.3,6.18,499.8,289.88,9.0,1.37, , 
,291.31,2144,64.5,7.8,11101000,290.58,2112,44.3,6.18,499.8,290.94,8.2,1.37, , 
,292.37,2144,64.5,7.8,11101000,291.64,2144,44.3,6.18,499.8,292.00,7.8,1.41, , 
,293.37,2176,64.5,8.2,11101000,292.71,2144,44.3,6.18,499.8,293.04,8.2,1.45, , 
,294.41,2176,64.5,8.2,11101000,293.71,2144,44.3,6.18,499.8,294.05,7.8,1.45, , 
,295.43,2176,66.0,7.8,11101000,294.75,2176,42.7,6.18,499.8,295.09,8.2,1.37, , 
,296.42,2176,66.0,1.6,11101000,295.76,2176,28.2,3.09,357.0,296.09,0.0,1.52, , 
,297.43,2144,66.0,3.1,11101000,296.74,2144,26.7,3.09,336.6,297.09,2.3,1.52, , 
,298.47,2112,66.0,3.9,11101000,297.77,2144,26.7,3.09,336.6,298.12,4.3,1.48, , 
,299.49,2112,66.0,4.3,11101000,298.82,2112,26.7,3.09,336.6,299.16,4.3,1.45, , 
,300.56,2080,66.0,5.5,11101000,299.85,2080,26.7,4.12,336.6,300.21,5.1,1.41, , 
,301.57,2080,66.0,6.3,11101000,300.90,2080,34.1,5.15,418.2,301.23,6.3,1.45, , 
,302.63,2048,66.0,6.3,11101000,301.92,2080,32.5,5.15,397.8,302.27,6.3,1.37, , 
,303.72,2048,67.5,7.0,11101000,302.99,2048,34.1,5.15,418.2,303.36,6.3,1.41, , 
,304.81,2048,67.5,6.6,11101000,304.10,2048,32.5,4.12,397.8,304.46,7.0,1.41, , 
,305.87,2048,67.5,7.0,11101000,305.16,2048,32.5,4.12,397.8,305.50,7.0,1.41, , 
,306.93,2048,67.5,7.0,11101000,306.21,2048,34.1,5.15,418.2,306.58,6.6,1.41, , 
,308.01,2048,67.5,7.0,11101000,307.29,2048,34.1,5.15,418.2,307.65,7.0,1.41, , 
,309.06,2080,67.5,7.0,11101000,308.38,2048,32.5,5.15,397.8,308.73,6.6,1.41, , 
,310.13,2112,67.5,6.3,11101000,309.43,2080,32.5,5.15,397.8,309.77,6.3,1.37, , 
,311.17,2112,67.5,4.7,11101000,310.47,2080,26.7,4.12,336.6,310.83,4.7,1.37, , 
,312.21,2112,67.5,3.5,11101000,311.52,2112,25.1,3.09,336.6,311.87,3.5,1.37, , 
,313.23,2112,67.5,2.7,11101000,312.55,2112,25.1,3.09,316.2,312.88,2.7,1.41, , 
,314.23,2144,67.5,1.6,11101000,313.55,2144,23.5,3.09,316.2,313.89,1.6,1.41, , 
,315.22,2176,69.0,2.0,11101000,314.55,2144,23.5,3.09,316.2,314.88,2.0,1.45, , 
,316.24,2144,69.0,3.5,11101000,315.58,2176,23.5,3.09,316.2,315.92,3.9,1.48, , 
,317.27,2208,69.0,0.0,11101000,316.58,2176,17.6,2.06,244.8,316.92,1.2,1.33, , 
,318.28,2208,69.0,-0.8,11101000,317.61,2208,17.6,2.06,244.8,317.95,-0.8,1.41, , 
,319.28,2208,69.0,-0.8,11101000,318.61,2208,17.6,2.06,244.8,318.96,-0.8,1.48, , 
,320.32,2176,69.0,0.8,11101000,319.62,2208,19.2,2.06,275.4,319.98,0.4,1.52, , 
,321.33,2208,69.0,2.7,11101000,320.64,2176,20.8,3.09,295.8,320.99,1.6,1.48, , 
,322.35,2208,69.0,4.3,11101000,321.68,2208,23.5,3.09,316.2,322.00,3.5,1.48, , 
,323.38,2240,69.0,8.2,11101000,322.71,2208,25.1,3.09,336.6,323.04,5.9,1.52, , 
,324.40,2272,69.0,10.9,11101000,323.72,2240,36.9,5.15,438.6,324.05,10.2,1.45, , 
,325.39,2304,69.0,12.1,11101000,324.73,2304,36.9,5.15,438.6,325.06,11.3,1.41, , 
,326.43,2368,69.0,12.5,11101000,325.75,2336,38.4,6.18,459.0,326.10,12.5,1.41, , 
,327.48,2432,70.5,0.0,11101000,326.76,2368,40.0,6.18,459.0,327.12,0.0,1.29, , 
,328.52,2528,70.5,3.9,11101000,327.83,2464,73.7,11.33,775.2,328.17,0.0,1.60, , 
,329.52,2624,70.5,2.7,11101000,328.84,2560,79.6,12.36,846.6,329.18,0.0,1.64, , 
,330.55,2720,70.5,6.3,11101000,329.85,2656,78.4,11.33,826.2,330.21,5.1,1.56, , 
,331.58,2816,70.5,9.0,11101000,330.89,2752,76.9,12.36,795.6,331.23,8.2,1.45, , 
,332.63,2720,70.5,0.0,11111100,331.94,2848,79.6,13.39,826.2,332.29,8.6,1.37, , 
,333.59,1056,70.5,0.0,11101010,332.97,2144,0.0,0.00,316.2,333.28,0.0,3.63, , 
,334.62,2144,70.5,0.0,11101000,333.92,1408,25.1,4.12,357.0,334.27,0.0,1.56, , 
,335.62,2144,70.5,0.0,11101000,334.94,2144,42.7,6.18,479.4,335.29,0.0,1.56, , 
,336.64,2144,70.5,0.0,11101000,335.94,2176,51.8,7.21,591.6,336.28,0.0,1.60, , 
,337.66,2176,70.5,0.0,11101000,337.00,2176,48.6,7.21,550.8,337.32,0.0,1.41, , 
,338.70,2208,70.5,2.3,11101000,337.99,2208,76.9,11.33,826.2,338.35,0.0,1.56, , 
,339.75,2240,70.5,5.9,11101000,339.05,2240,76.9,11.33,826.2,339.39,5.1,1.52, , 
,340.75,2272,72.0,7.8,11101000,340.09,2272,75.3,11.33,795.6,340.42,7.4,1.48, , 
,341.77,2304,72.0,8.2,11101000,341.08,2304,75.3,11.33,795.6,341.43,7.8,1.37, , 
,342.78,2336,72.0,9.4,11101000,342.11,2336,69.4,10.30,754.8,342.45,9.0,1.37, , 
,343.82,2368,72.0,9.0,11101000,343.14,2368,69.4,11.33,754.8,343.47,9.0,1.41, , 
,344.84,2368,72.0,6.6,11101000,344.17,2368,66.3,10.30,714.0,344.51,8.2,1.33, , 
,345.85,2368,72.0,2.0,11101000,345.16,2368,41.2,5.15,479.4,345.48,0.0,1.60, , 
,346.84,2368,73.5,4.7,11101000,346.17,2368,36.9,5.15,438.6,346.51,3.9,1.56, , 
,347.86,2368,72.0,6.6,11101000,347.18,2368,36.9,5.15,438.6,347.53,6.6,1.45, , 
,348.91,2336,73.5,8.6,11101000,348.23,2336,36.9,5.15,438.6,348.56,7.8,1.45, , 
,349.96,2336,73.5,9.0,11101000,349.27,2336,38.4,5.15,438.6,349.61,9.4,1.45, , 
,350.96,2336,73.5,9.4,11101000,350.31,2336,38.4,5.15,459.0,350.63,9.4,1.41, , 
,351.99,2304,73.5,10.2,11101000,351.34,2304,38.4,6.18,459.0,351.66,10.5,1.48, , 
,353.02,2304,73.5,11.3,11101000,352.33,2304,44.3,6.18,520.2,352.70,11.3,1.45, , 
,354.06,2304,73.5,10.9,11101000,353.37,2304,44.3,6.18,499.8,353.70,11.3,1.37, , 
,355.11,2304,75.0,10.5,11101000,354.41,2304,44.3,6.18,499.8,354.77,10.9,1.41, , 
,356.13,2272,75.0,10.2,11101000,355.46,2304,41.2,6.18,479.4,355.80,10.2,1.37, , 
,357.14,2304,75.0,9.4,11101000,356.46,2272,41.2,6.18,479.4,356.81,9.4,1.37, , 
,358.15,2272,75.0,8.2,11101000,357.49,2272,42.7,6.18,479.4,357.83,7.4,1.45, , 
,359.14,2272,75.0,9.0,11101000,358.48,2272,47.1,7.21,550.8,358.81,9.0,1.45, , 
,360.15,2272,75.0,9.0,11101000,359.48,2272,47.1,7.21,550.8,359.81,9.4,1.45, , 
,361.16,2272,75.0,8.2,11101000,360.49,2272,56.1,8.24,632.4,360.83,8.6,1.41, , 
,362.18,2304,75.0,7.4,11101000,361.48,2304,56.1,8.24,632.4,361.84,7.8,1.37, , 
,363.17,2336,75.0,8.2,11101000,362.51,2304,54.5,8.24,612.0,362.83,7.8,1.45, , 
,364.22,2336,75.0,8.2,11101000,363.53,2336,54.5,8.24,612.0,363.89,8.2,1.41, , 
,365.26,2336,76.5,8.2,11101000,364.56,2336,53.3,8.24,591.6,364.92,7.8,1.37, , 
,366.31,2368,76.5,9.0,11101000,365.62,2336,50.2,7.21,571.2,365.99,8.2,1.45, , 
,367.35,2368,76.5,8.6,11101000,366.66,2368,50.2,7.21,571.2,367.01,9.0,1.41, , 
,368.36,2368,76.5,9.8,11101000,367.68,2368,47.1,7.21,550.8,368.03,9.4,1.45, , 
,369.40,2368,76.5,9.0,11101000,368.72,2368,47.1,7.21,550.8,369.05,9.8,1.45, , 
,370.48,2368,76.5,8.6,11101000,369.74,2368,47.1,7.21,550.8,370.13,9.0,1.37, , 
,371.57,2368,76.5,9.0,11101000,370.82,2368,47.1,7.21,550.8,371.20,8.6,1.41, , 
,372.64,2368,76.5,9.0,11101000,371.92,2368,47.1,7.21,550.8,372.25,9.0,1.41, , 
,373.67,2368,78.0,9.0,11101000,373.02,2368,47.1,7.21,520.2,373.35,8.6,1.41, , 
,374.69,2400,78.0,9.0,11101000,373.99,2400,47.1,7.21,550.8,374.32,8.6,1.45, , 
,375.82,2400,78.0,7.4,11101000,375.05,2368,47.1,7.21,550.8,375.44,7.4,1.37, , 
,376.98,2400,78.0,7.4,11101000,376.20,2400,47.1,7.21,550.8,376.60,7.4,1.45, , 
,377.97,2400,78.0,7.4,11101000,377.30,2400,47.1,7.21,550.8,377.63,7.8,1.41, , 
,379.05,2400,78.0,7.4,11101000,378.31,2400,47.1,7.21,520.2,378.67,7.4,1.45, , 
,380.06,2400,78.0,7.4,11101000,379.43,2400,47.1,7.21,550.8,379.74,7.0,1.45, , 
,381.07,2400,78.0,6.3,11101000,380.42,2400,47.1,7.21,550.8,380.76,6.3,1.41, , 
,382.06,2368,78.0,6.3,11101000,381.40,2368,47.1,7.21,550.8,381.72,6.3,1.41, , 
,383.10,2368,79.5,6.3,11101000,382.44,2368,47.1,7.21,550.8,382.78,6.3,1.45, , 
,384.14,2368,79.5,6.6,11101000,383.43,2368,47.1,7.21,550.8,383.77,6.6,1.41, , 
,385.17,2368,79.5,6.6,11101000,384.47,2368,47.1,7.21,550.8,384.83,6.3,1.45, , 
,386.28,2368,79.5,6.3,11101000,385.52,2368,47.1,7.21,550.8,385.90,6.6,1.45, , 
,387.31,2368,79.5,5.5,11101000,386.59,2368,47.1,7.21,550.8,386.94,5.9,1.41, , 
,388.34,2368,79.5,5.9,11101001,387.65,2368,47.1,7.21,550.8,388.00,5.5,1.48, , 
,389.36,2368,81.0,5.5,11101001,388.68,2368,47.1,7.21,550.8,389.02,5.9,1.41, , 
,390.41,2368,79.5,5.9,11101001,389.71,2368,47.1,7.21,550.8,390.05,5.5,1.45, , 
,391.41,2336,79.5,5.5,11101001,390.74,2368,36.9,5.15,438.6,391.07,3.9,1.37, , 
,392.44,2336,81.0,3.9,11101001,391.74,2336,50.2,7.21,571.2,392.07,3.5,1.37, , 
,393.47,2336,81.0,4.3,11101001,392.79,2336,48.6,7.21,571.2,393.14,4.3,1.45, , 
,394.45,2368,81.0,0.0,11101001,393.81,2336,48.6,7.21,550.8,394.13,0.0,1.33, , 
,395.51,2400,81.0,0.0,11111101,394.83,2400,90.2,14.42,969.0,395.16,0.0,1.45, , 
,396.49,2272,81.0,0.0,11111101,395.84,2368,0.0,0.00,275.4,396.15,0.0,2.93, , 
,397.51,2112,81.0,0.0,11111101,396.83,2240,0.0,0.00,244.8,397.18,0.0,3.83, , 
,398.56,1920,82.5,0.0,11111111,397.86,2048,0.0,0.00,244.8,398.20,0.0,3.83, , 
,399.60,1760,81.0,0.0,11111111,398.91,1888,0.0,0.00,275.4,399.27,0.0,3.91, , 
,400.67,1248,82.5,0.0,11111111,399.95,1728,0.0,0.00,316.2,400.32,0.0,3.95, , 
,401.68,2144,82.5,0.0,11101001,400.97,1024,28.2,5.15,397.8,401.33,0.0,2.23, , 
,402.72,2144,82.5,0.0,11101001,402.04,2112,19.2,3.09,275.4,402.38,0.0,1.37, , 
,403.73,2208,82.5,0.0,11101001,403.05,2144,82.7,14.42,887.4,403.39,0.0,1.45, , 
,404.74,2336,82.5,0.4,11101001,404.06,2272,90.2,15.45,969.0,404.39,0.0,1.45, , 
,405.77,2432,82.5,1.2,11101001,405.06,2368,90.2,15.45,969.0,405.42,0.8,1.48, , 
,406.81,2528,82.5,0.0,11101001,406.14,2464,91.4,15.45,969.0,406.47,0.0,1.37, , 
,407.80,2624,82.5,1.2,11101001,407.14,2560,84.3,13.39,887.4,407.45,1.2,1.48, , 
,408.85,2720,82.5,2.0,11101001,408.14,2688,91.4,15.45,948.6,408.50,1.2,1.41, , 
,409.90,2848,82.5,1.6,11101001,409.19,2784,91.4,15.45,948.6,409.54,1.2,1.37, , 
,410.88,2944,82.5,0.8,11101001,410.24,2880,91.4,15.45,969.0,410.62,1.2,1.37, , 
,411.94,3040,82.5,0.0,11101001,411.28,2976,91.4,15.45,948.6,411.55,0.4,1.41, , 
,412.96,3136,82.5,0.8,11101001,412.28,3072,91.4,15.45,948.6,412.62,0.4,1.45, , 
,414.01,3232,82.5,1.6,11101001,413.30,3168,91.4,15.45,948.6,413.66,1.2,1.41, , 
,415.09,2976,81.0,0.0,11111101,414.37,3264,91.4,15.45,948.6,414.71,1.2,1.37, , 
,416.05,1408,81.0,0.0,11101011,415.41,2400,0.0,0.00,295.8,415.73,0.0,3.75, , 
,417.08,2464,81.0,0.0,11101001,416.41,2080,17.6,3.09,275.4,416.75,0.0,0.90, , 
,418.14,2432,81.0,0.8,11101001,417.44,2464,25.1,3.09,316.2,417.80,0.0,1.48, , 
,419.16,2432,81.0,0.0,11101001,418.46,2432,40.0,5.15,459.0,418.82,3.5,1.56, , 
,420.23,2432,81.0,2.3,11101001,419.52,2432,63.5,9.27,693.6,419.85,1.6,1.52, , 
,421.25,2464,79.5,3.5,11101001,420.57,2432,63.5,9.27,693.6,420.91,3.5,1.45, , 
,422.32,2464,79.5,3.9,11101001,421.59,2464,63.5,9.27,693.6,421.97,3.9,1.45, , 
,423.34,2496,79.5,3.9,11101001,422.67,2464,63.5,9.27,693.6,422.99,3.9,1.41, , 
,424.39,2496,79.5,3.5,11101000,423.69,2496,62.0,9.27,693.6,424.03,3.5,1.45, , 
,425.46,2528,79.5,3.1,11101000,424.75,2496,62.0,9.27,673.2,425.10,3.1,1.45, , 
,426.51,2528,79.5,2.7,11101000,425.79,2528,62.0,9.27,673.2,426.14,2.7,1.41, , 
,427.57,2560,79.5,2.7,11101000,426.85,2528,60.4,9.27,652.8,427.23,2.7,1.45, , 
,428.61,2560,78.0,2.3,11101000,427.92,2528,57.6,8.24,632.4,428.26,2.7,1.45, , 
,429.68,2560,78.0,2.0,11101000,428.96,2560,56.1,8.24,632.4,429.32,2.3,1.41, , 
,430.70,2560,78.0,1.2,11101000,430.01,2560,53.3,8.24,591.6,430.35,1.6,1.45, , 
,431.71,2560,78.0,1.6,11101000,431.02,2560,42.7,6.18,499.8,431.35,1.6,1.48, , 
,432.75,2528,78.0,3.5,11101000,432.08,2528,34.1,4.12,418.2,432.42,2.7,1.45, , 
,433.84,2496,78.0,2.7,11101000,433.09,2528,34.1,5.15,418.2,433.46,3.1,1.45, , 
,434.90,2496,78.0,2.7,11101000,434.20,2496,34.1,5.15,418.2,434.53,2.3,1.48, , 
,435.91,2464,78.0,2.7,11101000,435.23,2464,32.5,4.12,397.8,435.57,3.1,1.48, , 
,436.97,2432,78.0,3.1,11101000,436.26,2464,34.1,5.15,418.2,436.61,3.1,1.45, , 
,438.03,2432,78.0,4.3,11101000,437.35,2432,41.2,6.18,479.4,437.68,5.1,1.52, , 
,439.10,2432,78.0,5.5,11101000,438.39,2432,54.5,8.24,612.0,438.75,5.9,1.45, , 
,440.15,2432,78.0,5.5,11101000,439.48,2432,56.1,8.24,632.4,439.81,5.5,1.48, , 
,441.23,2464,78.0,5.1,11101000,440.49,2432,56.1,8.24,612.0,440.87,5.1,1.41, , 
,442.27,2464,78.0,5.1,11101000,441.56,2464,54.5,8.24,612.0,441.93,4.7,1.45, , 
,443.35,2464,78.0,4.7,11101000,442.62,2464,54.5,8.24,612.0,442.97,4.7,1.48, , 
,444.44,2464,79.5,5.1,11101000,443.70,2464,53.3,7.21,591.6,444.06,4.7,1.41, , 
,445.46,2464,78.0,5.9,11101000,444.78,2464,47.1,7.21,550.8,445.12,5.5,1.52, , 
,446.54,2464,79.5,5.9,11101000,445.81,2464,47.1,7.21,550.8,446.17,5.9,1.45, , 
,447.59,2432,79.5,2.7,11101000,446.90,2464,42.7,6.18,479.4,447.26,5.1,1.41, , 
,448.59,2400,79.5,0.0,11111100,447.91,2400,19.2,2.06,275.4,448.23,-1.6,1.21, , 
,449.58,2336,79.5,0.0,11111100,448.93,2368,0.0,0.00,275.4,449.25,0.0,3.79, , 
,450.57,2272,79.5,0.0,11111100,449.90,2336,0.0,0.00,244.8,450.25,0.0,3.95, , 
,451.57,2240,79.5,0.0,11111101,450.90,2272,0.0,0.00,244.8,451.25,0.0,3.83, , 
,452.60,2176,79.5,0.0,11111101,451.92,2208,0.0,0.00,244.8,452.27,0.0,3.91, , 
,453.62,2112,79.5,0.0,11101001,452.94,2144,0.0,0.00,244.8,453.27,0.0,3.79, , 
,454.61,2080,79.5,0.0,11101001,453.94,2112,16.1,2.06,244.8,454.27,0.0,0.94, , 
,455.63,2048,79.5,0.0,11101001,454.94,2016,34.1,5.15,397.8,455.28,0.0,1.45, , 
,456.70,2048,79.5,3.5,11101001,455.98,2048,63.5,9.27,714.0,456.36,2.3,1.56, , 
,457.73,2016,81.0,6.3,11101001,457.05,2016,63.5,9.27,714.0,457.40,5.1,1.48, , 
,458.82,1984,81.0,6.3,11101011,458.10,1984,63.5,9.27,714.0,458.48,6.6,1.45, , 
,459.91,1952,81.0,5.5,11101011,459.19,1952,63.5,9.27,714.0,459.54,5.9,1.41, , 
,460.98,1952,81.0,5.5,11101011,460.26,1952,62.0,9.27,714.0,460.63,5.1,1.41, , 
,462.09,1920,81.0,2.7,11101011,461.35,1920,53.3,7.21,612.0,461.71,0.0,1.56, , 
,463.19,1920,81.0,3.9,11101011,462.46,1920,50.2,7.21,591.6,462.82,3.5,1.48, , 
,464.27,1952,81.0,5.1,11101011,463.55,1920,56.1,8.24,652.8,463.91,5.1,1.45, , 
,465.36,1952,81.0,5.9,11101011,464.62,1952,54.5,8.24,632.4,465.01,5.5,1.45, , 
,466.43,2016,81.0,5.9,11101001,465.71,1984,53.3,7.21,612.0,466.08,6.3,1.45, , 
,467.47,2080,81.0,6.3,11101001,466.78,2048,53.3,8.24,612.0,467.13,5.9,1.45, , 
,468.51,2144,81.0,5.9,11101001,467.84,2112,53.3,7.21,612.0,468.16,5.9,1.41, , 
,469.53,2176,81.0,6.3,11101001,468.84,2144,53.3,8.24,612.0,469.19,6.6,1.52, , 
,470.54,2240,81.0,5.5,11101001,469.88,2208,66.3,10.30,734.4,470.22,5.9,1.41, , 
,471.58,2304,81.0,5.1,11101001,470.89,2272,65.1,10.30,714.0,471.22,5.5,1.45, , 
,472.59,2336,81.0,5.1,11101001,471.92,2304,63.5,9.27,693.6,472.25,4.7,1.48, , 
,473.59,2336,81.0,4.7,11101001,472.93,2336,63.5,9.27,693.6,473.26,5.1,1.45, , 
,474.59,2368,81.0,4.7,11101001,473.91,2336,65.1,10.30,714.0,474.26,4.7,1.45, , 
,475.62,2368,79.5,4.3,11101001,474.94,2368,65.1,9.27,714.0,475.30,4.3,1.48, , 
,476.67,2400,81.0,3.9,11101001,475.97,2400,66.3,10.30,714.0,476.32,3.9,1.45, , 
,477.70,2432,81.0,3.9,11101001,477.00,2432,67.8,10.30,734.4,477.36,3.5,1.45, , 
,478.75,2464,81.0,3.9,11101001,478.07,2432,67.8,10.30,734.4,478.41,3.5,1.45, , 
,479.81,2464,81.0,3.9,11101001,479.11,2464,66.3,10.30,734.4,479.45,3.5,1.45, , 
,480.84,2496,81.0,3.9,11101001,480.15,2496,66.3,10.30,734.4,480.48,3.5,1.48, , 
,481.87,2528,81.0,3.5,11101001,481.18,2496,66.3,10.30,734.4,481.54,3.1,1.48, , 
,482.92,2560,81.0,3.5,11101001,482.21,2528,66.3,10.30,714.0,482.55,3.5,1.45, , 
,483.94,2560,81.0,3.5,11101001,483.27,2560,65.1,10.30,714.0,483.59,3.5,1.45, , 
,484.97,2592,81.0,3.5,11101001,484.28,2560,65.1,9.27,714.0,484.64,3.5,1.48, , 
,486.02,2592,81.0,3.1,11101001,485.33,2592,65.1,9.27,714.0,485.68,3.5,1.48, , 
,487.05,2592,81.0,3.1,11101001,486.36,2592,65.1,9.27,714.0,486.70,3.1,1.45, , 
,488.05,2624,81.0,2.7,11101001,487.39,2624,65.1,9.27,714.0,487.71,3.1,1.52, , 
,489.05,2656,81.0,3.1,11101001,488.39,2624,63.5,9.27,693.6,488.73,3.1,1.52, , 
,490.03,2624,81.0,0.0,11101001,489.37,2656,42.7,5.15,499.8,489.70,0.0,1.68, , 
,491.01,2592,81.0,2.7,11101001,490.35,2624,29.4,4.12,357.0,490.69,1.6,1.56, , 
,492.00,2592,81.0,4.7,11101001,491.36,2592,42.7,6.18,499.8,491.69,3.9,1.52, , 
,493.05,2592,81.0,5.5,11101001,492.36,2592,42.7,6.18,499.8,492.71,5.5,1.45, , 
,494.06,2560,81.0,5.1,11101001,493.39,2560,42.7,6.18,499.8,493.74,5.5,1.41, , 
,495.10,2560,81.0,5.9,11101001,494.41,2560,42.7,6.18,499.8,494.74,5.5,1.48, , 
,496.11,2560,81.0,5.1,11101001,495.44,2560,51.8,7.21,571.2,495.76,5.9,1.48, , 
,497.17,2560,81.0,4.7,11101001,496.47,2560,57.6,8.24,632.4,496.82,5.5,1.41, , 
,498.17,2560,81.0,3.9,11101001,497.52,2560,57.6,8.24,652.8,497.85,4.3,1.45, , 
,499.18,2560,81.0,3.1,11101001,498.52,2560,54.5,8.24,612.0,498.83,3.1,1.52, , 
,500.25,2560,81.0,3.5,11101001,499.54,2560,53.3,7.21,591.6,499.89,3.1,1.45, , 
,501.27,2560,81.0,3.9,11101001,500.59,2560,53.3,7.21,591.6,500.93,3.5,1.45, , 
,502.30,2560,81.0,3.9,11101001,501.60,2560,51.8,7.21,591.6,501.95,3.9,1.48, , 
,503.31,2560,81.0,3.9,11101001,502.64,2560,51.8,7.21,591.6,502.96,3.9,1.48, , 
,504.33,2560,81.0,3.5,11101001,503.65,2560,51.8,7.21,591.6,504.00,3.9,1.45, , 
,505.34,2560,81.0,3.5,11101001,504.66,2560,51.8,7.21,591.6,505.00,3.5,1.45, , 
,506.39,2560,81.0,3.9,11101001,505.69,2560,51.8,7.21,591.6,506.04,3.5,1.52, , 
,507.46,2560,81.0,3.5,11101001,506.74,2560,51.8,7.21,591.6,507.09,3.5,1.48, , 
,508.50,2560,81.0,3.5,11101001,507.81,2560,51.8,7.21,591.6,508.16,3.5,1.45, , 
,509.53,2560,81.0,3.5,11101001,508.84,2560,51.8,7.21,591.6,509.19,3.1,1.48, , 
,510.57,2528,81.0,3.1,11101001,509.90,2560,53.3,7.21,591.6,510.22,3.5,1.52, , 
,511.62,2560,81.0,3.5,11101001,510.92,2528,51.8,7.21,591.6,511.26,3.9,1.45, , 
,512.69,2560,81.0,3.5,11101001,511.99,2560,51.8,7.21,591.6,512.34,3.1,1.48, , 
,513.69,2528,81.0,3.1,11101001,513.02,2528,51.8,7.21,591.6,513.35,3.1,1.48, , 
,514.71,2528,81.0,3.1,11101001,514.03,2528,51.8,7.21,591.6,514.38,3.9,1.48, , 
,515.72,2528,81.0,3.1,11101001,515.05,2528,51.8,7.21,591.6,515.38,3.1,1.45, , 
,516.72,2528,81.0,3.1,11101001,516.05,2528,51.8,7.21,591.6,516.39,3.1,1.52, , 
,517.74,2528,81.0,3.1,11101001,517.06,2528,51.8,7.21,591.6,517.41,3.1,1.52, , 
,518.79,2528,81.0,3.1,11101001,518.09,2528,50.2,7.21,571.2,518.45,3.5,1.45, , 
,519.82,2560,81.0,3.1,11101001,519.13,2560,51.8,7.21,591.6,519.48,3.1,1.48, , 
,520.88,2528,81.0,3.5,11101001,520.18,2528,51.8,7.21,591.6,520.53,3.1,1.48, , 
,521.90,2528,81.0,2.7,11101001,521.23,2528,51.8,7.21,591.6,521.56,3.5,1.48, , 
,522.93,2560,81.0,3.1,11101001,522.24,2528,51.8,7.21,591.6,522.59,2.7,1.45, , 
,523.96,2528,81.0,3.1,11101001,523.28,2528,50.2,7.21,571.2,523.62,3.1,1.48, , 
,525.02,2528,81.0,3.1,11101001,524.29,2528,50.2,7.21,571.2,524.65,2.7,1.45, , 
,526.07,2528,81.0,3.1,11101001,525.37,2528,40.0,5.15,459.0,525.74,3.1,1.45, , 
,527.12,2496,81.0,2.7,11101001,526.43,2496,40.0,5.15,479.4,526.78,3.1,1.52, , 
,528.12,2496,81.0,3.1,11101001,527.43,2496,41.2,5.15,479.4,527.76,2.7,1.48, , 
,529.18,2464,81.0,3.1,11101001,528.45,2496,41.2,5.15,479.4,528.82,3.1,1.48, , 
,530.21,2464,81.0,3.1,11101001,529.52,2464,41.2,6.18,479.4,529.88,3.1,1.48, , 
,531.24,2464,81.0,3.5,11101001,530.55,2464,41.2,6.18,479.4,530.90,3.1,1.48, , 
,532.30,2464,81.0,3.5,11101001,531.61,2464,41.2,6.18,479.4,531.95,3.1,1.48, , 
,533.33,2432,81.0,4.7,11101001,532.63,2432,50.2,7.21,571.2,532.98,3.9,1.48, , 
,534.37,2464,81.0,3.9,11101001,533.69,2464,50.2,7.21,571.2,534.03,4.3,1.48, , 
,535.47,2432,81.0,3.9,11101001,534.73,2464,50.2,7.21,571.2,535.09,4.3,1.48, , 
,536.52,2464,81.0,4.3,11101001,535.82,2464,50.2,7.21,571.2,536.17,3.9,1.48, , 
,537.53,2432,81.0,0.8,11101001,536.85,2432,34.1,4.12,397.8,537.18,0.0,1.60, , 
,538.57,2432,81.0,3.1,11101001,537.88,2432,35.3,5.15,438.6,538.24,2.0,1.52, , 
,539.68,2432,81.0,5.9,11101001,538.94,2432,44.3,6.18,520.2,539.31,4.7,1.52, , 
,540.69,2432,81.0,6.3,11101001,540.00,2432,45.9,6.18,520.2,540.33,6.3,1.48, , 
,541.78,2432,81.0,5.5,11101001,541.08,2432,47.1,7.21,550.8,541.44,5.5,1.41, , 
,542.83,2400,81.0,5.5,11101001,542.14,2432,48.6,7.21,571.2,542.48,5.5,1.48, , 
,543.88,2432,81.0,4.3,11101001,543.17,2432,50.2,7.21,571.2,543.53,4.7,1.45, , 
,544.92,2432,81.0,4.3,11101001,544.23,2432,50.2,7.21,571.2,544.58,3.9,1.45, , 
,545.96,2400,81.0,2.7,11101001,545.28,2400,41.2,6.18,479.4,545.63,3.1,1.48, , 
,546.97,2400,81.0,2.3,11101001,546.34,2400,35.3,5.15,418.2,546.66,2.3,1.48, , 
,547.98,2368,81.0,2.3,11101001,547.31,2368,35.3,5.15,438.6,547.62,2.3,1.48, , 
,548.99,2336,81.0,-0.8,11101001,548.33,2368,29.4,4.12,377.4,548.66,0.4,1.48, , 
,549.98,2304,81.0,-3.1,11101001,549.31,2336,22.0,3.09,316.2,549.64,-2.7,1.41, , 
,550.98,2272,82.5,-4.3,11101001,550.30,2304,22.0,3.09,316.2,550.64,-3.9,1.45, , 
,552.03,2272,81.0,-2.0,11101001,551.35,2272,26.7,3.09,357.0,551.69,-3.1,1.60, , 
,553.02,2240,81.0,3.9,11101001,552.35,2240,32.5,4.12,397.8,552.69,3.5,1.60, , 
,554.02,2240,81.0,5.9,11101001,553.36,2240,38.4,5.15,459.0,553.68,5.5,1.52, , 
,555.01,2208,81.0,5.9,11101001,554.35,2208,38.4,5.15,459.0,554.69,6.3,1.48, , 
,556.02,2144,81.0,-2.0,11101001,555.34,2208,23.5,3.09,316.2,555.68,1.6,1.21, , 
,557.02,2144,81.0,-8.2,11101001,556.35,2176,16.1,2.06,244.8,556.68,-6.6,1.29, , 
,558.06,2112,81.0,-10.2,11101001,557.35,2112,16.1,2.06,244.8,557.71,-9.0,1.45, , 
,559.14,2080,81.0,-10.9,11101001,558.40,2080,16.1,2.06,244.8,558.79,-10.9,1.52, , 
,560.21,2048,81.0,-11.7,11101001,559.49,2048,16.1,2.06,244.8,559.84,-11.3,1.52, , 
,561.30,1984,81.0,-10.9,11101011,560.59,1984,16.1,2.06,244.8,560.95,-10.5,1.60, , 
,562.36,1920,81.0,-9.0,11101011,561.65,1984,16.1,2.06,244.8,562.02,-10.2,1.56, , 
,563.46,1888,81.0,-7.4,11101011,562.73,1920,17.6,2.06,275.4,563.10,-7.8,1.56, , 
,564.58,1856,82.5,-5.1,11101011,563.83,1888,17.6,2.06,275.4,564.20,-6.3,1.56, , 
,565.65,1824,81.0,-3.9,11111111,564.92,1856,19.2,2.06,275.4,565.29,-4.7,1.52, , 
,566.71,1760,81.0,0.0,11111111,566.04,1792,0.0,0.00,316.2,566.39,0.0,3.48, , 
,567.76,1664,81.0,0.0,11111111,567.08,1728,0.0,0.00,316.2,567.42,0.0,3.95, , 
,568.81,1568,81.0,0.0,11111111,568.13,1632,0.0,0.00,336.6,568.47,0.0,3.91, , 
,569.86,1536,81.0,0.0,11101011,569.17,1536,22.0,4.12,316.2,569.51,0.0,1.64, , 
,570.90,1536,81.0,0.0,11101011,570.23,1536,60.4,10.30,693.6,570.57,0.0,1.45, , 
,571.95,1536,81.0,2.7,11101011,571.24,1536,69.4,10.30,795.6,571.59,2.0,1.60, , 
,572.99,1536,81.0,5.1,11101011,572.30,1568,67.8,10.30,775.2,572.62,4.3,1.56, , 
,574.01,1536,81.0,7.4,11101011,573.32,1536,67.8,10.30,775.2,573.66,6.6,1.48, , 
,575.05,1536,81.0,7.4,11101011,574.35,1536,67.8,10.30,775.2,574.68,7.8,1.45, , 
,576.11,1536,81.0,7.4,11101011,575.39,1536,66.3,10.30,775.2,575.76,7.4,1.45, , 
,577.19,1504,81.0,0.0,11111111,576.49,1536,66.3,10.30,754.8,576.88,0.0,1.56, , 
,578.18,1056,81.0,0.0,11111111,577.54,1472,0.0,0.00,377.4,577.85,0.0,3.01, , 
,579.04,992,81.0,0.0,11111111,578.48,1088,25.1,4.12,377.4,578.77,0.0,1.25, , 
,580.00,864,81.0,0.0,11111111,579.36,928,23.5,3.09,357.0,579.69,0.0,0.98, , 
,580.92,864,81.0,-0.4,11111111,580.32,864,26.7,3.09,377.4,580.61,-0.4,1.41, , 
,581.86,896,81.0,0.4,11111111,581.23,864,26.7,3.09,397.8,581.55,0.0,1.52, , 
,582.74,896,81.0,0.8,11111111,582.16,864,28.2,3.09,397.8,582.46,0.4,1.48, , 
,583.60,864,81.0,0.8,11111111,583.02,896,26.7,4.12,397.8,583.31,0.8,1.48, , 
,584.50,864,81.0,1.2,11111111,583.90,864,26.7,3.09,397.8,584.22,0.8,1.48, , 
,585.44,896,81.0,1.6,11111111,584.82,896,26.7,3.09,397.8,585.14,1.2,1.48, , 
,586.33,992,81.0,2.0,11101011,585.74,896,28.2,4.12,397.8,586.02,2.0,1.48, , 
,587.27,960,81.0,0.0,11101011,586.63,960,28.2,4.12,397.8,586.94,0.0,1.52, , 
,588.16,1056,81.0,0.4,11101011,587.54,1056,44.3,6.18,571.2,587.84,0.0,1.48, , 
,589.08,1152,81.0,1.6,11101011,588.47,1088,41.2,5.15,520.2,588.76,1.6,1.56, , 
,590.06,1312,81.0,-0.4,11101011,589.39,1184,53.3,7.21,632.4,589.73,0.0,1.41, , 
,591.03,1472,81.0,2.0,11101011,590.40,1376,54.5,7.21,652.8,590.72,1.6,1.56, , 
,592.12,1664,81.0,5.1,11101011,591.41,1536,57.6,8.24,673.2,591.77,4.3,1.56, , 
,593.21,1888,81.0,0.0,11101011,592.50,1760,51.8,7.21,612.0,592.85,7.4,1.48, , 
,594.25,2176,81.0,2.7,11101001,593.57,1984,66.3,9.27,734.4,593.92,3.1,1.60, , 
,595.24,2464,81.0,6.3,11101001,594.59,2272,69.4,10.30,754.8,594.91,5.1,1.56, , 
,596.21,2752,81.0,7.4,11101001,595.55,2560,75.3,11.33,795.6,595.88,7.0,1.48, , 
,597.26,1536,81.0,0.0,11111111,596.53,2656,0.0,0.00,397.8,596.89,0.0,3.59, , 
,598.31,1728,81.0,0.0,11101011,597.58,992,26.7,4.12,377.4,597.98,0.0,2.70, , 
,599.38,1728,81.0,0.0,11101011,598.67,1760,22.0,3.09,316.2,599.02,0.0,1.37, , 
,600.47,1792,81.0,2.7,11101011,599.74,1760,47.1,6.18,550.8,600.12,0.0,1.60, , 
,601.57,1888,81.0,6.3,11101011,600.84,1824,48.6,7.21,571.2,601.21,5.5,1.56, , 
,602.64,1984,81.0,8.6,11101001,601.93,1920,50.2,7.21,591.6,602.28,7.0,1.48, , 
,603.68,2080,81.0,8.2,11101001,603.01,2016,50.2,7.21,591.6,603.35,8.6,1.48, , 
,604.72,2176,81.0,7.8,11101001,604.03,2112,54.5,8.24,632.4,604.39,7.8,1.41, , 
,605.72,2240,81.0,8.2,11101001,605.06,2208,51.8,7.21,591.6,605.41,8.2,1.48, , 
,606.76,2304,81.0,9.0,11101001,606.05,2272,50.2,7.21,571.2,606.40,9.0,1.52, , 
,607.76,2368,81.0,6.6,11101001,607.09,2336,45.9,7.21,550.8,607.44,7.0,1.45, , 
,608.82,2400,79.5,7.0,11101001,608.12,2368,45.9,6.18,520.2,608.47,7.0,1.52, , 
,609.93,2464,79.5,5.9,11101001,609.20,2432,45.9,6.18,520.2,609.57,6.6,1.45, , 
,610.97,2496,79.5,5.5,11101001,610.30,2496,47.1,7.21,550.8,610.63,5.5,1.48, , 
,611.99,2560,79.5,5.1,11101001,611.31,2528,45.9,6.18,520.2,611.65,5.1,1.52, , 
,612.98,2592,79.5,5.1,11101001,612.32,2560,47.1,7.21,550.8,612.66,4.7,1.48, , 
,613.99,2624,79.5,4.7,11101001,613.33,2592,47.1,7.21,550.8,613.66,5.1,1.48, , 
,615.00,2656,79.5,5.5,11101001,614.33,2624,45.9,6.18,520.2,614.68,5.5,1.52, , 
,616.01,2656,79.5,3.9,11101001,615.33,2656,40.0,5.15,459.0,615.69,3.9,1.48, , 
,617.00,2688,79.5,4.7,11101001,616.35,2656,47.1,6.18,550.8,616.67,4.3,1.52, , 
,618.00,1504,79.5,0.0,11111111,617.34,2560,0.0,0.00,357.0,617.70,0.0,3.63, , 
,619.08,1888,79.5,0.0,11101011,618.32,1184,23.5,4.12,336.6,618.72,0.0,2.15, , 
,620.14,1856,79.5,0.4,11101011,619.41,1888,34.1,5.15,418.2,619.77,-1.2,1.41, , 
,621.23,1824,79.5,2.7,11101011,620.49,1856,41.2,5.15,499.8,620.87,1.6,1.56, , 
,622.34,1856,79.5,0.4,11101011,621.60,1824,63.5,9.27,714.0,621.97,0.0,1.48, , 
,623.46,1888,79.5,1.6,11101011,622.72,1856,65.1,9.27,734.4,623.09,2.0,1.52, , 
,624.57,1920,79.5,3.5,11101011,623.83,1920,66.3,9.27,734.4,624.20,3.5,1.48, , 
,625.69,1952,79.5,3.1,11101011,624.95,1920,65.1,9.27,734.4,625.33,3.1,1.48, , 
,626.76,1920,79.5,2.0,11101011,626.05,1952,48.6,6.18,571.2,626.40,0.0,1.60, , 
,627.85,1920,79.5,2.3,11101011,627.13,1920,56.1,8.24,652.8,627.48,2.0,1.48, , 
,628.93,1952,81.0,2.7,11101011,628.22,1920,56.1,8.24,652.8,628.57,2.7,1.48, , 
,630.01,1952,79.5,3.1,11101011,629.29,1952,59.2,8.24,673.2,629.65,3.1,1.52, , 
,631.12,1952,81.0,2.7,11101011,630.38,1952,63.5,9.27,714.0,630.73,3.1,1.45, , 
,632.22,1952,81.0,3.5,11101011,631.50,1952,62.0,9.27,714.0,631.86,2.3,1.48, , 
,633.30,1952,81.0,0.0,11101011,632.57,1952,69.4,10.30,775.2,632.93,3.1,1.48, , 
,634.36,1888,81.0,0.8,11101011,633.65,1920,34.1,4.12,438.6,634.01,0.0,1.64, , 
,635.50,1856,81.0,0.0,11101011,634.73,1856,53.3,8.24,612.0,635.12,0.0,1.29, , 
,636.58,1824,81.0,0.4,11101011,635.86,1856,78.4,12.36,887.4,636.21,0.4,1.52, , 
,637.71,1856,81.0,0.4,11101011,636.96,1856,87.1,14.42,948.6,637.34,0.0,1.45, , 
,638.80,1888,81.0,-0.4,11101011,638.08,1888,88.6,14.42,969.0,638.44,-0.4,1.45, , 
,639.89,1920,81.0,-1.6,11101011,639.17,1888,88.6,14.42,969.0,639.53,-1.2,1.45, , 
,640.99,1920,81.0,-2.0,11101011,640.26,1920,88.6,14.42,969.0,640.63,-2.0,1.48, , 
,642.06,1952,81.0,-2.0,11101011,641.34,1920,87.1,13.39,969.0,641.71,-2.0,1.52, , 
,643.15,1984,81.0,-2.3,11101011,642.42,1952,88.6,13.39,969.0,642.80,-2.3,1.48, , 
,644.24,1984,82.5,-2.0,11101001,643.51,1984,87.1,13.39,969.0,643.89,-2.0,1.52, , 
,645.32,1984,82.5,0.0,11101001,644.59,1984,87.1,13.39,969.0,644.95,-2.3,1.45, , 
,646.37,1984,82.5,-0.4,11101011,645.66,1984,60.4,8.24,693.6,646.01,0.0,1.48, , 
,647.46,1952,82.5,0.8,11101011,646.74,1952,60.4,9.27,693.6,647.09,0.4,1.52, , 
,648.55,1920,82.5,1.2,11101011,647.81,1952,59.2,8.24,673.2,648.18,1.6,1.48, , 
,649.62,1920,82.5,1.2,11101011,648.91,1920,60.4,9.27,693.6,649.26,1.2,1.48, , 
,650.72,1920,82.5,0.8,11101011,649.99,1920,62.0,9.27,693.6,650.35,1.2,1.52, , 
,651.82,1920,82.5,0.4,11101011,651.08,1920,60.4,9.27,693.6,651.44,0.4,1.45, , 
,652.95,1888,82.5,1.6,11101011,652.18,1888,53.3,6.18,632.4,652.57,0.0,1.60, , 
,654.06,1856,84.0,1.6,11101011,653.33,1888,48.6,6.18,571.2,653.69,1.6,1.48, , 
,655.14,1824,84.0,1.6,11101011,654.43,1824,45.9,6.18,550.8,654.79,1.6,1.48, , 
,656.26,1760,84.0,2.7,11101011,655.54,1792,38.4,5.15,479.4,655.90,3.9,1.52, , 
,657.37,1760,82.5,3.1,11101011,656.63,1760,53.3,8.24,632.4,657.00,2.3,1.48, , 
,658.49,1760,84.0,3.1,11101011,657.75,1760,54.5,8.24,632.4,658.12,3.1,1.48, , 
,659.61,1728,82.5,3.1,11101011,658.85,1728,54.5,8.24,632.4,659.21,2.7,1.48, , 
,660.71,1728,82.5,3.5,11101011,659.99,1728,50.2,7.21,591.6,660.35,3.5,1.48, , 
,661.82,1728,82.5,2.3,11101011,661.06,1728,56.1,8.24,652.8,661.45,3.5,1.45, , 
,662.90,1728,82.5,2.3,11101011,662.18,1728,60.4,9.27,714.0,662.53,2.3,1.48, , 
,664.01,1728,82.5,1.2,11101011,663.28,1728,63.5,9.27,734.4,663.66,2.0,1.45, , 
,665.12,1760,82.5,0.4,11101011,664.39,1728,63.5,9.27,734.4,664.75,1.2,1.48, , 
,666.21,1760,81.0,0.8,11101011,665.49,1728,62.0,9.27,714.0,665.85,1.2,1.48, , 
,667.33,1792,81.0,2.3,11101011,666.57,1760,62.0,9.27,714.0,666.95,1.6,1.52, , 
,668.38,1792,81.0,2.3,11101011,667.72,1792,67.8,10.30,775.2,668.04,1.6,1.52, , 
,669.48,1824,81.0,1.6,11101011,668.75,1792,69.4,10.30,775.2,669.11,1.6,1.45, , 
,670.61,1856,81.0,0.0,11101011,669.86,1856,76.9,11.33,867.0,670.23,0.8,1.45, , 
,671.73,1856,81.0,0.8,11101011,670.98,1856,47.1,6.18,550.8,671.36,1.2,1.60, , 
,672.89,1856,81.0,1.2,11101011,672.12,1856,47.1,6.18,550.8,672.50,1.6,1.52, , 
,674.01,1856,81.0,2.7,11101011,673.27,1856,47.1,6.18,550.8,673.64,2.0,1.48, , 
,675.10,1856,81.0,3.1,11101011,674.38,1856,47.1,6.18,571.2,674.73,3.5,1.45, , 
,676.22,1856,79.5,2.7,11101011,675.47,1856,47.1,6.18,571.2,675.84,2.7,1.48, , 
,677.33,1888,79.5,2.7,11101011,676.60,1856,47.1,6.18,571.2,676.96,2.7,1.48, , 
,678.45,1888,79.5,2.0,11101011,677.71,1888,44.3,6.18,520.2,678.07,2.7,1.48, , 
,679.57,1920,79.5,2.3,11101011,678.82,1888,44.3,6.18,520.2,679.20,2.7,1.48, , 
,680.68,1888,79.5,1.2,11101011,679.95,1920,42.7,6.18,520.2,680.32,2.3,1.52, , 
,681.80,1888,79.5,-1.2,11101011,681.08,1888,31.0,4.12,397.8,681.44,0.0,1.45, , 
,682.91,1856,79.5,-5.5,11101011,682.17,1856,22.0,3.09,316.2,682.55,-4.7,1.41, , 
,684.03,1824,79.5,-7.0,11101011,683.28,1824,23.5,3.09,316.2,683.64,-6.6,1.48, , 
,685.14,1792,81.0,-4.7,11101011,684.40,1824,23.5,3.09,336.6,684.78,-7.0,1.56, , 
,686.22,1792,79.5,-3.1,11101011,685.49,1792,25.1,3.09,336.6,685.85,-4.3,1.56, , 
,687.38,1792,81.0,0.4,11101011,686.60,1792,25.1,3.09,336.6,686.98,-0.8,1.52, , 
,688.50,1792,81.0,1.2,11101011,687.76,1792,25.1,3.09,336.6,688.13,0.8,1.48, , 
,689.59,1760,81.0,2.0,11101011,688.84,1792,25.1,3.09,336.6,689.22,2.0,1.45, , 
,690.73,1792,81.0,2.3,11101011,689.97,1792,25.1,3.09,336.6,690.33,2.3,1.45, , 
,691.89,1792,81.0,0.0,11101011,691.13,1792,25.1,3.09,336.6,691.52,2.0,1.45, , 
,692.98,1824,81.0,4.3,11101011,692.27,1792,40.0,5.15,479.4,692.63,3.1,1.64, , 
,694.11,1856,81.0,6.6,11101011,693.36,1856,36.9,5.15,459.0,693.73,5.9,1.56, , 
,695.21,1888,81.0,7.4,11101011,694.49,1856,35.3,5.15,438.6,694.84,6.6,1.48, , 
,696.30,1920,81.0,7.4,11101011,695.57,1920,34.1,4.12,418.2,695.93,8.2,1.41, , 
,697.39,1920,81.0,0.0,11101011,696.66,1920,25.1,3.09,357.0,697.02,3.5,1.33, , 
,698.49,1920,81.0,-2.0,11101011,697.76,1920,22.0,3.09,316.2,698.13,-2.3,1.37, , 
,699.57,1888,81.0,-3.9,11101011,698.85,1888,22.0,3.09,316.2,699.21,-3.9,1.45, , 
,700.65,1888,81.0,-4.7,11101011,699.94,1888,23.5,3.09,316.2,700.28,-4.3,1.52, , 
,701.78,1856,81.0,-2.0,11101011,701.03,1888,23.5,3.09,336.6,701.41,-4.3,1.56, , 
,702.89,1856,81.0,-1.2,11101011,702.16,1856,23.5,3.09,336.6,702.52,-1.6,1.52, , 
,704.02,1824,81.0,1.6,11101011,703.26,1856,23.5,3.09,336.6,703.64,0.8,1.52, , 
,705.09,1824,81.0,2.7,11101011,704.37,1824,25.1,3.09,336.6,704.73,2.3,1.48, , 
,706.19,1824,81.0,3.9,11101011,705.44,1824,25.1,3.09,336.6,705.80,3.1,1.48, , 
,707.33,1792,81.0,6.3,11101011,706.54,1792,26.7,3.09,357.0,706.93,5.1,1.48, , 
,708.42,1792,81.0,8.6,11101011,707.69,1792,28.2,4.12,377.4,708.08,7.8,1.52, , 
,709.48,1792,81.0,10.2,11101011,708.74,1792,29.4,4.12,377.4,709.08,9.4,1.45, , 
,710.56,1792,81.0,13.3,11101011,709.88,1792,40.0,5.15,479.4,710.21,12.9,1.48, , 
,711.69,1824,81.0,12.9,11101011,710.94,1792,48.6,7.21,591.6,711.31,13.7,1.48, , 
,712.81,1824,81.0,9.8,11101011,712.06,1824,47.1,7.21,571.2,712.44,10.5,1.45, , 
,713.92,1792,81.0,5.1,11101011,713.19,1824,32.5,4.12,418.2,713.55,7.8,1.41, , 
,715.03,1792,81.0,4.7,11101011,714.31,1792,32.5,4.12,418.2,714.65,4.7,1.48, , 
,716.17,1760,81.0,3.9,11101011,715.41,1792,34.1,4.12,418.2,715.80,4.7,1.48, , 
,717.28,1760,81.0,4.7,11101011,716.54,1760,34.1,4.12,438.6,716.89,4.3,1.48, , 
,718.37,1760,81.0,6.3,11101011,717.63,1728,40.0,5.15,479.4,717.99,6.3,1.52, , 
,719.46,1792,81.0,4.7,11101011,718.73,1760,40.0,5.15,479.4,719.09,7.0,1.48, , 
,720.57,1792,81.0,5.5,11101011,719.84,1760,41.2,6.18,499.8,720.22,4.7,1.52, , 
,721.67,1824,81.0,4.7,11101011,720.93,1792,48.6,7.21,571.2,721.31,4.3,1.48, , 
,722.78,1856,81.0,3.9,11101011,722.03,1856,45.9,6.18,550.8,722.41,3.9,1.48, , 
,723.90,1888,81.0,3.5,11101011,723.15,1856,44.3,6.18,520.2,723.53,3.9,1.48, , 
,724.99,1920,81.0,3.1,11101011,724.25,1888,42.7,6.18,520.2,724.62,3.5,1.52, , 
,726.07,1952,81.0,3.1,11101011,725.35,1920,41.2,6.18,499.8,725.70,2.7,1.48, , 
,727.15,1984,81.0,2.7,11101011,726.42,1952,41.2,5.15,499.8,726.78,3.1,1.48, , 
,728.21,1984,81.0,2.3,11101001,727.49,1984,41.2,5.15,499.8,727.84,2.3,1.52, , 
,729.27,2016,81.0,2.3,11101001,728.56,1984,40.0,5.15,479.4,728.92,2.3,1.48, , 
,730.34,2016,81.0,2.7,11101001,729.63,2016,40.0,5.15,479.4,729.98,2.3,1.48, , 
,731.38,2016,81.0,2.7,11101001,730.69,2016,38.4,5.15,479.4,731.03,2.3,1.48, , 
,732.43,2048,81.0,2.7,11101001,731.71,2048,38.4,5.15,459.0,732.06,3.5,1.52, , 
,733.48,2048,81.0,2.7,11101001,732.76,2048,38.4,5.15,459.0,733.11,3.1,1.52, , 
,734.49,2080,81.0,2.3,11101001,733.83,2048,36.9,5.15,459.0,734.16,2.7,1.48, , 
,735.51,2080,81.0,2.3,11101001,734.84,2080,38.4,5.15,459.0,735.18,2.3,1.48, , 
,736.55,2112,81.0,3.9,11101001,735.87,2080,38.4,5.15,459.0,736.21,3.1,1.48, , 
,737.58,2144,81.0,4.3,11101001,736.90,2112,50.2,7.21,591.6,737.24,3.9,1.52, , 
,738.63,2176,81.0,3.5,11101001,737.92,2144,56.1,8.24,632.4,738.28,3.5,1.48, , 
,739.64,2240,81.0,4.3,11101001,738.95,2208,53.3,8.24,612.0,739.30,4.3,1.48, , 
,740.68,2272,81.0,5.1,11101001,739.98,2240,51.8,7.21,591.6,740.33,4.7,1.52, , 
,741.71,2304,81.0,4.7,11101001,741.01,2272,51.8,7.21,591.6,741.36,4.7,1.45, , 
,742.75,2336,81.0,4.3,11101001,742.05,2304,50.2,7.21,591.6,742.39,4.7,1.52, , 
,743.73,2400,81.0,5.1,11101001,743.10,2368,51.8,7.21,591.6,743.41,4.7,1.48, , 
,744.74,2432,81.0,2.3,11101001,744.06,2400,56.1,8.24,632.4,744.39,5.1,1.45, , 
,745.79,2496,81.0,1.2,11101001,745.10,2464,56.1,8.24,632.4,745.43,1.6,1.52, , 
,746.78,2528,81.0,0.0,11101001,746.12,2496,51.8,7.21,591.6,746.46,0.4,1.48, , 
,747.84,2560,81.0,0.4,11101001,747.15,2528,44.3,6.18,499.8,747.51,0.4,1.48, , 
,748.90,2560,81.0,2.3,11101001,748.20,2560,44.3,6.18,499.8,748.55,2.0,1.52, , 
,749.93,2560,81.0,2.7,11101001,749.26,2560,42.7,6.18,499.8,749.61,2.3,1.52, , 
,750.92,2592,81.0,0.0,11101001,750.28,2592,44.3,6.18,499.8,750.60,3.9,1.45, , 
,751.93,2656,81.0,0.0,11101001,751.24,2624,60.4,8.24,673.2,751.57,0.0,1.52, , 
,753.00,2752,81.0,1.2,11101001,752.29,2688,59.2,8.24,652.8,752.64,0.8,1.52, , 
,753.99,2208,81.0,0.0,11111101,753.35,2784,57.6,8.24,652.8,753.64,0.0,1.56, , 
,755.00,1120,81.0,0.0,11101011,754.34,1664,0.0,0.00,295.8,754.62,0.0,3.79, , 
,756.00,2144,81.0,0.0,11101001,755.33,2144,20.8,3.09,295.8,755.66,0.0,0.90, , 
,757.06,2144,81.0,-0.4,11101001,756.35,2112,29.4,4.12,377.4,756.70,-1.2,1.52, , 
,758.08,2176,81.0,2.0,11101001,757.40,2144,42.7,6.18,499.8,757.75,1.2,1.56, , 
,759.09,2208,81.0,3.9,11101001,758.41,2176,47.1,6.18,550.8,758.75,3.1,1.48, , 
,760.12,2208,81.0,4.3,11101001,759.44,2208,45.9,6.18,550.8,759.78,3.9,1.48, , 
,761.13,2240,81.0,1.2,11101001,760.46,2240,36.9,5.15,438.6,760.79,2.0,1.41, , 
,762.17,2240,81.0,0.0,11101001,761.46,2240,35.3,5.15,438.6,761.81,0.4,1.45, , 
,763.21,2272,82.5,0.0,11101001,762.54,2240,50.2,7.21,571.2,762.89,0.0,1.52, , 
,764.22,2336,81.0,-2.0,11101001,763.53,2304,88.6,14.42,948.6,763.88,0.0,1.37, , 
,765.24,2400,82.5,0.0,11101001,764.58,2368,91.4,15.45,989.4,764.89,-0.8,1.45, , 
,766.30,2464,82.5,2.0,11101001,765.58,2432,91.4,15.45,989.4,765.93,0.8,1.52, , 
,767.29,2528,82.5,2.3,11101001,766.62,2496,91.4,15.45,989.4,766.97,2.3,1.48, , 
,768.30,2592,82.5,3.1,11101001,767.64,2560,91.4,15.45,969.0,767.99,3.1,1.45, , 
,769.28,2656,82.5,2.3,11101001,768.62,2624,91.4,15.45,969.0,768.95,2.7,1.41, , 
,770.30,2720,82.5,3.1,11101001,769.63,2656,91.4,17.51,969.0,769.95,2.3,1.05, , 
,771.34,2784,82.5,2.0,11101001,770.65,2720,91.4,17.51,969.0,771.01,2.3,1.09, , 
,772.36,2816,82.5,0.8,11101001,771.68,2784,91.4,15.45,969.0,772.01,1.6,1.48, , 
,773.36,2880,82.5,0.0,11101001,772.71,2848,90.2,14.42,969.0,773.03,-2.0,1.41, , 
,774.39,2848,82.5,0.0,11111101,773.70,2880,22.0,2.06,316.2,774.03,0.0,1.45, , 
,775.44,2784,82.5,0.0,11101001,774.74,2816,17.6,3.09,275.4,775.09,0.0,1.72, , 
,776.47,2784,82.5,0.4,11101001,775.78,2784,56.1,8.24,632.4,776.12,0.0,1.52, , 
,777.48,2752,82.5,1.2,11101001,776.82,2784,57.6,8.24,652.8,777.14,1.2,1.48, , 
,778.51,2752,82.5,1.2,11101001,777.83,2752,54.5,8.24,612.0,778.16,0.8,1.48, , 
,779.53,2752,84.0,0.4,11101001,778.88,2752,56.1,8.24,632.4,779.21,0.0,1.48, , 
,780.58,2720,84.0,0.0,11101001,779.87,2752,54.5,8.24,612.0,780.23,0.0,1.45, , 
,781.60,2688,84.0,2.0,11101001,780.92,2720,47.1,6.18,550.8,781.26,0.8,1.52, , 
,782.54,2688,84.0,1.2,11101001,781.93,2688,47.1,6.18,550.8,782.24,1.2,1.52, , 
,783.56,2688,84.0,0.8,11101001,782.88,2688,47.1,6.18,550.8,783.22,1.2,1.48, , 
,784.64,2656,84.0,1.2,11101001,783.92,2656,48.6,7.21,550.8,784.28,1.2,1.48, , 
,785.68,2624,84.0,1.6,11101001,784.98,2656,48.6,7.21,550.8,785.33,1.2,1.52, , 
,786.66,2624,84.0,1.6,11101001,786.00,2624,48.6,7.21,571.2,786.33,1.6,1.52, , 
,787.70,2592,84.0,1.2,11101001,786.98,2624,48.6,7.21,571.2,787.33,2.3,1.45, , 
,788.74,2592,84.0,0.8,11101001,788.05,2592,48.6,7.21,571.2,788.39,0.8,1.48, , 
,789.72,2592,84.0,0.8,11101001,789.07,2592,48.6,7.21,571.2,789.38,0.8,1.52, , 
,790.72,2592,84.0,1.2,11101001,790.05,2592,48.6,7.21,571.2,790.40,1.6,1.52, , 
,791.75,2592,82.5,1.2,11101001,791.06,2592,48.6,7.21,571.2,791.41,1.2,1.48, , 
,792.78,2560,84.0,-0.8,11101001,792.11,2592,40.0,5.15,479.4,792.46,0.8,1.45, , 
,793.81,2528,84.0,-5.5,11101001,793.12,2560,23.5,3.09,316.2,793.46,-3.9,1.41, , 
,794.82,2496,84.0,-8.2,11101001,794.14,2528,22.0,3.09,295.8,794.48,-7.4,1.45, , 
,795.89,2464,84.0,-9.4,11101001,795.17,2496,23.5,3.09,316.2,795.50,-9.0,1.48, , 
,797.00,2432,84.0,-7.8,11101001,796.27,2464,25.1,3.09,316.2,796.63,-9.4,1.56, , 
,798.07,2400,84.0,-0.8,11101001,797.36,2432,28.2,3.09,357.0,797.72,-2.0,1.60, , 
,799.14,2400,84.0,-5.5,11101001,798.43,2400,20.8,2.06,275.4,798.80,-5.5,1.41, , 
,800.11,2336,84.0,-5.9,11111101,799.46,2368,19.2,2.06,275.4,799.78,-7.0,1.45, , 
,801.10,2304,84.0,0.0,11101001,800.45,2336,17.6,2.06,244.8,800.77,0.0,1.72, , 
,802.10,2272,84.0,-5.1,11101001,801.43,2304,16.1,2.06,244.8,801.76,0.0,1.21, , 
,803.09,2240,82.5,-8.2,11101001,802.42,2272,16.1,2.06,244.8,802.75,-6.6,1.41, , 
,804.09,2176,82.5,-9.8,11101001,803.43,2208,16.1,2.06,244.8,803.76,-9.4,1.45, , 
,805.11,2144,82.5,-9.4,11101001,804.42,2176,17.6,2.06,244.8,804.76,-10.2,1.52, , 
,806.11,2112,82.5,0.0,11101001,805.44,2144,20.8,2.06,295.8,805.77,-7.8,1.60, , 
,807.15,2112,82.5,2.3,11101001,806.45,2144,45.9,6.18,550.8,806.81,2.3,1.60, , 
,808.24,2144,82.5,4.7,11101001,807.51,2144,56.1,8.24,652.8,807.88,3.9,1.56, , 
,809.26,2144,82.5,4.7,11101001,808.60,2144,63.5,9.27,714.0,808.93,5.5,1.45, , 
,810.29,2176,82.5,4.3,11101001,809.62,2176,66.3,10.30,734.4,809.96,3.9,1.45, , 
,811.32,2208,82.5,3.1,11101001,810.63,2176,72.2,11.33,795.6,810.97,3.9,1.48, , 
,812.30,2240,82.5,1.6,11101001,811.65,2208,78.4,12.36,867.0,811.99,2.3,1.45, , 
,813.32,2272,82.5,0.0,11101001,812.63,2272,81.2,12.36,887.4,812.96,0.0,1.52, , 
,814.33,2336,82.5,0.4,11101001,813.65,2304,78.4,11.33,867.0,814.00,0.4,1.48, , 
,815.33,2336,82.5,2.3,11101001,814.66,2336,63.5,9.27,714.0,814.99,2.0,1.52, , 
,816.35,2368,82.5,0.0,11101001,815.68,2336,60.4,9.27,693.6,816.01,3.5,1.52, , 
,817.35,2336,82.5,2.7,11101001,816.68,2368,48.6,6.18,571.2,817.03,2.0,1.56, , 
,818.35,2368,82.5,4.3,11101001,817.68,2368,50.2,7.21,571.2,818.02,3.5,1.48, , 
,819.35,2336,82.5,0.0,11101001,818.68,2368,38.4,4.12,479.4,819.02,0.0,1.64, , 
,820.35,2336,82.5,2.7,11101001,819.69,2336,36.9,5.15,438.6,820.02,2.0,1.64, , 
,821.41,2336,82.5,4.3,11101001,820.70,2336,42.7,6.18,499.8,821.04,3.5,1.52, , 
,822.42,2336,82.5,5.9,11101001,821.75,2336,48.6,7.21,571.2,822.09,6.6,1.45, , 
,823.44,2336,82.5,6.6,11101001,822.77,2336,50.2,7.21,571.2,823.11,5.9,1.48, , 
,824.43,2368,82.5,5.5,11101001,823.77,2336,57.6,8.24,652.8,824.10,5.9,1.45, , 
,825.44,2368,82.5,4.7,11101001,824.75,2368,57.6,8.24,652.8,825.11,5.1,1.45, , 
,826.41,2400,82.5,4.3,11101001,825.76,2368,54.5,8.24,632.4,826.09,4.7,1.52, , 
,827.42,2400,82.5,4.3,11101001,826.76,2400,54.5,8.24,632.4,827.10,4.3,1.48, , 
,828.48,2432,82.5,1.2,11101001,827.78,2432,54.5,8.24,612.0,828.13,1.6,1.45, , 
,829.53,2464,82.5,1.2,11101001,828.83,2432,51.8,7.21,591.6,829.16,0.8,1.48, , 
,830.62,2464,82.5,2.0,11101001,829.89,2464,47.1,6.18,550.8,830.26,2.0,1.48, , 
,831.68,2464,82.5,2.3,11101001,830.96,2464,47.1,7.21,550.8,831.31,2.3,1.52, , 
,832.73,2464,84.0,2.3,11101001,832.02,2464,47.1,7.21,550.8,832.38,1.6,1.48, , 
,833.83,2496,82.5,2.3,11101001,833.09,2496,44.3,6.18,499.8,833.47,2.7,1.48, , 
,834.89,2496,82.5,2.7,11101001,834.17,2496,44.3,6.18,499.8,834.53,2.7,1.52, , 
,835.97,2496,82.5,2.3,11101001,835.25,2496,44.3,6.18,499.8,835.60,2.7,1.48, , 
,836.98,2496,82.5,1.6,11101001,836.31,2496,41.2,6.18,479.4,836.64,1.6,1.45, , 
,837.97,2496,82.5,0.4,11101001,837.32,2496,40.0,5.15,479.4,837.66,1.2,1.52, , 
,838.94,2496,82.5,0.4,11101001,838.29,2496,38.4,5.15,459.0,838.61,0.4,1.52, , 
,840.01,2464,82.5,-0.8,11101001,839.30,2464,35.3,5.15,418.2,839.65,-0.4,1.48, , 
,841.07,2464,82.5,-2.0,11101001,840.36,2464,32.5,4.12,397.8,840.72,-0.8,1.48, , 
,842.13,2432,82.5,-4.7,11101001,841.42,2464,23.5,3.09,316.2,841.78,-4.3,1.45, , 
,843.18,2432,82.5,-8.6,11101001,842.48,2432,22.0,3.09,295.8,842.84,-7.4,1.37, , 
,844.20,2400,82.5,-9.4,11101001,843.53,2432,19.2,2.06,275.4,843.87,-9.0,1.52, , 
,845.23,2400,82.5,-9.4,11111101,844.55,2400,16.1,2.06,244.8,844.86,-9.8,1.56, , 
,846.20,2368,82.5,0.0,11111101,845.56,2368,0.0,0.00,244.8,845.88,0.0,3.28, , 
,847.17,2336,82.5,0.0,11111101,846.52,2336,0.0,0.00,275.4,846.85,0.0,3.95, , 
,848.19,2304,82.5,0.0,11111101,847.50,2336,0.0,0.00,244.8,847.84,0.0,3.95, , 
,849.18,2304,82.5,0.0,11101001,848.51,2272,16.1,3.09,244.8,848.84,0.0,0.86, , 
,850.18,2272,82.5,-1.2,11101001,849.50,2304,19.2,2.06,275.4,849.84,-3.1,1.33, , 
,851.18,2304,82.5,2.3,11101001,850.52,2272,41.2,6.18,499.8,850.85,1.6,1.56, , 
,852.19,2272,82.5,3.9,11101001,851.51,2272,41.2,6.18,499.8,851.85,3.1,1.52, , 
,853.20,2272,82.5,4.3,11101001,852.53,2272,41.2,6.18,479.4,852.88,5.1,1.52, , 
,854.20,2272,82.5,3.9,11101001,853.55,2272,56.1,8.24,632.4,853.88,4.7,1.48, , 
,855.24,2272,82.5,3.1,11101001,854.56,2272,67.8,10.30,754.8,854.91,3.1,1.52, , 
,856.26,2272,82.5,2.0,11101001,855.58,2272,67.8,10.30,754.8,855.92,2.3,1.45, , 
,857.29,2272,82.5,1.6,11101001,856.61,2272,67.8,10.30,754.8,856.96,1.6,1.52, , 
,858.32,2272,82.5,2.0,11101001,857.65,2272,67.8,10.30,754.8,857.98,1.6,1.48, , 
,859.31,2272,82.5,2.0,11101001,858.64,2272,67.8,10.30,754.8,858.97,2.0,1.48, , 
,860.34,2272,82.5,2.0,11101001,859.66,2272,71.0,10.30,775.2,860.00,2.0,1.52, , 
,861.36,2272,82.5,2.0,11101001,860.68,2272,71.0,10.30,775.2,861.01,2.0,1.48, , 
,862.39,2304,82.5,2.0,11101001,861.71,2272,69.4,10.30,775.2,862.04,1.6,1.52, , 
,863.42,2304,82.5,1.6,11101001,862.73,2304,71.0,10.30,775.2,863.07,2.0,1.48, , 
,864.44,2304,82.5,2.0,11101001,863.75,2304,69.4,10.30,775.2,864.09,1.6,1.52, , 
,865.43,2336,82.5,2.3,11101001,864.77,2336,69.4,10.30,775.2,865.10,2.0,1.52, , 
,866.42,2368,82.5,1.6,11101001,865.75,2336,69.4,10.30,754.8,866.08,2.0,1.45, , 
,867.40,2400,82.5,0.8,11101001,866.74,2368,69.4,10.30,754.8,867.05,0.8,1.48, , 
,868.42,2432,82.5,0.8,11101001,867.72,2400,67.8,10.30,754.8,868.08,0.4,1.48, , 
,869.48,2464,82.5,1.2,11101001,868.77,2432,67.8,10.30,734.4,869.13,0.8,1.48, , 
,870.51,2464,82.5,0.0,11101001,869.82,2464,65.1,9.27,714.0,870.15,0.8,1.48, , 
,871.59,2496,82.5,0.4,11101001,870.86,2464,50.2,7.21,591.6,871.23,0.0,1.52, , 
,872.66,2496,82.5,1.6,11101001,871.94,2496,50.2,7.21,571.2,872.30,0.4,1.52, , 
,873.70,2496,82.5,1.6,11101001,873.01,2496,50.2,7.21,571.2,873.34,2.0,1.45, , 
,874.69,2496,82.5,2.0,11101001,874.05,2496,50.2,7.21,571.2,874.38,1.6,1.48, , 
,875.74,2496,82.5,2.7,11101001,875.05,2496,47.1,7.21,550.8,875.38,2.3,1.52, , 
,876.74,2496,82.5,2.3,11101001,876.08,2496,45.9,6.18,520.2,876.43,2.7,1.48, , 
,877.73,2496,82.5,2.0,11101001,877.07,2496,45.9,6.18,520.2,877.40,2.3,1.45, , 
,878.76,2496,82.5,2.0,11101001,878.08,2496,44.3,6.18,520.2,878.43,1.6,1.48, , 
,879.77,2496,84.0,2.7,11101001,879.09,2496,45.9,6.18,520.2,879.44,2.0,1.52, , 
,880.80,2496,82.5,2.3,11101001,880.10,2496,44.3,6.18,520.2,880.45,2.0,1.45, , 
,881.81,2496,84.0,2.0,11101001,881.13,2496,44.3,6.18,520.2,881.47,2.3,1.45, , 
,882.83,2496,84.0,2.0,11101001,882.16,2496,44.3,6.18,520.2,882.50,2.0,1.52, , 
,883.87,2496,82.5,2.0,11101001,883.18,2496,44.3,6.18,520.2,883.51,2.0,1.52, , 
,884.93,2496,84.0,2.0,11101001,884.20,2496,44.3,6.18,520.2,884.56,2.3,1.48, , 
,885.94,2496,84.0,1.6,11101001,885.25,2496,44.3,6.18,520.2,885.61,1.2,1.45, , 
,886.97,2496,84.0,0.0,11101001,886.29,2496,38.4,5.15,459.0,886.63,0.8,1.52, , 
,888.02,2464,84.0,-2.0,11101001,887.33,2496,34.1,4.12,397.8,887.67,-1.2,1.48, , 
,889.03,2432,84.0,-8.2,11101001,888.36,2464,19.2,2.06,275.4,888.69,-7.8,1.29, , 
,890.03,2400,84.0,-9.4,11101001,889.37,2432,17.6,2.06,244.8,889.70,-9.4,1.52, , 
,891.06,2368,84.0,-9.4,11101001,890.36,2400,20.8,2.06,295.8,890.74,-9.8,1.56, , 
,892.08,2336,84.0,-7.4,11101001,891.40,2368,22.0,3.09,316.2,891.75,-8.6,1.52, , 
,893.07,2336,84.0,-0.8,11101001,892.41,2336,28.2,3.09,357.0,892.73,-2.3,1.64, , 
,894.10,2304,84.0,2.3,11101001,893.41,2336,34.1,4.12,418.2,893.75,2.0,1.56, , 
,895.08,2304,84.0,3.9,11101001,894.43,2304,34.1,5.15,418.2,894.75,3.1,1.45, , 
,896.12,2272,84.0,3.9,11101001,895.42,2272,34.1,5.15,418.2,895.76,3.5,1.48, , 
,897.13,2272,82.5,4.7,11101001,896.46,2304,34.1,5.15,418.2,896.79,3.9,1.48, , 
,898.13,2272,84.0,5.5,11101001,897.45,2272,42.7,6.18,499.8,897.78,5.9,1.52, , 
,899.14,2272,84.0,0.0,11101001,898.47,2304,44.3,6.18,520.2,898.79,0.0,1.48, , 
,900.15,2240,84.0,0.0,11101001,899.48,2272,25.1,3.09,336.6,899.82,-0.4,1.56, , 
,901.17,2240,84.0,0.0,11101001,900.48,2240,31.0,4.12,397.8,900.83,0.0,1.52, , 
,902.18,1248,84.0,0.0,11111111,901.51,2208,0.0,0.00,336.6,901.88,0.0,3.20, , 
,903.10,1120,84.0,0.0,11111111,902.48,1088,26.7,4.12,377.4,902.78,0.0,2.27, , 
,904.06,864,84.0,0.0,11111111,903.43,1024,22.0,3.09,336.6,903.74,0.0,0.86, , 
,904.95,864,84.0,0.0,11111111,904.36,864,25.1,3.09,377.4,904.66,0.0,1.13, , 
,905.88,896,84.0,-2.7,11111111,905.27,864,26.7,3.09,377.4,905.58,-2.3,1.33, , 
,906.79,896,84.0,-2.7,11111111,906.20,896,26.7,3.09,377.4,906.50,-2.7,1.48, , 
,907.71,896,84.0,-1.2,11111111,907.10,896,26.7,3.09,377.4,907.41,-2.0,1.52, , 
,908.66,896,84.0,0.4,11111111,908.02,896,26.7,3.09,377.4,908.34,0.0,1.56, , 
,909.56,896,84.0,1.2,11111111,908.96,896,26.7,3.09,377.4,909.26,0.8,1.52, , 
,910.51,896,84.0,1.2,11111111,909.87,896,26.7,3.09,377.4,910.20,1.2,1.48, , 
,911.45,896,84.0,1.6,11111111,910.82,896,26.7,3.09,377.4,911.12,1.6,1.52, , 
,912.33,864,84.0,1.2,11111111,911.74,864,26.7,3.09,377.4,912.03,1.6,1.45, , 
,913.26,864,84.0,-0.4,11111111,912.63,896,25.1,3.09,377.4,912.95,0.0,1.37, , 
,914.17,864,84.0,-0.8,11111111,913.56,896,26.7,3.09,377.4,913.87,-0.8,1.45, , 
,915.09,864,84.0,-0.4,11111111,914.47,864,26.7,3.09,397.8,914.79,-0.4,1.48, , 
,916.02,896,84.0,0.0,11111111,915.42,864,26.7,3.09,397.8,915.72,0.0,1.48, , 
,916.89,896,84.0,0.4,11111111,916.30,864,26.7,3.09,397.8,916.58,0.4,1.48, , 
,917.82,864,84.0,0.4,11111111,917.19,864,26.7,3.09,397.8,917.51,0.4,1.48, , 
,918.73,864,84.0,0.4,11111111,918.12,864,26.7,3.09,397.8,918.42,0.4,1.48, , 
,919.67,864,84.0,0.0,11111111,919.06,896,26.7,3.09,397.8,919.36,0.0,1.45, , 
,920.61,864,84.0,0.4,11111111,919.97,864,28.2,3.09,397.8,920.28,0.0,1.48, , 
,921.52,896,84.0,0.4,11111111,920.92,896,26.7,3.09,397.8,921.22,0.4,1.48, , 
,922.43,896,84.0,0.4,11111111,921.82,896,28.2,3.09,397.8,922.11,0.8,1.45, , 
,923.34,768,84.0,0.0,11111111,922.74,896,28.2,3.09,397.8,923.04,0.0,1.45, , 
,924.20,768,84.0,-0.4,11111111,923.63,768,28.2,3.09,397.8,923.91,-0.4,1.48, , 
,925.12,768,84.0,-0.8,11111111,924.51,768,28.2,4.12,418.2,924.81,-0.8,1.45, , 
,926.00,768,84.0,-0.4,11111111,925.41,768,28.2,4.12,418.2,925.70,-0.8,1.48, , 
,926.90,800,84.0,0.8,11111111,926.30,768,28.2,4.12,418.2,926.60,0.4,1.52, , 
,927.77,800,84.0,1.2,11111111,927.19,800,28.2,4.12,418.2,927.48,1.2,1.52, , 
,928.67,800,84.0,1.2,11111111,928.07,800,28.2,4.12,397.8,928.36,1.2,1.45, , 
,929.58,800,84.0,0.8,11111111,928.97,800,28.2,4.12,418.2,929.28,0.8,1.45, , 
,930.49,800,84.0,0.0,11111111,929.88,800,28.2,4.12,418.2,930.18,0.0,1.45, , 
,931.37,800,84.0,0.0,11111111,930.78,800,28.2,4.12,418.2,931.07,0.0,1.48, , 
,932.30,800,84.0,0.0,11111111,931.68,768,28.2,4.12,418.2,931.98,0.0,1.48, , 
,933.19,768,82.5,0.8,11101011,932.59,800,28.2,4.12,418.2,932.90,0.4,1.48, , 
,934.19,1088,82.5,0.0,11101011,933.52,896,50.2,8.24,612.0,933.86,0.0,1.21, , 
,935.13,1152,82.5,0.0,11101011,934.49,640,67.8,10.30,775.2,934.80,0.0,1.41, , 
,936.13,1440,82.5,0.0,11111111,935.46,1312,45.9,6.18,571.2,935.79,0.0,1.56, , 
,937.12,1408,82.5,-4.3,11101011,936.47,1408,23.5,3.09,336.6,936.79,-1.6,1.41, , 
,938.16,1408,82.5,-6.6,11101011,937.47,1408,23.5,3.09,336.6,937.82,-6.6,1.37, , 
,939.23,1440,82.5,-5.9,11101011,938.52,1408,25.1,3.09,357.0,938.87,-5.9,1.52, , 
,940.26,1408,81.0,-7.4,11111111,939.58,1408,23.5,3.09,336.6,939.92,-7.0,1.48, , 
,941.25,1248,82.5,-7.8,11111111,940.60,1344,23.5,3.09,336.6,940.93,-7.8,1.48, , 
,942.22,992,81.0,-6.6,11111111,941.55,1152,23.5,3.09,336.6,941.86,-6.3,1.60, , 
,943.16,864,81.0,-4.3,11111111,942.55,960,25.1,3.09,377.4,942.85,-4.7,1.60, , 
,944.07,960,81.0,0.0,11101011,943.45,864,28.2,3.09,397.8,943.74,-0.8,1.60, , 
,945.11,1728,81.0,0.0,11101011,944.39,1376,67.8,11.33,795.6,944.73,0.0,1.29, , 
,946.13,1888,81.0,0.0,11111111,945.45,2048,84.3,14.42,907.8,945.79,0.0,1.33, , 
,947.21,1568,81.0,0.0,11101011,946.44,1376,36.9,6.18,459.0,946.85,0.0,0.70, , 
,948.24,2048,79.5,0.0,11101001,947.54,1728,84.3,14.42,928.2,947.89,0.0,1.45, , 
,949.26,2560,81.0,0.0,11101001,948.58,2240,90.2,15.45,969.0,948.93,-0.4,1.48, , 
,950.24,1536,79.5,0.0,11101011,949.57,2560,0.0,0.00,550.8,949.89,0.0,3.28, , 
,951.34,1792,81.0,0.0,11101011,950.58,1536,35.3,6.18,438.6,950.96,0.0,0.94, , 
,952.43,1952,81.0,0.0,11101011,951.73,1824,67.8,10.30,754.8,952.08,0.0,1.56, , 
,953.50,2112,81.0,0.4,11101001,952.78,2016,78.4,11.33,867.0,953.15,-0.4,1.52, , 
,954.54,2272,81.0,2.0,11101001,953.84,2176,75.3,11.33,826.2,954.19,1.2,1.52, , 
,955.61,2432,81.0,2.7,11101001,954.92,2336,73.7,11.33,795.6,955.27,2.3,1.45, , 
,956.64,2624,81.0,3.9,11101001,955.95,2496,71.0,10.30,775.2,956.28,3.9,1.56, , 
,957.67,2784,81.0,2.7,11101001,956.99,2688,76.9,11.33,846.6,957.33,3.1,1.48, , 
,958.65,1600,81.0,0.0,11111111,958.01,2624,0.0,0.00,357.0,958.33,0.0,3.55, , 
,959.57,1088,81.0,0.0,11111111,958.98,1184,23.5,3.09,336.6,959.27,0.0,3.48, , 
,960.52,928,81.0,0.0,11111111,959.90,1056,23.5,4.12,357.0,960.21,0.0,0.78, , 
,961.42,896,81.0,0.0,11111111,960.83,928,25.1,3.09,357.0,961.13,0.0,0.98, , 
,962.33,864,82.5,-3.1,11111111,961.72,896,25.1,3.09,377.4,962.01,-2.7,1.33, , 
,963.24,864,82.5,-2.7,11111111,962.63,864,26.7,3.09,397.8,962.93,-3.1,1.48, , 
,964.15,864,82.5,-2.0,11111111,963.53,864,26.7,3.09,397.8,963.84,-2.3,1.52, , 
,965.06,896,82.5,-1.2,11111111,964.45,896,28.2,3.09,397.8,964.76,-1.2,1.48, , 
,966.01,896,82.5,-0.8,11111111,965.38,896,28.2,3.09,397.8,965.69,-0.8,1.48, , 
,966.95,896,82.5,-0.8,11111111,966.33,896,28.2,3.09,397.8,966.65,-0.8,1.48, , 
,967.86,896,82.5,-0.4,11111111,967.27,896,28.2,3.09,397.8,967.56,-0.8,1.48, , 
,968.78,896,84.0,-0.4,11111111,968.17,896,28.2,4.12,397.8,968.49,-0.4,1.48, , 
,969.72,896,84.0,-2.0,11111111,969.09,896,28.2,3.09,397.8,969.41,-1.6,1.41, , 
,970.65,896,84.0,-2.7,11111111,970.03,896,28.2,3.09,397.8,970.35,-2.7,1.45, , 
,971.55,896,84.0,-2.0,11111111,970.93,896,28.2,3.09,397.8,971.24,-2.3,1.48, , 
,972.47,896,84.0,-1.6,11111111,971.87,896,28.2,3.09,397.8,972.16,-2.0,1.48, , 
,973.40,896,84.0,-1.2,11111111,972.78,896,28.2,3.09,397.8,973.10,-1.2,1.52, , 
,974.34,864,85.5,-0.8,11111111,973.72,896,28.2,3.09,397.8,974.04,-0.8,1.48, , 
,975.29,864,85.5,-0.4,11111111,974.68,864,28.2,4.12,397.8,974.98,-0.4,1.48, , 
,976.23,896,85.5,-0.4,11111111,975.59,864,28.2,3.09,397.8,975.91,-0.4,1.48, , 
,977.11,864,85.5,-0.4,11111111,976.52,864,28.2,3.09,397.8,976.81,-0.4,1.48, , 
,978.01,864,85.5,-1.2,11111111,977.43,896,28.2,3.09,397.8,977.72,-0.8,1.45, , 
,978.90,768,85.5,-1.2,11111111,978.30,832,26.7,3.09,397.8,978.60,-1.2,1.48, , 
,979.80,768,85.5,-1.2,11111111,979.20,768,28.2,4.12,418.2,979.50,-1.2,1.45, , 
,980.69,768,85.5,-1.2,11111111,980.10,768,28.2,3.09,418.2,980.39,-1.2,1.45, , 
,981.59,768,85.5,-1.6,11111111,981.00,800,28.2,3.09,418.2,981.29,-1.6,1.45, , 
,982.49,768,87.0,-0.8,11111111,981.89,768,28.2,3.09,418.2,982.20,-1.2,1.52, , 
,983.39,800,87.0,0.0,11111111,982.79,800,28.2,4.12,418.2,983.08,-0.4,1.52, , 
,984.26,800,87.0,0.4,11111111,983.69,768,28.2,3.09,418.2,983.98,0.4,1.48, , 
,985.12,800,87.0,0.8,11111111,984.54,768,28.2,4.12,418.2,984.84,0.8,1.48, , 
,986.02,800,87.0,1.2,11111111,985.41,800,28.2,4.12,418.2,985.72,1.2,1.48, , 
,986.91,768,87.0,1.2,11111111,986.30,800,28.2,4.12,418.2,986.61,1.2,1.48, , 
,987.80,768,87.0,1.2,11111111,987.20,768,28.2,4.12,418.2,987.50,1.2,1.48, , 
,988.69,768,85.5,-0.4,11111111,988.10,800,28.2,4.12,418.2,988.39,-0.4,1.48, , 
,989.59,800,85.5,-0.4,11111111,988.99,800,28.2,4.12,418.2,989.29,-0.4,1.48, , 
,990.49,768,85.5,0.4,11111111,989.90,800,28.2,3.09,418.2,990.19,0.4,1.52, , 
,991.36,800,85.5,0.4,11111111,990.79,800,28.2,4.12,418.2,991.07,0.4,1.45, , 
,992.27,800,85.5,-0.4,11111111,991.68,800,28.2,4.12,418.2,991.98,0.0,1.45, , 
,993.18,800,85.5,-0.8,11111111,992.56,800,26.7,4.12,397.8,992.88,-0.8,1.45, , 
,994.04,800,85.5,-0.8,11111111,993.46,800,28.2,4.12,418.2,993.77,-0.8,1.45, , 
,994.91,800,84.0,-1.2,11111111,994.33,768,26.7,3.09,397.8,994.62,-0.8,1.45, , 
,995.80,800,84.0,-2.0,11111111,995.22,800,26.7,3.09,397.8,995.50,-1.6,1.41, , 
,996.70,768,84.0,-2.7,11111111,996.09,768,26.7,3.09,397.8,996.41,-2.7,1.41, , 
,997.60,768,84.0,-3.1,11111111,997.00,768,28.2,3.09,397.8,997.30,-3.1,1.45, , 
,998.50,768,84.0,-3.5,11111111,997.89,768,28.2,3.09,397.8,998.19,-3.5,1.48, , 
,999.38,768,84.0,-3.5,11111111,998.80,768,28.2,3.09,418.2,999.09,-3.5,1.48, , 
,1000.28,800,84.0,-3.1,11111111,999.67,768,29.4,4.12,418.2,999.98,-3.1,1.48, , 
,1001.17,768,82.5,-3.1,11111111,1000.60,768,28.2,3.09,418.2,1000.88,-3.1,1.48, , 
,1002.06,768,84.0,-3.1,11111111,1001.47,768,28.2,3.09,418.2,1001.77,-3.1,1.48, , 
,1002.94,800,82.5,-2.7,11111111,1002.36,768,29.4,3.09,418.2,1002.65,-2.7,1.48, , 
,1003.86,768,82.5,-2.0,11111111,1003.25,800,29.4,4.12,418.2,1003.55,-2.3,1.52, , 
,1004.73,800,82.5,-0.8,11111111,1004.16,800,29.4,4.12,418.2,1004.45,-1.2,1.52, , 
,1005.62,768,82.5,0.0,11111111,1005.03,800,29.4,4.12,418.2,1005.33,-0.4,1.48, , 
,1006.74,768,82.5,0.0,11111111,1005.92,768,29.4,4.12,418.2,1006.46,0.0,1.48, , 
,1007.61,800,82.5,0.8,11111111,1007.02,768,29.4,4.12,418.2,1007.32,0.4,1.48, , 
,1008.51,800,82.5,0.8,11111111,1007.91,800,29.4,4.12,438.6,1008.21,0.8,1.48, , 
,1009.42,800,82.5,1.2,11111111,1008.81,800,29.4,4.12,418.2,1009.12,0.8,1.48, , 
,1010.35,768,82.5,1.2,11111111,1009.73,800,29.4,4.12,418.2,1010.03,1.2,1.48, , 
,1011.24,800,82.5,1.6,11111111,1010.65,768,29.4,4.12,418.2,1010.94,1.6,1.48, , 
,1012.14,768,82.5,1.6,11111111,1011.53,800,29.4,4.12,418.2,1011.84,1.6,1.48, , 
,1013.04,768,84.0,1.6,11111111,1012.44,800,29.4,4.12,418.2,1012.74,1.6,1.48, , 
,1013.92,768,84.0,2.0,11111111,1013.33,800,29.4,4.12,418.2,1013.63,2.0,1.48, , 
,1014.83,800,84.0,2.0,11111111,1014.24,768,29.4,4.12,418.2,1014.54,2.0,1.48, , 
,1015.72,800,84.0,2.0,11111111,1015.13,800,29.4,4.12,418.2,1015.42,2.0,1.48, , 
,1016.64,800,84.0,1.6,11111111,1016.03,800,29.4,4.12,418.2,1016.33,2.0,1.45, , 
,1017.55,800,84.0,1.6,11111111,1016.94,800,29.4,4.12,418.2,1017.24,2.0,1.48, , 
,1018.46,768,84.0,1.6,11111111,1017.85,768,29.4,4.12,418.2,1018.16,1.6,1.48, , 
,1019.36,800,84.0,2.0,11111111,1018.77,768,29.4,4.12,418.2,1019.06,2.0,1.48, , 
,1020.28,800,84.0,2.0,11111111,1019.67,800,29.4,4.12,418.2,1019.97,2.0,1.45, , 
,1021.19,768,84.0,2.0,11111111,1020.59,768,29.4,4.12,418.2,1020.89,2.0,1.48, , 
,1022.09,800,84.0,2.3,11111111,1021.49,800,29.4,4.12,418.2,1021.78,2.0,1.48, , 
,1022.97,800,85.5,2.3,11111111,1022.39,768,29.4,4.12,418.2,1022.68,2.3,1.48, , 
,1023.89,800,85.5,2.3,10111111,1023.28,768,29.4,4.12,418.2,1023.58,2.3,1.45, , 
,1025.12,768,85.5,2.0,10111111,1024.55,768,29.4,4.12,418.2,1024.81,2.3,1.45, , 
,1026.01,800,85.5,2.3,10111111,1025.40,800,29.4,4.12,418.2,1025.69,2.3,1.48, , 
,1026.87,800,85.5,2.7,10111111,1026.29,800,28.2,4.12,418.2,1026.59,2.7,1.48, , 
,1027.78,800,85.5,2.7,10111111,1027.17,800,28.2,4.12,418.2,1027.47,2.7,1.45, , 
,1028.70,800,85.5,2.3,10111111,1028.09,800,28.2,4.12,418.2,1028.39,2.3,1.45, , 
