Sobota,29,Sierpieñ,2026,22:03:25:00009-VCID:1C3761778CABCE7337-5178,Wersja VCDS: AKP 23.3.1,Wersja danych: 20230601 DS346.2
047 906 033 L,,1.4l SIMOS3PA   00HS5401,

,Grupa A:,'001,,,,Grupa B:,'002,,,,Grupa C:,'032
,,Obroty silnika,Temperatura,Lambda,Bity binarnie,,Obroty silnika,Obci¹¿enie,Czas wtrysku,Ciœnienie rzecz.,,Lambda,Lambda, , 
,CZAS,,,,,CZAS,,,,,CZAS,,,,
Znacznik,ZAPISU, /min,*C, %,,ZAPISU, /min, %, ms, mbar,ZAPISU, %, %,,
,0.58,800,55.5,-10.5,10111110,0.01,832,31.0,4.12,418.2,0.29,3.9,0.0, , 
,1.50,832,55.5,-10.9,10111110,0.87,832,31.0,4.12,418.2,1.16,3.9,0.0, , 
,2.45,800,55.5,-10.9,10111110,1.81,832,31.0,4.12,418.2,2.13,3.9,0.0, , 
,3.32,832,55.5,-10.5,10111110,2.74,832,31.0,4.12,418.2,3.03,3.9,0.0, , 
,4.22,800,55.5,-10.5,10111110,3.63,832,31.0,4.12,418.2,3.93,3.9,0.0, , 
,5.12,832,55.5,-10.5,10111110,4.51,800,31.0,4.12,418.2,4.83,3.9,0.0, , 
,5.99,800,55.5,-10.9,10111110,5.41,800,31.0,4.12,418.2,5.70,3.9,0.0, , 
,6.89,800,55.5,-11.3,10111110,6.30,832,31.0,4.12,418.2,6.59,3.9,0.0, , 
,7.80,800,55.5,-11.7,10111110,7.18,800,31.0,4.12,418.2,7.49,3.9,0.0, , 
,8.70,800,55.5,-11.3,10111110,8.10,800,31.0,4.12,418.2,8.41,3.9,0.0, , 
,9.59,800,55.5,-11.3,10111110,9.00,832,31.0,3.09,418.2,9.29,3.9,0.0, , 
,10.50,800,55.5,-11.3,10111110,9.89,832,31.0,4.12,418.2,10.20,3.9,0.0, , 
,11.38,832,57.0,-11.7,10111110,10.79,800,31.0,3.09,418.2,11.09,3.9,0.0, , 
,12.30,768,57.0,-9.8,10111110,11.69,800,31.0,4.12,418.2,12.00,3.9,0.0, , 
,13.17,800,57.0,-5.9,10111110,12.58,768,34.1,4.12,438.6,12.86,3.9,0.0, , 
,14.06,800,57.0,-3.5,10111110,13.46,768,32.5,4.12,438.6,13.74,3.9,0.0, , 
,14.96,800,57.0,-2.7,10111110,14.37,800,34.1,4.12,438.6,14.67,3.9,0.0, , 
,15.88,832,57.0,-2.3,10111110,15.26,800,32.5,4.12,438.6,15.57,3.9,0.0, , 
,16.77,832,57.0,-2.3,10111110,16.18,832,32.5,4.12,438.6,16.48,3.9,0.0, , 
,17.70,832,57.0,-3.1,10111110,17.08,832,32.5,4.12,438.6,17.40,3.9,0.0, , 
,18.62,800,57.0,-3.5,10111110,18.01,832,32.5,4.12,438.6,18.32,3.9,0.0, , 
,19.50,800,57.0,-3.9,10111110,18.92,800,32.5,4.12,438.6,19.21,3.9,0.0, , 
,20.39,800,57.0,-4.3,10111110,19.79,832,32.5,4.12,438.6,20.09,3.9,0.0, , 
,21.30,832,57.0,-5.1,10111110,20.68,832,32.5,4.12,438.6,21.00,3.9,0.0, , 
,22.21,800,57.0,-5.1,10111110,21.60,800,32.5,4.12,438.6,21.91,3.9,0.0, , 
,23.13,800,57.0,-5.1,10111110,22.51,800,31.0,4.12,438.6,22.83,3.9,0.0, , 
,24.06,800,57.0,-5.1,10111110,23.44,832,32.5,4.12,438.6,23.74,3.9,0.0, , 
,24.98,800,57.0,-4.7,10111110,24.36,800,32.5,4.12,438.6,24.68,3.9,0.0, , 
,25.88,832,57.0,-5.1,10111110,25.27,832,31.0,4.12,438.6,25.58,3.9,0.0, , 
,26.79,832,57.0,-5.1,10111110,26.20,800,32.5,4.12,438.6,26.49,3.9,0.0, , 
,27.67,832,57.0,-5.1,10111110,27.09,800,32.5,4.12,438.6,27.37,3.9,0.0, , 
,28.58,832,57.0,-4.7,10111110,27.96,800,32.5,4.12,438.6,28.27,3.9,0.0, , 
,29.48,800,57.0,-4.7,10111110,28.88,832,31.0,4.12,438.6,29.19,3.9,0.0, , 
,30.40,832,57.0,-4.7,10111110,29.79,800,31.0,4.12,438.6,30.10,3.9,0.0, , 
,31.32,800,57.0,-5.1,10111110,30.71,832,32.5,4.12,438.6,31.01,3.9,0.0, , 
,32.27,800,57.0,-4.7,10111110,31.63,832,32.5,4.12,438.6,31.96,3.9,0.0, , 
,33.19,800,58.5,-4.3,10111110,32.58,800,32.5,4.12,438.6,32.88,3.9,0.0, , 
,34.10,832,58.5,-4.3,10111110,33.49,800,31.0,4.12,438.6,33.80,3.9,0.0, , 
,34.99,800,58.5,-4.3,10111110,34.39,832,31.0,4.12,418.2,34.70,3.9,0.0, , 
,35.92,800,58.5,-4.7,10111110,35.32,800,31.0,4.12,418.2,35.62,3.9,0.0, , 
,36.84,800,58.5,-4.3,10111110,36.22,800,32.5,4.12,438.6,36.52,3.9,0.0, , 
,37.75,800,58.5,-3.9,10111110,37.14,800,32.5,4.12,438.6,37.44,3.9,0.0, , 
,38.64,800,58.5,-3.9,10111110,38.05,800,32.5,4.12,438.6,38.35,3.9,0.0, , 
,39.52,832,58.5,-3.9,10111110,38.93,800,31.0,4.12,438.6,39.22,3.9,0.0, , 
,40.43,800,58.5,-3.5,10111110,39.83,800,31.0,4.12,418.2,40.14,3.9,0.0, , 
,41.36,832,58.5,-3.5,10111110,40.75,832,31.0,4.12,418.2,41.06,3.9,0.0, , 
,42.26,800,58.5,-2.7,10111110,41.67,800,31.0,4.12,418.2,41.96,3.9,0.0, , 
,43.14,800,58.5,-2.7,10111110,42.56,800,31.0,4.12,438.6,42.84,3.9,0.0, , 
,44.04,800,58.5,-2.3,10111110,43.44,800,32.5,4.12,438.6,43.74,3.9,0.0, , 
,44.97,832,58.5,-2.7,10111110,44.35,800,31.0,4.12,438.6,44.67,3.9,0.0, , 
,45.89,800,58.5,-3.1,10111110,45.27,832,31.0,4.12,418.2,45.58,3.9,0.0, , 
,46.78,800,58.5,-3.5,10111110,46.17,800,31.0,4.12,418.2,46.48,3.9,0.0, , 
,47.67,800,58.5,-3.5,10111110,47.07,800,31.0,4.12,438.6,47.37,3.9,0.0, , 
,48.57,800,58.5,-3.5,10111110,47.98,800,32.5,4.12,438.6,48.27,3.9,0.0, , 
,49.48,800,58.5,-3.1,10111110,48.89,800,32.5,4.12,438.6,49.19,3.9,0.0, , 
,50.40,800,58.5,-3.1,10111110,49.80,832,32.5,4.12,438.6,50.11,3.9,0.0, , 
,51.31,800,58.5,-3.5,10111110,50.71,832,32.5,4.12,438.6,51.02,3.9,0.0, , 
,52.21,832,58.5,-3.1,10111110,51.60,800,32.5,4.12,438.6,51.90,3.9,0.0, , 
,53.16,800,58.5,-2.7,10111110,52.52,800,32.5,4.12,438.6,52.85,3.9,0.0, , 
,54.06,800,58.5,-3.1,10111110,53.45,800,32.5,4.12,438.6,53.75,3.9,0.0, , 
,54.97,800,60.0,-3.1,10111110,54.35,800,32.5,4.12,438.6,54.66,3.9,0.0, , 
,55.85,832,60.0,-3.1,10111110,55.28,800,32.5,4.12,438.6,55.56,3.9,0.0, , 
,56.75,832,60.0,-2.7,10111110,56.16,800,32.5,4.12,438.6,56.45,3.9,0.0, , 
,57.66,800,60.0,-2.7,10111110,57.06,832,32.5,4.12,438.6,57.36,3.9,0.0, , 
,58.57,800,60.0,-2.7,10111110,57.96,800,32.5,4.12,438.6,58.27,3.9,0.0, , 
,59.46,800,60.0,-2.7,10111110,58.87,800,32.5,4.12,438.6,59.16,3.9,0.0, , 
,60.35,832,60.0,-2.7,10111110,59.76,832,32.5,4.12,438.6,60.05,3.9,0.0, , 
,61.25,832,60.0,-2.7,10111110,60.65,832,32.5,4.12,438.6,60.97,3.9,0.0, , 
,62.12,800,60.0,-2.7,10111110,61.55,800,32.5,4.12,438.6,61.84,3.9,0.0, , 
,63.01,800,60.0,-3.1,10111110,62.41,832,32.5,4.12,438.6,62.71,3.9,0.0, , 
,63.94,800,60.0,-3.1,10111110,63.33,800,31.0,4.12,438.6,63.62,3.9,0.0, , 
,64.83,800,60.0,-3.1,10111110,64.24,800,32.5,4.12,438.6,64.54,3.9,0.0, , 
,65.75,832,60.0,-2.3,10111110,65.13,800,32.5,4.12,438.6,65.45,3.9,0.0, , 
,66.65,832,60.0,-2.7,10111110,66.05,832,32.5,4.12,438.6,66.35,3.9,0.0, , 
,67.52,832,60.0,-2.3,10111110,66.94,800,32.5,4.12,438.6,67.22,3.9,0.0, , 
,68.45,832,60.0,-2.3,10111110,67.84,800,32.5,4.12,438.6,68.16,3.9,0.0, , 
,69.33,800,60.0,-2.3,10111110,68.75,800,32.5,4.12,438.6,69.04,3.9,0.0, , 
,70.20,800,60.0,-2.3,10111110,69.62,832,32.5,4.12,438.6,69.91,3.9,0.0, , 
,71.11,832,60.0,-2.3,10111110,70.51,800,32.5,4.12,438.6,70.82,3.9,0.0, , 
,72.02,800,60.0,-2.7,10111110,71.42,832,32.5,4.12,438.6,71.73,3.9,0.0, , 
,72.94,800,60.0,-2.7,10111110,72.32,800,32.5,4.12,438.6,72.63,3.9,0.0, , 
,73.84,800,60.0,-2.7,10111110,73.23,800,32.5,4.12,438.6,73.54,3.9,0.0, , 
,74.74,800,60.0,-2.7,10111110,74.14,800,32.5,4.12,438.6,74.45,3.9,0.0, , 
,75.65,800,61.5,-2.7,10111110,75.04,832,32.5,4.12,438.6,75.35,3.9,0.0, , 
,76.55,800,61.5,-2.7,10111110,75.95,832,32.5,4.12,438.6,76.25,3.9,0.0, , 
,77.43,800,61.5,-2.3,10111110,76.84,800,32.5,4.12,438.6,77.14,3.9,0.0, , 
,78.32,800,61.5,-2.0,10111110,77.72,800,32.5,4.12,438.6,78.01,3.9,0.0, , 
,79.26,832,61.5,-2.0,10111110,78.63,800,32.5,4.12,438.6,78.96,3.9,0.0, , 
,80.15,832,61.5,-2.0,10111110,79.56,832,31.0,4.12,418.2,79.86,3.9,0.0, , 
,81.04,800,61.5,-2.3,10111110,80.45,832,31.0,4.12,438.6,80.75,3.9,0.0, , 
,81.93,800,61.5,-2.3,10111110,81.35,800,31.0,4.12,438.6,81.66,3.9,0.0, , 
,82.83,800,61.5,-2.7,10111110,82.21,800,31.0,4.12,438.6,82.51,3.9,0.0, , 
,83.76,800,61.5,-3.1,10111110,83.14,800,31.0,4.12,438.6,83.45,3.9,0.0, , 
,84.66,800,61.5,-3.1,10111110,84.06,800,31.0,4.12,438.6,84.35,3.9,0.0, , 
,85.53,800,61.5,-3.1,10111110,84.94,800,31.0,4.12,438.6,85.22,3.9,0.0, , 
,86.41,800,61.5,-2.3,10111110,85.82,768,31.0,4.12,438.6,86.11,3.9,0.0, , 
,87.30,832,61.5,-2.3,10111110,86.70,832,31.0,4.12,438.6,87.01,3.9,0.0, , 
,88.19,800,61.5,-2.3,10111110,87.59,832,32.5,4.12,438.6,87.90,3.9,0.0, , 
,89.11,832,61.5,-2.7,10111110,88.48,800,32.5,4.12,438.6,88.80,3.9,0.0, , 
,90.01,800,61.5,-2.7,10111110,89.41,800,31.0,4.12,438.6,89.71,3.9,0.0, , 
,90.91,800,61.5,-2.7,10111110,90.29,800,31.0,4.12,438.6,90.60,3.9,0.0, , 
,91.80,800,61.5,-3.1,10111110,91.21,800,31.0,4.12,438.6,91.50,3.9,0.0, , 
,92.68,800,63.0,-3.1,10111110,92.10,800,32.5,4.12,438.6,92.38,3.9,0.0, , 
,93.60,832,63.0,-3.5,10111110,92.98,800,31.0,4.12,438.6,93.30,3.9,0.0, , 
,94.51,800,63.0,-3.5,10111110,93.90,800,31.0,4.12,438.6,94.20,3.9,0.0, , 
,95.40,800,63.0,-3.5,10111110,94.81,800,32.5,4.12,438.6,95.10,3.9,0.0, , 
,96.33,832,63.0,-3.1,10111110,95.71,800,32.5,4.12,438.6,96.02,3.9,0.0, , 
,97.19,800,63.0,-3.1,10111110,96.61,800,32.5,4.12,438.6,96.90,3.9,0.0, , 
,98.07,800,63.0,-3.5,10111110,97.49,800,32.5,4.12,438.6,97.77,3.9,0.0, , 
,99.00,800,63.0,-3.5,10111110,98.38,800,32.5,4.12,438.6,98.69,3.9,0.0, , 
,99.89,832,63.0,-3.1,10111110,99.30,832,32.5,4.12,438.6,99.59,3.9,0.0, , 
,100.80,800,63.0,-3.1,10111110,100.20,832,32.5,4.12,438.6,100.50,3.9,0.0, , 
,101.69,800,63.0,-2.7,10111110,101.09,800,32.5,4.12,438.6,101.38,3.9,0.0, , 
,102.56,800,63.0,-2.7,10111110,101.97,800,32.5,4.12,438.6,102.26,3.9,0.0, , 
,103.45,800,63.0,-3.1,10111110,102.86,800,32.5,4.12,438.6,103.16,3.9,0.0, , 
,104.37,800,63.0,-2.7,10111110,103.76,800,31.0,4.12,438.6,104.06,3.9,0.0, , 
,105.30,800,63.0,-3.1,10111110,104.68,800,32.5,4.12,438.6,104.99,3.9,0.0, , 
,106.23,800,63.0,-2.7,10111110,105.60,800,32.5,4.12,438.6,105.91,3.9,0.0, , 
,107.11,864,63.0,-3.5,10111110,106.53,832,32.5,4.12,438.6,106.82,3.9,0.0, , 
,107.98,832,63.0,-9.8,10111110,107.40,832,31.0,4.12,418.2,107.70,3.9,0.0, , 
,108.91,800,63.0,-14.1,10111110,108.28,832,29.4,4.12,418.2,108.59,3.9,0.0, , 
,109.85,800,63.0,-13.7,10111110,109.24,800,31.0,3.09,418.2,109.56,3.9,0.0, , 
,110.77,832,63.0,-12.1,10111110,110.16,800,31.0,4.12,438.6,110.46,3.9,0.0, , 
,111.68,800,63.0,-10.2,10111110,111.06,800,31.0,3.09,418.2,111.37,3.9,0.0, , 
,112.57,800,64.5,-8.6,10111110,111.97,800,31.0,4.12,418.2,112.26,3.9,0.0, , 
,113.47,800,64.5,-7.8,10111110,112.87,800,31.0,4.12,418.2,113.17,3.9,0.0, , 
,114.36,800,64.5,-7.4,10111110,113.76,800,31.0,4.12,418.2,114.06,3.9,0.0, , 
,115.25,800,64.5,-7.0,10111110,114.66,800,31.0,4.12,418.2,114.96,3.9,0.0, , 
,116.13,832,64.5,-6.6,10111110,115.55,800,29.4,4.12,418.2,115.84,3.9,0.0, , 
,117.02,832,64.5,-6.6,10111110,116.44,800,29.4,4.12,418.2,116.72,3.9,0.0, , 
,117.93,800,64.5,-6.6,10111110,117.32,800,29.4,4.12,418.2,117.63,3.9,0.0, , 
,118.86,800,64.5,-6.6,10111110,118.24,800,29.4,4.12,418.2,118.56,4.7,0.0, , 
,119.75,800,64.5,-6.6,10111110,119.15,832,29.4,4.12,418.2,119.45,4.7,0.0, , 
,120.64,832,64.5,-6.6,10111110,120.02,800,29.4,4.12,418.2,120.33,3.9,0.0, , 
,121.54,800,64.5,-6.6,10111110,120.94,800,29.4,4.12,418.2,121.23,4.7,0.0, , 
,122.48,768,64.5,-7.0,10111110,121.87,800,28.2,3.09,397.8,122.17,4.7,0.0, , 
,123.36,800,64.5,-8.2,10111110,122.78,800,29.4,4.12,418.2,123.07,4.7,0.0, , 
,124.25,800,64.5,-9.0,10111110,123.64,800,28.2,3.09,397.8,123.95,4.7,0.0, , 
,125.13,800,64.5,-9.4,10111110,124.53,800,29.4,4.12,418.2,124.83,4.7,0.0, , 
,126.08,800,66.0,-9.4,10111110,125.45,800,29.4,4.12,418.2,125.76,4.7,0.0, , 
,126.99,800,64.5,-9.4,10111110,126.37,800,29.4,3.09,418.2,126.68,4.7,0.0, , 
,127.92,800,64.5,-9.0,10111110,127.30,800,29.4,3.09,418.2,127.60,3.9,0.0, , 
,128.79,800,64.5,-9.0,10111110,128.21,800,29.4,3.09,418.2,128.50,3.9,0.0, , 
,129.72,800,66.0,-9.0,10111110,129.12,800,29.4,3.09,418.2,129.42,3.9,0.0, , 
,130.61,800,66.0,-8.6,10111110,130.01,800,29.4,4.12,418.2,130.31,4.7,0.0, , 
,131.51,800,66.0,-9.0,10111110,130.92,800,29.4,4.12,418.2,131.22,4.7,0.0, , 
,132.43,800,66.0,-9.0,10111110,131.82,800,29.4,4.12,418.2,132.13,4.7,0.0, , 
,133.36,800,66.0,-9.4,10111110,132.74,800,29.4,4.12,418.2,133.04,4.7,0.0, , 
,134.26,800,66.0,-10.2,10111110,133.67,800,29.4,4.12,418.2,133.97,3.9,0.0, , 
,135.14,800,66.0,-10.2,10111110,134.56,800,29.4,4.12,418.2,134.85,3.9,0.0, , 
,136.03,800,66.0,-10.5,10111110,135.43,800,29.4,3.09,418.2,135.73,3.9,0.0, , 
,136.94,800,66.0,-10.5,10111110,136.34,800,29.4,3.09,418.2,136.64,3.9,0.0, , 
,137.84,800,66.0,-10.2,10111110,137.23,800,29.4,3.09,418.2,137.53,4.7,0.0, , 
,138.74,800,66.0,-10.2,10111110,138.13,800,29.4,3.09,418.2,138.44,4.7,0.0, , 
,139.65,800,66.0,-10.2,10111110,139.05,800,29.4,4.12,418.2,139.36,4.7,0.0, , 
,140.59,800,66.0,-10.2,10111110,139.97,800,29.4,4.12,418.2,140.28,3.9,0.0, , 
,141.49,800,66.0,-10.2,10111110,140.89,800,29.4,4.12,418.2,141.19,4.7,0.0, , 
,142.43,800,66.0,-10.2,10111110,141.81,800,29.4,4.12,418.2,142.13,3.9,0.0, , 
,143.37,800,66.0,-10.5,10111110,142.74,800,29.4,4.12,418.2,143.06,3.9,0.0, , 
,144.29,800,66.0,-10.2,10111110,143.69,800,29.4,3.09,418.2,143.98,3.9,0.0, , 
,145.23,800,66.0,-9.8,10111110,144.60,800,29.4,4.12,418.2,144.93,4.7,0.0, , 
,146.10,800,66.0,-9.8,10111110,145.51,800,29.4,4.12,418.2,145.81,4.7,0.0, , 
,147.02,800,66.0,-10.2,10111110,146.41,800,29.4,4.12,418.2,146.72,3.9,0.0, , 
,147.93,800,66.0,-10.2,10111110,147.34,800,29.4,3.09,418.2,147.64,3.9,0.0, , 
,148.83,800,66.0,-10.5,10111110,148.24,800,29.4,4.12,418.2,148.54,3.9,0.0, , 
,149.73,800,66.0,-10.5,10111110,149.12,800,29.4,4.12,418.2,149.42,3.9,0.0, , 
,150.65,800,66.0,-10.2,10111110,150.04,800,29.4,4.12,418.2,150.35,3.9,0.0, , 
,151.54,800,67.5,-10.2,10111110,150.96,800,29.4,4.12,418.2,151.25,3.9,0.0, , 
,152.44,800,66.0,-10.5,10111110,151.82,800,29.4,4.12,418.2,152.13,3.9,0.0, , 
,153.34,800,67.5,-10.5,10111110,152.75,800,29.4,4.12,418.2,153.04,3.9,0.0, , 
,154.25,800,67.5,-10.5,10111110,153.65,800,29.4,4.12,418.2,153.95,3.9,0.0, , 
,155.14,800,67.5,-10.5,10111110,154.55,800,29.4,3.09,418.2,154.84,4.7,0.0, , 
,156.06,800,66.0,-10.5,10111110,155.45,800,29.4,4.12,418.2,155.76,4.7,0.0, , 
,156.94,800,67.5,-10.9,10111110,156.36,800,29.4,3.09,418.2,156.66,4.7,0.0, , 
,157.86,800,67.5,-11.3,10111110,157.25,800,29.4,4.12,418.2,157.56,4.7,0.0, , 
,158.79,800,67.5,-11.3,10111110,158.17,800,31.0,4.12,418.2,158.48,3.9,0.0, , 
,159.69,800,67.5,-11.3,10111110,159.08,800,29.4,4.12,418.2,159.39,4.7,0.0, , 
,160.63,800,67.5,-11.3,10111110,159.99,800,29.4,3.09,418.2,160.31,4.7,0.0, , 
,161.56,800,67.5,-11.3,10111110,160.91,800,29.4,4.12,418.2,161.24,4.7,0.0, , 
,162.46,800,67.5,-11.7,10111110,161.88,800,29.4,3.09,418.2,162.17,3.9,0.0, , 
,163.37,800,67.5,-11.3,10111110,162.76,800,29.4,3.09,418.2,163.08,4.7,0.0, , 
,164.27,800,67.5,-11.3,10111110,163.67,800,29.4,3.09,418.2,163.96,3.9,0.0, , 
,165.19,800,67.5,-11.7,10111110,164.56,800,29.4,3.09,418.2,164.87,4.7,0.0, , 
,166.09,800,67.5,-11.7,10111110,165.48,800,29.4,3.09,418.2,165.80,4.7,0.0, , 
,166.97,800,67.5,-11.7,10111110,166.39,800,29.4,3.09,418.2,166.68,4.7,0.0, , 
,167.86,800,67.5,-11.7,10111110,167.26,800,29.4,3.09,418.2,167.56,4.7,0.0, , 
,168.74,800,67.5,-12.1,10111110,168.14,800,29.4,4.12,418.2,168.45,4.7,0.0, , 
,169.63,800,67.5,-11.7,10111110,169.04,800,29.4,3.09,418.2,169.34,3.9,0.0, , 
,170.55,800,67.5,-12.1,10111110,169.93,800,29.4,3.09,418.2,170.25,3.9,0.0, , 
,171.46,800,67.5,-11.7,10111110,170.85,800,29.4,3.09,418.2,171.16,4.7,0.0, , 
,172.35,800,67.5,-11.7,10111110,171.75,800,29.4,3.09,418.2,172.06,4.7,0.0, , 
,173.25,800,67.5,-11.7,10111110,172.65,800,29.4,4.12,418.2,172.94,4.7,0.0, , 
,174.18,800,67.5,-11.3,10111110,173.57,800,29.4,4.12,418.2,173.87,3.9,0.0, , 
,175.07,768,67.5,-10.9,10111110,174.49,800,29.4,4.12,418.2,174.78,3.9,0.0, , 
,176.00,768,67.5,-8.2,10111110,175.40,800,31.0,4.12,438.6,175.70,3.9,0.0, , 
,176.90,800,67.5,-6.3,10111110,176.30,768,32.5,4.12,438.6,176.61,3.9,0.0, , 
,177.82,800,69.0,-5.5,10111110,177.20,800,31.0,4.12,438.6,177.51,3.9,0.0, , 
,178.74,800,69.0,-5.5,10111110,178.12,800,31.0,4.12,438.6,178.43,3.9,0.0, , 
,179.65,800,69.0,-5.5,10111110,179.04,800,31.0,4.12,438.6,179.36,3.9,0.0, , 
,180.54,800,69.0,-5.9,10111110,179.94,800,31.0,4.12,438.6,180.24,3.9,0.0, , 
,181.47,800,69.0,-5.9,10111110,180.86,800,31.0,4.12,438.6,181.16,3.9,0.0, , 
,182.37,800,69.0,-5.9,10111110,181.77,800,31.0,4.12,438.6,182.08,4.7,0.0, , 
,183.27,800,69.0,-5.9,10111110,182.67,800,31.0,4.12,438.6,182.97,3.9,0.0, , 
,184.15,800,69.0,-5.9,10111110,183.57,800,31.0,4.12,438.6,183.88,3.9,0.0, , 
,185.04,800,69.0,-6.3,10111110,184.44,800,31.0,4.12,438.6,184.74,3.9,0.0, , 
,185.96,800,69.0,-6.3,10111110,185.35,800,31.0,4.12,438.6,185.65,3.9,0.0, , 
,186.87,800,69.0,-5.9,10111110,186.27,800,31.0,4.12,418.2,186.58,3.9,0.0, , 
,187.75,800,69.0,-5.9,10111110,187.17,800,31.0,4.12,438.6,187.47,3.9,0.0, , 
,188.65,800,69.0,-5.5,10111110,188.05,800,31.0,4.12,438.6,188.35,3.9,0.0, , 
,189.56,800,69.0,-5.5,10111110,188.96,800,31.0,4.12,438.6,189.26,3.9,0.0, , 
,190.45,800,69.0,-5.5,10111110,189.84,800,31.0,4.12,418.2,190.13,4.7,0.0, , 
,191.37,800,69.0,-5.5,10111110,190.76,800,31.0,4.12,438.6,191.08,3.9,0.0, , 
,192.31,800,69.0,-5.5,10111110,191.67,800,31.0,4.12,438.6,191.99,3.9,0.0, , 
,193.23,800,69.0,-5.5,10111110,192.61,800,31.0,4.12,438.6,192.92,3.9,0.0, , 
,194.13,800,69.0,-5.1,10111110,193.52,800,31.0,4.12,418.2,193.83,3.9,0.0, , 
,195.02,800,69.0,-5.1,10111110,194.42,800,31.0,4.12,438.6,194.72,4.7,0.0, , 
,195.92,800,69.0,-5.1,10111110,195.31,800,31.0,4.12,418.2,195.60,3.9,0.0, , 
,196.84,800,69.0,-5.1,10111110,196.21,800,31.0,4.12,438.6,196.53,3.9,0.0, , 
,197.74,800,69.0,-5.1,10111110,197.15,800,31.0,4.12,438.6,197.45,3.9,0.0, , 
,198.64,800,70.5,-5.1,10111110,198.04,800,31.0,4.12,438.6,198.34,4.7,0.0, , 
,199.55,800,69.0,-5.1,10111110,198.95,800,31.0,4.12,438.6,199.25,3.9,0.0, , 
,200.44,800,70.5,-5.1,10111110,199.85,800,31.0,4.12,418.2,200.14,3.9,0.0, , 
,201.35,800,70.5,-5.1,10111110,200.74,800,31.0,4.12,438.6,201.06,3.9,0.0, , 
,202.26,800,70.5,-5.1,10111110,201.67,800,31.0,4.12,438.6,201.97,3.9,0.0, , 
,203.15,800,70.5,-5.1,10111110,202.55,768,31.0,4.12,438.6,202.86,3.9,0.0, , 
,204.06,800,70.5,-4.7,10111110,203.45,800,31.0,4.12,438.6,203.75,3.9,0.0, , 
,204.95,768,70.5,-4.3,10111110,204.36,800,31.0,4.12,438.6,204.65,3.9,0.0, , 
,205.84,768,70.5,-4.3,10111110,205.24,800,31.0,4.12,438.6,205.55,3.9,0.0, , 
,206.72,800,70.5,-4.3,10111110,206.14,800,31.0,4.12,438.6,206.43,3.9,0.0, , 
,207.62,800,70.5,-4.3,10111110,207.01,800,31.0,4.12,438.6,207.31,3.9,0.0, , 
,208.54,768,70.5,-4.3,10111110,207.93,800,31.0,4.12,438.6,208.24,3.9,0.0, , 
,209.44,800,70.5,-3.9,10111110,208.83,800,31.0,4.12,438.6,209.15,3.9,0.0, , 
,210.34,800,70.5,-3.9,10111110,209.75,832,31.0,4.12,438.6,210.05,3.9,0.0, , 
,211.23,800,70.5,-3.9,10111110,210.64,800,31.0,4.12,438.6,210.94,3.9,0.0, , 
,212.11,800,70.5,-3.9,10111110,211.53,800,31.0,4.12,438.6,211.82,3.9,0.0, , 
,213.02,800,70.5,-3.9,10111110,212.41,800,31.0,4.12,438.6,212.71,3.9,0.0, , 
,213.92,800,70.5,-3.9,10111110,213.33,800,31.0,4.12,438.6,213.61,3.9,0.0, , 
,214.80,768,70.5,-3.9,10111110,214.21,800,31.0,4.12,418.2,214.50,3.9,0.0, , 
,215.68,768,70.5,-3.9,10111110,215.10,800,31.0,4.12,438.6,215.39,3.9,0.0, , 
,216.56,768,70.5,-3.9,10111110,215.98,768,31.0,4.12,438.6,216.28,3.9,0.0, , 
,217.44,800,70.5,-4.3,10111110,216.85,800,31.0,4.12,438.6,217.16,3.9,0.0, , 
,218.32,800,70.5,-4.3,10111110,217.73,800,31.0,4.12,438.6,218.02,3.9,0.0, , 
,219.23,800,70.5,-4.3,10111110,218.64,800,31.0,4.12,438.6,218.94,3.9,0.0, , 
,220.13,800,70.5,-4.3,10111110,219.53,800,29.4,4.12,418.2,219.83,4.7,0.0, , 
,221.05,800,70.5,-3.9,10111110,220.46,800,31.0,4.12,418.2,220.77,3.9,0.0, , 
,221.93,800,70.5,-3.9,10111110,221.33,800,31.0,4.12,438.6,221.64,3.9,0.0, , 
,222.84,800,70.5,-3.9,10111110,222.23,800,31.0,4.12,418.2,222.54,3.9,0.0, , 
,223.74,800,70.5,-3.9,10111110,223.15,800,31.0,4.12,418.2,223.45,3.9,0.0, , 
,224.66,800,72.0,-3.5,10111110,224.04,800,31.0,4.12,438.6,224.35,3.9,0.0, , 
,225.52,800,72.0,-3.9,10111110,224.94,800,29.4,4.12,418.2,225.22,4.7,0.0, , 
,226.40,800,72.0,-3.9,10111110,225.81,800,29.4,4.12,418.2,226.11,3.9,0.0, , 
,227.29,768,72.0,-3.9,10111110,226.70,800,29.4,4.12,418.2,226.99,4.7,0.0, , 
,228.19,800,72.0,-3.9,10111110,227.60,768,31.0,4.12,438.6,227.90,4.7,0.0, , 
,229.09,800,70.5,-3.5,10111110,228.49,800,31.0,4.12,418.2,228.78,3.9,0.0, , 
,230.00,800,72.0,-3.1,10111110,229.41,800,31.0,4.12,438.6,229.70,3.9,0.0, , 
,230.89,800,72.0,-3.5,10111110,230.30,800,31.0,4.12,418.2,230.59,3.9,0.0, , 
,231.77,800,72.0,-3.9,10111110,231.18,800,31.0,4.12,418.2,231.47,4.7,0.0, , 
,232.67,800,72.0,-3.9,10111110,232.06,800,29.4,4.12,418.2,232.35,4.7,0.0, , 
,233.58,800,72.0,-3.9,10111110,232.96,800,29.4,4.12,418.2,233.26,4.7,0.0, , 
,234.48,800,72.0,-3.9,10111110,233.88,800,29.4,4.12,418.2,234.18,4.7,0.0, , 
,235.37,800,73.5,-3.9,10111110,234.78,768,31.0,4.12,418.2,235.08,4.7,0.0, , 
,236.25,800,73.5,-3.9,10111110,235.67,800,29.4,4.12,418.2,235.97,4.7,0.0, , 
,237.15,800,72.0,-3.9,10111110,236.54,800,31.0,4.12,418.2,236.85,4.7,0.0, , 
,238.06,800,72.0,-3.9,10111110,237.47,768,31.0,4.12,438.6,237.76,4.7,0.0, , 
,238.97,800,72.0,-3.9,10111110,238.37,768,31.0,4.12,438.6,238.67,4.7,0.0, , 
,239.88,800,72.0,-3.9,10111110,239.27,800,31.0,4.12,438.6,239.57,4.7,0.0, , 
,240.78,832,73.5,-3.5,10111110,240.17,768,31.0,4.12,438.6,240.46,3.9,0.0, , 
,241.67,800,73.5,-3.5,10111110,241.08,800,31.0,4.12,418.2,241.37,4.7,0.0, , 
,242.57,800,73.5,-3.9,10111110,241.98,800,29.4,4.12,418.2,242.27,4.7,0.0, , 
,243.47,800,73.5,-4.3,10111110,242.88,800,29.4,4.12,418.2,243.19,4.7,0.0, , 
,244.39,800,73.5,-4.7,10111110,243.77,800,29.4,4.12,418.2,244.08,4.7,0.0, , 
,245.30,800,73.5,-5.1,10111110,244.70,800,29.4,4.12,418.2,245.00,4.7,0.0, , 
,246.19,768,73.5,-5.5,10111110,245.59,800,29.4,4.12,418.2,245.89,4.7,0.0, , 
,247.08,800,73.5,-5.5,10111110,246.49,768,29.4,4.12,418.2,246.78,4.7,0.0, , 
,247.96,768,73.5,-5.5,10111110,247.38,800,31.0,4.12,418.2,247.67,4.7,0.0, , 
,248.86,768,73.5,-5.1,10111110,248.26,768,31.0,4.12,438.6,248.58,4.7,0.0, , 
,249.75,800,73.5,-4.3,10111110,249.17,800,31.0,4.12,438.6,249.47,4.7,0.0, , 
,250.67,800,73.5,-3.9,10111110,250.05,800,31.0,4.12,438.6,250.35,4.7,0.0, , 
,251.56,800,73.5,-3.5,10111110,250.96,800,31.0,4.12,418.2,251.27,4.7,0.0, , 
,252.44,800,73.5,-4.3,10111110,251.86,800,29.4,4.12,418.2,252.16,4.7,0.0, , 
,253.35,800,73.5,-4.7,10111110,252.73,768,29.4,4.12,418.2,253.05,4.7,0.0, , 
,254.26,800,73.5,-5.1,10111110,253.65,800,29.4,4.12,418.2,253.95,4.7,0.0, , 
,255.18,800,73.5,-5.1,10111110,254.57,800,31.0,4.12,418.2,254.89,4.7,0.0, , 
,256.11,800,73.5,-4.7,10111110,255.48,800,29.4,4.12,418.2,255.79,4.7,0.0, , 
,256.98,800,73.5,-4.7,10111110,256.39,800,29.4,4.12,418.2,256.68,4.7,0.0, , 
,257.90,768,73.5,-4.7,10111110,257.30,800,29.4,4.12,418.2,257.60,4.7,0.0, , 
,258.80,800,73.5,-4.7,10111110,258.21,800,31.0,4.12,418.2,258.52,4.7,0.0, , 
,259.68,800,73.5,-4.7,10111110,259.09,800,29.4,4.12,418.2,259.38,4.7,0.0, , 
,260.57,800,75.0,-4.7,10111110,259.97,768,31.0,4.12,418.2,260.27,4.7,0.0, , 
,261.46,768,73.5,-4.7,10111110,260.87,768,31.0,4.12,438.6,261.17,4.7,0.0, , 
,262.35,800,73.5,-4.7,10111110,261.76,800,29.4,4.12,418.2,262.06,4.7,0.0, , 
,263.28,800,73.5,-4.7,10111110,262.67,800,29.4,4.12,418.2,262.96,4.7,0.0, , 
,264.16,768,75.0,-4.7,10111110,263.58,768,29.4,4.12,418.2,263.87,4.7,0.0, , 
,265.05,768,73.5,-4.3,10111110,264.47,800,29.4,4.12,418.2,264.77,4.7,0.0, , 
,265.97,800,75.0,-3.9,10111110,265.36,768,29.4,4.12,418.2,265.66,4.7,0.0, , 
,266.83,800,75.0,-3.9,10111110,266.26,800,29.4,4.12,418.2,266.55,4.7,0.0, , 
,267.73,800,75.0,-4.3,10111110,267.12,768,29.4,4.12,418.2,267.43,4.7,0.0, , 
,268.64,800,75.0,-4.3,10111110,268.04,768,29.4,4.12,418.2,268.34,4.7,0.0, , 
,269.52,800,75.0,-4.3,10111110,268.93,768,29.4,4.12,418.2,269.22,4.7,0.0, , 
,270.42,768,75.0,-3.9,10111110,269.83,800,29.4,4.12,418.2,270.12,4.7,0.0, , 
,271.30,800,75.0,-3.5,10111110,270.71,800,29.4,4.12,418.2,271.01,4.7,0.0, , 
,272.22,800,75.0,-3.5,10111110,271.60,800,29.4,4.12,418.2,271.90,4.7,0.0, , 
,273.12,800,75.0,-3.9,10111110,272.51,800,29.4,4.12,418.2,272.83,4.7,0.0, , 
,274.01,800,75.0,-3.9,10111110,273.42,800,29.4,4.12,418.2,273.72,4.7,0.0, , 
,274.92,800,75.0,-3.5,10111110,274.31,800,29.4,4.12,418.2,274.61,4.7,0.0, , 
,275.81,800,75.0,-3.9,10111110,275.21,768,28.2,4.12,418.2,275.51,4.7,0.0, , 
,276.71,768,75.0,-3.9,10111110,276.11,800,29.4,4.12,418.2,276.41,4.7,0.0, , 
,277.59,768,75.0,-3.9,10111110,277.01,800,29.4,4.12,418.2,277.31,4.7,0.0, , 
,278.50,800,75.0,-3.9,10111110,277.90,768,29.4,4.12,418.2,278.20,4.7,0.0, , 
,279.38,800,75.0,-3.9,10111110,278.80,800,28.2,4.12,418.2,279.09,4.7,0.0, , 
,280.28,800,75.0,-3.9,10111110,279.68,800,29.4,4.12,418.2,279.98,4.7,0.0, , 
,281.17,800,75.0,-3.9,10111110,280.58,800,29.4,4.12,418.2,280.86,4.7,0.0, , 
,282.07,800,75.0,-3.9,10111110,281.47,768,29.4,4.12,418.2,281.77,4.7,0.0, , 
,282.98,800,75.0,-3.5,10111110,282.39,800,29.4,4.12,418.2,282.68,4.7,0.0, , 
,283.89,800,75.0,-3.5,10111110,283.28,768,29.4,4.12,418.2,283.58,4.7,0.0, , 
,284.78,800,75.0,-3.5,10111110,284.19,800,29.4,4.12,418.2,284.48,4.7,0.0, , 
,285.68,800,75.0,-3.9,10111110,285.08,800,29.4,4.12,418.2,285.37,4.7,0.0, , 
,286.57,800,75.0,-3.9,10111110,285.98,800,29.4,4.12,418.2,286.28,4.7,0.0, , 
,287.49,800,75.0,-3.9,10111110,286.88,800,29.4,4.12,418.2,287.18,4.7,0.0, , 
,288.36,800,75.0,-3.5,10111110,287.77,800,29.4,4.12,418.2,288.04,4.7,0.0, , 
,289.24,800,75.0,-3.5,10111110,288.65,800,29.4,4.12,418.2,288.95,4.7,0.0, , 
,290.14,800,76.5,-4.3,10111110,289.53,800,29.4,4.12,418.2,289.84,4.7,0.0, , 
,291.02,768,76.5,-4.7,10111110,290.44,800,29.4,4.12,418.2,290.72,4.7,0.0, , 
,291.90,800,76.5,-4.3,10111110,291.31,800,29.4,4.12,418.2,291.60,4.7,0.0, , 
,292.80,800,76.5,-3.9,10111110,292.20,800,29.4,4.12,418.2,292.49,4.7,0.0, , 
,293.68,800,76.5,-3.5,10111110,293.08,800,29.4,4.12,418.2,293.37,4.7,0.0, , 
,294.58,768,76.5,-3.5,10111110,293.98,800,29.4,4.12,418.2,294.28,4.7,0.0, , 
,295.51,768,76.5,-3.1,10111110,294.88,800,29.4,4.12,418.2,295.20,4.7,0.0, , 
,296.41,800,76.5,-3.1,10111110,295.81,800,28.2,4.12,418.2,296.11,4.7,0.0, , 
,297.30,768,76.5,-3.5,10111110,296.69,800,28.2,4.12,418.2,297.00,4.7,0.0, , 
,298.19,800,76.5,-3.9,10111110,297.60,800,29.4,4.12,418.2,297.89,4.7,0.0, , 
,299.11,800,76.5,-3.9,10111110,298.49,800,29.4,4.12,418.2,298.79,4.7,0.0, , 
,299.98,800,76.5,-3.9,10111110,299.39,800,29.4,4.12,418.2,299.68,4.7,0.0, , 
,300.86,800,76.5,-3.9,10111110,300.27,800,29.4,4.12,418.2,300.56,4.7,0.0, , 
,301.78,800,76.5,-3.5,10111110,301.18,800,29.4,4.12,418.2,301.48,4.7,0.0, , 
,302.69,800,76.5,-3.9,10111110,302.07,800,29.4,4.12,418.2,302.39,4.7,0.0, , 
,303.57,800,76.5,-3.9,10111110,302.97,768,29.4,4.12,418.2,303.26,4.7,0.0, , 
,304.50,800,76.5,-3.9,10111110,303.87,800,29.4,4.12,418.2,304.17,4.7,0.0, , 
,305.38,800,76.5,-3.9,10111110,304.79,768,29.4,4.12,418.2,305.09,4.7,0.0, , 
,306.28,800,76.5,-3.9,10111110,305.68,800,29.4,4.12,418.2,305.98,4.7,0.0, , 
,307.19,800,76.5,-3.5,10111110,306.59,800,29.4,4.12,418.2,306.89,4.7,0.0, , 
,308.05,768,76.5,-3.9,10111110,307.47,768,29.4,4.12,418.2,307.75,4.7,0.0, , 
,308.95,800,76.5,-3.5,10111110,308.35,768,29.4,4.12,418.2,308.66,4.7,0.0, , 
,309.85,800,76.5,-3.9,10111110,309.25,800,28.2,4.12,418.2,309.54,4.7,0.0, , 
,310.75,800,76.5,-3.9,10111110,310.15,768,28.2,4.12,418.2,310.47,4.7,0.0, , 
,311.68,768,78.0,-3.9,10111110,311.06,768,28.2,4.12,418.2,311.37,4.7,0.0, , 
,312.59,800,78.0,-3.5,10111110,311.99,800,28.2,4.12,418.2,312.29,4.7,0.0, , 
,313.51,800,78.0,-3.5,10111110,312.90,800,28.2,4.12,418.2,313.21,4.7,0.0, , 
,314.41,800,78.0,-3.5,10111110,313.81,800,28.2,4.12,418.2,314.10,4.7,0.0, , 
,315.28,800,78.0,-3.5,10111110,314.69,800,29.4,4.12,418.2,314.98,4.7,0.0, , 
,316.19,768,78.0,-3.5,10111110,315.58,768,29.4,4.12,418.2,315.88,4.7,0.0, , 
,317.10,800,78.0,-3.5,10111110,316.48,768,29.4,4.12,418.2,316.79,4.7,0.0, , 
,317.99,768,78.0,-3.5,10111110,317.40,800,29.4,4.12,418.2,317.70,4.7,0.0, , 
,318.93,768,78.0,-3.5,10111110,318.29,800,29.4,4.12,418.2,318.62,4.7,0.0, , 
,319.82,800,76.5,-3.5,10111110,319.23,800,29.4,4.12,418.2,319.52,4.7,0.0, , 
,320.71,800,78.0,-3.5,10111110,320.12,800,28.2,4.12,418.2,320.42,4.7,0.0, , 
,321.60,800,78.0,-3.5,10111110,321.00,800,29.4,4.12,418.2,321.30,4.7,0.0, , 
,322.50,800,78.0,-3.5,10111110,321.90,800,28.2,4.12,418.2,322.20,4.7,0.0, , 
,323.40,800,78.0,-3.5,10111110,322.81,768,28.2,4.12,418.2,323.11,4.7,0.0, , 
,324.34,768,78.0,-3.1,10111110,323.71,800,28.2,4.12,418.2,324.03,4.7,0.0, , 
,325.23,800,78.0,-3.1,10111110,324.64,768,28.2,4.12,418.2,324.93,4.7,0.0, , 
,326.12,800,78.0,-3.5,10111110,325.52,800,28.2,4.12,418.2,325.82,4.7,0.0, , 
,327.02,768,78.0,-3.5,10111110,326.43,800,28.2,4.12,418.2,326.72,4.7,0.0, , 
,327.92,800,78.0,-3.9,10111110,327.32,800,28.2,4.12,418.2,327.62,4.7,0.0, , 
,328.83,768,78.0,-4.3,10111110,328.22,768,28.2,4.12,418.2,328.51,4.7,0.0, , 
,329.72,768,78.0,-4.3,10111110,329.13,768,29.4,4.12,418.2,329.42,4.7,0.0, , 
,330.64,800,78.0,-4.3,10111110,330.02,768,28.2,4.12,418.2,330.32,4.7,0.0, , 
,331.56,768,78.0,-4.3,10111110,330.96,768,28.2,4.12,418.2,331.26,4.7,0.0, , 
,332.45,800,78.0,-3.9,10111110,331.86,768,29.4,4.12,418.2,332.16,4.7,0.0, , 
,333.35,800,78.0,-3.9,10111110,332.76,768,29.4,4.12,418.2,333.05,4.7,0.0, , 
,334.26,800,78.0,-3.9,10111110,333.65,800,29.4,4.12,418.2,333.96,4.7,0.0, , 
,335.15,768,78.0,-3.9,10111110,334.56,800,29.4,4.12,418.2,334.86,4.7,0.0, , 
,336.04,800,78.0,-3.9,10111110,335.45,800,29.4,4.12,418.2,335.75,4.7,0.0, , 
,336.95,800,78.0,-3.5,10111110,336.34,800,29.4,4.12,418.2,336.66,4.7,0.0, , 
,337.85,768,78.0,-3.5,10111110,337.24,768,29.4,4.12,418.2,337.54,4.7,0.0, , 
,338.74,800,78.0,-3.9,10111110,338.14,800,29.4,4.12,418.2,338.45,4.7,0.0, , 
,339.65,800,78.0,-3.9,10111110,339.04,768,29.4,4.12,418.2,339.34,4.7,0.0, , 
,340.56,800,78.0,-3.9,10111110,339.95,800,28.2,4.12,418.2,340.25,4.7,0.0, , 
,341.44,768,79.5,-3.9,10111110,340.84,768,28.2,4.12,418.2,341.14,4.7,0.0, , 
,342.33,800,79.5,-3.9,10111110,341.73,800,29.4,4.12,418.2,342.02,4.7,0.0, , 
,343.18,768,79.5,-3.9,10111110,342.61,800,29.4,4.12,418.2,342.89,4.7,0.0, , 
,344.08,800,79.5,-3.9,10111110,343.48,768,29.4,4.12,418.2,343.78,4.7,0.0, , 
,344.98,800,79.5,-3.9,10111110,344.37,768,28.2,4.12,418.2,344.68,4.7,0.0, , 
,345.88,800,79.5,-3.9,10111110,345.28,800,28.2,4.12,418.2,345.59,4.7,0.0, , 
,346.76,768,79.5,-3.9,10111110,346.17,800,28.2,4.12,418.2,346.45,4.7,0.0, , 
,347.66,768,79.5,-3.5,10111110,347.06,768,28.2,4.12,418.2,347.35,4.7,0.0, , 
,348.53,768,79.5,-3.5,10111110,347.94,800,28.2,4.12,418.2,348.23,4.7,0.0, , 
,349.43,800,79.5,-3.1,10111110,348.83,768,28.2,4.12,418.2,349.12,4.7,0.0, , 
,350.30,800,79.5,-2.3,10111110,349.71,768,28.2,4.12,418.2,350.00,4.7,0.0, , 
,351.18,800,79.5,-4.7,10111110,350.58,800,28.2,4.12,418.2,350.89,4.7,0.0, , 
,352.09,800,79.5,-10.2,10111110,351.49,800,28.2,3.09,397.8,351.79,4.7,0.0, , 
,352.98,768,79.5,-12.5,10111111,352.39,800,28.2,3.09,397.8,352.69,4.7,0.0, , 
,353.85,768,79.5,-11.3,10111111,353.27,768,28.2,3.09,418.2,353.56,4.7,0.0, , 
,354.76,800,79.5,-9.8,10111111,354.17,800,28.2,3.09,418.2,354.46,4.7,0.0, , 
,355.66,768,79.5,-9.0,10111111,355.06,800,28.2,3.09,418.2,355.36,4.7,0.0, , 
,356.55,800,79.5,-9.0,10111111,355.95,800,28.2,3.09,418.2,356.25,4.7,0.0, , 
,357.45,800,79.5,-9.0,10111111,356.85,800,28.2,3.09,418.2,357.16,4.7,0.0, , 
,358.34,800,79.5,-9.4,10111111,357.75,800,28.2,3.09,418.2,358.04,4.7,0.0, , 
,359.24,768,79.5,-9.4,10111111,358.64,800,28.2,3.09,397.8,358.94,4.7,0.0, , 
,360.13,800,79.5,-9.0,10111111,359.53,768,28.2,3.09,418.2,359.82,4.7,0.0, , 
,361.05,800,79.5,-8.6,10111111,360.43,800,28.2,3.09,418.2,360.73,4.7,0.0, , 
,361.93,768,79.5,-8.6,10111111,361.34,800,28.2,3.09,418.2,361.64,4.7,0.0, , 
,362.84,800,79.5,-8.2,10111111,362.24,800,28.2,3.09,418.2,362.54,4.7,0.0, , 
,363.74,768,81.0,-8.2,10111111,363.13,800,28.2,3.09,397.8,363.43,4.7,0.0, , 
,364.64,768,79.5,-8.2,10111111,364.04,800,28.2,3.09,418.2,364.34,4.7,0.0, , 
,365.53,800,81.0,-8.2,10111111,364.95,768,28.2,3.09,418.2,365.24,4.7,0.0, , 
,366.43,768,81.0,-8.6,10111111,365.82,800,28.2,3.09,418.2,366.14,4.7,0.0, , 
,367.35,800,79.5,-8.6,10111111,366.74,800,28.2,3.09,418.2,367.04,4.7,0.0, , 
,368.24,800,79.5,-8.6,10111111,367.66,768,28.2,3.09,418.2,367.94,4.7,0.0, , 
,369.13,800,81.0,-9.0,10111111,368.54,800,28.2,3.09,418.2,368.84,4.7,0.0, , 
,370.01,800,81.0,-9.4,10111111,369.42,800,28.2,3.09,418.2,369.72,4.7,0.0, , 
,370.93,800,81.0,-9.4,10111111,370.32,768,28.2,3.09,418.2,370.63,4.7,0.0, , 
,371.81,768,81.0,-9.4,10111111,371.23,768,28.2,3.09,418.2,371.53,4.7,0.0, , 
,372.74,800,81.0,-9.0,10111111,372.11,800,28.2,3.09,418.2,372.43,4.7,0.0, , 
,373.67,800,81.0,-8.6,10111111,373.07,768,28.2,3.09,418.2,373.38,4.7,0.0, , 
,374.57,800,81.0,-8.6,10111111,373.96,800,28.2,3.09,397.8,374.26,4.7,0.0, , 
,375.46,800,81.0,-8.6,10111111,374.87,800,28.2,3.09,418.2,375.17,4.7,0.0, , 
,376.36,768,81.0,-8.6,10111111,375.76,800,28.2,3.09,397.8,376.06,4.7,0.0, , 
,377.24,800,81.0,-8.6,10111111,376.66,768,28.2,3.09,397.8,376.95,4.7,0.0, , 
,378.14,800,81.0,-9.0,10111111,377.53,800,28.2,3.09,418.2,377.84,4.7,0.0, , 
,379.03,800,81.0,-8.6,10111111,378.44,800,28.2,3.09,397.8,378.72,5.5,0.0, , 
,379.91,768,81.0,-8.6,10111111,379.32,800,28.2,3.09,418.2,379.61,4.7,0.0, , 
,380.81,800,81.0,-8.6,10111111,380.20,800,28.2,3.09,397.8,380.50,4.7,0.0, , 
,381.68,800,81.0,-8.6,10111111,381.10,800,28.2,3.09,397.8,381.39,4.7,0.0, , 
,382.60,800,81.0,-8.6,10111111,381.98,800,28.2,3.09,397.8,382.29,5.5,0.0, , 
,383.48,768,81.0,-8.6,10111111,382.90,768,26.7,3.09,397.8,383.19,5.5,0.0, , 
,384.36,800,81.0,-8.6,10111111,383.78,768,26.7,3.09,397.8,384.07,4.7,0.0, , 
,385.25,768,81.0,-9.4,10111111,384.64,800,26.7,3.09,397.8,384.94,5.5,0.0, , 
,386.14,768,81.0,-10.2,10111111,385.54,800,28.2,3.09,418.2,385.83,4.7,0.0, , 
,387.00,768,81.0,-10.2,10111111,386.41,768,28.2,3.09,418.2,386.71,4.7,0.0, , 
,387.90,800,81.0,-10.2,10111111,387.29,800,28.2,3.09,418.2,387.60,4.7,0.0, , 
,388.79,800,81.0,-10.2,10111111,388.20,800,28.2,3.09,418.2,388.49,5.5,0.0, , 
,389.67,800,81.0,-10.2,10111111,389.09,768,28.2,3.09,418.2,389.39,4.7,0.0, , 
,390.57,768,81.0,-10.9,10111111,389.96,768,28.2,3.09,418.2,390.27,4.7,0.0, , 
,391.45,768,82.5,-10.9,10111111,390.87,800,28.2,3.09,418.2,391.17,4.7,0.0, , 
,392.37,768,82.5,-10.5,10111111,391.75,768,28.2,3.09,418.2,392.07,4.7,0.0, , 
,393.28,768,82.5,-10.5,10111111,392.67,768,28.2,3.09,418.2,392.98,4.7,0.0, , 
,394.17,800,82.5,-10.5,10111111,393.58,800,28.2,3.09,418.2,393.87,4.7,0.0, , 
,395.06,800,82.5,-10.5,10111111,394.46,800,28.2,3.09,418.2,394.76,4.7,0.0, , 
,395.95,800,82.5,-10.5,10111111,395.36,800,28.2,3.09,418.2,395.66,4.7,0.0, , 
,396.85,800,82.5,-10.5,10111111,396.25,768,28.2,3.09,418.2,396.56,4.7,0.0, , 
,397.76,800,82.5,-10.2,10111111,397.15,800,28.2,3.09,418.2,397.46,4.7,0.0, , 
,398.65,800,82.5,-10.2,10111111,398.06,800,28.2,3.09,418.2,398.36,4.7,0.0, , 
,399.53,800,82.5,-10.5,10111111,398.95,800,28.2,3.09,418.2,399.24,4.7,0.0, , 
,400.42,800,82.5,-10.2,10111111,399.83,800,28.2,3.09,418.2,400.12,4.7,0.0, , 
,401.32,800,82.5,-10.5,10111111,400.72,800,28.2,3.09,418.2,401.02,4.7,0.0, , 
,402.22,800,82.5,-10.5,10111111,401.61,768,28.2,3.09,418.2,401.92,4.7,0.0, , 
,403.10,768,82.5,-10.5,10111111,402.51,800,28.2,3.09,418.2,402.81,4.7,0.0, , 
,404.01,800,82.5,-10.5,10111111,403.41,800,28.2,3.09,397.8,403.70,4.7,0.0, , 
,404.90,768,82.5,-10.5,10111111,404.30,800,28.2,3.09,418.2,404.60,4.7,0.0, , 
,405.81,800,82.5,-10.2,10111111,405.21,768,28.2,3.09,418.2,405.51,4.7,0.0, , 
,406.71,800,82.5,-10.5,10111111,406.10,768,28.2,3.09,418.2,406.40,4.7,0.0, , 
,407.63,800,82.5,-10.9,10111111,407.02,800,28.2,3.09,418.2,407.33,4.7,0.0, , 
,408.53,768,82.5,-10.9,10111111,407.94,800,28.2,3.09,397.8,408.23,4.7,0.0, , 
,409.42,800,82.5,-10.9,10111111,408.83,800,28.2,3.09,418.2,409.13,4.7,0.0, , 
,410.31,768,82.5,-11.3,10111111,409.72,800,28.2,3.09,397.8,410.01,4.7,0.0, , 
,411.21,800,82.5,-11.3,10111111,410.60,768,28.2,3.09,418.2,410.92,4.7,0.0, , 
,412.13,800,82.5,-11.3,10111111,411.53,800,28.2,3.09,397.8,411.83,4.7,0.0, , 
,413.02,768,82.5,-11.3,10111111,412.42,800,28.2,3.09,397.8,412.73,4.7,0.0, , 
,413.89,800,82.5,-10.9,10111111,413.31,800,28.2,3.09,418.2,413.60,5.5,0.0, , 
,414.77,768,82.5,-10.9,10111111,414.19,800,28.2,3.09,418.2,414.48,4.7,0.0, , 
,415.68,800,82.5,-11.3,10111111,415.08,800,28.2,3.09,418.2,415.38,4.7,0.0, , 
,416.58,800,82.5,-10.9,10111111,415.98,768,28.2,3.09,418.2,416.28,4.7,0.0, , 
,417.49,768,82.5,-10.9,10111111,416.88,800,28.2,3.09,397.8,417.18,4.7,0.0, , 
,418.37,800,82.5,-10.9,10111111,417.78,800,28.2,3.09,397.8,418.07,5.5,0.0, , 
,419.27,768,82.5,-10.5,10111111,418.68,800,28.2,3.09,397.8,418.97,5.5,0.0, , 
,420.18,800,82.5,-10.5,10111111,419.57,800,28.2,3.09,397.8,419.88,4.7,0.0, , 
,421.07,800,84.0,-10.5,10111111,420.48,800,28.2,3.09,397.8,420.78,5.5,0.0, , 
,421.96,800,84.0,-10.5,10111111,421.38,800,26.7,3.09,397.8,421.66,5.5,0.0, , 
,422.87,800,84.0,-10.5,10111111,422.26,768,28.2,3.09,397.8,422.57,4.7,0.0, , 
,423.77,800,84.0,-10.9,10111111,423.18,800,26.7,3.09,397.8,423.47,5.5,0.0, , 
,424.67,800,84.0,-10.9,10111111,424.06,768,28.2,3.09,418.2,424.36,4.7,0.0, , 
,425.57,768,84.0,-11.3,10111111,424.97,800,28.2,3.09,397.8,425.27,4.7,0.0, , 
,426.45,768,84.0,-11.3,10111111,425.87,768,28.2,3.09,418.2,426.16,4.7,0.0, , 
,427.34,768,84.0,-11.3,10111111,426.74,768,28.2,3.09,418.2,427.05,4.7,0.0, , 
,428.23,800,84.0,-11.7,10111111,427.66,800,28.2,3.09,397.8,427.94,4.7,0.0, , 
,429.13,768,84.0,-11.7,10111111,428.53,768,26.7,3.09,397.8,428.81,5.5,0.0, , 
,430.03,768,84.0,-11.3,10111111,429.44,768,28.2,3.09,397.8,429.73,4.7,0.0, , 
,430.92,800,84.0,-11.3,10111111,430.34,800,28.2,3.09,397.8,430.63,4.7,0.0, , 
,431.83,768,84.0,-11.3,10111111,431.22,800,28.2,3.09,397.8,431.53,4.7,0.0, , 
,432.75,800,84.0,-11.3,10111111,432.13,800,26.7,3.09,397.8,432.45,4.7,0.0, , 
,433.65,800,84.0,-10.9,10111111,433.05,800,26.7,3.09,397.8,433.36,4.7,0.0, , 
,434.55,800,84.0,-10.5,10111111,433.95,768,26.7,3.09,397.8,434.25,4.7,0.0, , 
,435.45,800,84.0,-10.9,10111111,434.85,800,28.2,3.09,397.8,435.16,4.7,0.0, , 
,436.35,800,84.0,-11.3,10111111,435.75,800,28.2,3.09,397.8,436.05,4.7,0.0, , 
,437.26,768,84.0,-10.5,10111111,436.68,800,26.7,3.09,397.8,436.97,5.5,0.0, , 
,438.19,768,84.0,-10.5,10111111,437.56,800,28.2,3.09,397.8,437.89,4.7,0.0, , 
,439.11,768,84.0,-10.2,10111111,438.48,768,26.7,3.09,397.8,438.79,4.7,0.0, , 
,440.03,800,84.0,-10.5,10111111,439.43,800,28.2,3.09,397.8,439.74,5.5,0.0, , 
,440.93,768,84.0,-10.9,10111111,440.32,800,26.7,3.09,397.8,440.62,5.5,0.0, , 
,441.84,768,84.0,-10.9,10111111,441.23,768,28.2,3.09,397.8,441.53,5.5,0.0, , 
,442.75,768,84.0,-11.3,10111111,442.16,768,28.2,3.09,397.8,442.45,4.7,0.0, , 
,443.66,800,84.0,-11.3,10111111,443.05,768,26.7,3.09,397.8,443.35,5.5,0.0, , 
,444.54,768,84.0,-10.9,10111111,443.95,768,26.7,3.09,397.8,444.25,5.5,0.0, , 
,445.47,800,84.0,-10.5,10111111,444.85,768,26.7,3.09,397.8,445.17,5.5,0.0, , 
,446.36,800,84.0,-10.2,10111111,445.77,768,26.7,3.09,397.8,446.06,4.7,0.0, , 
,447.26,800,84.0,-10.2,10111111,446.65,768,26.7,3.09,397.8,446.96,4.7,0.0, , 
,448.16,800,85.5,-10.2,10111111,447.56,800,26.7,3.09,397.8,447.85,5.5,0.0, , 
,449.02,800,84.0,-10.5,10111111,448.43,768,26.7,3.09,397.8,448.73,5.5,0.0, , 
,449.91,768,84.0,-10.5,10111111,449.30,768,26.7,3.09,397.8,449.60,5.5,0.0, , 
,450.80,800,84.0,-10.5,10111111,450.20,800,26.7,3.09,397.8,450.50,5.5,0.0, , 
,451.67,768,84.0,-10.2,10111111,451.09,768,26.7,3.09,397.8,451.38,4.7,0.0, , 
,452.57,800,85.5,-9.8,10111111,451.96,800,26.7,3.09,397.8,452.27,4.7,0.0, , 
,453.48,800,84.0,-9.4,10111111,452.87,800,26.7,3.09,397.8,453.17,4.7,0.0, , 
,454.37,800,84.0,-9.4,10111111,453.78,800,26.7,3.09,397.8,454.07,5.5,0.0, , 
,455.30,800,84.0,-10.2,10111111,454.68,768,26.7,3.09,397.8,454.99,4.7,0.0, , 
,456.21,768,84.0,-10.2,10111111,455.60,800,26.7,3.09,397.8,455.90,4.7,0.0, , 
,457.11,768,84.0,-10.5,10111111,456.52,768,26.7,3.09,397.8,456.81,5.5,0.0, , 
,458.00,768,84.0,-10.5,10111111,457.41,768,26.7,3.09,397.8,457.70,5.5,0.0, , 
,458.90,800,84.0,-10.5,10111111,458.28,768,26.7,3.09,397.8,458.58,5.5,0.0, , 
,459.80,800,85.5,-10.5,10111111,459.21,800,26.7,3.09,397.8,459.51,5.5,0.0, , 
,460.70,800,84.0,-9.8,10111111,460.10,768,26.7,3.09,397.8,460.40,5.5,0.0, , 
,461.60,800,85.5,-9.4,10111111,461.00,768,26.7,3.09,397.8,461.28,5.5,0.0, , 
