Sobota,29,Sierpieñ,2026,18:50:08:00009-VCID:1C3761778CABCE7337-5178,Wersja VCDS: AKP 23.3.1,Wersja danych: 20230601 DS346.2
047 906 033 L,,1.4l SIMOS3PA   00HS5401,

,Grupa A:,'001,,,,Grupa B:,'002,,,,Grupa C:,'033
,,Obroty silnika,Temperatura,Lambda,Bity binarnie,,Obroty silnika,Obci¹¿enie,Czas wtrysku,Ciœnienie rzecz.,,Lambda,Napiêcie, , 
,CZAS,,,,,CZAS,,,,,CZAS,,,,
Znacznik,ZAPISU, /min,*C, %,,ZAPISU, /min, %, ms, mbar,ZAPISU, %, V,,
,0.53,0,46.5,0.0,10110110,0.01,0,0.0,0.00,989.4,0.27,0.0,1.48, , 
,1.33,0,46.5,0.0,10110110,0.80,0,0.0,0.00,989.4,1.06,0.0,1.48, , 
,2.13,0,46.5,0.0,10110110,1.60,0,0.0,0.00,989.4,1.86,0.0,1.48, , 
,2.92,0,46.5,0.0,10110110,2.39,0,0.0,0.00,989.4,2.66,0.0,1.48, , 
,3.72,0,46.5,0.0,10110110,3.19,0,0.0,0.00,989.4,3.46,0.0,1.48, , 
,4.52,0,46.5,0.0,10110110,3.99,0,0.0,0.00,989.4,4.25,0.0,1.48, , 
,5.33,0,46.5,0.0,10110110,4.79,0,0.0,0.00,989.4,5.07,0.0,1.48, , 
,6.15,0,46.5,0.0,10110110,5.59,0,0.0,0.00,989.4,5.87,0.0,1.48, , 
,6.97,0,46.5,0.0,10110110,6.43,0,0.0,0.00,989.4,6.70,0.0,1.48, , 
,7.77,0,46.5,0.0,10110110,7.24,0,0.0,0.00,989.4,7.50,0.0,1.48, , 
,8.58,0,46.5,0.0,10110110,8.04,0,0.0,0.00,989.4,8.32,0.0,1.48, , 
,9.38,0,46.5,0.0,10110110,8.85,0,0.0,0.00,989.4,9.11,0.0,1.48, , 
,10.19,0,46.5,0.0,10110110,9.65,0,0.0,0.00,989.4,9.93,0.0,1.48, , 
,11.00,224,46.5,0.0,10110110,10.46,256,92.9,39.14,969.0,10.72,0.0,1.48, , 
,11.99,1280,46.5,0.0,10110110,11.32,1120,79.6,25.75,887.4,11.65,0.0,1.48, , 
,12.90,960,46.5,0.0,10110110,12.32,1088,38.4,7.21,459.0,12.60,0.0,1.48, , 
,13.83,928,46.5,0.0,10110110,13.22,928,40.0,7.21,479.4,13.53,0.0,1.48, , 
,14.72,864,46.5,0.0,10110110,14.13,928,40.0,6.18,479.4,14.44,0.0,1.48, , 
,15.66,896,46.5,0.0,10110110,15.01,896,41.2,7.21,499.8,15.34,0.0,1.48, , 
,16.53,864,46.5,0.0,10110110,15.94,864,41.2,6.18,499.8,16.25,0.0,1.48, , 
,17.43,864,46.5,0.0,10110110,16.83,864,40.0,6.18,499.8,17.13,0.0,1.48, , 
,18.40,928,46.5,0.0,10100010,17.74,864,38.4,6.18,479.4,18.04,0.0,1.48, , 
,19.43,1600,46.5,0.0,10100010,18.70,1376,44.3,7.21,520.2,19.06,0.0,1.48, , 
,20.38,736,46.5,0.0,10100010,19.79,1280,26.7,4.12,357.0,20.11,0.0,1.45, , 
,21.28,992,46.5,0.0,10100010,20.68,704,50.2,10.30,591.6,20.99,0.0,1.37, , 
,22.17,1056,46.5,0.0,10100010,21.58,1088,36.9,5.15,459.0,21.88,0.0,1.29, , 
,23.16,1024,46.5,0.0,10100010,22.49,1024,36.9,5.15,459.0,22.81,0.0,1.13, , 
,24.06,1024,46.5,0.0,10100010,23.42,992,47.1,7.21,550.8,23.73,0.0,1.45, , 
,24.97,928,46.5,0.0,10100010,24.38,1024,48.6,7.21,571.2,24.65,0.0,1.52, , 
,25.84,992,46.5,0.0,10100010,25.27,864,50.2,7.21,612.0,25.55,0.0,1.48, , 
,26.78,992,46.5,0.0,10100010,26.20,960,36.9,5.15,459.0,26.51,0.0,1.05, , 
,27.74,1088,46.5,0.0,10100010,27.06,992,40.0,6.18,479.4,27.40,0.0,1.02, , 
,28.72,1312,46.5,0.0,10111110,28.05,1152,44.3,6.18,520.2,28.37,0.0,0.98, , 
,29.70,1312,46.5,-12.1,10111110,29.05,1376,28.2,4.12,357.0,29.38,0.0,0.90, , 
,30.61,896,45.0,-9.0,10111110,30.01,1184,29.4,3.09,377.4,30.32,-8.6,1.33, , 
,31.50,896,45.0,-9.4,10111110,30.91,864,35.3,4.12,438.6,31.20,-9.4,1.45, , 
,32.41,832,45.0,-9.0,10111110,31.80,896,35.3,4.12,459.0,32.11,-9.4,1.48, , 
,33.35,960,45.0,0.0,10101010,32.70,832,35.3,4.12,438.6,33.01,-8.6,1.52, , 
,34.26,1024,45.0,-0.8,10101010,33.66,1216,47.1,7.21,550.8,33.96,0.0,1.13, , 
,35.23,1152,45.0,0.0,10111110,34.56,800,51.8,9.27,612.0,34.90,0.0,1.48, , 
,36.10,896,45.0,0.0,10111110,35.53,800,38.4,6.18,459.0,35.82,0.0,1.37, , 
,37.00,768,45.0,0.0,10111110,36.40,832,38.4,5.15,479.4,36.70,0.0,1.21, , 
,37.91,896,45.0,0.0,10111110,37.30,896,45.9,6.18,571.2,37.61,0.0,1.09, , 
,38.81,896,45.0,0.0,10111110,38.20,896,38.4,5.15,479.4,38.50,0.0,1.48, , 
,39.70,832,45.0,-0.8,10101010,39.11,864,35.3,5.15,459.0,39.41,0.0,1.45, , 
,40.75,1696,46.5,0.0,10101010,40.00,1024,72.2,24.72,754.8,40.38,0.0,0.00, , 
,41.81,1600,46.5,-0.8,10101010,41.11,1664,31.0,4.12,397.8,41.47,0.0,1.48, , 
,42.89,1216,46.5,-3.5,10101010,42.26,1504,29.4,4.12,377.4,42.59,-3.5,1.37, , 
,43.93,1312,46.5,-1.6,10101010,43.23,1120,35.3,5.15,438.6,43.56,-1.6,1.48, , 
,45.02,1856,46.5,0.0,10101010,44.29,1472,45.9,6.18,520.2,44.66,0.0,1.41, , 
,46.00,1056,46.5,0.0,10111110,45.37,1920,0.0,0.00,397.8,45.71,0.0,3.28, , 
,46.96,1216,46.5,0.0,10111110,46.32,1152,32.5,5.15,418.2,46.63,0.0,1.21, , 
,47.93,1184,46.5,-4.3,10111110,47.27,1216,25.1,4.12,336.6,47.59,0.0,0.98, , 
,48.91,1152,46.5,-6.6,10111110,48.25,1184,23.5,3.09,316.2,48.59,-7.4,1.41, , 
,49.88,1248,46.5,-4.7,10101010,49.25,1152,25.1,4.12,336.6,49.57,-5.5,1.48, , 
,50.86,1312,46.5,-3.9,10101010,50.22,1248,32.5,4.12,397.8,50.53,-3.5,1.52, , 
,51.88,1408,46.5,-4.3,10101010,51.20,1312,29.4,4.12,377.4,51.53,-3.9,1.48, , 
,52.85,1472,46.5,-5.5,10111110,52.20,1440,29.4,4.12,377.4,52.58,-5.5,1.45, , 
,53.76,1504,46.5,-5.1,10111110,53.11,1504,26.7,3.09,336.6,53.37,-5.9,1.45, , 
,54.93,1408,46.5,-3.1,10111110,54.15,1504,26.7,3.09,336.6,54.58,-3.9,1.52, , 
,55.89,1248,46.5,-1.2,10111110,55.25,1344,28.2,4.12,357.0,55.58,-2.0,1.52, , 
,56.88,1152,46.5,-0.4,10111110,56.20,1248,28.2,4.12,357.0,56.55,-0.8,1.48, , 
,57.83,1152,46.5,0.0,10111110,57.19,1152,28.2,4.12,377.4,57.52,-1.2,1.45, , 
,58.78,1184,46.5,0.0,10111110,58.14,1184,28.2,4.12,377.4,58.47,0.0,1.45, , 
,59.72,1248,46.5,-0.4,10111110,59.10,1216,28.2,4.12,357.0,59.41,-0.8,1.45, , 
,60.68,1248,46.5,0.4,10111110,60.05,1248,26.7,4.12,357.0,60.36,0.4,1.48, , 
,61.70,1312,48.0,0.0,10111110,61.04,1248,26.7,4.12,357.0,61.38,0.4,1.45, , 
,62.68,1344,48.0,0.0,10111110,62.01,1312,26.7,4.12,357.0,62.36,0.4,1.45, , 
,63.71,1376,48.0,-0.4,10111110,63.02,1344,26.7,4.12,357.0,63.35,0.8,1.45, , 
,64.68,1376,48.0,-0.8,10111110,64.05,1376,28.2,4.12,357.0,64.37,-0.4,1.45, , 
,65.73,1408,48.0,-0.4,10111110,65.01,1408,28.2,4.12,357.0,65.38,-1.2,1.48, , 
,66.85,1472,48.0,0.0,10111110,66.11,1440,26.7,4.12,357.0,66.41,-0.4,1.48, , 
,67.96,1536,48.0,-2.0,10111110,67.29,1504,26.7,4.12,357.0,67.56,-1.2,1.41, , 
,68.87,1472,48.0,-2.0,10111110,68.29,1504,26.7,4.12,336.6,68.60,-2.0,1.45, , 
,69.87,1280,48.0,-1.6,10111110,69.21,1408,26.7,4.12,357.0,69.54,-1.2,1.52, , 
,70.89,1056,48.0,-1.2,10111110,70.23,1216,26.7,4.12,357.0,70.56,-0.8,1.52, , 
,71.83,1152,48.0,-1.2,10111110,71.20,1056,29.4,4.12,397.8,71.51,-0.8,1.48, , 
,72.79,1152,48.0,-1.6,10111110,72.14,1184,28.2,4.12,377.4,72.47,-0.8,1.41, , 
,73.71,1088,48.0,-3.1,10111110,73.09,1152,26.7,4.12,357.0,73.39,-2.3,1.37, , 
,74.63,992,48.0,-5.9,10111110,74.01,1056,25.1,3.09,357.0,74.35,-5.1,1.33, , 
,75.53,928,48.0,-7.4,10111110,74.91,992,26.7,3.09,357.0,75.22,-7.0,1.41, , 
,76.42,896,48.0,-7.0,10111110,75.83,896,28.2,3.09,377.4,76.13,-7.0,1.52, , 
,77.32,896,48.0,-6.6,10111110,76.72,896,28.2,3.09,377.4,77.01,-6.6,1.48, , 
,78.22,864,49.5,-6.6,10111110,77.61,896,28.2,3.09,377.4,77.91,-6.6,1.48, , 
,79.14,864,49.5,-6.6,10111110,78.53,864,28.2,3.09,377.4,78.83,-6.6,1.45, , 
,80.04,864,49.5,-6.6,10111110,79.44,864,29.4,4.12,397.8,79.74,-6.6,1.45, , 
,80.98,864,49.5,-7.4,10111110,80.35,864,31.0,4.12,418.2,80.67,-7.0,1.45, , 
,81.90,864,49.5,-8.2,10111110,81.29,864,31.0,4.12,418.2,81.59,-7.8,1.45, , 
,82.86,864,49.5,-8.2,10111110,82.23,832,32.5,4.12,418.2,82.55,-8.2,1.48, , 
,83.79,832,49.5,-7.0,10111110,83.17,864,32.5,4.12,418.2,83.48,-7.4,1.52, , 
,84.70,896,49.5,-7.8,10111110,84.11,864,34.1,4.12,438.6,84.41,-7.4,1.41, , 
,85.70,992,49.5,-6.6,10111110,85.04,960,31.0,4.12,418.2,85.35,-7.4,1.52, , 
,86.64,1056,49.5,-3.5,10111110,86.03,1024,28.2,4.12,377.4,86.34,-4.3,1.64, , 
,87.63,1120,49.5,-2.0,10111110,86.98,1088,25.1,3.09,336.6,87.29,-2.3,1.52, , 
,88.55,1184,49.5,2.7,10101010,87.91,1120,22.0,3.09,316.2,88.23,3.9,1.68, , 
,89.52,1376,49.5,-1.2,10101010,88.86,1248,28.2,4.12,357.0,89.18,-0.4,1.33, , 
,90.71,1568,51.0,-6.3,10111110,89.91,1408,28.2,4.12,357.0,90.33,-3.9,1.33, , 
,91.77,1696,51.0,-5.1,10111110,91.09,1600,26.7,3.09,336.6,91.44,-5.9,1.52, , 
,92.83,1728,51.0,-2.3,10111110,92.12,1696,26.7,3.09,336.6,92.49,-2.7,1.56, , 
,93.88,1760,51.0,0.0,10111110,93.17,1760,25.1,3.09,336.6,93.53,-0.4,1.56, , 
,94.95,1760,51.0,2.0,10111110,94.26,1760,25.1,3.09,336.6,94.61,1.2,1.52, , 
,96.04,1728,51.0,2.3,10111110,95.29,1760,25.1,3.09,336.6,95.67,2.3,1.48, , 
,97.14,1728,51.0,3.5,10111110,96.42,1760,25.1,3.09,336.6,96.78,3.1,1.48, , 
,98.19,1696,51.0,2.3,10111110,97.49,1728,25.1,4.12,336.6,97.83,2.3,1.41, , 
,99.23,1664,51.0,1.2,10111110,98.55,1664,25.1,4.12,336.6,98.89,2.7,1.45, , 
,100.26,1632,51.0,1.2,10111110,99.58,1632,25.1,4.12,336.6,99.93,1.2,1.45, , 
,101.33,1568,51.0,-1.2,10111110,100.63,1568,25.1,4.12,336.6,100.97,-0.4,1.41, , 
,102.38,1504,51.0,-3.5,10111110,101.70,1536,25.1,3.09,336.6,102.11,-2.3,1.41, , 
,103.34,1440,51.0,-3.5,10111110,102.64,1472,26.7,3.09,336.6,103.01,-4.3,1.45, , 
,104.42,1376,51.0,-4.7,10111110,103.68,1440,26.7,3.09,357.0,104.05,-3.9,1.48, , 
,105.48,1280,52.5,-4.7,10111110,104.78,1344,26.7,3.09,357.0,105.12,-4.7,1.48, , 
,106.47,1184,52.5,-5.5,10111110,105.79,1248,26.7,3.09,357.0,106.14,-5.1,1.48, , 
,107.41,1024,52.5,-4.3,10111110,106.79,1152,28.2,4.12,377.4,107.10,-4.7,1.52, , 
,108.38,1056,52.5,-4.3,10111110,107.74,1024,31.0,4.12,397.8,108.06,-3.9,1.52, , 
,109.32,1056,52.5,-5.1,10111110,108.68,1056,29.4,4.12,377.4,108.99,-4.7,1.41, , 
,110.27,1120,52.5,-5.9,10111110,109.63,1088,28.2,3.09,377.4,109.96,-5.5,1.45, , 
,111.21,1184,52.5,-5.5,10101010,110.60,1152,25.1,3.09,336.6,110.91,-6.3,1.48, , 
,112.17,1312,52.5,0.0,10101010,111.50,1216,32.5,5.15,397.8,111.83,0.0,1.09, , 
,113.28,1440,52.5,-5.1,10101010,112.54,1344,40.0,5.15,479.4,112.88,0.0,1.17, , 
,114.43,1568,52.5,-7.4,10101010,113.73,1472,31.0,4.12,397.8,114.09,-4.7,1.45, , 
,115.52,1632,52.5,0.0,10101010,114.79,1568,38.4,5.15,459.0,115.16,-7.4,1.48, , 
,116.50,1792,52.5,0.0,10101010,115.85,1696,53.3,8.24,591.6,116.19,0.0,1.29, , 
,117.64,1856,54.0,-0.8,10101010,116.89,1792,48.6,7.21,550.8,117.26,-1.2,1.52, , 
,118.74,1920,54.0,-1.6,10101010,118.01,1888,44.3,6.18,520.2,118.38,-2.0,1.45, , 
,119.80,1888,54.0,0.0,10111110,119.09,1952,41.2,6.18,479.4,119.46,0.0,1.41, , 
,120.85,1824,54.0,2.0,10111110,120.15,1920,20.8,2.06,295.8,120.50,2.0,1.56, , 
,121.99,1760,54.0,3.1,10101010,121.23,1792,22.0,3.09,316.2,121.61,3.1,1.52, , 
,123.04,1696,54.0,-1.6,10101010,122.35,1728,23.5,3.09,316.2,122.71,0.4,1.33, , 
,124.13,1632,54.0,-3.1,10101010,123.42,1696,25.1,3.09,336.6,123.78,-3.1,1.37, , 
,125.24,1600,54.0,-4.7,10101010,124.51,1600,28.2,4.12,357.0,124.89,-3.9,1.45, , 
,126.31,1600,54.0,-5.9,10101010,125.58,1568,29.4,4.12,377.4,125.93,-4.7,1.48, , 
,127.39,1632,54.0,-5.9,10101010,126.66,1568,29.4,4.12,377.4,127.02,-5.5,1.48, , 
,128.32,960,54.0,0.0,10111110,127.72,1600,28.2,4.12,357.0,128.02,0.0,1.95, , 
,129.30,1024,54.0,0.0,10111110,128.62,1088,34.1,5.15,438.6,128.95,0.0,1.33, , 
,130.22,896,54.0,-2.0,10111110,129.60,928,29.4,4.12,397.8,129.92,0.0,0.98, , 
,131.14,896,55.5,-6.3,10111110,130.53,896,32.5,4.12,418.2,130.84,-4.7,1.25, , 
,132.02,864,55.5,-7.4,10111110,131.44,864,32.5,4.12,418.2,131.74,-7.0,1.45, , 
,132.92,864,55.5,-7.4,10111110,132.32,864,32.5,4.12,418.2,132.62,-7.4,1.48, , 
,133.83,896,55.5,-6.6,10111110,133.23,864,32.5,4.12,438.6,133.53,-7.0,1.52, , 
,134.73,896,55.5,-5.9,10101010,134.13,896,32.5,4.12,438.6,134.42,-6.3,1.52, , 
,135.65,1184,55.5,0.0,10101010,135.01,896,48.6,9.27,571.2,135.33,0.0,1.05, , 
,136.64,1376,55.5,0.0,10101010,135.97,1088,62.0,12.36,693.6,136.31,0.0,0.63, , 
,137.69,1888,55.5,0.0,10101010,136.97,1504,48.6,7.21,571.2,137.33,0.0,0.74, , 
,138.62,1248,55.5,0.0,10111110,138.02,2080,60.4,9.27,652.8,138.33,0.0,1.84, , 
,139.59,1216,55.5,0.0,10101010,138.96,1152,32.5,5.15,418.2,139.26,0.0,1.76, , 
,140.69,1408,55.5,0.0,10101010,139.94,1248,45.9,7.21,520.2,140.30,0.0,0.47, , 
,141.79,1664,55.5,-2.3,10101010,141.09,1504,59.2,9.27,673.2,141.44,0.0,1.29, , 
,142.84,1888,55.5,0.0,10101010,142.16,1760,53.3,8.24,612.0,142.49,0.0,1.09, , 
,143.90,2112,55.5,-6.3,10101000,143.20,1984,60.4,9.27,673.2,143.56,-4.3,1.33, , 
,144.89,2336,57.0,0.0,10101000,144.24,2208,66.3,11.33,693.6,144.57,0.0,1.37, , 
,145.90,2592,57.0,1.6,10101000,145.25,2400,73.7,11.33,775.2,145.58,0.0,1.56, , 
,146.90,1152,57.0,0.0,10101010,146.26,2336,0.0,0.00,377.4,146.60,0.0,3.67, , 
,147.97,1600,57.0,0.0,10101010,147.23,1472,31.0,5.15,397.8,147.62,0.0,1.02, , 
,149.06,1632,57.0,0.0,10101010,148.33,1600,48.6,8.24,571.2,148.70,0.0,0.98, , 
,150.16,1728,57.0,0.0,10101010,149.44,1664,72.2,13.39,775.2,149.80,0.0,1.02, , 
,151.25,1856,57.0,-2.0,10101010,150.51,1792,78.4,12.36,846.6,150.87,0.0,1.29, , 
,152.32,1952,57.0,-4.7,10101010,151.61,1888,81.2,12.36,867.0,151.96,-4.3,1.37, , 
,153.32,2112,57.0,0.0,11101000,152.66,2016,81.2,12.36,867.0,152.99,-5.1,1.48, , 
,154.36,2176,57.0,0.0,11101000,153.67,2144,63.5,9.27,693.6,154.02,0.0,1.17, , 
,155.40,2176,57.0,-1.6,11101000,154.70,2176,42.7,6.18,499.8,155.04,0.0,1.45, , 
,156.43,2176,57.0,0.4,11101000,155.74,2176,32.5,4.12,397.8,156.08,0.0,1.52, , 
,157.48,2144,57.0,-2.7,11101000,156.77,2144,25.1,3.09,336.6,157.12,-2.3,1.45, , 
,158.49,2112,58.5,-3.5,11101000,157.81,2144,25.1,3.09,336.6,158.15,-3.5,1.45, , 
,159.55,2080,57.0,-3.1,11101000,158.83,2112,23.5,3.09,316.2,159.19,-3.5,1.48, , 
,160.59,2048,58.5,-2.7,11101000,159.89,2080,23.5,3.09,316.2,160.24,-3.1,1.48, , 
,161.67,2048,58.5,-2.0,11101000,160.94,2016,25.1,3.09,316.2,161.29,-2.3,1.52, , 
,162.72,2016,58.5,-1.6,11101000,162.03,2048,26.7,3.09,336.6,162.38,-2.0,1.45, , 
,163.78,2080,58.5,0.0,11101000,163.07,2048,38.4,6.18,438.6,163.42,0.0,1.17, , 
,164.84,2112,58.5,-3.1,11101000,164.15,2080,42.7,6.18,499.8,164.50,-2.7,1.48, , 
,165.85,2176,58.5,-4.3,11101000,165.17,2144,42.7,6.18,499.8,165.52,-3.9,1.45, , 
,166.87,2208,58.5,-5.5,11101000,166.19,2176,42.7,6.18,479.4,166.54,-4.3,1.45, , 
,167.89,2176,58.5,-5.9,11101000,167.22,2176,35.3,4.12,418.2,167.55,-5.9,1.48, , 
,168.92,2144,58.5,-6.3,11101000,168.23,2176,36.9,5.15,438.6,168.58,-5.9,1.45, , 
,169.95,2144,58.5,-2.3,11101000,169.27,2176,38.4,5.15,438.6,169.61,-6.6,1.48, , 
,170.98,2112,58.5,-2.7,11101000,170.29,2144,38.4,5.15,438.6,170.63,-2.3,1.45, , 
,172.06,2112,58.5,-2.0,11101000,171.34,2144,38.4,5.15,438.6,171.70,-2.3,1.48, , 
,173.11,2080,60.0,0.0,11101000,172.42,2112,38.4,5.15,459.0,172.77,0.0,1.48, , 
,174.15,2080,60.0,0.0,11101000,173.47,2080,40.0,5.15,479.4,173.82,-0.4,1.45, , 
,175.20,2048,60.0,1.6,11101000,174.50,2048,28.2,4.12,357.0,174.84,1.2,1.56, , 
,176.25,2016,60.0,2.0,11101000,175.55,2016,32.5,4.12,397.8,175.89,2.3,1.48, , 
,177.32,2048,60.0,0.0,11101000,176.60,2016,35.3,5.15,438.6,176.96,0.0,1.45, , 
,178.37,2080,60.0,0.0,11101000,177.69,2048,51.8,7.21,571.2,178.02,0.0,1.52, , 
,179.40,2048,60.0,1.6,11101000,178.73,2080,31.0,4.12,377.4,179.07,0.0,1.60, , 
,180.46,2048,60.0,3.1,11101000,179.76,2048,32.5,4.12,397.8,180.11,2.7,1.52, , 
,181.52,2048,60.0,3.9,11101000,180.81,2048,32.5,4.12,397.8,181.17,3.5,1.52, , 
,182.57,2048,60.0,0.0,11101000,181.87,2048,25.1,3.09,336.6,182.22,3.9,1.45, , 
,183.62,2048,60.0,0.4,11101000,182.94,2048,35.3,5.15,438.6,183.28,0.0,1.52, , 
,184.68,2080,61.5,2.0,11101000,183.98,2080,34.1,4.12,418.2,184.33,1.6,1.52, , 
,185.73,2112,61.5,2.7,11101000,185.01,2112,34.1,4.12,418.2,185.38,2.7,1.52, , 
,186.74,2144,61.5,5.1,11101000,186.07,2144,34.1,4.12,418.2,186.39,3.1,1.45, , 
,187.76,2144,61.5,5.9,11101000,187.08,2112,22.0,3.09,295.8,187.42,5.5,1.48, , 
,188.83,2208,61.5,5.9,11101000,188.12,2176,22.0,3.09,295.8,188.49,7.0,1.41, , 
,189.88,2272,61.5,5.1,11101000,189.18,2208,32.5,4.12,397.8,189.54,6.3,1.45, , 
,190.86,2336,61.5,0.0,11101000,190.21,2272,36.9,5.15,438.6,190.53,0.0,1.41, , 
,191.87,2496,61.5,0.0,11101000,191.18,2368,63.5,9.27,693.6,191.53,0.0,1.41, , 
,192.90,2688,61.5,0.0,11101000,192.20,2560,87.1,14.42,887.4,192.56,0.0,1.37, , 
,193.93,1280,61.5,0.0,11111110,193.25,2464,0.0,0.00,418.2,193.57,0.0,3.71, , 
,194.92,1952,61.5,0.0,11101010,194.22,1184,29.4,4.12,377.4,194.56,0.0,1.45, , 
,196.01,1856,61.5,-3.1,11101010,195.30,1888,20.8,3.09,295.8,195.66,-2.3,1.33, , 
,197.15,1824,63.0,-2.3,11101010,196.40,1856,20.8,3.09,295.8,196.77,-2.7,1.48, , 
,198.21,1856,63.0,0.0,11101010,197.51,1792,22.0,3.09,295.8,197.83,0.8,1.60, , 
,199.24,1792,63.0,0.0,11101010,198.59,1792,48.6,8.24,550.8,198.91,0.0,1.29, , 
,200.38,1824,63.0,-0.8,11101010,199.61,1792,60.4,9.27,673.2,199.98,0.0,1.37, , 
,201.44,1856,63.0,0.0,11101010,200.72,1824,66.3,10.30,734.4,201.07,0.0,1.52, , 
,202.55,1920,63.0,0.0,11101010,201.81,1856,78.4,12.36,846.6,202.19,0.0,1.45, , 
,203.61,1984,63.0,-3.1,11101010,202.90,1920,90.2,15.45,948.6,203.25,0.0,1.21, , 
,204.66,1984,63.0,0.0,11101000,203.97,1984,71.0,8.24,775.2,204.32,0.0,1.52, , 
,205.72,1984,63.0,-1.2,11101000,205.02,1984,60.4,8.24,673.2,205.36,-0.8,1.48, , 
,206.81,1984,63.0,-2.3,11101000,206.09,1984,60.4,8.24,673.2,206.45,-1.6,1.45, , 
,207.86,2016,63.0,0.0,11101000,207.18,1984,69.4,10.30,754.8,207.52,-0.8,1.48, , 
,208.93,2048,63.0,0.0,11101000,208.22,2016,82.7,13.39,867.0,208.57,0.0,1.37, , 
,209.98,2080,64.5,-0.4,11101000,209.28,2048,72.2,10.30,775.2,209.62,1.2,1.52, , 
,211.01,2080,64.5,0.0,11101000,210.33,2080,81.2,13.39,887.4,210.68,0.0,1.41, , 
,212.00,2144,64.5,-5.5,11101000,211.35,2112,88.6,15.45,928.2,211.68,-4.3,1.29, , 
,213.01,2208,64.5,-7.8,11101000,212.35,2176,91.4,14.42,948.6,212.67,-7.4,1.41, , 
,214.03,2272,64.5,-7.8,11101000,213.36,2208,91.4,13.39,948.6,213.70,-8.2,1.48, , 
,215.03,2336,64.5,-7.4,11101000,214.36,2272,91.4,14.42,948.6,214.70,-7.4,1.48, , 
,216.03,2368,64.5,-5.1,11101000,215.37,2336,92.9,14.42,969.0,215.71,-5.9,1.52, , 
,217.09,2432,64.5,-2.7,11101000,216.39,2400,92.9,15.45,969.0,216.73,-3.5,1.48, , 
,218.14,2496,66.0,-0.4,11101000,217.44,2464,94.5,15.45,969.0,217.80,-0.8,1.45, , 
,219.15,1792,66.0,0.0,11111110,218.48,2560,94.5,16.48,969.0,218.83,0.0,1.80, , 
,220.22,1984,66.0,0.0,11101000,219.49,1248,0.0,0.00,357.0,219.86,0.0,2.89, , 
,221.31,1920,66.0,0.0,11101010,220.60,1888,67.8,11.33,754.8,220.96,0.0,1.37, , 
,222.41,1920,66.0,0.0,11101010,221.67,1920,69.4,10.30,754.8,222.04,0.0,1.09, , 
,223.49,1952,66.0,-6.6,11101010,222.77,1920,91.4,15.45,989.4,223.12,0.0,0.94, , 
,224.55,1984,66.0,0.0,11101010,223.83,1952,92.9,14.42,989.4,224.19,0.0,1.33, , 
,225.64,1984,67.5,-4.7,11101000,224.92,1984,90.2,14.42,969.0,225.28,-4.7,1.37, , 
,226.70,1984,67.5,-2.0,11101000,226.00,1984,79.6,11.33,867.0,226.35,-2.0,1.56, , 
,227.77,2016,67.5,-2.0,11101000,227.05,2016,69.4,10.30,754.8,227.42,-0.8,1.41, , 
,228.83,2048,67.5,0.0,11101000,228.13,2016,65.1,9.27,714.0,228.48,-4.7,1.41, , 
,229.88,2048,67.5,0.0,11101000,229.19,2048,42.7,5.15,499.8,229.54,0.0,1.68, , 
,230.94,2048,67.5,0.0,11101000,230.23,2016,26.7,4.12,336.6,230.60,0.0,1.09, , 
,231.97,2080,67.5,0.0,11101000,231.28,2048,87.1,15.45,928.2,231.63,0.0,1.05, , 
,232.99,2112,67.5,-4.7,11101000,232.32,2080,92.9,15.45,989.4,232.66,0.0,1.05, , 
,234.01,2144,67.5,-8.6,11101000,233.33,2112,92.9,14.42,989.4,233.68,-7.8,1.33, , 
,235.02,2208,67.5,-9.4,11101000,234.34,2176,92.9,14.42,989.4,234.68,-10.2,1.21, , 
,236.04,2240,69.0,-8.6,11101000,235.36,2208,92.9,15.45,989.4,235.70,-8.6,1.21, , 
,237.07,2272,69.0,-7.4,11101000,236.39,2272,92.9,15.45,989.4,236.73,-8.2,1.13, , 
,238.10,2336,69.0,-5.1,11101000,237.42,2304,92.9,16.48,969.0,237.75,-5.9,1.13, , 
,239.07,2368,69.0,-3.1,11101000,238.41,2336,92.9,16.48,969.0,238.73,-4.7,1.09, , 
,240.14,2432,69.0,-2.0,11101000,239.43,2400,92.9,16.48,969.0,239.77,-3.1,1.05, , 
,241.21,2464,69.0,0.0,11101000,240.50,2432,92.9,16.48,969.0,240.88,-0.8,1.09, , 
,242.26,2496,69.0,0.4,11101000,241.55,2464,92.9,17.51,969.0,241.90,0.4,1.05, , 
,243.29,2560,69.0,0.4,11101000,242.61,2528,92.9,17.51,969.0,242.95,0.8,1.05, , 
,244.31,2624,69.0,0.4,11101000,243.62,2560,92.9,17.51,969.0,243.98,0.4,1.05, , 
,245.30,2656,70.5,0.4,11101000,244.64,2624,92.9,17.51,969.0,244.97,0.4,1.05, , 
,246.35,2688,70.5,0.0,11101000,245.64,2656,92.9,17.51,969.0,245.98,0.0,1.09, , 
,247.39,1728,70.5,0.0,11111110,246.68,2720,0.0,0.00,969.0,247.02,0.0,3.48, , 
,248.27,864,70.5,0.0,11111110,247.69,1216,25.1,4.12,357.0,247.99,0.0,3.63, , 
,249.19,928,70.5,0.0,11111110,248.57,768,35.3,6.18,479.4,248.87,0.0,0.27, , 
,250.12,928,70.5,-2.3,11111110,249.50,928,31.0,4.12,418.2,249.81,0.0,0.66, , 
,251.04,928,70.5,-11.3,11111110,250.42,928,29.4,4.12,397.8,250.73,-9.0,1.02, , 
,251.97,896,70.5,-15.2,11111110,251.36,896,29.4,3.09,418.2,251.66,-14.5,1.29, , 
,252.88,896,70.5,-16.0,11111110,252.29,864,29.4,3.09,418.2,252.58,-16.0,1.45, , 
,253.75,896,72.0,-15.6,11111110,253.17,864,29.4,3.09,418.2,253.47,-15.6,1.48, , 
,254.68,896,72.0,-15.6,11111110,254.07,896,29.4,3.09,418.2,254.37,-15.6,1.48, , 
,255.61,864,72.0,-15.6,11111110,254.98,896,29.4,3.09,418.2,255.31,-15.6,1.48, , 
,256.50,896,72.0,-14.8,11111110,255.91,864,31.0,3.09,418.2,256.21,-15.2,1.52, , 
,257.42,896,72.0,-13.3,11111110,256.80,896,29.4,3.09,418.2,257.11,-13.7,1.56, , 
,258.35,896,72.0,-13.3,11111110,257.72,896,29.4,3.09,418.2,258.04,-12.9,1.45, , 
,259.27,864,72.0,-14.1,11111110,258.66,896,29.4,3.09,397.8,258.97,-13.7,1.41, , 
,260.21,896,73.5,-15.6,11111110,259.58,896,29.4,3.09,418.2,259.89,-14.8,1.41, , 
,261.18,1504,73.5,-21.1,11101010,260.51,896,29.4,3.09,418.2,260.81,-18.0,1.45, , 
,262.27,1824,73.5,0.0,11101010,261.54,1792,22.0,2.06,316.2,261.89,-12.1,1.76, , 
,263.33,2016,73.5,0.0,11101000,262.63,1920,66.3,10.30,734.4,262.98,0.0,1.25, , 
,264.35,2240,73.5,0.0,11101000,263.67,2080,88.6,15.45,948.6,264.01,0.0,1.05, , 
,265.39,2176,73.5,0.0,11111100,264.67,2304,88.6,14.42,948.6,265.03,-5.9,1.37, , 
,266.47,1760,73.5,0.0,11101010,265.70,1600,0.0,0.00,357.0,266.08,0.0,2.19, , 
,267.54,1856,73.5,0.0,11101010,266.83,1792,67.8,11.33,754.8,267.19,0.0,1.25, , 
,268.51,1184,73.5,0.0,11111110,267.88,1888,75.3,11.33,846.6,268.23,0.0,1.95, , 
,269.47,1088,73.5,0.0,11111110,268.83,1056,29.4,4.12,397.8,269.16,0.0,2.03, , 
,270.37,864,73.5,0.0,11111110,269.79,960,23.5,3.09,357.0,270.10,0.0,0.78, , 
,271.29,896,73.5,-5.9,11111110,270.67,864,28.2,4.12,397.8,270.98,-2.7,0.90, , 
,272.25,896,73.5,-12.1,11111110,271.61,896,29.4,4.12,397.8,271.92,-10.5,1.21, , 
,273.16,864,73.5,-13.3,11111110,272.57,896,28.2,3.09,397.8,272.86,-13.3,1.41, , 
,274.09,864,73.5,-13.7,11111110,273.49,896,29.4,3.09,397.8,273.78,-13.7,1.48, , 
,275.00,896,73.5,-13.3,11111110,274.40,864,29.4,3.09,418.2,274.71,-13.7,1.48, , 
,275.93,896,73.5,-13.3,11111110,275.31,896,29.4,3.09,418.2,275.63,-13.3,1.48, , 
,276.84,864,75.0,-12.5,11111110,276.23,864,29.4,3.09,418.2,276.54,-12.9,1.48, , 
,277.80,864,75.0,-13.3,11111110,277.17,896,29.4,3.09,397.8,277.48,-12.9,1.45, , 
,278.72,864,75.0,-13.3,11111110,278.10,896,29.4,4.12,418.2,278.41,-13.3,1.45, , 
,279.62,864,75.0,-13.3,11111110,279.02,896,31.0,4.12,418.2,279.32,-13.3,1.48, , 
,280.53,864,75.0,-12.5,11111110,279.93,864,31.0,4.12,418.2,280.23,-12.9,1.52, , 
,281.42,896,75.0,-11.7,11111110,280.83,864,31.0,4.12,418.2,281.12,-12.1,1.52, , 
,282.34,864,75.0,-10.9,11111110,281.72,896,29.4,4.12,418.2,282.03,-10.9,1.48, , 
,283.27,896,75.0,-11.7,11111110,282.66,896,29.4,4.12,418.2,282.97,-11.3,1.45, , 
,284.17,896,75.0,-11.3,11111110,283.58,896,31.0,4.12,418.2,283.88,-11.7,1.52, , 
,285.07,896,75.0,-11.7,11111110,284.47,864,31.0,4.12,418.2,284.77,-11.7,1.48, , 
,285.98,768,75.0,-12.1,11111110,285.37,832,28.2,3.09,397.8,285.68,-11.7,1.45, , 
,286.93,1088,75.0,0.0,11101010,286.30,800,32.5,4.12,438.6,286.59,0.0,1.48, , 
,287.82,1472,75.0,0.0,11101010,287.25,1568,59.2,9.27,693.6,287.54,0.0,1.05, , 
,288.92,1728,75.0,0.0,11101010,288.19,1696,78.4,13.39,867.0,288.56,0.0,1.21, , 
,289.96,1280,75.0,0.0,11101010,289.25,1632,71.0,11.33,795.6,289.64,0.0,1.25, , 
,290.83,1248,75.0,0.0,11111110,290.24,1056,75.3,11.33,846.6,290.52,0.0,1.41, , 
,291.79,992,75.0,0.4,11111110,291.16,1216,26.7,3.09,377.4,291.46,0.0,1.64, , 
,292.73,832,75.0,0.0,11101010,292.12,896,28.2,4.12,397.8,292.43,-1.2,1.25, , 
,293.85,1568,75.0,0.0,11101010,293.09,1280,69.4,10.30,826.2,293.46,0.0,0.98, , 
,294.89,1600,75.0,0.0,11101010,294.18,1472,73.7,12.36,846.6,294.55,0.0,0.94, , 
,295.97,2048,75.0,0.0,11111100,295.27,1824,63.5,10.30,714.0,295.61,0.0,1.33, , 
,297.00,1312,75.0,0.0,11101010,296.33,1472,0.0,0.00,357.0,296.68,0.0,3.67, , 
,297.99,1376,75.0,0.0,11101010,297.35,1280,48.6,7.21,591.6,297.66,0.0,1.09, , 
,299.03,1696,75.0,0.0,11101010,298.32,1504,81.2,13.39,907.8,298.68,0.0,0.90, , 
,300.09,2080,75.0,-2.7,11101000,299.40,1824,84.3,13.39,928.2,299.75,-2.7,1.25, , 
,301.10,2464,75.0,-2.7,11101000,300.42,2208,82.7,13.39,907.8,300.75,-3.9,1.45, , 
,302.12,2816,75.0,0.0,11101000,301.42,2560,84.3,13.39,887.4,301.78,-3.9,1.48, , 
,303.17,1696,75.0,0.0,11101010,302.47,2336,0.0,0.00,316.2,302.82,0.0,3.79, , 
,304.28,1920,75.0,0.0,11101010,303.54,1952,56.1,9.27,632.4,303.92,0.0,1.29, , 
,305.35,2048,75.0,0.0,11101000,304.64,1952,87.1,14.42,948.6,305.00,0.0,1.21, , 
,306.36,2176,75.0,0.0,11101000,305.68,2080,75.3,11.33,826.2,306.02,0.0,1.45, , 
,307.37,2272,75.0,-5.1,11101000,306.70,2208,60.4,8.24,673.2,307.03,-4.3,1.41, , 
,308.41,2336,75.0,-7.4,11101000,307.73,2272,59.2,7.21,673.2,308.07,-6.6,1.45, , 
,309.47,2400,75.0,-8.2,11101000,308.74,2336,59.2,7.21,652.8,309.12,-8.6,1.45, , 
,310.47,2432,75.0,0.0,11101000,309.80,2432,56.1,7.21,632.4,310.14,0.0,1.52, , 
,311.56,2432,75.0,-1.6,11101000,310.83,2432,42.7,6.18,499.8,311.19,-0.8,1.48, , 
,312.61,2464,75.0,-2.7,11101000,311.90,2432,42.7,5.15,479.4,312.25,-1.6,1.45, , 
,313.61,2528,75.0,-7.0,11101000,312.93,2464,53.3,7.21,591.6,313.26,-3.9,1.45, , 
,314.62,2592,75.0,0.4,11101000,313.96,2528,67.8,10.30,734.4,314.27,0.0,1.45, , 
,315.66,2688,75.0,0.0,11101000,314.96,2624,71.0,10.30,775.2,315.31,0.8,1.52, , 
,316.67,2816,75.0,0.0,11101000,315.98,2752,78.4,11.33,846.6,316.32,0.8,1.52, , 
,317.75,2912,75.0,0.0,11101000,317.00,2880,82.7,12.36,867.0,317.33,0.0,1.45, , 
,318.55,3008,75.0,-10.2,11101000,318.02,2976,63.5,8.24,693.6,318.29,-9.4,1.29, , 
,319.68,3040,75.0,-5.1,11101000,318.98,3008,54.5,7.21,612.0,319.26,-6.3,1.68, , 
,320.75,3040,75.0,-1.6,11101000,320.03,3040,41.2,5.15,479.4,320.33,-2.7,1.52, , 
,321.83,3040,75.0,0.0,11101000,321.09,3040,38.4,5.15,459.0,321.42,0.0,1.45, , 
,322.81,3072,75.0,-0.4,11101000,322.16,3040,38.4,5.15,459.0,322.45,-0.4,1.45, , 
,323.96,3040,75.0,0.0,11101000,323.18,3072,38.4,5.15,438.6,323.56,0.0,1.52, , 
,324.95,3040,76.5,0.0,11101000,324.27,3040,35.3,4.12,418.2,324.58,0.0,1.45, , 
,326.07,3040,76.5,0.4,11101000,325.35,3040,32.5,4.12,397.8,325.62,0.8,1.48, , 
,327.04,3008,76.5,1.2,11101000,326.33,3040,32.5,4.12,397.8,326.76,0.4,1.48, , 
,328.36,3008,76.5,1.2,11101000,327.42,3008,32.5,4.12,397.8,327.89,1.2,1.48, , 
,329.57,3008,76.5,1.2,11101000,328.82,2976,36.9,5.15,438.6,329.24,1.2,1.48, , 
,330.45,3040,76.5,-7.4,11101000,329.83,3008,53.3,7.21,591.6,330.12,-2.0,1.33, , 
,331.48,1792,76.5,0.0,11101010,330.78,2720,0.0,0.00,295.8,331.12,0.0,3.79, , 
,332.51,2176,76.5,0.0,11101000,331.83,2240,17.6,3.09,275.4,332.17,0.0,0.74, , 
,333.55,2176,76.5,-0.8,11101000,332.86,2176,23.5,3.09,316.2,333.21,-1.6,1.48, , 
,334.54,2176,76.5,0.0,11101000,333.88,2176,32.5,4.12,397.8,334.21,0.4,1.56, , 
,335.55,2208,76.5,-4.7,11101000,334.87,2176,65.1,10.30,734.4,335.21,0.0,1.25, , 
,336.58,2240,76.5,-7.4,11101000,335.90,2208,62.0,8.24,693.6,336.25,-7.0,1.41, , 
,337.57,2304,78.0,-7.8,11101000,336.91,2272,57.6,7.21,652.8,337.24,-7.8,1.45, , 
,338.58,2336,78.0,-3.9,11101000,337.90,2304,50.2,6.18,591.6,338.24,-5.1,1.60, , 
,339.60,2336,76.5,0.0,11101000,338.92,2336,44.3,5.15,499.8,339.26,-2.0,1.52, , 
,340.61,2304,78.0,-4.7,11101000,339.92,2304,19.2,2.06,275.4,340.27,-2.3,1.33, , 
,341.66,2304,78.0,-1.6,11101000,340.94,2304,22.0,3.09,295.8,341.31,-3.1,1.52, , 
,342.66,2272,78.0,-0.4,11101000,341.98,2272,35.3,4.12,418.2,342.31,0.0,1.56, , 
,343.63,2304,78.0,0.0,11101000,342.99,2304,36.9,4.12,438.6,343.30,0.0,1.60, , 
,344.62,2272,78.0,-0.4,11101000,343.97,2272,25.1,3.09,316.2,344.28,0.0,1.52, , 
,345.66,2240,78.0,0.4,11101000,344.97,2272,25.1,3.09,316.2,345.31,0.4,1.48, , 
,346.68,2208,78.0,-4.7,11101000,345.99,2208,19.2,3.09,275.4,346.33,-1.6,1.33, , 
,347.70,2144,78.0,0.0,11111100,347.02,2208,17.6,2.06,244.8,347.34,-5.9,1.48, , 
,348.71,2112,78.0,0.0,11111100,348.05,2144,0.0,0.00,244.8,348.38,0.0,3.79, , 
,349.74,2048,78.0,0.0,11111100,349.05,2080,0.0,0.00,244.8,349.39,0.0,3.87, , 
,350.81,2016,78.0,0.0,11111100,350.09,2048,0.0,0.00,244.8,350.46,0.0,3.83, , 
,351.88,1952,78.0,0.0,11111110,351.17,1984,0.0,0.00,244.8,351.53,0.0,3.91, , 
,352.93,1888,78.0,0.0,11111110,352.24,1952,0.0,0.00,275.4,352.58,0.0,3.87, , 
,354.04,1824,78.0,0.0,11101010,353.29,1856,0.0,0.00,295.8,353.67,0.0,3.83, , 
,355.12,1792,78.0,-0.8,11111110,354.39,1824,19.2,3.09,295.8,354.73,0.0,1.02, , 
,356.24,1728,79.5,0.0,11101010,355.51,1760,22.0,3.09,316.2,355.87,0.0,1.64, , 
,357.31,1664,78.0,0.0,11111110,356.58,1728,20.8,3.09,295.8,356.93,0.0,1.45, , 
,358.36,1632,79.5,0.0,11111110,357.65,1664,22.0,3.09,316.2,358.00,1.6,1.52, , 
,359.35,1600,79.5,0.0,11111110,358.68,1632,0.0,0.00,316.2,359.01,0.0,3.75, , 
,360.40,1568,78.0,0.0,11111110,359.71,1600,0.0,0.00,316.2,360.05,0.0,3.87, , 
,361.40,1536,79.5,0.0,11111110,360.75,1568,0.0,0.00,316.2,361.07,0.0,3.91, , 
,362.32,1536,79.5,0.0,11111110,361.71,1536,0.0,0.00,336.6,362.00,0.0,3.91, , 
,363.35,1504,79.5,0.0,11111110,362.69,1536,0.0,0.00,336.6,363.08,0.0,3.91, , 
,364.34,1472,79.5,0.0,11111110,363.61,1504,0.0,0.00,316.2,364.03,0.0,3.95, , 
,365.28,1472,79.5,0.0,11111110,364.61,1472,0.0,0.00,336.6,365.02,0.0,3.95, , 
,366.33,1440,79.5,0.0,11111110,365.62,1440,0.0,0.00,336.6,365.99,0.0,3.95, , 
,367.37,1440,79.5,0.0,11111110,366.68,1440,0.0,0.00,336.6,367.00,0.0,3.95, , 
,368.38,1376,79.5,0.0,11101010,367.71,1408,0.0,0.00,336.6,368.03,0.0,3.95, , 
,369.39,1408,78.0,0.0,11101010,368.69,1376,22.0,4.12,316.2,369.05,0.0,1.25, , 
,370.44,1376,78.0,-5.5,11101010,369.73,1408,23.5,3.09,336.6,370.09,0.0,0.90, , 
,371.47,1376,79.5,-3.5,11101010,370.78,1376,25.1,3.09,336.6,371.12,-2.7,1.52, , 
,372.52,1376,78.0,-4.7,11101010,371.81,1376,25.1,3.09,336.6,372.17,-3.5,1.48, , 
,373.53,1408,78.0,-4.3,11101010,372.86,1408,25.1,3.09,336.6,373.21,-4.7,1.48, , 
,374.51,1440,78.0,-5.1,11101010,373.86,1440,25.1,3.09,357.0,374.21,-4.7,1.48, , 
,375.64,1056,78.0,0.0,11111110,374.96,1440,31.0,4.12,418.2,375.30,0.0,1.52, , 
,376.60,1216,78.0,0.0,11101010,375.95,1024,29.4,4.12,397.8,376.27,0.0,1.76, , 
,377.68,1952,78.0,-1.6,11101010,376.95,1984,20.8,3.09,316.2,377.31,0.0,1.41, , 
,378.76,1984,78.0,-0.4,11101010,378.03,1984,16.1,2.06,244.8,378.39,0.4,1.56, , 
,379.85,1952,78.0,0.8,11111110,379.13,1952,16.1,2.06,244.8,379.48,0.4,1.45, , 
,380.91,1920,78.0,0.0,11111110,380.20,1952,17.6,2.06,275.4,380.57,0.0,1.76, , 
,381.96,1920,78.0,0.0,11101010,381.25,1920,17.6,3.09,275.4,381.61,0.0,2.15, , 
,383.04,1888,78.0,-3.1,11101010,382.32,1920,19.2,3.09,295.8,382.68,0.0,1.33, , 
,384.13,1920,78.0,-2.7,11101010,383.39,1920,17.6,2.06,275.4,383.76,-1.2,1.56, , 
,385.20,1920,78.0,-1.2,11111110,384.49,1920,17.6,2.06,244.8,384.84,-2.7,1.45, , 
,386.26,1952,78.0,0.0,11111110,385.58,1952,17.6,2.06,275.4,385.93,0.0,1.56, , 
,387.33,1920,78.0,0.0,11111110,386.61,1920,0.0,0.00,275.4,386.97,0.0,3.91, , 
,388.33,1888,78.0,0.0,11111110,387.66,1920,0.0,0.00,275.4,387.99,0.0,3.95, , 
,389.41,1888,78.0,0.0,11101010,388.68,1920,19.2,3.09,275.4,389.05,0.0,1.52, , 
,390.51,1888,78.0,-0.8,11101010,389.77,1888,19.2,2.06,275.4,390.14,-2.0,1.33, , 
,391.58,1920,78.0,0.8,11101010,390.87,1920,22.0,3.09,316.2,391.22,1.2,1.48, , 
,392.64,1952,78.0,0.8,11101010,391.93,1952,22.0,3.09,295.8,392.28,1.2,1.52, , 
,393.72,1984,78.0,-0.4,11101000,393.00,1984,19.2,3.09,295.8,393.36,-2.3,1.29, , 
,394.77,1984,78.0,1.2,11101000,394.08,1984,16.1,2.06,244.8,394.43,2.3,1.60, , 
,395.81,1984,78.0,2.3,11101010,395.12,1984,16.1,2.06,244.8,395.46,1.6,1.48, , 
,396.89,1984,78.0,1.2,11101010,396.17,1984,16.1,2.06,244.8,396.53,2.3,1.48, , 
,397.98,1984,78.0,0.8,11101010,397.27,1984,16.1,2.06,244.8,397.62,-0.4,1.41, , 
,399.04,1952,78.0,-3.1,11101010,398.35,1952,16.1,2.06,244.8,398.69,-1.6,1.37, , 
,400.14,1952,78.0,-5.1,11101010,399.41,1952,19.2,2.06,275.4,399.76,-4.3,1.45, , 
,401.24,1952,76.5,-5.9,11101010,400.51,1952,19.2,2.06,275.4,400.89,-6.3,1.45, , 
,402.35,1920,76.5,-7.4,11101010,401.61,1952,19.2,2.06,275.4,401.98,-7.4,1.48, , 
,403.44,1952,76.5,-3.9,11101010,402.70,1920,20.8,3.09,295.8,403.09,-5.9,1.60, , 
,404.55,1792,76.5,0.0,11111110,403.81,1920,22.0,3.09,316.2,404.18,-1.2,1.56, , 
,405.51,1088,76.5,0.0,11111110,404.84,1184,25.1,4.12,357.0,405.17,0.0,3.40, , 
,406.45,960,76.5,0.0,11111110,405.81,1088,26.7,4.12,377.4,406.15,0.0,0.82, , 
,407.38,896,76.5,-2.0,11111110,406.76,896,25.1,3.09,357.0,407.06,0.0,0.98, , 
,408.29,896,76.5,-5.9,11111110,407.69,928,26.7,3.09,377.4,407.99,-5.1,1.25, , 
,409.22,896,76.5,-7.0,11111110,408.59,864,26.7,3.09,377.4,408.92,-6.6,1.41, , 
,410.08,896,76.5,-8.2,11111110,409.52,864,26.7,3.09,377.4,409.80,-7.8,1.37, , 
,411.02,896,76.5,-8.6,11111110,410.37,864,28.2,3.09,397.8,410.71,-8.2,1.45, , 
,411.93,896,76.5,-8.2,11111110,411.32,896,28.2,3.09,397.8,411.63,-8.2,1.45, , 
,412.86,1280,76.5,0.0,11101010,412.22,864,26.7,3.09,377.4,412.52,0.0,1.48, , 
,413.92,1504,76.5,0.0,11101010,413.21,2080,59.2,9.27,673.2,413.56,0.0,1.17, , 
,414.97,2176,76.5,0.0,11101000,414.30,1568,82.7,14.42,907.8,414.65,0.0,0.86, , 
,415.98,1280,76.5,0.0,11101010,415.32,2432,0.0,0.00,550.8,415.67,0.0,3.48, , 
,416.97,1504,76.5,0.0,11101010,416.29,1440,35.3,6.18,438.6,416.57,0.0,0.98, , 
,418.01,1760,76.5,0.0,11101010,417.32,1568,71.0,12.36,795.6,417.67,0.0,1.09, , 
,419.10,1984,76.5,0.0,11101000,418.37,1824,67.8,10.30,754.8,418.76,-2.3,1.37, , 
,420.14,2080,76.5,-2.7,11101000,419.44,2016,51.8,7.21,612.0,419.80,-1.6,1.41, , 
,421.17,2208,78.0,-5.1,11101000,420.48,2144,51.8,7.21,591.6,420.84,-3.9,1.48, , 
,422.20,2336,76.5,-8.2,11101000,421.51,2208,54.5,7.21,612.0,421.86,-7.0,1.41, , 
,423.25,2560,78.0,-16.8,11101000,422.57,2400,63.5,9.27,693.6,422.91,-13.7,1.37, , 
,424.20,1632,76.5,0.0,11111110,423.57,2592,65.1,7.21,714.0,423.91,0.0,3.16, , 
,425.31,1632,78.0,0.0,11101010,424.59,1536,26.7,4.12,357.0,424.95,0.0,1.25, , 
,426.40,1664,78.0,0.0,11101010,425.66,1632,34.1,5.15,418.2,426.04,0.0,0.94, , 
,427.56,1760,78.0,-3.1,11101010,426.78,1728,59.2,9.27,693.6,427.16,-2.3,1.33, , 
,428.69,1888,78.0,-3.1,11101010,427.93,1792,56.1,8.24,652.8,428.31,-3.5,1.48, , 
,429.78,1920,78.0,0.0,11101010,429.07,1888,54.5,8.24,632.4,429.43,-3.9,1.45, , 
,430.86,1952,78.0,-0.4,11101010,430.14,1952,26.7,3.09,357.0,430.50,0.8,1.52, , 
,431.96,1984,78.0,-2.0,11101010,431.22,1984,28.2,4.12,357.0,431.60,-1.2,1.41, , 
,433.03,1984,78.0,-2.0,11101000,432.31,1984,29.4,4.12,377.4,432.67,-2.0,1.48, , 
,434.12,2016,78.0,-2.0,11101000,433.39,1984,34.1,4.12,418.2,433.76,-2.7,1.48, , 
,435.15,2048,78.0,-1.6,11101000,434.46,2016,31.0,4.12,397.8,434.79,-1.6,1.52, , 
,436.21,2048,78.0,-1.2,11101000,435.50,2048,31.0,4.12,397.8,435.86,-1.6,1.52, , 
,437.25,2112,78.0,-2.0,11101000,436.57,2080,32.5,4.12,397.8,436.91,-1.6,1.48, , 
,438.29,2176,78.0,-2.7,11101000,437.58,2112,32.5,4.12,418.2,437.93,-1.6,1.52, , 
,439.34,2240,78.0,-5.1,11101000,438.63,2176,38.4,5.15,459.0,438.98,-4.7,1.41, , 
,440.38,2336,79.5,-4.3,11101000,439.70,2240,44.3,6.18,520.2,440.03,-4.3,1.52, , 
,441.37,2400,78.0,-5.5,11101000,440.71,2336,41.2,5.15,479.4,441.02,-5.1,1.48, , 
,442.44,2464,78.0,-5.5,11101000,441.74,2432,40.0,5.15,479.4,442.08,-5.1,1.45, , 
,443.46,1632,78.0,0.0,11111110,442.76,2496,35.3,5.15,438.6,443.12,0.0,2.50, , 
,444.46,1472,78.0,0.0,11111110,443.82,1120,23.5,4.12,336.6,444.14,0.0,3.36, , 
,445.49,1760,78.0,0.0,11111110,444.82,1792,0.0,0.00,316.2,445.15,0.0,3.55, , 
,446.50,1728,78.0,0.0,11101010,445.82,1728,20.8,3.09,295.8,446.14,0.0,1.33, , 
,447.54,1696,78.0,-2.0,11101010,446.85,1728,20.8,3.09,295.8,447.20,-2.0,1.33, , 
,448.63,1664,78.0,-2.7,11101010,447.91,1696,31.0,4.12,397.8,448.26,-1.6,1.45, , 
,449.67,1664,79.5,-4.7,11101010,448.96,1664,36.9,5.15,459.0,449.31,-3.9,1.41, , 
,450.73,1696,78.0,-5.9,11101010,450.02,1664,36.9,5.15,459.0,450.39,-5.1,1.45, , 
,451.87,1696,79.5,-6.6,11101010,451.15,1664,36.9,5.15,459.0,451.50,-6.3,1.48, , 
,452.99,1696,78.0,-3.5,11101010,452.23,1696,36.9,5.15,459.0,452.64,-7.0,1.52, , 
,454.12,1728,79.5,-0.4,11101010,453.37,1696,34.1,4.12,438.6,453.74,-3.1,1.52, , 
,455.13,1696,78.0,2.3,11101010,454.45,1696,22.0,3.09,316.2,454.78,1.6,1.56, , 
,456.21,1696,79.5,1.6,11111110,455.50,1696,23.5,3.09,336.6,455.88,2.3,1.45, , 
,457.27,1696,79.5,3.1,11111110,456.57,1696,22.0,3.09,316.2,456.94,2.3,1.48, , 
,458.27,1664,79.5,0.0,11111110,457.60,1664,0.0,0.00,316.2,457.93,0.0,3.63, , 
,459.25,1632,79.5,0.0,11111110,458.58,1664,0.0,0.00,316.2,458.93,0.0,3.95, , 
,460.24,1600,79.5,0.0,11111110,459.58,1632,0.0,0.00,316.2,459.93,0.0,3.95, , 
,461.24,1600,79.5,0.0,11111110,460.59,1600,0.0,0.00,316.2,460.92,0.0,3.95, , 
,462.23,1536,79.5,0.0,11111111,461.57,1568,0.0,0.00,316.2,461.91,0.0,3.91, , 
,463.25,1536,79.5,0.0,11111111,462.58,1536,0.0,0.00,316.2,462.91,0.0,3.91, , 
,464.19,1504,79.5,0.0,11111111,463.56,1536,0.0,0.00,316.2,463.93,0.0,3.95, , 
,465.01,1504,79.5,0.0,11101011,464.46,1472,0.0,0.00,336.6,464.72,0.0,3.91, , 
,465.98,1408,79.5,0.0,11101011,465.31,1504,22.0,4.12,316.2,465.66,0.0,0.86, , 
,467.00,1408,79.5,-3.9,11101011,466.33,1440,25.1,3.09,357.0,466.69,-6.6,1.21, , 
,468.02,1408,81.0,-4.7,11101011,467.34,1408,36.9,5.15,459.0,467.70,-4.3,1.45, , 
,469.11,1408,79.5,-4.7,11101011,468.37,1408,40.0,5.15,499.8,468.74,-4.7,1.48, , 
,470.12,1408,79.5,0.0,11111111,469.46,1408,40.0,5.15,499.8,469.77,0.0,1.45, , 
,471.11,1280,79.5,-3.5,11111111,470.47,1408,23.5,3.09,336.6,470.80,-4.7,1.33, , 
,472.03,896,79.5,-3.1,11111111,471.42,1120,23.5,3.09,336.6,471.74,-3.1,1.48, , 
,472.97,1376,79.5,0.0,11101011,472.32,896,28.2,4.12,397.8,472.63,-5.5,1.37, , 
,474.05,1536,79.5,0.0,11101011,473.39,1472,38.4,5.15,479.4,473.71,0.0,1.29, , 
,475.06,1664,79.5,0.0,11101011,474.38,1568,76.9,13.39,887.4,474.72,0.0,1.05, , 
,476.14,1728,79.5,0.0,11101011,475.43,1696,51.8,7.21,632.4,475.77,0.0,1.45, , 
,477.25,1728,79.5,-2.7,11101011,476.52,1760,31.0,4.12,397.8,476.87,-1.2,1.45, , 
,478.31,1696,79.5,0.0,11111111,477.59,1728,26.7,3.09,357.0,477.95,-0.8,1.56, , 
,479.40,1664,79.5,-1.2,11111111,478.67,1664,22.0,3.09,316.2,479.01,-1.2,1.45, , 
,480.43,1568,79.5,-0.4,11111111,479.72,1632,23.5,3.09,316.2,480.06,-0.4,1.48, , 
,481.51,1536,79.5,-1.2,11101011,480.77,1568,22.0,3.09,316.2,481.15,-0.4,1.45, , 
,482.51,1504,79.5,-4.7,11101011,481.79,1504,23.5,3.09,336.6,482.24,-4.7,1.37, , 
,483.63,1504,79.5,-6.6,11101011,482.96,1504,29.4,4.12,397.8,483.24,-6.6,1.45, , 
,484.68,1504,79.5,-4.3,11101011,483.98,1504,34.1,4.12,438.6,484.27,-3.9,1.48, , 
,485.65,1504,79.5,-5.1,11101011,484.97,1504,32.5,4.12,418.2,485.30,-4.7,1.52, , 
,486.66,1504,79.5,-1.2,11101011,485.97,1504,34.1,4.12,438.6,486.38,-0.8,1.52, , 
,487.69,1536,79.5,2.0,11101011,487.00,1504,44.3,6.18,520.2,487.32,0.8,1.56, , 
,488.80,1568,79.5,3.1,11101011,488.08,1536,48.6,7.21,591.6,488.43,2.7,1.48, , 
,489.86,1568,79.5,0.4,11101011,489.15,1568,34.1,5.15,438.6,489.50,1.6,1.45, , 
,490.93,1568,79.5,0.4,11101011,490.22,1568,35.3,5.15,438.6,490.58,0.0,1.45, , 
,492.02,1568,79.5,-0.4,11101011,491.28,1568,35.3,4.12,438.6,491.66,0.0,1.48, , 
,493.12,1568,79.5,-1.2,11101011,492.37,1568,35.3,4.12,438.6,492.73,-0.4,1.52, , 
,494.18,1408,79.5,0.0,11111111,493.47,1568,35.3,4.12,438.6,493.86,-0.8,1.52, , 
,495.04,1120,79.5,0.0,11111111,494.44,992,28.2,4.12,377.4,494.75,0.0,2.50, , 
,495.95,832,79.5,0.0,11111111,495.35,1088,23.5,3.09,357.0,495.64,0.0,1.25, , 
,496.86,864,79.5,-0.4,11111111,496.26,832,28.2,4.12,397.8,496.56,0.0,1.41, , 
,497.77,864,79.5,-1.2,11111111,497.16,896,28.2,3.09,397.8,497.46,-1.2,1.45, , 
,498.69,896,79.5,-1.2,11111111,498.08,896,28.2,3.09,397.8,498.38,-1.2,1.48, , 
,499.59,896,79.5,-0.8,11111111,498.97,864,28.2,3.09,397.8,499.27,-0.8,1.48, , 
,500.52,1024,81.0,0.0,11101011,499.87,704,38.4,5.15,479.4,500.21,0.0,1.64, , 
,501.44,960,81.0,0.0,11101011,500.82,800,60.4,9.27,714.0,501.12,0.0,1.56, , 
,502.34,1088,81.0,0.8,11101011,501.71,992,62.0,9.27,734.4,502.03,0.4,1.52, , 
,503.31,1216,81.0,0.0,11101011,502.67,1120,62.0,10.30,714.0,502.99,0.0,1.37, , 
,504.28,1408,81.0,-3.5,11101011,503.62,1248,71.0,11.33,826.2,503.97,0.0,1.29, , 
,505.50,1600,81.0,-6.6,11101011,504.74,1472,65.1,9.27,754.8,505.10,-6.6,1.37, , 
,506.60,1760,81.0,-7.8,11101011,505.85,1664,62.0,9.27,714.0,506.20,-7.4,1.52, , 
,507.72,1952,79.5,-7.4,11101011,506.97,1824,65.1,9.27,734.4,507.34,-7.4,1.52, , 
,508.75,2112,81.0,-8.6,11101001,508.07,2016,62.0,8.24,693.6,508.43,-8.2,1.45, , 
,509.78,2240,81.0,-9.4,11101001,509.10,2144,59.2,8.24,673.2,509.43,-9.8,1.52, , 
,510.84,2368,81.0,-12.9,11101001,510.11,2272,60.4,8.24,673.2,510.47,-12.1,1.41, , 
,511.88,2496,81.0,-13.3,11101001,511.21,2400,57.6,7.21,652.8,511.54,-13.3,1.52, , 
,512.90,2592,81.0,-12.9,11101001,512.23,2560,57.6,7.21,652.8,512.58,-12.9,1.52, , 
,513.92,2656,81.0,-9.8,11101001,513.25,2656,53.3,7.21,612.0,513.58,-10.9,1.48, , 
,514.96,1632,81.0,0.0,11111111,514.25,2656,44.3,6.18,520.2,514.60,0.0,3.32, , 
,515.97,1568,81.0,0.0,11111111,515.26,1088,23.5,4.12,336.6,515.62,0.0,3.48, , 
,517.11,1376,81.0,-5.9,11101011,516.41,1472,22.0,3.09,316.2,516.78,0.0,0.86, , 
,518.09,1312,81.0,0.0,11101011,517.43,1344,26.7,3.09,357.0,517.76,0.0,1.41, , 
,519.04,1312,81.0,0.0,11101011,518.41,1280,76.9,13.39,867.0,518.71,0.0,0.98, , 
,520.03,1344,81.0,0.0,11101011,519.37,1312,84.3,14.42,948.6,519.70,0.0,1.02, , 
,521.10,1408,81.0,0.0,11101011,520.38,1376,81.2,13.39,928.2,520.73,-6.6,1.09, , 
,522.12,1408,81.0,0.0,11101011,521.42,1408,48.6,6.18,591.6,521.78,0.0,1.45, , 
,523.15,1376,81.0,0.0,11101011,522.49,1376,45.9,6.18,550.8,522.83,-2.3,1.45, , 
,524.18,1376,81.0,-2.0,11101011,523.50,1376,57.6,8.24,673.2,523.84,0.0,1.41, , 
,525.16,1312,81.0,-5.5,11101011,524.51,1376,40.0,5.15,499.8,524.84,0.0,1.29, , 
,526.14,1248,81.0,0.0,11101011,525.50,1280,32.5,4.12,418.2,525.83,-4.3,1.45, , 
,527.10,1312,81.0,0.0,11101011,526.46,1248,62.0,10.30,714.0,526.77,0.0,0.94, , 
,528.11,1408,81.0,0.0,11111111,527.43,1344,81.2,13.39,928.2,527.76,0.0,1.05, , 
,529.05,1056,81.0,0.0,11101011,528.42,1408,0.0,0.00,377.4,528.73,0.0,3.24, , 
,530.14,1760,82.5,0.0,11101011,529.40,1440,44.3,7.21,520.2,529.75,0.0,0.90, , 
,531.25,1888,82.5,0.0,11101011,530.52,1760,72.2,12.36,826.2,530.89,0.0,1.33, , 
,532.33,2080,82.5,-5.1,11101001,531.62,1984,66.3,9.27,754.8,531.98,-3.9,1.37, , 
,533.36,2144,82.5,-9.0,11101001,532.68,2080,62.0,8.24,714.0,533.02,-8.6,1.37, , 
,534.38,2208,82.5,-8.6,11101001,533.70,2208,51.8,6.18,591.6,534.03,-9.0,1.52, , 
,535.39,2208,82.5,-7.8,11101001,534.72,2176,50.2,6.18,591.6,535.05,-7.4,1.52, , 
,536.40,2240,82.5,-7.0,11101001,535.74,2240,51.8,7.21,591.6,536.06,-7.0,1.48, , 
,537.42,2336,82.5,-10.2,11101001,536.72,2304,56.1,7.21,632.4,537.06,-9.0,1.45, , 
,538.41,2464,82.5,-6.6,11101001,537.75,2400,66.3,10.30,734.4,538.10,0.0,1.21, , 
,539.40,2656,82.5,-15.6,11101001,538.76,2560,66.3,9.27,734.4,539.07,-13.7,1.29, , 
,540.37,2880,82.5,-16.8,11101001,539.72,2720,72.2,9.27,795.6,540.04,-19.5,1.41, , 
,541.42,1568,82.5,0.0,11111111,540.72,2592,0.0,0.00,336.6,541.07,0.0,3.75, , 
,542.47,1696,82.5,0.0,11101011,541.78,1792,20.8,3.09,316.2,542.13,0.0,1.72, , 
,543.50,1664,82.5,0.0,11101011,542.80,1696,38.4,5.15,459.0,543.14,0.0,1.02, , 
,544.58,1728,82.5,-1.2,11101011,543.85,1696,60.4,9.27,693.6,544.21,-1.2,1.45, , 
,545.70,1760,82.5,-0.8,11101011,544.94,1760,56.1,7.21,652.8,545.33,-1.2,1.48, , 
,546.72,1792,82.5,-0.4,11101011,546.03,1760,54.5,7.21,632.4,546.41,-0.8,1.52, , 
,547.82,1792,82.5,0.0,11111111,547.11,1792,53.3,7.21,632.4,547.50,0.4,1.52, , 
,548.75,1120,82.5,0.0,11111111,548.12,1376,0.0,0.00,418.2,548.44,0.0,3.40, , 
,549.66,928,82.5,0.0,11111111,549.05,1088,23.5,3.09,357.0,549.33,0.0,1.02, , 
,550.59,896,82.5,0.0,11111111,549.97,864,23.5,3.09,357.0,550.28,0.0,1.13, , 
,551.52,896,82.5,-2.0,11111111,550.91,896,26.7,3.09,397.8,551.21,-1.2,1.33, , 
,552.44,896,82.5,-2.7,11111111,551.81,864,26.7,3.09,397.8,552.14,-2.7,1.45, , 
,553.35,864,82.5,-3.1,11111111,552.73,864,26.7,3.09,397.8,553.03,-2.7,1.45, , 
,554.25,864,82.5,-3.1,11111111,553.64,864,28.2,3.09,397.8,553.94,-3.1,1.45, , 
,555.21,1056,82.5,-1.6,11101011,554.56,896,26.7,3.09,397.8,554.90,-2.7,1.48, , 
,556.10,1024,84.0,0.0,11101011,555.54,1056,29.4,4.12,397.8,555.82,1.2,1.64, , 
,557.05,1120,84.0,2.3,11101011,556.42,1056,47.1,7.21,591.6,556.75,0.0,1.60, , 
,558.00,1216,84.0,1.6,11101011,557.38,1120,47.1,7.21,591.6,557.68,2.0,1.52, , 
,559.04,1344,84.0,1.6,11101011,558.34,1248,44.3,6.18,550.8,558.70,1.6,1.48, , 
,560.02,1472,84.0,0.0,11101011,559.38,1376,45.9,6.18,571.2,559.76,0.4,1.41, , 
,561.05,1568,84.0,-6.6,11101011,560.31,1504,41.2,6.18,499.8,560.67,-3.5,1.33, , 
,562.16,1600,84.0,-3.1,11101011,561.42,1568,31.0,4.12,418.2,561.78,-3.1,1.48, , 
,563.27,1664,84.0,0.8,11101011,562.54,1632,29.4,4.12,397.8,562.89,0.8,1.52, , 
,564.33,1696,84.0,3.5,11101011,563.63,1664,29.4,4.12,397.8,563.96,2.3,1.56, , 
,565.46,1760,84.0,5.5,11101011,564.71,1728,28.2,4.12,377.4,565.09,4.7,1.48, , 
,566.56,1760,84.0,6.6,11101011,565.82,1760,25.1,3.09,357.0,566.17,6.6,1.48, , 
,567.54,1792,84.0,7.0,11101011,566.87,1792,23.5,3.09,336.6,567.21,7.0,1.52, , 
,568.59,1792,84.0,9.8,11101011,567.92,1792,22.0,3.09,316.2,568.24,9.4,1.52, , 
,569.68,1792,84.0,11.3,11101011,568.95,1792,22.0,3.09,316.2,569.31,10.9,1.48, , 
,570.84,1792,84.0,11.3,11101011,570.06,1792,20.8,3.09,316.2,570.44,11.3,1.45, , 
,571.99,1792,84.0,11.7,11101011,571.22,1792,20.8,3.09,316.2,571.61,11.3,1.45, , 
,573.07,1792,84.0,11.3,11101011,572.39,1792,20.8,3.09,316.2,572.76,11.3,1.45, , 
,574.04,1184,84.0,0.0,11111111,573.39,1792,20.8,3.09,316.2,573.76,0.0,1.45, , 
,574.92,1088,84.0,0.0,11111111,574.30,960,26.7,4.12,377.4,574.61,0.0,2.34, , 
,575.81,864,84.0,0.0,11111111,575.20,1024,23.5,3.09,357.0,575.52,0.0,0.90, , 
,576.70,896,84.0,-0.4,11111111,576.11,832,26.7,4.12,397.8,576.40,0.0,1.37, , 
,577.64,896,84.0,0.0,11111111,576.99,864,28.2,3.09,397.8,577.32,-0.4,1.45, , 
,578.61,896,84.0,0.4,11111111,577.95,864,28.2,4.12,397.8,578.28,0.4,1.48, , 
,579.49,864,84.0,1.2,11111111,578.89,864,28.2,4.12,397.8,579.20,0.8,1.48, , 
,580.43,864,84.0,1.6,11111111,579.80,896,28.2,4.12,397.8,580.12,1.6,1.48, , 
,581.35,896,84.0,2.0,11111111,580.74,896,28.2,4.12,397.8,581.05,2.0,1.45, , 
,582.23,896,84.0,2.3,11111111,581.64,896,28.2,4.12,397.8,581.95,2.3,1.45, , 
,583.19,896,82.5,2.7,11111111,582.55,896,28.2,4.12,397.8,582.86,2.3,1.45, , 
,584.12,896,84.0,2.3,11111111,583.51,896,28.2,4.12,397.8,583.81,2.7,1.45, , 
,585.06,864,84.0,1.6,11111111,584.45,864,28.2,4.12,397.8,584.75,2.0,1.41, , 
,585.96,864,84.0,1.2,11111111,585.37,896,28.2,3.09,397.8,585.66,1.2,1.45, , 
,586.88,768,84.0,0.0,11111111,586.27,832,26.7,3.09,377.4,586.58,0.8,1.37, , 
,587.78,800,84.0,-2.0,11111111,587.18,800,29.4,4.12,418.2,587.48,-1.2,1.33, , 
,588.68,800,84.0,-3.1,11111111,588.08,800,28.2,4.12,418.2,588.38,-2.7,1.37, , 
,589.59,768,84.0,-2.7,11111111,588.98,800,28.2,3.09,418.2,589.29,-2.7,1.48, , 
,590.50,800,84.0,-0.8,11111111,589.88,768,29.4,4.12,438.6,590.19,-1.6,1.56, , 
,591.54,1920,84.0,0.0,11101011,590.80,800,38.4,6.18,479.4,591.18,0.0,1.52, , 
,592.60,1376,84.0,0.0,11111111,591.90,1600,47.1,7.21,571.2,592.26,0.0,1.33, , 
,593.56,992,84.0,0.0,11111111,592.87,992,26.7,4.12,377.4,593.23,0.0,2.62, , 
,594.47,896,84.0,0.0,11111111,593.85,960,25.1,4.12,377.4,594.15,0.0,0.78, , 
,595.29,992,84.0,-5.9,11101011,594.75,864,28.2,4.12,397.8,595.03,0.0,1.05, , 
,596.26,1056,84.0,-7.0,11101011,595.60,1056,28.2,3.09,397.8,595.93,-7.0,1.33, , 
,597.16,864,84.0,-5.9,11101011,596.58,960,28.2,4.12,397.8,596.88,-5.9,1.52, , 
,598.18,992,84.0,-9.4,11101011,597.50,896,31.0,4.12,438.6,597.84,-8.2,1.37, , 
,599.14,1088,84.0,-8.2,11101011,598.51,1024,28.2,3.09,397.8,598.81,-8.6,1.48, , 
,600.09,1152,84.0,-7.0,11101011,599.47,1120,26.7,3.09,377.4,599.78,-7.8,1.52, , 
,601.06,1184,84.0,-6.3,11101011,600.41,1152,25.1,3.09,357.0,600.74,-5.9,1.56, , 
,602.04,1344,84.0,-2.3,11101011,601.40,1216,29.4,4.12,397.8,601.72,-3.5,1.60, , 
,603.18,1600,84.0,0.0,11111111,602.47,1472,38.4,5.15,479.4,602.82,-4.3,1.41, , 
,604.09,1088,84.0,0.0,11111111,603.47,1088,25.1,4.12,357.0,603.78,0.0,2.89, , 
,605.05,864,84.0,0.0,11111111,604.41,1088,25.1,4.12,357.0,604.76,0.0,0.90, , 
,605.94,768,84.0,0.0,11111111,605.36,832,26.7,4.12,397.8,605.66,0.0,1.02, , 
,606.88,1184,84.0,0.0,11101011,606.24,768,29.4,4.12,418.2,606.52,0.0,1.13, , 
,607.89,1408,84.0,0.0,11111111,607.23,1376,36.9,5.15,479.4,607.56,-3.1,1.33, , 
,608.88,1344,84.0,-3.1,11111111,608.22,1440,23.5,3.09,336.6,608.55,-3.9,1.29, , 
,609.84,864,84.0,-3.5,11111111,609.19,1216,23.5,3.09,336.6,609.53,-3.1,1.45, , 
,610.73,896,84.0,-6.6,11111111,610.14,864,28.2,4.12,397.8,610.42,-5.5,1.25, , 
,611.63,896,84.0,-8.6,10111111,611.02,896,29.4,4.12,418.2,611.33,-8.6,1.41, , 
,612.58,864,84.0,-8.2,10111111,611.95,896,29.4,4.12,418.2,612.27,-8.6,1.48, , 
,613.48,768,84.0,-7.8,10111111,612.88,864,28.2,3.09,397.8,613.18,-7.8,1.48, , 
,614.36,928,84.0,-7.8,10101011,613.77,768,29.4,4.12,418.2,614.06,-7.8,1.48, , 
,615.35,928,84.0,-8.2,10101011,614.70,960,32.5,4.12,438.6,615.05,-7.8,1.52, , 
,616.21,800,84.0,-8.6,10101011,615.64,896,32.5,4.12,438.6,615.93,-8.2,1.52, , 
,617.14,1024,84.0,0.0,10101011,616.51,704,41.2,6.18,520.2,616.82,0.0,1.60, , 
,618.08,1088,84.0,-2.7,10111111,617.46,1184,38.4,5.15,499.8,617.77,-2.7,1.37, , 
,618.99,1088,84.0,-4.7,10111111,618.38,960,28.2,4.12,397.8,618.68,-3.1,1.33, , 
,619.93,832,84.0,-6.3,10111111,619.31,1024,23.5,3.09,336.6,619.62,-6.6,1.45, , 
,620.89,896,84.0,-7.0,10111111,620.24,896,26.7,3.09,397.8,620.57,-6.6,1.41, , 
,621.83,896,84.0,-6.3,10111111,621.20,896,28.2,3.09,397.8,621.51,-6.3,1.48, , 
,622.74,832,84.0,-5.5,10111111,622.13,896,28.2,3.09,397.8,622.44,-5.9,1.52, , 
,623.61,800,84.0,-5.9,10111111,623.03,768,26.7,3.09,397.8,623.31,-5.5,1.45, , 
,624.52,768,84.0,-6.3,10111111,623.92,800,29.4,4.12,438.6,624.21,-5.9,1.45, , 
