Œroda,30,Wrzesieñ,2026,16:08:09:00009-VCID:1C3761778CABCE7337-5178,Wersja VCDS: AKP 23.3.1,Wersja danych: 20230601 DS346.2
047 906 033 L,,1.4l SIMOS3PA   00HS5401,

,Grupa A:,'001,,,,Grupa B:,'002,,,,Grupa C:,'032
,,Obroty silnika,Temperatura,Lambda,Bity binarnie,,Obroty silnika,Obci¹¿enie,Czas wtrysku,Ciœnienie rzecz.,,Lambda,Lambda, , 
,CZAS,,,,,CZAS,,,,,CZAS,,,,
Znacznik,ZAPISU, /min,*C, %,,ZAPISU, /min, %, ms, mbar,ZAPISU, %, %,,
,0.60,800,93.0,-2.3,10111111,0.01,800,28.2,3.09,418.2,0.30,-3.9,0.0, , 
,1.49,800,93.0,-2.3,10111111,0.89,800,28.2,3.09,418.2,1.19,-4.7,0.0, , 
,2.39,800,93.0,-2.3,10111111,1.79,800,28.2,3.09,418.2,2.09,-3.9,0.0, , 
,3.29,800,93.0,-2.3,10111111,2.69,800,28.2,3.09,418.2,3.00,-3.9,0.0, , 
,4.20,800,94.5,-2.0,10111111,3.58,768,29.4,3.09,418.2,3.90,-3.9,0.0, , 
,5.10,800,93.0,-1.2,10111111,4.50,800,29.4,4.12,438.6,4.80,-3.9,0.0, , 
,6.00,800,93.0,-1.2,10111111,5.40,800,31.0,4.12,438.6,5.72,-3.9,0.0, , 
,6.88,768,93.0,-1.2,10111111,6.28,800,29.4,4.12,438.6,6.58,-3.9,0.0, , 
,7.80,768,93.0,-1.6,10111111,7.19,800,29.4,3.09,438.6,7.49,-3.9,0.0, , 
,8.69,768,94.5,-2.0,10111111,8.09,800,29.4,3.09,438.6,8.38,-3.9,0.0, , 
,9.55,768,94.5,0.0,10101011,8.97,768,29.4,3.09,438.6,9.26,-3.9,0.0, , 
,10.60,1792,94.5,-3.1,10101011,9.86,1216,66.3,10.30,795.6,10.23,-1.6,6.6, , 
,11.73,1376,94.5,-2.3,10101011,10.97,1664,54.5,8.24,652.8,11.40,-1.6,6.6, , 
,12.74,1664,93.0,-7.8,10101011,12.05,1280,66.3,9.27,775.2,12.41,-1.6,0.0, , 
,13.76,1984,94.5,0.0,10111111,13.10,1920,76.9,13.39,867.0,13.43,0.0,6.6, , 
,14.75,1344,94.5,0.0,10101011,14.08,1472,0.0,0.00,357.0,14.40,-2.3,0.0, , 
,15.78,1504,94.5,0.0,10101011,15.07,1344,45.9,6.18,571.2,15.43,-1.6,0.0, , 
,16.84,1824,94.5,0.0,10101011,16.11,1600,72.2,12.36,846.6,16.46,-0.8,6.6, , 
,17.90,2176,94.5,-6.3,10101001,17.19,1920,67.8,10.30,775.2,17.54,0.0,6.6, , 
,18.89,2528,93.0,-13.7,10101001,18.23,2272,79.6,11.33,887.4,18.56,0.0,6.6, , 
,19.89,2080,93.0,0.0,10111101,19.21,2656,81.2,11.33,907.8,19.52,0.0,6.6, , 
,20.95,1792,93.0,0.0,10101011,20.22,1568,23.5,4.12,336.6,20.59,0.0,6.6, , 
,22.02,1920,93.0,0.0,10101011,21.31,1824,67.8,12.36,775.2,21.67,0.0,6.6, , 
,23.09,2080,93.0,-7.4,10101001,22.37,1984,73.7,11.33,846.6,22.72,0.0,6.6, , 
,24.10,2208,91.5,-8.6,11101001,23.44,2144,75.3,11.33,867.0,23.78,0.0,6.6, , 
,25.11,2368,91.5,-9.8,11101001,24.45,2272,75.3,11.33,846.6,24.79,0.0,6.6, , 
,26.17,2528,91.5,-8.2,11101001,25.44,2432,76.9,11.33,846.6,25.80,0.0,6.6, , 
,27.16,2688,91.5,-12.9,11101001,26.50,2560,79.6,11.33,887.4,26.83,0.0,6.6, , 
,28.16,1856,91.5,0.0,11111111,27.48,2752,85.5,13.39,948.6,27.82,0.0,6.6, , 
,29.24,1984,91.5,0.0,11101001,28.53,1920,26.7,4.12,357.0,28.87,0.0,6.6, , 
,30.32,2048,91.5,0.0,11101001,29.61,2016,59.2,9.27,673.2,29.96,0.0,6.6, , 
,31.38,2112,90.0,-1.6,11101001,30.68,2080,67.8,10.30,775.2,31.02,0.0,6.6, , 
,32.38,2176,90.0,-2.7,11101001,31.73,2144,67.8,10.30,754.8,32.06,0.0,6.6, , 
,33.42,2240,90.0,-2.3,11101001,32.72,2208,65.1,10.30,754.8,33.07,0.0,6.6, , 
,34.39,2272,90.0,-2.0,11101001,33.73,2240,65.1,9.27,734.4,34.06,0.0,6.6, , 
,35.35,2304,90.0,-0.8,11101001,34.70,2272,65.1,10.30,734.4,35.03,0.0,6.6, , 
,36.33,2368,90.0,-0.8,11101001,35.69,2336,65.1,10.30,734.4,36.01,0.0,6.6, , 
,37.36,2400,90.0,-1.6,11101001,36.66,2400,63.5,9.27,734.4,37.01,0.0,6.6, , 
,38.38,2464,90.0,0.0,11101001,37.68,2432,63.5,10.30,714.0,38.03,0.0,6.6, , 
,39.44,2528,90.0,-1.6,11101001,38.74,2496,65.1,10.30,734.4,39.10,0.0,6.6, , 
,40.46,2560,88.5,-0.4,11101001,39.79,2528,65.1,9.27,734.4,40.14,0.0,6.6, , 
,41.46,2624,88.5,-5.1,11101001,40.80,2592,65.1,10.30,734.4,41.13,0.0,6.6, , 
,42.47,2688,88.5,-8.6,11101001,41.80,2656,78.4,12.36,867.0,42.14,0.0,6.6, , 
,43.49,2752,88.5,-10.9,11101001,42.82,2720,79.6,11.33,887.4,43.16,0.0,6.6, , 
,44.56,2848,88.5,-14.1,11101001,43.84,2784,82.7,12.36,907.8,44.19,0.0,6.6, , 
,45.61,2208,88.5,0.0,11111101,44.90,2848,85.5,12.36,948.6,45.24,0.0,6.6, , 
,46.75,2208,88.5,0.0,11101001,46.04,1696,0.0,0.00,295.8,46.40,0.0,6.6, , 
,47.77,2176,88.5,0.0,11101001,47.08,2144,59.2,10.30,673.2,47.41,0.0,6.6, , 
,48.78,2176,88.5,-0.8,11101001,48.10,2176,63.5,10.30,734.4,48.44,0.0,6.6, , 
,49.81,2208,88.5,-2.0,11101001,49.11,2208,63.5,9.27,734.4,49.46,0.0,6.6, , 
,50.83,2208,88.5,-1.6,11101001,50.16,2208,63.5,10.30,734.4,50.50,0.0,6.6, , 
,51.84,2240,88.5,-1.2,11101001,51.16,2240,63.5,9.27,734.4,51.50,0.0,6.6, , 
,52.83,2240,88.5,-1.2,11101001,52.18,2240,63.5,10.30,734.4,52.50,0.0,6.6, , 
,53.83,2272,88.5,0.0,11101001,53.17,2240,63.5,9.27,714.0,53.49,0.0,6.6, , 
,54.84,2272,88.5,1.2,11101001,54.16,2272,60.4,9.27,693.6,54.49,0.0,6.6, , 
,55.82,2304,88.5,0.8,11101001,55.17,2272,62.0,9.27,714.0,55.50,0.0,6.6, , 
,56.85,2304,88.5,0.4,11101001,56.16,2272,63.5,9.27,714.0,56.50,0.0,6.6, , 
,57.88,2304,88.5,0.4,11101001,57.18,2304,63.5,10.30,714.0,57.54,0.0,6.6, , 
,58.93,2336,87.0,0.0,11101001,58.24,2304,62.0,9.27,714.0,58.58,0.0,6.6, , 
,60.03,2368,87.0,-0.8,11101001,59.31,2336,62.0,9.27,714.0,59.66,0.0,6.6, , 
,61.06,2368,87.0,-0.8,11101001,60.37,2368,62.0,9.27,693.6,60.72,0.0,6.6, , 
,62.07,2368,87.0,0.0,11101001,61.39,2368,62.0,9.27,693.6,61.72,0.0,6.6, , 
,63.11,2336,87.0,-3.5,11101001,62.43,2368,34.1,5.15,418.2,62.77,0.0,6.6, , 
,64.09,2336,87.0,-4.3,11101001,63.43,2336,35.3,5.15,438.6,63.76,0.0,6.6, , 
,65.13,2336,87.0,-4.7,11101001,64.44,2336,41.2,6.18,499.8,64.80,0.0,6.6, , 
,66.11,2304,87.0,-2.3,11101001,65.46,2336,42.7,6.18,499.8,65.78,0.0,6.6, , 
,67.11,2304,87.0,0.0,11101001,66.45,2304,41.2,6.18,499.8,66.78,0.0,6.6, , 
,68.15,2304,87.0,-0.4,11101001,67.48,2304,42.7,6.18,499.8,67.81,0.0,6.6, , 
,69.19,2304,87.0,-1.2,11101001,68.49,2304,42.7,6.18,499.8,68.82,0.0,6.6, , 
,70.21,2304,87.0,0.0,11101001,69.52,2304,41.2,6.18,499.8,69.87,0.0,6.6, , 
,71.20,2304,87.0,0.8,11101001,70.54,2304,41.2,6.18,499.8,70.87,0.0,6.6, , 
,72.21,2336,87.0,-5.1,11101001,71.53,2304,25.1,3.09,336.6,71.86,0.0,6.6, , 
,73.22,2336,85.5,-11.7,11101001,72.56,2304,23.5,3.09,316.2,72.89,0.0,6.6, , 
,74.22,2304,85.5,-16.0,11101001,73.56,2304,20.8,2.06,295.8,73.88,0.0,6.6, , 
,75.23,2304,85.5,-18.4,11101001,74.55,2304,20.8,2.06,295.8,74.90,0.0,6.6, , 
,76.23,2304,85.5,-19.9,11101001,75.55,2304,20.8,2.06,295.8,75.90,0.0,6.6, , 
,77.21,2304,85.5,-19.9,11101001,76.55,2304,20.8,2.06,295.8,76.89,0.0,6.6, , 
,78.21,2304,85.5,-16.4,11101001,77.56,2304,20.8,2.06,295.8,77.88,0.0,6.6, , 
,79.20,2304,85.5,-9.8,11101001,78.54,2304,28.2,3.09,357.0,78.87,0.0,6.6, , 
,80.22,2304,85.5,-4.7,11101001,79.54,2304,42.7,5.15,499.8,79.88,0.0,6.6, , 
,81.23,2304,85.5,0.0,11101001,80.55,2304,41.2,6.18,499.8,80.90,0.0,6.6, , 
,82.25,2304,85.5,4.3,11101001,81.58,2304,47.1,7.21,571.2,81.92,0.0,6.6, , 
,83.23,2304,85.5,8.2,11101001,82.57,2304,50.2,8.24,591.6,82.90,0.0,6.6, , 
,84.23,2272,85.5,9.8,11101001,83.56,2304,50.2,8.24,591.6,83.89,0.0,6.6, , 
,85.22,2272,85.5,9.4,11101001,84.56,2272,51.8,8.24,612.0,84.89,0.0,6.6, , 
,86.22,2240,84.0,7.8,11101001,85.56,2240,53.3,8.24,612.0,85.88,0.0,6.6, , 
,87.21,2240,84.0,8.2,11101001,86.55,2240,54.5,8.24,632.4,86.89,0.0,6.6, , 
,88.22,2208,84.0,5.5,11101001,87.54,2240,57.6,9.27,652.8,87.88,0.0,6.6, , 
,89.27,2240,84.0,2.7,11101001,88.55,2208,63.5,10.30,714.0,88.91,0.0,6.6, , 
,90.34,2240,84.0,2.0,11101001,89.63,2240,62.0,9.27,714.0,89.99,0.0,6.6, , 
,91.35,2240,84.0,0.8,11101001,90.68,2240,63.5,10.30,714.0,91.02,0.0,6.6, , 
,92.37,2240,84.0,1.2,11101001,91.68,2240,63.5,9.27,714.0,92.03,0.0,6.6, , 
,93.39,2240,84.0,1.2,11101001,92.71,2240,63.5,10.30,714.0,93.05,0.0,6.6, , 
,94.42,2272,84.0,1.2,11101001,93.72,2272,63.5,10.30,734.4,94.08,0.0,6.6, , 
,95.44,2272,84.0,0.4,11101001,94.75,2272,65.1,10.30,734.4,95.08,0.0,6.6, , 
,96.46,2304,84.0,0.8,11101001,95.78,2304,65.1,10.30,734.4,96.12,0.0,6.6, , 
,97.49,2304,84.0,0.8,11101001,96.81,2304,65.1,10.30,734.4,97.17,0.0,6.6, , 
,98.48,2304,84.0,0.4,11101001,97.82,2304,65.1,10.30,734.4,98.14,0.0,6.6, , 
,99.46,2336,84.0,0.0,11101001,98.80,2336,65.1,10.30,734.4,99.14,0.0,6.6, , 
,100.45,2336,84.0,0.0,11101001,99.81,2336,65.1,10.30,734.4,100.12,0.0,6.6, , 
,101.45,2368,84.0,-0.4,11101001,100.77,2336,63.5,10.30,714.0,101.10,0.0,6.6, , 
,102.46,2336,84.0,-0.4,11101001,101.79,2336,65.1,10.30,734.4,102.14,0.0,6.6, , 
,103.47,2368,84.0,0.0,11101001,102.80,2368,63.5,10.30,714.0,103.14,0.0,6.6, , 
,104.49,2336,84.0,0.0,11101001,103.80,2336,42.7,6.18,499.8,104.16,0.0,6.6, , 
,105.47,2272,84.0,-9.4,11111101,104.82,2336,20.8,3.09,295.8,105.15,0.0,6.6, , 
,106.48,2240,82.5,0.0,11111101,105.79,2272,16.1,2.06,244.8,106.13,0.0,6.6, , 
,107.48,2176,82.5,0.0,11111101,106.81,2208,0.0,0.00,244.8,107.14,0.0,6.6, , 
,108.53,2112,82.5,0.0,11111101,107.83,2176,0.0,0.00,244.8,108.19,0.0,6.6, , 
,109.55,2048,82.5,0.0,11111101,108.87,2112,0.0,0.00,244.8,109.21,0.0,6.6, , 
,110.61,2016,82.5,0.0,11101001,109.92,2048,0.0,0.00,244.8,110.26,0.0,6.6, , 
,111.66,1984,84.0,0.0,11101011,110.97,2016,16.1,2.06,244.8,111.31,0.0,6.6, , 
,112.76,1984,82.5,-0.8,11101011,112.03,1984,40.0,5.15,479.4,112.38,0.0,6.6, , 
,113.82,1984,82.5,2.0,11101001,113.12,1984,44.3,6.18,520.2,113.46,0.0,6.6, , 
,114.95,1984,82.5,2.0,11101001,114.21,1984,51.8,7.21,612.0,114.59,0.0,6.6, , 
,116.01,1984,82.5,0.0,11101001,115.29,1984,53.3,8.24,632.4,115.65,0.0,6.6, , 
,117.14,1984,82.5,-2.3,11101011,116.39,1984,32.5,4.12,397.8,116.76,0.0,6.6, , 
,118.21,1952,82.5,-6.3,11101011,117.48,1984,31.0,4.12,397.8,117.85,0.0,6.6, , 
,119.29,1952,82.5,-12.9,11101011,118.58,1952,19.2,2.06,295.8,118.93,0.0,6.6, , 
,120.38,1888,82.5,-23.0,11101011,119.66,1888,17.6,2.06,275.4,120.02,0.0,6.6, , 
,121.50,1888,82.5,-18.0,11101011,120.76,1888,19.2,2.06,295.8,121.13,0.0,6.6, , 
,122.59,1888,82.5,0.8,11101011,121.85,1888,42.7,6.18,520.2,122.22,0.0,6.6, , 
,123.69,1888,82.5,2.7,11101011,122.97,1888,56.1,8.24,652.8,123.33,0.0,6.6, , 
,124.81,1920,81.0,3.5,11101011,124.05,1920,60.4,9.27,693.6,124.45,0.0,6.6, , 
,125.89,1984,81.0,1.6,11101011,125.16,1920,67.8,11.33,775.2,125.52,0.0,6.6, , 
,126.96,1984,81.0,-0.4,11101011,126.25,1952,69.4,11.33,775.2,126.60,0.0,6.6, , 
,128.01,2016,81.0,-1.6,11101001,127.32,1984,69.4,10.30,775.2,127.67,0.0,6.6, , 
,129.05,2048,81.0,0.8,11101001,128.36,2016,71.0,11.33,795.6,128.70,0.0,6.6, , 
,130.10,2080,81.0,-0.8,11101001,129.41,2048,69.4,10.30,795.6,129.75,0.0,6.6, , 
,131.18,2112,81.0,-2.0,11101001,130.47,2080,71.0,10.30,795.6,130.82,0.0,6.6, , 
,132.24,2144,81.0,1.6,11101001,131.54,2112,71.0,10.30,795.6,131.88,0.0,6.6, , 
,133.28,2176,81.0,2.3,11101001,132.60,2144,71.0,11.33,795.6,132.94,0.0,6.6, , 
,134.29,2208,81.0,2.3,11101001,133.61,2176,72.2,10.30,795.6,133.96,0.0,6.6, , 
,135.30,2240,81.0,3.5,11101001,134.62,2208,71.0,11.33,795.6,134.96,0.0,6.6, , 
,136.32,2272,81.0,3.5,11101001,135.65,2240,71.0,10.30,795.6,135.99,0.0,6.6, , 
,137.37,2272,81.0,0.0,11101001,136.68,2272,71.0,10.30,795.6,137.02,0.0,6.6, , 
,138.36,2304,81.0,-2.7,11101001,137.70,2272,78.4,12.36,867.0,138.02,0.0,6.6, , 
,139.37,2336,81.0,-3.9,11101001,138.69,2304,79.6,12.36,887.4,139.04,0.0,6.6, , 
,140.37,2368,82.5,-4.3,11101001,139.70,2336,79.6,11.33,887.4,140.02,0.0,6.6, , 
,141.43,2400,81.0,-4.3,11101001,140.74,2368,79.6,11.33,867.0,141.09,0.0,6.6, , 
,142.46,2400,81.0,2.7,11101001,141.80,2400,53.3,6.18,612.0,142.14,0.0,6.6, , 
,143.42,2368,81.0,2.0,11101001,142.79,2400,41.2,5.15,499.8,143.11,0.0,6.6, , 
,144.48,2368,81.0,4.7,11101001,143.76,2368,41.2,5.15,499.8,144.13,0.0,6.6, , 
,145.48,2368,81.0,6.6,11101001,144.81,2368,40.0,5.15,479.4,145.13,0.0,6.6, , 
,146.48,2336,81.0,8.6,11101001,145.81,2336,41.2,6.18,479.4,146.14,0.0,6.6, , 
,147.52,2336,81.0,9.4,11101001,146.83,2336,40.0,5.15,479.4,147.16,0.0,6.6, , 
,148.55,2336,81.0,9.0,11101001,147.88,2336,40.0,5.15,479.4,148.21,0.0,6.6, , 
,149.59,2336,81.0,5.5,11101001,148.89,2336,38.4,5.15,459.0,149.23,0.0,6.6, , 
,150.60,2304,81.0,-1.2,11101001,149.93,2304,23.5,3.09,336.6,150.26,0.0,6.6, , 
,151.62,2304,81.0,-2.7,11101001,150.94,2304,25.1,3.09,336.6,151.27,0.0,6.6, , 
,152.63,2304,81.0,-3.9,11101001,151.95,2304,25.1,3.09,336.6,152.29,0.0,6.6, , 
,153.65,2272,81.0,-5.5,11101001,152.97,2272,25.1,3.09,336.6,153.31,0.0,6.6, , 
,154.65,2272,81.0,-16.8,11101001,154.00,2272,19.2,2.06,275.4,154.33,0.0,6.6, , 
,155.62,2240,81.0,-26.6,11101001,154.98,2272,16.1,2.06,244.8,155.29,0.0,6.6, , 
,156.65,2240,81.0,-30.1,11101001,155.96,2240,16.1,1.03,244.8,156.30,0.0,6.6, , 
,157.65,2208,81.0,-29.7,11101001,156.97,2240,16.1,1.03,244.8,157.31,0.0,6.6, , 
,158.68,2176,81.0,-29.3,11101001,158.00,2208,16.1,1.03,244.8,158.34,0.0,6.6, , 
,159.69,2176,81.0,-29.3,11101001,159.03,2176,16.1,1.03,244.8,159.36,0.0,6.6, , 
,160.72,2144,81.0,-28.9,11101001,160.02,2144,16.1,1.03,244.8,160.38,0.0,6.6, , 
,161.81,2112,82.5,-29.7,11101001,161.07,2112,16.1,1.03,244.8,161.44,0.0,6.6, , 
,162.84,2112,81.0,-24.2,11101001,162.15,2112,17.6,2.06,275.4,162.50,0.0,6.6, , 
,163.84,2112,81.0,-16.8,11101001,163.17,2112,22.0,2.06,316.2,163.50,0.0,6.6, , 
,164.87,2112,81.0,-9.8,11101001,164.20,2112,38.4,4.12,459.0,164.54,0.0,6.6, , 
,165.91,2144,81.0,0.4,11101001,165.22,2112,57.6,8.24,652.8,165.55,0.0,6.6, , 
,166.90,2176,82.5,2.7,11101001,166.25,2144,65.1,10.30,734.4,166.57,0.0,6.6, , 
,167.90,2208,81.0,4.7,11101001,167.25,2176,65.1,10.30,734.4,167.58,0.0,6.6, , 
,168.89,2208,81.0,-0.4,11101001,168.23,2208,71.0,11.33,795.6,168.56,0.0,6.6, , 
,169.89,2240,81.0,-2.7,11101001,169.21,2208,71.0,11.33,795.6,169.56,0.0,6.6, , 
,170.87,2240,81.0,-3.1,11101001,170.22,2240,71.0,11.33,795.6,170.56,0.0,6.6, , 
,171.88,2240,81.0,0.8,11101001,171.20,2240,56.1,8.24,652.8,171.54,0.0,6.6, , 
,172.90,2272,81.0,2.0,11101001,172.22,2272,56.1,8.24,632.4,172.55,0.0,6.6, , 
,173.90,2272,81.0,2.7,11101001,173.24,2272,56.1,8.24,632.4,173.58,0.0,6.6, , 
,174.94,2240,81.0,-2.7,11101001,174.24,2240,40.0,5.15,479.4,174.59,0.0,6.6, , 
,175.97,2208,81.0,-5.5,11101001,175.28,2240,35.3,5.15,438.6,175.62,0.0,6.6, , 
,177.01,2208,81.0,-7.8,11101001,176.33,2208,35.3,5.15,438.6,176.67,0.0,6.6, , 
,178.03,2176,81.0,-9.4,11101001,177.36,2176,36.9,5.15,459.0,177.70,0.0,6.6, , 
,179.06,2144,82.5,-9.8,11101001,178.36,2176,36.9,5.15,459.0,178.69,0.0,6.6, , 
,180.07,2144,82.5,-5.5,11101001,179.40,2144,38.4,5.15,479.4,179.73,0.0,6.6, , 
,181.11,2112,82.5,-2.7,11101001,180.41,2112,44.3,6.18,520.2,180.77,0.0,6.6, , 
,182.13,2112,82.5,-1.2,11101001,181.44,2112,44.3,6.18,520.2,181.79,0.0,6.6, , 
,183.23,2080,82.5,2.0,11101001,182.49,2112,51.8,7.21,612.0,182.86,0.0,6.6, , 
,184.29,2080,82.5,1.6,11101001,183.59,2080,51.8,8.24,612.0,183.94,0.0,6.6, , 
,185.36,2048,82.5,0.4,11101001,184.65,2080,51.8,7.21,612.0,185.01,0.0,6.6, , 
,186.40,2016,82.5,0.4,11101001,185.70,2048,51.8,7.21,612.0,186.05,0.0,6.6, , 
,187.44,2016,82.5,0.4,11101001,186.75,2016,53.3,8.24,612.0,187.09,0.0,6.6, , 
,188.50,1984,82.5,0.4,11101001,187.78,2016,53.3,8.24,612.0,188.13,0.0,6.6, , 
,189.57,1984,82.5,1.6,11101011,188.86,1984,53.3,8.24,632.4,189.21,0.0,6.6, , 
,190.66,1952,82.5,4.3,11101011,189.93,1952,57.6,9.27,673.2,190.31,0.0,6.6, , 
,191.76,1952,82.5,0.0,11101011,191.03,1952,57.6,9.27,673.2,191.38,0.0,6.6, , 
,192.86,1920,82.5,-0.8,11101011,192.13,1920,45.9,6.18,550.8,192.50,0.0,6.6, , 
,193.93,1920,82.5,0.0,11101011,193.22,1920,45.9,6.18,550.8,193.57,0.0,6.6, , 
,195.03,1888,82.5,-1.6,11101011,194.31,1920,41.2,6.18,499.8,194.67,0.0,6.6, , 
,196.13,1888,82.5,-1.6,11101011,195.37,1888,40.0,5.15,499.8,195.75,0.0,6.6, , 
,197.21,1888,82.5,0.0,11101011,196.50,1888,42.7,6.18,499.8,196.85,0.0,6.6, , 
,198.30,1856,82.5,-5.9,11101011,197.56,1856,20.8,3.09,295.8,197.93,0.0,6.6, , 
,199.44,1824,82.5,-6.6,11101011,198.67,1856,23.5,3.09,336.6,199.05,0.0,6.6, , 
,200.42,1024,82.5,0.0,11111111,199.78,1792,0.0,0.00,316.2,200.10,-3.1,0.0, , 
,201.37,1056,82.5,0.0,11111111,200.74,1056,26.7,4.12,377.4,201.07,-3.1,0.0, , 
,202.31,864,84.0,0.0,11111111,201.66,992,22.0,3.09,336.6,201.98,-3.9,0.0, , 
,203.20,864,82.5,0.0,11111111,202.62,864,25.1,3.09,377.4,202.90,-3.9,0.0, , 
,204.13,896,82.5,1.6,11111111,203.49,896,26.7,3.09,397.8,203.83,-3.9,0.0, , 
,205.06,896,82.5,3.1,11111111,204.45,896,26.7,3.09,377.4,204.75,-3.9,0.0, , 
,205.96,896,82.5,3.9,11111111,205.35,896,26.7,3.09,377.4,205.66,-3.9,0.0, , 
,206.91,896,82.5,4.3,11111111,206.26,896,25.1,3.09,377.4,206.59,-3.9,0.0, , 
,207.87,864,82.5,4.3,11111111,207.23,896,25.1,3.09,377.4,207.55,-3.9,0.0, , 
,208.79,864,82.5,3.9,11111111,208.19,864,25.1,3.09,377.4,208.48,-3.9,0.0, , 
,209.68,896,84.0,2.0,11111111,209.08,896,26.7,3.09,377.4,209.37,-3.9,0.0, , 
,210.61,896,82.5,1.6,11111111,210.00,896,26.7,3.09,377.4,210.31,-3.9,0.0, , 
,211.55,1184,84.0,2.0,11111111,210.90,992,25.1,3.09,377.4,211.22,-3.1,0.0, , 
,212.54,1120,84.0,5.5,11111111,211.90,1184,19.2,2.06,295.8,212.22,-3.9,0.0, , 
,213.47,1024,84.0,6.6,11111111,212.84,1088,17.6,2.06,295.8,213.16,-3.9,0.0, , 
,214.41,960,84.0,5.9,11111111,213.81,1024,17.6,2.06,295.8,214.08,-4.7,0.0, , 
,215.34,960,84.0,0.0,11101011,214.72,960,22.0,3.09,336.6,215.02,-3.1,0.0, , 
,216.23,1088,84.0,0.4,11111111,215.64,928,34.1,4.12,459.0,215.92,-3.1,0.0, , 
,217.20,1216,84.0,-1.6,11101011,216.55,1184,23.5,3.09,336.6,216.87,-3.1,0.0, , 
,218.18,1344,84.0,1.2,11101011,217.53,1408,28.2,4.12,377.4,217.85,-2.3,0.0, , 
,219.17,1376,84.0,0.8,11101011,218.49,1344,28.2,4.12,377.4,218.82,-2.3,0.0, , 
,220.20,1472,84.0,3.5,11101011,219.51,1408,36.9,5.15,459.0,219.84,-1.6,0.0, , 
,221.26,1568,84.0,2.0,11101011,220.58,1504,41.2,6.18,520.2,220.92,-1.6,6.6, , 
,222.31,1664,84.0,0.8,11101011,221.61,1600,38.4,6.18,479.4,221.94,-1.6,6.6, , 
,223.39,1664,84.0,-3.9,11101011,222.66,1696,23.5,3.09,336.6,223.02,-2.3,6.6, , 
,224.45,1632,84.0,-5.5,11101011,223.74,1664,22.0,3.09,316.2,224.10,-2.3,6.6, , 
,225.46,1600,84.0,-6.6,11111111,224.77,1632,22.0,3.09,316.2,225.12,-2.3,6.6, , 
,226.54,1536,84.0,-6.3,11111111,225.80,1568,22.0,3.09,316.2,226.19,-2.3,6.6, , 
,227.42,1440,82.5,-4.3,11111111,226.81,1504,22.0,3.09,316.2,227.08,-2.3,0.0, , 
,228.47,1344,82.5,2.0,11111111,227.78,1408,23.5,3.09,336.6,228.13,-2.3,0.0, , 
,229.46,1248,82.5,6.6,11101011,228.79,1312,22.0,3.09,336.6,229.14,-3.1,0.0, , 
,230.46,1248,82.5,8.2,11101011,229.81,1280,25.1,3.09,336.6,230.13,-2.3,0.0, , 
,231.42,1280,82.5,8.6,11101011,230.78,1248,26.7,4.12,377.4,231.09,-2.3,0.0, , 
,232.40,1280,82.5,6.6,11101011,231.75,1280,26.7,4.12,357.0,232.07,-2.3,0.0, , 
,233.37,1312,82.5,4.3,11101011,232.72,1280,25.1,3.09,357.0,233.04,-2.3,0.0, , 
,234.38,1344,82.5,5.9,11101011,233.69,1312,26.7,4.12,377.4,234.04,-2.3,0.0, , 
,235.37,1408,82.5,6.6,11101011,234.72,1344,29.4,4.12,397.8,235.05,-2.3,0.0, , 
,236.51,1504,82.5,5.5,11101011,235.72,1440,35.3,5.15,459.0,236.16,-1.6,0.0, , 
,237.62,1568,82.5,0.8,11101011,236.89,1536,32.5,5.15,418.2,237.27,-1.6,6.6, , 
,238.68,1632,82.5,-0.8,11101011,237.98,1600,31.0,4.12,397.8,238.33,-1.6,6.6, , 
,239.72,1600,82.5,-4.7,11101011,239.06,1632,25.1,3.09,357.0,239.39,-2.3,6.6, , 
,240.77,1568,82.5,-9.0,11101011,240.07,1600,20.8,3.09,316.2,240.43,-2.3,6.6, , 
,241.82,1536,82.5,-10.5,11101011,241.12,1568,20.8,2.06,295.8,241.49,-2.3,6.6, , 
,242.91,1536,82.5,-10.9,11101011,242.16,1568,20.8,2.06,295.8,242.54,-2.3,6.6, , 
,244.00,1504,82.5,-9.8,11101011,243.33,1536,22.0,3.09,316.2,243.59,-2.3,6.6, , 
,245.05,1504,82.5,-8.6,11101011,244.26,1504,22.0,3.09,316.2,244.61,-2.3,6.6, , 
,245.98,1440,84.0,-7.0,11101011,245.36,1472,22.0,2.06,316.2,245.66,-2.3,0.0, , 
,247.02,1408,84.0,-3.1,11101011,246.34,1440,20.8,3.09,316.2,246.67,-2.3,0.0, , 
,247.99,1408,84.0,-0.8,11101011,247.34,1408,22.0,3.09,316.2,247.67,-2.3,0.0, , 
,249.02,1376,84.0,1.6,11101011,248.34,1376,20.8,3.09,316.2,248.66,-3.1,0.0, , 
,250.04,1344,84.0,2.0,11101011,249.37,1344,22.0,3.09,316.2,249.71,-3.1,0.0, , 
,251.01,1312,84.0,2.7,11101011,250.36,1344,22.0,3.09,316.2,250.68,-3.1,0.0, , 
,252.06,1312,84.0,4.3,11111111,251.38,1312,22.0,3.09,316.2,251.72,-3.1,0.0, , 
,253.02,1248,84.0,5.9,11111111,252.36,1280,22.0,3.09,336.6,252.69,-3.1,0.0, , 
,254.01,1152,84.0,6.6,11101011,253.37,1184,23.5,3.09,336.6,253.70,-3.1,0.0, , 
,255.04,1152,84.0,10.9,11101011,254.36,1216,28.2,4.12,397.8,254.69,-2.3,0.0, , 
,256.01,1280,84.0,8.6,11101011,255.36,1216,40.0,6.18,499.8,255.67,-1.6,0.0, , 
,257.00,1440,84.0,0.0,11101011,256.36,1312,44.3,6.18,550.8,256.69,-1.6,0.0, , 
,258.04,1696,84.0,-0.8,11101011,257.34,1536,59.2,9.27,693.6,257.69,-1.6,6.6, , 
,259.18,1984,84.0,-0.4,11101011,258.43,1792,60.4,9.27,714.0,258.80,0.0,6.6, , 
,260.20,2272,85.5,0.4,11101001,259.53,2080,57.6,8.24,652.8,259.87,0.0,6.6, , 
,261.24,2496,84.0,0.0,11111101,260.58,2336,59.2,9.27,673.2,260.92,0.0,6.6, , 
,262.23,1088,84.0,0.0,11101011,261.58,2080,0.0,0.00,316.2,261.93,-2.3,6.6, , 
,263.30,1600,84.0,0.0,11101011,262.59,1408,25.1,4.12,357.0,262.92,-2.3,6.6, , 
,264.37,1664,84.0,-0.8,11101011,263.66,1632,31.0,4.12,418.2,264.04,-1.6,6.6, , 
,265.50,1728,84.0,0.8,11101011,264.77,1696,34.1,5.15,438.6,265.14,-1.6,6.6, , 
,266.52,1792,84.0,0.4,11101011,265.85,1760,31.0,4.12,418.2,266.17,-1.6,6.6, , 
,267.58,1824,84.0,-1.2,11101011,266.88,1792,31.0,4.12,397.8,267.24,0.0,6.6, , 
,268.69,1888,84.0,-2.7,11101011,267.95,1856,28.2,4.12,377.4,268.32,0.0,6.6, , 
,269.80,1920,84.0,-4.7,11101011,269.05,1888,28.2,4.12,377.4,269.43,0.0,6.6, , 
,270.91,1920,84.0,-5.9,11101011,270.17,1920,26.7,4.12,357.0,270.54,0.0,6.6, , 
,272.01,1952,84.0,-5.1,11101011,271.28,1952,28.2,4.12,377.4,271.65,0.0,6.6, , 
,273.08,1952,84.0,-7.0,11101011,272.36,1952,26.7,3.09,357.0,272.73,0.0,6.6, , 
,274.15,1984,84.0,-6.6,11101011,273.44,1952,26.7,3.09,357.0,273.79,0.0,6.6, , 
,275.23,1984,85.5,-7.8,11101011,274.51,1984,25.1,3.09,357.0,274.87,0.0,6.6, , 
,276.33,1984,85.5,-7.8,11101011,275.59,1984,25.1,3.09,357.0,275.94,0.0,6.6, , 
,277.42,1984,84.0,-7.8,11101011,276.68,1984,25.1,3.09,357.0,277.04,0.0,6.6, , 
,278.49,1984,85.5,-3.5,11101011,277.76,1984,25.1,3.09,357.0,278.13,0.0,6.6, , 
,279.58,1952,84.0,-3.1,11101011,278.85,1984,26.7,3.09,357.0,279.21,0.0,6.6, , 
,280.64,1952,84.0,-2.7,11101011,279.92,1952,26.7,3.09,357.0,280.27,0.0,6.6, , 
,281.72,1952,85.5,0.0,11101011,280.99,1952,26.7,3.09,357.0,281.35,0.0,6.6, , 
,282.81,1952,85.5,-0.8,11101011,282.08,1952,26.7,3.09,357.0,282.45,0.0,6.6, , 
,283.89,1952,84.0,0.0,11101011,283.17,1952,26.7,3.09,357.0,283.52,0.0,6.6, , 
,284.96,1920,84.0,0.4,11101011,284.24,1952,26.7,4.12,357.0,284.61,0.0,6.6, , 
,286.04,1920,84.0,0.0,11101011,285.32,1920,26.7,4.12,357.0,285.69,0.0,6.6, , 
,287.14,1920,85.5,0.0,11101011,286.40,1920,26.7,3.09,357.0,286.77,0.0,6.6, , 
,288.22,1888,84.0,0.8,11101011,287.50,1920,28.2,4.12,377.4,287.86,0.0,6.6, , 
,289.33,1888,84.0,2.0,11101011,288.58,1888,29.4,4.12,377.4,288.96,0.0,6.6, , 
,290.41,1888,84.0,2.0,11101011,289.70,1888,29.4,4.12,377.4,290.06,0.0,6.6, , 
,291.53,1824,84.0,2.0,11101011,290.79,1888,29.4,4.12,397.8,291.17,0.0,6.6, , 
,292.60,1792,85.5,-6.3,11101011,291.88,1856,17.6,2.06,275.4,292.24,0.0,6.6, , 
,293.71,1760,84.0,-2.7,11101011,292.95,1824,22.0,3.09,316.2,293.34,-2.3,6.6, , 
,294.82,1728,84.0,0.0,11101011,294.09,1760,31.0,4.12,418.2,294.46,-1.6,6.6, , 
,295.96,1792,84.0,4.7,11101011,295.19,1760,45.9,6.18,550.8,295.57,-1.6,6.6, , 
,297.07,1824,84.0,8.2,11101011,296.33,1824,42.7,6.18,520.2,296.70,0.0,6.6, , 
,298.21,1824,84.0,5.9,11101011,297.43,1856,41.2,6.18,499.8,297.82,0.0,6.6, , 
,299.31,1824,85.5,2.7,11101011,298.59,1824,31.0,4.12,397.8,298.97,0.0,6.6, , 
,300.44,1824,84.0,2.7,11101011,299.69,1824,31.0,4.12,397.8,300.05,0.0,6.6, , 
,301.54,1824,85.5,2.0,11101011,300.81,1824,31.0,4.12,397.8,301.19,0.0,6.6, , 
,302.64,1824,85.5,1.2,11101011,301.92,1824,28.2,4.12,377.4,302.26,0.0,6.6, , 
,303.76,1824,84.0,0.0,11101011,303.01,1824,28.2,4.12,377.4,303.39,0.0,6.6, , 
,304.90,1824,84.0,1.2,11101011,304.14,1824,28.2,4.12,377.4,304.53,0.0,6.6, , 
,306.01,1824,84.0,2.0,11101011,305.26,1824,28.2,4.12,377.4,305.63,0.0,6.6, , 
,307.12,1856,84.0,2.0,11101011,306.38,1824,31.0,4.12,397.8,306.75,0.0,6.6, , 
,308.26,1856,84.0,2.0,11101011,307.49,1856,29.4,4.12,397.8,307.88,0.0,6.6, , 
,309.37,1888,84.0,3.5,11101011,308.63,1856,29.4,4.12,397.8,308.99,0.0,6.6, , 
,310.44,1888,84.0,0.8,11101011,309.72,1888,29.4,4.12,377.4,310.08,0.0,6.6, , 
,311.53,1920,84.0,-3.5,11101011,310.80,1888,23.5,3.09,336.6,311.16,0.0,6.6, , 
,312.64,1888,84.0,-5.5,11101011,311.91,1920,23.5,3.09,336.6,312.27,0.0,6.6, , 
,313.73,1888,84.0,-12.5,11101011,313.00,1920,22.0,3.09,316.2,313.36,0.0,6.6, , 
,314.79,1856,84.0,-15.2,11111111,314.09,1888,17.6,2.06,275.4,314.45,0.0,6.6, , 
,315.88,1792,84.0,0.0,11111111,315.16,1856,0.0,0.00,295.8,315.53,0.0,6.6, , 
,316.92,1728,84.0,0.0,11111111,316.24,1760,0.0,0.00,316.2,316.58,-2.3,6.6, , 
,317.92,1600,84.0,0.0,11111111,317.26,1696,0.0,0.00,316.2,317.58,-2.3,6.6, , 
,318.85,1504,84.0,0.0,11111111,318.26,1568,0.0,0.00,316.2,318.54,-2.3,6.6, , 
,319.85,1376,84.0,0.0,10111111,319.19,1440,0.0,0.00,336.6,319.52,-2.3,0.0, , 
,320.82,1248,84.0,0.0,10111111,320.17,1344,0.0,0.00,336.6,320.49,-3.1,0.0, , 
,321.80,1248,84.0,0.0,10111111,321.15,1280,22.0,3.09,316.2,321.45,-3.1,0.0, , 
,322.72,1248,84.0,1.6,10111111,322.11,1248,22.0,3.09,336.6,322.41,-3.1,0.0, , 
,323.70,1216,84.0,4.7,10111111,323.04,1216,22.0,3.09,336.6,323.35,-3.1,0.0, , 
,324.67,1152,85.5,5.9,10111111,324.01,1184,23.5,3.09,336.6,324.34,-3.1,0.0, , 
,325.62,1184,84.0,7.8,10111111,325.00,1184,23.5,3.09,357.0,325.30,-3.1,0.0, , 
,326.57,1152,84.0,8.2,10111111,325.93,1152,23.5,3.09,357.0,326.25,-3.1,0.0, , 
,327.54,1152,84.0,7.8,10111111,326.90,1152,23.5,3.09,336.6,327.22,-3.1,0.0, , 
,328.54,1152,84.0,7.0,10111111,327.86,1152,23.5,3.09,357.0,328.19,-3.1,0.0, , 
,329.53,1184,84.0,6.6,10111111,328.87,1184,23.5,3.09,357.0,329.21,-3.1,0.0, , 
,330.48,1152,84.0,5.9,10111111,329.86,1152,23.5,3.09,336.6,330.17,-3.1,0.0, , 
,331.46,1056,84.0,5.5,10111111,330.80,1088,23.5,3.09,357.0,331.13,-3.1,0.0, , 
,332.42,992,84.0,5.9,10111111,331.79,1056,25.1,3.09,357.0,332.09,-3.1,0.0, , 
,333.35,928,84.0,5.9,10111111,332.70,960,23.5,3.09,357.0,333.05,-3.9,0.0, , 
,334.29,864,85.5,5.9,10111111,333.68,896,25.1,3.09,357.0,333.98,-3.9,0.0, , 
,335.19,864,84.0,3.9,10111111,334.58,864,25.1,3.09,377.4,334.88,-3.9,0.0, , 
,336.11,896,84.0,2.0,10111111,335.49,864,26.7,3.09,377.4,335.81,-3.9,0.0, , 
,337.04,896,84.0,-4.7,10111111,336.41,864,26.7,3.09,397.8,336.74,-3.9,0.0, , 
,337.97,896,84.0,-3.5,10111111,337.35,864,28.2,3.09,397.8,337.66,-3.1,0.0, , 
,338.91,896,84.0,-1.6,10111111,338.27,864,28.2,3.09,397.8,338.60,-3.1,0.0, , 
,339.83,896,84.0,-0.4,10111111,339.23,864,28.2,3.09,397.8,339.53,-3.1,0.0, , 
,340.74,896,85.5,0.4,10111111,340.13,896,28.2,3.09,397.8,340.42,-3.1,0.0, , 
,341.65,896,85.5,0.8,10111111,341.06,896,28.2,3.09,397.8,341.36,-3.1,0.0, , 
,342.60,864,85.5,1.6,10111111,341.96,864,28.2,3.09,397.8,342.27,-3.1,0.0, , 
,343.53,864,85.5,2.7,10111111,342.92,896,28.2,3.09,397.8,343.23,-3.1,0.0, , 
,344.43,896,85.5,3.5,10111111,343.81,896,28.2,3.09,397.8,344.14,-3.1,0.0, , 
,345.31,896,85.5,4.3,10111111,344.72,864,28.2,3.09,397.8,345.01,-3.1,0.0, , 
,346.22,864,85.5,4.7,10111111,345.61,896,28.2,3.09,397.8,345.92,-3.1,0.0, , 
,347.10,896,84.0,4.7,10111111,346.51,864,28.2,3.09,397.8,346.81,-3.1,0.0, , 
,348.07,896,85.5,4.3,10111111,347.42,896,28.2,3.09,397.8,347.74,-3.1,0.0, , 
,349.03,896,84.0,2.7,10111111,348.39,896,28.2,3.09,397.8,348.71,-3.1,0.0, , 
,349.98,896,84.0,2.3,10111111,349.35,896,28.2,3.09,397.8,349.67,-3.1,0.0, , 
,350.91,896,84.0,2.0,10111111,350.29,896,28.2,3.09,397.8,350.61,-3.1,0.0, , 
,351.85,864,85.5,2.0,10111111,351.25,896,26.7,3.09,397.8,351.55,-3.1,0.0, , 
,352.79,896,85.5,1.6,10111111,352.16,896,28.2,3.09,397.8,352.50,-3.1,0.0, , 
,353.73,896,85.5,1.6,10111111,353.12,896,26.7,3.09,397.8,353.44,-3.1,0.0, , 
,354.70,896,84.0,1.6,10111111,354.06,896,26.7,3.09,397.8,354.38,-3.1,0.0, , 
,355.64,896,84.0,1.2,10111111,355.01,896,26.7,3.09,397.8,355.33,-3.1,0.0, , 
,356.55,864,85.5,0.4,10111111,355.94,864,28.2,3.09,397.8,356.24,-3.1,0.0, , 
,357.49,864,84.0,0.0,10111111,356.89,864,28.2,3.09,397.8,357.19,-3.1,0.0, , 
,358.46,896,84.0,-0.4,10111111,357.80,864,28.2,3.09,397.8,358.14,-3.1,0.0, , 
,359.40,896,84.0,-0.4,10111111,358.79,896,28.2,3.09,397.8,359.10,-3.1,0.0, , 
,360.29,896,85.5,0.4,10111111,359.68,896,28.2,3.09,397.8,359.98,-3.1,0.0, , 
,361.21,896,85.5,1.2,10111111,360.59,864,28.2,3.09,397.8,360.89,-3.1,0.0, , 
,362.13,896,85.5,1.6,10111111,361.53,864,28.2,3.09,397.8,361.83,-3.1,0.0, , 
,363.03,864,85.5,1.6,10111111,362.44,896,28.2,3.09,397.8,362.73,-3.1,0.0, , 
,363.95,896,85.5,1.6,10111111,363.33,896,28.2,3.09,397.8,363.63,-3.1,0.0, , 
,364.89,896,85.5,1.2,10111111,364.26,896,28.2,3.09,397.8,364.58,-3.1,0.0, , 
,365.78,896,85.5,1.2,10111111,365.19,896,28.2,3.09,397.8,365.48,-3.1,0.0, , 
,366.67,896,85.5,1.2,10111111,366.07,896,28.2,3.09,397.8,366.37,-3.1,0.0, , 
,367.59,896,85.5,1.6,10111111,366.96,896,28.2,3.09,397.8,367.29,-3.1,0.0, , 
,368.55,896,85.5,1.6,10111111,367.92,896,28.2,3.09,397.8,368.23,-3.1,0.0, , 
,369.48,896,85.5,1.6,10111111,368.86,896,28.2,3.09,397.8,369.17,-3.1,0.0, , 
,370.41,864,85.5,1.6,10111111,369.79,896,28.2,3.09,397.8,370.09,-3.1,0.0, , 
,371.35,864,85.5,0.4,10111111,370.71,864,28.2,3.09,397.8,371.03,-3.1,0.0, , 
,372.28,896,85.5,0.0,10111111,371.67,864,28.2,3.09,397.8,371.97,-3.1,0.0, , 
,373.19,864,85.5,-0.4,10111111,372.59,896,28.2,3.09,397.8,372.88,-3.1,0.0, , 
,374.13,896,85.5,-0.4,10111111,373.49,864,28.2,3.09,418.2,373.82,-3.1,0.0, , 
,375.19,1856,85.5,0.0,10101011,374.43,896,40.0,6.18,479.4,374.80,-0.8,6.6, , 
,376.25,2080,85.5,0.0,10101001,375.54,1728,84.3,14.42,948.6,375.90,0.0,6.6, , 
,377.22,2656,85.5,-5.5,10101001,376.58,2272,90.2,15.45,989.4,376.90,0.0,6.6, , 
,378.23,2016,85.5,0.0,10101001,377.53,2848,88.6,15.45,948.6,377.87,0.0,6.6, , 
,379.27,2080,85.5,0.0,10101001,378.59,2016,44.3,7.21,499.8,378.94,0.0,6.6, , 
,380.32,2272,85.5,2.0,10101001,379.63,2144,60.4,9.27,693.6,379.98,0.0,6.6, , 
,381.33,2336,85.5,0.0,10101001,380.66,2304,36.9,5.15,459.0,381.00,0.0,6.6, , 
,382.32,1440,85.5,0.0,10111111,381.65,2368,22.0,3.09,316.2,382.00,0.0,6.6, , 
,383.25,1088,85.5,0.0,10111111,382.62,1024,25.1,4.12,357.0,382.94,-3.1,0.0, , 
,384.14,928,85.5,0.0,10111111,383.58,1088,23.5,3.09,336.6,383.84,-3.1,0.0, , 
,385.06,864,85.5,0.0,10111111,384.44,864,23.5,3.09,357.0,384.75,-3.9,0.0, , 
,386.00,864,85.5,-0.4,10111111,385.37,864,26.7,3.09,397.8,385.69,-3.1,0.0, , 
,386.94,864,85.5,0.8,10111111,386.32,896,28.2,3.09,397.8,386.64,-3.1,0.0, , 
,387.85,896,85.5,2.0,10111111,387.24,896,26.7,3.09,397.8,387.55,-3.1,0.0, , 
,388.81,896,85.5,3.1,10111111,388.18,896,26.7,3.09,397.8,388.48,-3.1,0.0, , 
,389.75,896,85.5,3.9,10111111,389.13,896,26.7,3.09,397.8,389.44,-3.1,0.0, , 
,390.72,896,85.5,3.9,10111111,390.07,896,26.7,3.09,397.8,390.40,-3.1,0.0, , 
,391.62,896,85.5,3.5,10111111,391.02,896,26.7,3.09,397.8,391.32,-3.1,0.0, , 
,392.48,896,85.5,3.5,10111111,391.90,896,26.7,3.09,397.8,392.19,-3.1,0.0, , 
,393.43,864,85.5,3.5,10111111,392.79,896,26.7,3.09,397.8,393.12,-3.1,0.0, , 
,394.37,896,85.5,3.5,10111111,393.73,896,26.7,3.09,397.8,394.06,-3.1,0.0, , 
,395.31,864,85.5,1.6,10111111,394.69,896,26.7,3.09,397.8,394.99,-3.1,0.0, , 
,396.28,896,85.5,1.2,10111111,395.63,896,26.7,3.09,397.8,395.96,-3.1,0.0, , 
,397.22,896,85.5,0.8,10111111,396.58,896,26.7,3.09,397.8,396.90,-3.1,0.0, , 
,398.12,896,85.5,1.2,10111111,397.52,896,26.7,3.09,397.8,397.83,-3.1,0.0, , 
,399.02,896,85.5,1.2,10111111,398.42,896,26.7,3.09,397.8,398.71,-3.1,0.0, , 
,399.94,896,85.5,1.2,10111111,399.34,896,26.7,3.09,397.8,399.65,-3.1,0.0, , 
,400.85,864,85.5,1.2,10111111,400.24,896,26.7,3.09,397.8,400.54,-3.1,0.0, , 
,401.79,864,85.5,1.2,10111111,401.16,864,26.7,3.09,397.8,401.50,-3.1,0.0, , 
,402.67,896,85.5,0.4,10111111,402.09,896,26.7,3.09,397.8,402.39,-3.1,0.0, , 
,403.61,864,85.5,0.0,10111111,402.99,864,26.7,3.09,397.8,403.31,-3.1,0.0, , 
,404.56,896,85.5,-0.4,10111111,403.93,896,28.2,3.09,397.8,404.24,-3.1,0.0, , 
,405.52,864,85.5,-0.8,10111111,404.88,864,26.7,3.09,397.8,405.20,-3.1,0.0, , 
,406.43,896,85.5,-0.8,10111111,405.84,896,28.2,3.09,397.8,406.14,-3.1,0.0, , 
,407.37,896,85.5,-0.4,10111111,406.74,896,28.2,3.09,397.8,407.07,-3.1,0.0, , 
,408.34,896,85.5,-0.4,10111111,407.69,896,26.7,3.09,397.8,408.01,-3.1,0.0, , 
,409.27,864,85.5,-0.4,10111111,408.66,896,26.7,3.09,397.8,408.98,-3.1,0.0, , 
,410.19,896,85.5,0.0,10111111,409.59,896,26.7,3.09,397.8,409.89,-3.1,0.0, , 
,411.12,896,85.5,0.0,10111111,410.49,896,26.7,3.09,397.8,410.81,-3.1,0.0, , 
,412.03,896,85.5,0.4,10111111,411.43,864,26.7,3.09,397.8,411.73,-3.1,0.0, , 
,412.92,864,85.5,1.2,10111111,412.31,896,26.7,3.09,397.8,412.61,-3.1,0.0, , 
,413.82,896,85.5,0.8,10111111,413.22,896,26.7,3.09,397.8,413.52,-3.1,0.0, , 
,414.75,896,85.5,0.8,10111111,414.12,864,26.7,3.09,397.8,414.43,-3.1,0.0, , 
,415.63,864,84.0,0.8,10111111,415.06,864,28.2,3.09,397.8,415.34,-3.1,0.0, , 
,416.58,896,84.0,0.8,10111111,415.93,896,28.2,3.09,397.8,416.24,-3.1,0.0, , 
,417.49,896,84.0,0.4,10111111,416.89,896,28.2,3.09,397.8,417.20,-3.1,0.0, , 
,418.41,896,84.0,0.0,10111111,417.80,896,28.2,3.09,397.8,418.10,-3.1,0.0, , 
,419.55,1408,84.0,-0.8,10101011,418.77,1056,31.0,4.12,418.2,419.18,-2.3,0.0, , 
,420.61,1824,84.0,0.0,10101011,419.90,1504,76.9,14.42,867.0,420.27,-0.8,6.6, , 
,421.66,2304,84.0,0.0,10101001,420.96,1984,90.2,16.48,989.4,421.32,0.0,6.6, , 
,422.69,2016,84.0,0.0,10111101,421.99,2496,91.4,14.42,989.4,422.32,0.0,6.6, , 
,423.75,1760,84.0,0.0,10101011,423.03,1600,22.0,4.12,316.2,423.39,-1.6,6.6, , 
,424.84,1792,84.0,0.0,10101011,424.11,1728,31.0,4.12,397.8,424.49,-1.6,6.6, , 
,425.97,1952,84.0,0.4,10101011,425.22,1824,51.8,8.24,612.0,425.59,0.0,6.6, , 
,427.03,2016,84.0,1.2,10101001,426.32,1984,48.6,7.21,571.2,426.69,0.0,6.6, , 
,428.09,2112,84.0,0.4,10101001,427.37,2048,45.9,7.21,550.8,427.74,0.0,6.6, , 
,429.12,2208,84.0,0.0,11101001,428.45,2144,47.1,7.21,550.8,428.77,0.0,6.6, , 
,430.16,2272,82.5,-5.1,11101001,429.48,2208,38.4,5.15,459.0,429.83,0.0,6.6, , 
,431.19,2304,82.5,-7.4,11101001,430.51,2272,35.3,5.15,418.2,430.86,0.0,6.6, , 
,432.20,2336,82.5,-8.2,11101001,431.53,2304,36.9,5.15,438.6,431.87,0.0,6.6, , 
,433.17,2304,82.5,-12.9,11111101,432.52,2304,17.6,2.06,244.8,432.86,0.0,6.6, , 
,434.19,2240,82.5,0.0,10111101,433.51,2272,0.0,0.00,244.8,433.85,0.0,6.6, , 
,435.18,2144,82.5,0.0,10101001,434.51,2208,0.0,0.00,244.8,434.84,0.0,6.6, , 
,436.25,2112,82.5,0.0,10111101,435.52,2176,16.1,2.06,244.8,435.88,0.0,6.6, , 
,437.27,2016,82.5,0.0,10111101,436.59,2080,0.0,0.00,244.8,436.93,0.0,6.6, , 
,438.36,1920,82.5,0.0,10111111,437.63,1984,0.0,0.00,244.8,438.00,0.0,6.6, , 
,439.43,1856,82.5,0.0,10101011,438.72,1856,17.6,3.09,275.4,439.09,0.0,6.6, , 
,440.54,1824,82.5,-2.0,10101011,439.80,1824,20.8,3.09,295.8,440.16,0.0,6.6, , 
,441.67,1856,82.5,0.0,10101011,440.91,1824,28.2,4.12,377.4,441.30,0.0,6.6, , 
,442.78,1920,82.5,-0.8,10101011,442.02,1856,48.6,7.21,591.6,442.40,0.0,6.6, , 
,443.71,1024,82.5,0.0,10111111,443.12,1632,0.0,0.00,336.6,443.40,-3.1,0.0, , 
,444.70,960,82.5,0.0,10111111,444.04,1088,26.7,4.12,377.4,444.37,-3.1,0.0, , 
,445.61,864,82.5,0.0,10111111,445.01,896,23.5,3.09,357.0,445.31,-3.9,0.0, , 
,446.50,864,82.5,-0.8,10111111,445.90,896,26.7,3.09,397.8,446.20,-3.1,0.0, , 
,447.38,896,82.5,0.0,10111111,446.80,896,26.7,3.09,397.8,447.10,-3.1,0.0, , 
,448.27,896,82.5,0.8,10111111,447.67,896,26.7,3.09,397.8,447.96,-3.1,0.0, , 
,449.14,864,82.5,1.2,10111111,448.55,896,26.7,3.09,397.8,448.84,-3.1,0.0, , 
,450.04,896,82.5,1.6,10111111,449.42,896,26.7,3.09,397.8,449.71,-3.1,0.0, , 
,450.98,896,82.5,2.0,10111111,450.36,896,26.7,3.09,397.8,450.65,-3.1,0.0, , 
,451.91,1024,82.5,1.2,10111111,451.26,992,26.7,3.09,377.4,451.60,-3.1,0.0, , 
,452.84,1024,84.0,5.9,10101011,452.17,1024,22.0,3.09,336.6,452.52,-3.1,0.0, , 
,453.71,1024,82.5,9.0,10101011,453.14,960,32.5,4.12,438.6,453.40,-2.3,0.0, , 
,454.65,1120,84.0,0.0,10101011,454.02,1056,36.9,5.15,479.4,454.35,-2.3,0.0, , 
,455.61,1344,84.0,0.0,10101011,454.98,1120,59.2,9.27,693.6,455.28,-1.6,0.0, , 
,456.74,1792,84.0,0.0,10101011,456.00,1440,75.3,12.36,887.4,456.39,-0.8,6.6, , 
,457.74,2176,84.0,-4.7,11101001,457.08,1920,73.7,11.33,846.6,457.42,0.0,6.6, , 
,458.75,2592,84.0,-7.8,11101001,458.08,2336,75.3,11.33,826.2,458.42,0.0,6.6, , 
,459.75,2368,84.0,0.0,11111101,459.10,2752,76.9,11.33,846.6,459.42,0.0,6.6, , 
,460.79,1952,84.0,0.0,11101011,460.08,1856,0.0,0.00,295.8,460.43,0.0,6.6, , 
,461.84,2080,84.0,-4.3,11101001,461.15,2016,26.7,4.12,357.0,461.50,0.0,6.6, , 
,462.82,2208,84.0,-2.3,11101001,462.17,2112,42.7,6.18,520.2,462.49,0.0,6.6, , 
,463.84,2368,82.5,0.0,11101001,463.15,2272,51.8,7.21,591.6,463.49,0.0,6.6, , 
,464.87,2560,82.5,1.6,11101001,464.18,2432,57.6,9.27,652.8,464.53,0.0,6.6, , 
,465.88,2752,82.5,-0.4,11101001,465.20,2624,65.1,10.30,734.4,465.53,0.0,6.6, , 
,466.90,2496,82.5,0.0,11111101,466.23,2784,63.5,9.27,714.0,466.57,0.0,6.6, , 
,467.93,1440,82.5,0.0,11101011,467.24,1984,0.0,0.00,295.8,467.54,-2.3,6.6, , 
,468.94,2176,82.5,0.0,11101001,468.28,2176,16.1,3.09,244.8,468.61,0.0,6.6, , 
,469.92,2240,82.5,0.0,11101001,469.27,2176,56.1,9.27,632.4,469.61,0.0,6.6, , 
,470.91,2336,82.5,-7.0,11101001,470.25,2272,82.7,14.42,907.8,470.58,0.0,6.6, , 
,471.91,2432,82.5,-11.7,11101001,471.24,2368,84.3,13.39,928.2,471.56,0.0,6.6, , 
,472.91,2528,82.5,-14.5,11101001,472.25,2464,84.3,12.36,928.2,472.56,0.0,6.6, , 
,473.90,2624,82.5,-16.4,11101001,473.26,2560,87.1,12.36,948.6,473.58,0.0,6.6, , 
,474.92,2720,82.5,-16.8,11101001,474.24,2656,88.6,13.39,969.0,474.59,0.0,6.6, , 
,475.95,2816,82.5,-16.4,11101001,475.26,2752,90.2,13.39,969.0,475.60,0.0,6.6, , 
,476.96,2912,82.5,-15.2,11101001,476.31,2848,90.2,13.39,969.0,476.65,0.0,6.6, , 
,477.86,2976,84.0,-15.2,11101001,477.32,2944,90.2,13.39,969.0,477.59,0.0,6.6, , 
,478.91,3072,82.5,-16.8,11101001,478.13,3008,90.2,13.39,969.0,478.55,0.0,6.6, , 
,479.91,2464,82.5,0.0,11111101,479.24,3104,90.2,13.39,969.0,479.59,0.0,6.6, , 
,480.91,1280,84.0,0.0,11101011,480.24,1952,0.0,0.00,275.4,480.58,-2.3,0.0, , 
,481.91,2336,84.0,0.0,11101001,481.23,1920,40.0,6.18,499.8,481.57,0.0,6.6, , 
,482.92,2336,82.5,0.8,11101001,482.24,2336,60.4,9.27,693.6,482.57,0.0,6.6, , 
,483.91,2336,84.0,1.2,11101001,483.25,2336,62.0,9.27,693.6,483.58,0.0,6.6, , 
,484.96,2368,84.0,0.8,11101001,484.26,2368,62.0,9.27,693.6,484.59,0.0,6.6, , 
,486.02,2368,84.0,-0.8,11101001,485.32,2368,63.5,9.27,714.0,485.70,0.0,6.6, , 
,487.08,2400,84.0,-0.8,11101001,486.37,2400,62.0,9.27,693.6,486.71,0.0,6.6, , 
,488.11,2400,84.0,0.4,11101001,487.40,2400,62.0,9.27,693.6,487.76,0.0,6.6, , 
,489.13,2432,84.0,0.4,11101001,488.45,2432,62.0,9.27,693.6,488.79,0.0,6.6, , 
,490.20,2432,84.0,0.8,11101001,489.49,2432,62.0,9.27,693.6,489.85,0.0,6.6, , 
,491.26,2464,84.0,1.6,11101001,490.55,2464,60.4,9.27,673.2,490.89,0.0,6.6, , 
,492.34,2464,84.0,0.4,11101001,491.63,2464,53.3,8.24,612.0,491.98,0.0,6.6, , 
,493.45,2464,84.0,1.6,11101001,492.71,2464,53.3,8.24,612.0,493.09,0.0,6.6, , 
,494.47,2496,84.0,2.3,11101001,493.81,2464,53.3,8.24,612.0,494.14,0.0,6.6, , 
,495.50,2496,84.0,3.5,11101001,494.83,2496,53.3,8.24,612.0,495.19,0.0,6.6, , 
,496.52,2496,84.0,4.7,11101001,495.83,2496,53.3,8.24,612.0,496.17,0.0,6.6, , 
,497.45,2496,84.0,0.4,11101001,496.82,2496,42.7,6.18,499.8,497.14,0.0,6.6, , 
,498.53,2496,84.0,0.4,11101001,497.81,2496,42.7,6.18,499.8,498.17,0.0,6.6, , 
,499.59,2464,84.0,2.0,11101001,498.89,2496,42.7,6.18,499.8,499.24,0.0,6.6, , 
,500.64,2464,84.0,4.3,11101001,499.95,2464,42.7,6.18,499.8,500.30,0.0,6.6, , 
,501.71,2464,84.0,6.6,11101001,500.99,2464,45.9,7.21,550.8,501.36,0.0,6.6, , 
,502.78,2464,82.5,6.6,11101001,502.07,2464,47.1,7.21,550.8,502.43,0.0,6.6, , 
,503.86,2464,84.0,5.9,11101001,503.15,2464,47.1,7.21,550.8,503.51,0.0,6.6, , 
,504.92,2464,84.0,5.1,11101001,504.21,2464,47.1,7.21,550.8,504.58,0.0,6.6, , 
,505.93,2464,82.5,0.0,11101001,505.26,2464,56.1,9.27,632.4,505.58,0.0,6.6, , 
,506.94,2528,82.5,-9.4,11101001,506.26,2496,84.3,14.42,928.2,506.59,0.0,6.6, , 
,507.98,2560,82.5,-13.7,11101001,507.30,2528,85.5,12.36,928.2,507.63,0.0,6.6, , 
,508.99,2592,82.5,-13.3,11101001,508.32,2592,82.7,12.36,907.8,508.64,0.0,6.6, , 
,509.96,2592,82.5,0.0,11101001,509.30,2592,79.6,11.33,867.0,509.63,0.0,6.6, , 
,510.95,2624,84.0,0.8,11101001,510.29,2624,60.4,9.27,693.6,510.62,0.0,6.6, , 
,511.93,2624,82.5,0.0,11101001,511.28,2624,62.0,9.27,693.6,511.60,0.0,6.6, , 
,512.95,2624,82.5,2.7,11101001,512.26,2624,45.9,6.18,520.2,512.60,0.0,6.6, , 
,513.93,2624,82.5,5.5,11101001,513.27,2624,47.1,7.21,550.8,513.61,0.0,6.6, , 
,514.92,2624,82.5,7.8,11101001,514.26,2624,51.8,8.24,612.0,514.59,0.0,6.6, , 
,515.91,2624,82.5,7.8,11101001,515.24,2624,53.3,8.24,612.0,515.57,0.0,6.6, , 
,516.89,2624,82.5,5.1,11101001,516.23,2624,59.2,9.27,673.2,516.55,0.0,6.6, , 
,517.91,2624,82.5,1.6,11101001,517.22,2624,60.4,9.27,693.6,517.57,0.0,6.6, , 
,518.96,2656,82.5,0.8,11101001,518.28,2656,60.4,9.27,693.6,518.62,0.0,6.6, , 
,519.96,2656,82.5,0.0,11101001,519.30,2656,59.2,9.27,673.2,519.62,0.0,6.6, , 
,520.99,2656,82.5,-0.4,11101001,520.33,2656,60.4,9.27,673.2,520.66,0.0,6.6, , 
,521.98,2688,82.5,0.0,11101001,521.33,2656,59.2,9.27,673.2,521.65,0.0,6.6, , 
,523.02,2688,82.5,1.2,11101001,522.31,2688,59.2,9.27,673.2,522.66,0.0,6.6, , 
,524.08,2688,82.5,3.9,11101001,523.39,2688,54.5,8.24,632.4,523.72,0.0,6.6, , 
,525.13,2688,82.5,3.9,11101001,524.43,2688,54.5,8.24,632.4,524.79,0.0,6.6, , 
,526.20,2688,82.5,5.1,11101001,525.49,2688,54.5,8.24,612.0,525.86,0.0,6.6, , 
,527.18,2688,82.5,4.7,11101001,526.51,2688,54.5,8.24,612.0,526.82,0.0,6.6, , 
,528.21,2688,84.0,4.3,11101001,527.52,2688,53.3,8.24,612.0,527.86,0.0,6.6, , 
,529.22,2688,82.5,4.3,11101001,528.56,2688,54.5,8.24,612.0,528.89,0.0,6.6, , 
,530.21,2688,82.5,1.6,11101001,529.56,2688,54.5,8.24,612.0,529.88,0.0,6.6, , 
,531.22,2688,82.5,3.5,11101001,530.57,2688,54.5,8.24,612.0,530.91,0.0,6.6, , 
,532.21,2688,82.5,4.7,11101001,531.54,2688,45.9,7.21,550.8,531.88,0.0,6.6, , 
,533.25,2688,82.5,4.3,11101001,532.55,2688,45.9,7.21,550.8,532.90,0.0,6.6, , 
,534.29,2656,84.0,3.9,11101001,533.58,2688,47.1,7.21,550.8,533.91,0.0,6.6, , 
,535.32,2656,82.5,3.9,11101001,534.62,2656,48.6,7.21,550.8,534.95,0.0,6.6, , 
,536.37,2656,82.5,2.0,11101001,535.68,2656,50.2,8.24,591.6,536.03,0.0,6.6, , 
,537.39,2656,82.5,2.7,11101001,536.71,2656,51.8,8.24,612.0,537.06,0.0,6.6, , 
,538.41,2656,82.5,3.1,11101001,537.72,2656,53.3,8.24,612.0,538.05,0.0,6.6, , 
,539.37,2656,82.5,2.7,11101001,538.73,2656,53.3,8.24,612.0,539.05,0.0,6.6, , 
,540.37,2656,82.5,2.7,11101001,539.72,2656,53.3,8.24,612.0,540.04,0.0,6.6, , 
,541.42,2656,82.5,2.7,11101001,540.71,2656,53.3,8.24,612.0,541.07,0.0,6.6, , 
,542.47,2656,82.5,2.3,11101001,541.77,2656,53.3,8.24,612.0,542.14,0.0,6.6, , 
,543.53,2656,82.5,2.0,11101001,542.81,2656,53.3,8.24,612.0,543.16,0.0,6.6, , 
,544.54,2656,82.5,1.2,11101001,543.87,2656,56.1,8.24,632.4,544.21,0.0,6.6, , 
,545.57,2656,82.5,0.8,11101001,544.87,2656,56.1,8.24,632.4,545.23,0.0,6.6, , 
,546.58,2656,84.0,2.0,11101001,545.92,2656,56.1,8.24,632.4,546.25,0.0,6.6, , 
,547.59,2656,82.5,1.2,11101001,546.90,2656,56.1,9.27,632.4,547.23,0.0,6.6, , 
,548.63,2688,82.5,2.0,11101001,547.94,2656,56.1,8.24,632.4,548.28,0.0,6.6, , 
,549.66,2688,82.5,1.2,11101001,548.97,2656,56.1,8.24,632.4,549.31,0.0,6.6, , 
,550.70,2688,84.0,0.8,11101001,550.01,2688,56.1,8.24,632.4,550.36,0.0,6.6, , 
,551.71,2656,82.5,3.5,11101001,551.04,2688,45.9,7.21,520.2,551.37,0.0,6.6, , 
,552.73,2656,82.5,-2.3,11101001,552.04,2656,36.9,5.15,438.6,552.38,0.0,6.6, , 
,553.72,2624,82.5,-4.3,11101001,553.05,2624,26.7,4.12,357.0,553.38,0.0,6.6, , 
,554.69,2592,82.5,-4.3,11101001,554.05,2624,26.7,4.12,357.0,554.37,0.0,6.6, , 
,555.70,2560,84.0,-3.1,11101001,555.03,2592,26.7,4.12,357.0,555.36,0.0,6.6, , 
,556.71,2528,82.5,-5.1,11101001,556.05,2560,28.2,4.12,357.0,556.39,0.0,6.6, , 
,557.75,2496,82.5,-11.7,11101001,557.04,2528,20.8,3.09,275.4,557.38,0.0,6.6, , 
,558.76,2464,82.5,-18.8,11101001,558.06,2496,17.6,2.06,275.4,558.40,0.0,6.6, , 
,559.80,2432,82.5,-22.3,11101001,559.11,2464,17.6,2.06,275.4,559.45,0.0,6.6, , 
,560.84,2400,82.5,-25.8,11101001,560.17,2432,17.6,2.06,275.4,560.50,0.0,6.6, , 
,561.85,2368,82.5,-28.5,11101001,561.18,2368,17.6,2.06,275.4,561.53,0.0,6.6, , 
,562.85,2336,84.0,-28.5,11101001,562.19,2336,17.6,2.06,275.4,562.51,0.0,6.6, , 
,563.85,2304,84.0,-26.2,11101001,563.20,2336,19.2,2.06,275.4,563.52,0.0,6.6, , 
,564.85,2272,82.5,0.0,11101001,564.19,2272,19.2,2.06,275.4,564.53,0.0,6.6, , 
,565.88,2208,82.5,-0.4,11101001,565.19,2240,41.2,6.18,479.4,565.53,0.0,6.6, , 
,566.87,2176,82.5,0.0,11101001,566.21,2208,40.0,5.15,479.4,566.54,0.0,6.6, , 
,567.91,2112,82.5,-7.8,11101001,567.22,2144,23.5,3.09,336.6,567.56,0.0,6.6, , 
,568.95,2048,84.0,-10.5,11101001,568.25,2080,25.1,3.09,336.6,568.60,0.0,6.6, , 
,570.04,1984,82.5,-10.9,11101011,569.32,2016,25.1,3.09,336.6,569.68,0.0,6.6, , 
,571.13,1888,82.5,-12.5,11101011,570.41,1952,26.7,3.09,357.0,570.76,0.0,6.6, , 
,572.26,1888,82.5,-8.6,11101011,571.53,1920,38.4,5.15,459.0,571.90,0.0,6.6, , 
,573.38,1888,82.5,-3.1,11101011,572.63,1888,42.7,6.18,520.2,573.01,0.0,6.6, , 
,574.49,1920,82.5,1.2,11101011,573.74,1888,51.8,7.21,612.0,574.12,0.0,6.6, , 
,575.60,1952,82.5,3.9,11101011,574.86,1920,51.8,8.24,612.0,575.23,0.0,6.6, , 
,576.70,1984,82.5,4.7,11101011,575.97,1952,51.8,8.24,612.0,576.33,0.0,6.6, , 
,577.76,2048,82.5,4.3,11101001,577.04,1984,51.8,8.24,612.0,577.40,0.0,6.6, , 
,578.81,2112,82.5,2.3,11101001,578.11,2048,59.2,9.27,673.2,578.45,0.0,6.6, , 
,579.85,2176,82.5,-2.3,11101001,579.15,2144,67.8,10.30,754.8,579.51,0.0,6.6, , 
,580.91,2240,82.5,-3.5,11101001,580.21,2208,71.0,11.33,775.2,580.56,0.0,6.6, , 
,581.97,2304,82.5,-3.9,11101001,581.27,2240,71.0,10.30,775.2,581.62,0.0,6.6, , 
,583.01,2336,82.5,-3.1,11101001,582.31,2304,69.4,10.30,775.2,582.67,0.0,6.6, , 
,584.07,2336,82.5,-4.3,11101001,583.35,2336,69.4,10.30,775.2,583.72,0.0,6.6, , 
,585.14,2368,82.5,-5.5,11101001,584.43,2368,69.4,10.30,775.2,584.77,0.0,6.6, , 
,586.25,2400,82.5,-5.1,11101001,585.52,2368,69.4,10.30,754.8,585.89,0.0,6.6, , 
,587.33,2432,82.5,-4.7,11101001,586.60,2400,67.8,10.30,754.8,586.97,0.0,6.6, , 
,588.34,2432,82.5,-5.1,11101001,587.67,2432,67.8,10.30,754.8,588.01,0.0,6.6, , 
,589.40,2464,82.5,-3.5,11101001,588.70,2432,67.8,10.30,754.8,589.05,0.0,6.6, , 
,590.48,2496,82.5,-1.6,11101001,589.76,2464,63.5,9.27,714.0,590.12,0.0,6.6, , 
,591.55,2496,82.5,-1.6,11101001,590.84,2496,62.0,9.27,693.6,591.18,0.0,6.6, , 
,592.56,2496,82.5,-1.6,11101001,591.88,2496,62.0,9.27,693.6,592.23,0.0,6.6, , 
,593.63,2528,82.5,-1.6,11101001,592.93,2496,62.0,9.27,693.6,593.28,0.0,6.6, , 
,594.62,2528,82.5,-2.0,11101001,593.97,2528,62.0,9.27,693.6,594.28,0.0,6.6, , 
,595.66,2560,82.5,-1.2,11101001,594.97,2528,62.0,9.27,693.6,595.31,0.0,6.6, , 
,596.67,2560,82.5,-1.6,11101001,596.00,2560,62.0,9.27,693.6,596.34,0.0,6.6, , 
,597.71,2560,82.5,-1.6,11101001,597.01,2560,62.0,9.27,693.6,597.35,0.0,6.6, , 
,598.77,2592,82.5,-2.0,11101001,598.07,2560,60.4,9.27,693.6,598.42,0.0,6.6, , 
,599.75,2592,82.5,-1.2,11101001,599.09,2592,60.4,9.27,693.6,599.43,0.0,6.6, , 
,600.74,2592,82.5,-0.8,11101001,600.06,2592,60.4,9.27,673.2,600.41,0.0,6.6, , 
,601.76,2624,82.5,-1.2,11101001,601.07,2592,60.4,9.27,673.2,601.42,0.0,6.6, , 
,602.74,2624,82.5,-1.2,11101001,602.09,2592,60.4,9.27,673.2,602.42,0.0,6.6, , 
,603.78,2624,82.5,-0.8,11101001,603.09,2624,60.4,9.27,673.2,603.44,0.0,6.6, , 
,604.80,2624,82.5,-0.4,11101001,604.12,2624,59.2,9.27,673.2,604.46,0.0,6.6, , 
,605.81,2624,82.5,-0.8,11101001,605.13,2624,59.2,9.27,673.2,605.47,0.0,6.6, , 
,606.84,2624,82.5,-0.4,11101001,606.15,2656,59.2,9.27,673.2,606.50,0.0,6.6, , 
,607.83,2656,82.5,-0.4,11101001,607.17,2656,59.2,9.27,673.2,607.50,0.0,6.6, , 
,608.82,2656,82.5,-0.8,11101001,608.17,2656,59.2,9.27,673.2,608.50,0.0,6.6, , 
,609.82,2656,82.5,-0.8,11101001,609.16,2656,59.2,9.27,673.2,609.49,0.0,6.6, , 
,610.85,2656,82.5,0.8,11101001,610.15,2656,57.6,9.27,652.8,610.49,0.0,6.6, , 
,611.86,2656,82.5,2.0,11101001,611.18,2656,54.5,8.24,632.4,611.51,0.0,6.6, , 
,612.89,2656,82.5,1.6,11101001,612.19,2656,54.5,8.24,632.4,612.53,0.0,6.6, , 
,613.95,2656,82.5,1.6,11101001,613.25,2656,54.5,8.24,632.4,613.60,0.0,6.6, , 
,614.95,2656,82.5,2.3,11101001,614.27,2656,54.5,8.24,632.4,614.61,0.0,6.6, , 
,615.98,2656,82.5,2.3,11101001,615.29,2656,51.8,8.24,612.0,615.63,0.0,6.6, , 
,617.02,2656,84.0,4.7,11101001,616.34,2656,51.8,8.24,591.6,616.70,0.0,6.6, , 
,618.05,2656,84.0,3.9,11101001,617.35,2656,51.8,8.24,591.6,617.69,0.0,6.6, , 
,619.13,2656,84.0,3.9,11101001,618.41,2656,51.8,8.24,591.6,618.77,0.0,6.6, , 
,620.16,2656,84.0,4.3,11101001,619.48,2656,51.8,8.24,591.6,619.83,0.0,6.6, , 
,621.16,2624,84.0,3.9,11101001,620.49,2624,45.9,7.21,550.8,620.82,0.0,6.6, , 
,622.14,2624,84.0,5.1,11101001,621.47,2624,44.3,7.21,520.2,621.81,0.0,6.6, , 
,623.14,2624,84.0,5.1,11101001,622.48,2624,45.9,7.21,520.2,622.81,0.0,6.6, , 
,624.16,2592,84.0,4.7,11101001,623.46,2624,45.9,7.21,520.2,623.81,0.0,6.6, , 
,625.13,2592,84.0,5.5,11101001,624.48,2592,45.9,7.21,520.2,624.81,0.0,6.6, , 
,626.13,2592,82.5,4.7,11101001,625.46,2592,45.9,7.21,520.2,625.81,0.0,6.6, , 
,627.11,2592,84.0,2.3,11101001,626.44,2592,53.3,8.24,591.6,626.76,0.0,6.6, , 
,628.12,2592,84.0,0.8,11101001,627.43,2592,56.1,9.27,632.4,627.78,0.0,6.6, , 
,629.11,2592,84.0,0.8,11101001,628.45,2592,60.4,9.27,673.2,628.78,0.0,6.6, , 
,630.11,2592,84.0,2.7,11101001,629.45,2624,50.2,7.21,571.2,629.78,0.0,6.6, , 
,631.12,2592,84.0,4.7,11101001,630.43,2592,50.2,7.21,571.2,630.79,0.0,6.6, , 
,632.11,2592,84.0,3.9,11101001,631.47,2592,50.2,8.24,591.6,631.80,0.0,6.6, , 
,633.12,2592,84.0,3.5,11101001,632.43,2592,50.2,7.21,571.2,632.79,0.0,6.6, , 
,634.13,2592,84.0,3.9,11101001,633.46,2592,50.2,8.24,571.2,633.79,0.0,6.6, , 
,635.15,2592,84.0,2.7,11101001,634.48,2592,50.2,8.24,591.6,634.82,0.0,7.0, , 
,636.17,2592,82.5,2.7,11101001,635.48,2592,50.2,7.21,591.6,635.83,0.0,7.0, , 
,637.21,2592,84.0,2.7,11101001,636.53,2592,50.2,8.24,591.6,636.86,0.0,7.0, , 
,638.25,2592,84.0,2.0,11101001,637.54,2592,50.2,8.24,591.6,637.90,0.0,7.0, , 
,639.27,2560,84.0,2.7,11101001,638.59,2560,50.2,7.21,591.6,638.93,0.0,7.0, , 
,640.28,2592,84.0,2.7,11101001,639.60,2592,50.2,8.24,591.6,639.95,0.0,7.0, , 
,641.32,2560,84.0,2.3,11101001,640.64,2560,50.2,8.24,591.6,640.98,0.0,7.4, , 
,642.35,2560,84.0,3.1,11101001,641.65,2560,50.2,7.21,591.6,641.99,0.0,7.4, , 
,643.42,2560,84.0,1.6,11101001,642.71,2560,50.2,7.21,591.6,643.08,0.0,7.4, , 
,644.45,2560,84.0,1.6,11101001,643.77,2560,50.2,8.24,591.6,644.10,0.0,7.4, , 
,645.49,2560,84.0,1.6,11101001,644.80,2560,51.8,8.24,591.6,645.14,0.0,7.4, , 
,646.49,2560,82.5,1.2,11101001,645.83,2560,51.8,8.24,591.6,646.17,0.0,7.4, , 
,647.52,2560,84.0,1.6,11101001,646.82,2560,50.2,8.24,591.6,647.17,0.0,7.4, , 
,648.53,2560,84.0,3.1,11101001,647.85,2560,51.8,8.24,591.6,648.19,0.0,7.4, , 
,649.56,2560,84.0,3.9,11101001,648.89,2560,51.8,8.24,591.6,649.22,0.0,7.4, , 
,650.60,2560,84.0,3.9,11101001,649.91,2560,48.6,7.21,571.2,650.25,0.0,7.4, , 
,651.64,2528,84.0,2.3,11101001,650.94,2528,50.2,8.24,571.2,651.30,0.0,7.4, , 
,652.63,2528,84.0,1.6,11101001,651.97,2528,50.2,8.24,571.2,652.30,0.0,7.8, , 
,653.68,2528,84.0,0.4,11101001,652.99,2528,50.2,7.21,591.6,653.33,0.0,7.8, , 
,654.68,2528,84.0,0.0,11101001,654.02,2528,50.2,7.21,591.6,654.35,0.0,7.8, , 
,655.71,2528,84.0,-0.4,11101001,655.03,2528,50.2,8.24,591.6,655.37,0.0,7.8, , 
,656.73,2528,84.0,0.0,11101001,656.07,2528,51.8,8.24,591.6,656.41,0.0,7.8, , 
,657.76,2528,84.0,-0.8,11101001,657.08,2528,51.8,8.24,591.6,657.41,0.0,7.8, , 
,658.78,2528,84.0,1.6,11101001,658.10,2528,53.3,8.24,612.0,658.43,0.0,7.8, , 
,659.81,2528,84.0,2.7,11101001,659.14,2528,56.1,9.27,632.4,659.47,0.0,7.8, , 
,660.83,2528,84.0,2.7,11101001,660.17,2528,56.1,8.24,632.4,660.50,0.0,7.8, , 
,661.85,2528,84.0,2.0,11101001,661.17,2528,56.1,8.24,632.4,661.51,0.0,7.8, , 
,662.90,2528,84.0,3.1,11101001,662.21,2528,56.1,9.27,632.4,662.55,0.0,7.8, , 
,663.90,2528,84.0,2.7,11101001,663.23,2528,54.5,8.24,632.4,663.57,0.0,7.8, , 
,664.90,2528,84.0,2.3,11101001,664.22,2528,54.5,8.24,632.4,664.56,0.0,8.2, , 
,665.96,2528,84.0,2.3,11101001,665.25,2528,54.5,8.24,632.4,665.60,0.0,8.2, , 
,667.01,2528,84.0,2.7,11101001,666.31,2528,54.5,9.27,632.4,666.66,0.0,8.2, , 
,668.01,2528,84.0,2.3,11101001,667.35,2528,54.5,8.24,632.4,667.70,0.0,8.2, , 
,669.03,2528,84.0,2.7,11101001,668.35,2528,54.5,8.24,632.4,668.69,0.0,8.2, , 
,670.07,2560,84.0,2.0,11101001,669.37,2528,54.5,9.27,632.4,669.71,0.0,8.2, , 
,671.15,2528,84.0,3.1,11101001,670.44,2560,54.5,8.24,632.4,670.80,0.0,8.2, , 
,672.21,2528,84.0,3.1,11101001,671.48,2560,45.9,7.21,550.8,671.85,0.0,8.2, , 
,673.23,2528,84.0,-1.6,11101001,672.55,2528,36.9,5.15,438.6,672.90,0.0,8.2, , 
,674.25,2528,84.0,0.0,11101001,673.59,2528,35.3,5.15,438.6,673.94,0.0,8.2, , 
,675.27,2496,84.0,0.8,11101001,674.56,2496,42.7,6.18,499.8,674.93,0.0,8.2, , 
,676.27,2496,84.0,3.1,11101001,675.59,2496,44.3,6.18,520.2,675.95,0.0,8.2, , 
,677.24,2496,84.0,3.9,11101001,676.61,2496,42.7,6.18,499.8,676.92,0.0,8.2, , 
,678.32,2496,84.0,2.3,11101001,677.61,2496,42.7,6.18,499.8,677.95,0.0,8.2, , 
,679.37,2464,84.0,1.6,11101001,678.68,2464,44.3,6.18,499.8,679.03,0.0,8.2, , 
,680.36,2400,84.0,-6.3,11111101,679.69,2464,22.0,3.09,295.8,680.01,0.0,8.2, , 
,681.32,2368,84.0,0.0,11101001,680.69,2400,0.0,0.00,244.8,681.00,0.0,8.2, , 
,682.34,2368,84.0,0.0,11101001,681.65,2368,16.1,3.09,244.8,681.99,0.0,8.2, , 
,683.33,2336,84.0,-0.4,11101001,682.67,2336,31.0,4.12,397.8,682.99,0.0,8.2, , 
,684.30,2304,84.0,0.0,11101001,683.65,2336,34.1,5.15,418.2,683.98,0.0,8.2, , 
,685.29,2304,84.0,-0.4,11101001,684.63,2304,29.4,4.12,377.4,684.97,0.0,8.2, , 
,686.30,2272,84.0,-3.1,11101001,685.63,2304,22.0,3.09,316.2,685.97,0.0,8.2, , 
,687.30,2240,84.0,-9.8,11101001,686.64,2272,20.8,3.09,295.8,686.97,0.0,8.2, , 
,688.33,2208,84.0,-19.5,11101001,687.63,2240,16.1,2.06,244.8,687.98,0.0,8.2, , 
,689.32,2176,84.0,-16.4,11101001,688.67,2176,16.1,2.06,244.8,689.00,0.0,8.2, , 
,690.33,2112,84.0,-19.9,11101001,689.65,2144,16.1,1.03,244.8,689.98,0.0,8.2, , 
,691.35,2080,84.0,0.0,11111101,690.67,2080,16.1,1.03,244.8,691.02,0.0,8.2, , 
,692.39,2016,84.0,0.0,11111101,691.70,2048,0.0,0.00,244.8,692.05,0.0,8.2, , 
,693.45,1952,84.0,0.0,11111111,692.75,1984,0.0,0.00,244.8,693.10,0.0,8.2, , 
,694.50,1920,82.5,0.0,11111111,693.82,1952,0.0,0.00,275.4,694.15,0.0,8.2, , 
,695.58,1856,84.0,0.0,11101011,694.88,1888,17.6,2.06,275.4,695.22,0.0,8.2, , 
,696.72,1824,84.0,0.0,11101011,695.97,1856,25.1,3.09,336.6,696.34,0.0,8.2, , 
,697.82,1792,84.0,7.4,11101011,697.08,1824,50.2,7.21,612.0,697.45,0.0,8.2, , 
,698.94,1760,84.0,0.0,11111111,698.18,1824,50.2,8.24,591.6,698.54,0.0,8.2, , 
,699.93,1152,84.0,0.0,11111111,699.28,1216,0.0,0.00,397.8,699.61,-2.3,0.0, , 
,700.95,1792,82.5,0.0,11111111,700.25,1216,22.0,3.09,336.6,700.58,-2.3,8.2, , 
,702.00,2080,82.5,0.0,11101001,701.29,2144,0.0,0.00,244.8,701.64,0.0,8.2, , 
,703.07,1984,82.5,0.0,11101001,702.36,2016,14.9,3.09,244.8,702.71,0.0,8.2, , 
,704.18,1888,82.5,-5.9,11101011,703.43,1952,23.5,3.09,316.2,703.80,0.0,8.2, , 
,705.27,1888,82.5,0.0,11101011,704.54,1888,29.4,4.12,377.4,704.90,0.0,8.2, , 
,706.33,1888,82.5,-0.8,11101011,705.64,1888,62.0,10.30,714.0,705.99,0.0,8.2, , 
,707.40,1856,82.5,0.4,11101011,706.68,1888,50.2,7.21,591.6,707.03,0.0,8.2, , 
,708.56,1856,82.5,1.2,11101011,707.78,1856,50.2,7.21,591.6,708.16,0.0,8.2, , 
,709.64,1824,82.5,0.8,11101011,708.93,1856,47.1,7.21,571.2,709.29,0.0,8.2, , 
,710.81,1824,82.5,0.8,11101011,710.03,1824,48.6,7.21,591.6,710.42,0.0,8.2, , 
,711.96,1856,82.5,-0.4,11101011,711.20,1856,62.0,10.30,714.0,711.58,0.0,8.2, , 
,713.09,1856,82.5,-0.8,11101011,712.34,1856,65.1,10.30,734.4,712.72,0.0,8.2, , 
,714.19,1888,82.5,-2.7,11101011,713.45,1856,65.1,10.30,734.4,713.84,0.0,8.2, , 
,715.31,1888,82.5,-2.7,11101011,714.56,1888,65.1,10.30,734.4,714.93,0.0,8.2, , 
,716.42,1888,82.5,-2.0,11101011,715.67,1888,63.5,9.27,734.4,716.06,0.0,8.2, , 
,717.55,1920,82.5,0.0,11101011,716.81,1888,60.4,9.27,693.6,717.17,0.0,8.2, , 
,718.62,1920,82.5,-0.8,11101011,717.91,1920,50.2,7.21,591.6,718.27,0.0,8.2, , 
,719.71,1920,82.5,-2.0,11101011,718.98,1920,48.6,7.21,591.6,719.35,0.0,8.2, , 
,720.80,1888,82.5,-3.5,11101011,720.07,1888,29.4,4.12,397.8,720.44,0.0,8.2, , 
,721.92,1856,82.5,-5.1,11101011,721.17,1888,29.4,4.12,377.4,721.53,0.0,8.2, , 
,723.02,1856,82.5,-2.3,11101011,722.28,1856,32.5,4.12,418.2,722.65,0.0,8.2, , 
,724.16,1824,82.5,-0.4,11101011,723.40,1856,35.3,5.15,459.0,723.77,0.0,8.2, , 
,725.26,1856,82.5,-0.4,11101011,724.51,1856,35.3,5.15,459.0,724.87,0.0,8.2, , 
,726.38,1856,82.5,-0.8,11101011,725.61,1856,35.3,5.15,438.6,726.01,0.0,8.2, , 
,727.48,1824,82.5,-2.3,11111111,726.77,1856,29.4,4.12,397.8,727.10,0.0,8.2, , 
,728.55,1792,82.5,0.0,11101011,727.83,1824,19.2,3.09,295.8,728.16,0.0,8.2, , 
,729.62,1792,82.5,0.0,11101011,728.92,1792,19.2,3.09,295.8,729.25,-2.3,8.2, , 
,730.74,1760,82.5,-1.2,11101011,730.00,1760,26.7,4.12,357.0,730.35,-1.6,8.2, , 
,731.81,1760,82.5,0.8,11101011,731.09,1760,29.4,4.12,397.8,731.44,-1.6,8.2, , 
,732.91,1760,82.5,2.3,11101011,732.17,1760,32.5,4.12,418.2,732.55,-1.6,8.2, , 
,734.03,1792,82.5,3.1,11101011,733.29,1760,32.5,4.12,418.2,733.67,-1.6,8.2, , 
,735.12,1792,82.5,2.3,11101011,734.39,1760,34.1,5.15,438.6,734.74,-1.6,8.2, , 
,736.21,1792,82.5,3.5,11101011,735.50,1792,40.0,6.18,499.8,735.83,0.0,8.2, , 
,737.31,1824,82.5,4.7,11101011,736.56,1792,42.7,6.18,520.2,736.93,0.0,8.2, , 
,738.44,1824,82.5,4.7,11101011,737.69,1824,41.2,6.18,499.8,738.06,0.0,8.2, , 
,739.55,1856,82.5,3.5,11101011,738.81,1856,40.0,6.18,499.8,739.16,0.0,8.2, , 
,740.66,1856,82.5,1.2,11101011,739.91,1856,41.2,6.18,499.8,740.29,0.0,8.2, , 
,741.77,1888,82.5,0.4,11101011,741.04,1856,40.0,6.18,499.8,741.39,0.0,8.2, , 
,742.88,1888,82.5,-0.8,11101011,742.14,1888,40.0,5.15,479.4,742.50,0.0,8.2, , 
,744.02,1888,82.5,-0.8,11101011,743.25,1888,40.0,5.15,479.4,743.64,0.0,8.2, , 
,745.14,1920,82.5,-0.8,11101011,744.39,1920,40.0,5.15,479.4,744.77,0.0,8.2, , 
,746.22,1920,82.5,-1.2,11101011,745.51,1920,40.0,5.15,479.4,745.86,0.0,8.2, , 
,747.31,1952,82.5,-1.6,11101011,746.59,1952,38.4,5.15,479.4,746.94,0.0,8.2, , 
,748.39,1952,82.5,-1.2,11101011,747.68,1952,38.4,5.15,479.4,748.03,0.0,8.2, , 
,749.47,1952,82.5,-1.2,11101011,748.76,1952,38.4,5.15,459.0,749.11,0.0,8.2, , 
,750.58,1984,82.5,-1.6,11101011,749.85,1952,38.4,5.15,459.0,750.22,0.0,8.2, , 
,751.68,1984,82.5,-1.6,11101011,750.94,1984,36.9,5.15,459.0,751.30,0.0,8.2, , 
,752.73,1984,82.5,-2.0,11101011,752.02,1984,36.9,5.15,459.0,752.38,0.0,8.2, , 
,753.83,1984,82.5,-4.7,11101001,753.09,1984,36.9,5.15,459.0,753.47,0.0,8.2, , 
,754.91,1952,82.5,-7.8,11101011,754.17,1984,22.0,3.09,316.2,754.53,0.0,8.2, , 
,755.97,1952,82.5,-9.8,11101011,755.26,1952,23.5,3.09,316.2,755.62,0.0,8.2, , 
,757.05,1920,82.5,-11.3,11101011,756.34,1952,23.5,3.09,336.6,756.69,0.0,8.2, , 
,758.12,1952,82.5,-7.8,11101011,757.40,1920,32.5,4.12,418.2,757.75,0.0,8.2, , 
,759.22,1952,82.5,-1.2,11101011,758.47,1952,38.4,5.15,479.4,758.85,0.0,8.2, , 
,760.28,1952,82.5,0.4,11101011,759.58,1952,36.9,5.15,459.0,759.94,0.0,8.2, , 
,761.38,1952,82.5,-3.1,11101011,760.65,1952,28.2,4.12,377.4,761.02,0.0,8.2, , 
,762.47,1920,82.5,-6.3,11101011,761.75,1952,22.0,3.09,316.2,762.12,0.0,8.2, , 
,763.60,1920,82.5,-6.3,11101011,762.83,1920,26.7,3.09,357.0,763.22,0.0,8.2, , 
,764.70,1920,82.5,-4.3,11101011,763.97,1920,26.7,3.09,357.0,764.34,0.0,8.2, , 
,765.81,1888,82.5,-2.7,11101011,765.07,1920,28.2,3.09,377.4,765.43,0.0,8.2, , 
,766.91,1888,82.5,-0.4,11101011,766.17,1888,29.4,4.12,377.4,766.53,0.0,8.2, , 
,768.02,1888,82.5,0.4,11101011,767.29,1888,28.2,4.12,377.4,767.65,0.0,8.2, , 
,769.10,1888,82.5,0.4,11101011,768.37,1888,29.4,4.12,377.4,768.73,0.0,8.2, , 
,770.18,1888,82.5,0.8,11101011,769.44,1888,29.4,4.12,377.4,769.82,0.0,8.2, , 
,771.25,1888,82.5,1.6,11101011,770.54,1888,29.4,4.12,397.8,770.92,0.0,8.2, , 
,772.35,1888,82.5,1.2,11101011,771.63,1888,32.5,4.12,418.2,771.99,0.0,8.2, , 
,773.46,1888,82.5,0.8,11101011,772.73,1888,32.5,4.12,418.2,773.10,0.0,8.2, , 
,774.54,1920,82.5,0.8,11101011,773.84,1888,31.0,4.12,418.2,774.20,0.0,8.2, , 
,775.63,1920,82.5,0.4,11101011,774.90,1888,32.5,4.12,418.2,775.26,0.0,8.2, , 
,776.73,1920,82.5,-0.4,11101011,776.01,1920,32.5,4.12,418.2,776.37,0.0,8.2, , 
,777.77,1888,82.5,0.0,11101011,777.07,1920,32.5,4.12,418.2,777.41,0.0,8.2, , 
,778.85,1920,82.5,0.0,11101011,778.14,1888,32.5,4.12,418.2,778.50,0.0,8.2, , 
,779.97,1920,82.5,0.0,11101011,779.21,1920,31.0,4.12,397.8,779.58,0.0,8.2, , 
,781.06,1920,82.5,-0.8,11101011,780.34,1920,31.0,4.12,397.8,780.70,0.0,8.2, , 
,782.19,1920,82.5,0.0,11101011,781.44,1920,31.0,4.12,397.8,781.81,0.0,8.2, , 
,783.25,1920,82.5,0.0,11101011,782.54,1920,31.0,4.12,397.8,782.90,0.0,8.2, , 
,784.36,1920,82.5,1.2,11101011,783.61,1920,31.0,4.12,397.8,784.00,0.0,8.2, , 
,785.48,1920,82.5,0.4,11101011,784.73,1888,31.0,4.12,397.8,785.12,0.0,8.2, , 
,786.58,1888,82.5,-5.1,11101011,785.84,1920,20.8,3.09,295.8,786.20,0.0,8.2, , 
,787.70,1888,82.5,-5.9,11101011,786.96,1888,23.5,3.09,336.6,787.34,0.0,8.2, , 
,788.84,1888,82.5,-2.0,11101011,788.06,1888,29.4,4.12,397.8,788.46,0.0,8.2, , 
,789.95,1888,82.5,2.7,11101011,789.20,1888,36.9,5.15,459.0,789.58,0.0,8.2, , 
,791.04,1920,82.5,4.7,11101011,790.31,1920,42.7,6.18,499.8,790.68,0.0,8.2, , 
,792.13,1952,82.5,5.1,11101011,791.39,1920,40.0,5.15,479.4,791.76,0.0,8.2, , 
,793.22,1952,82.5,3.9,11101011,792.48,1952,40.0,5.15,479.4,792.85,0.0,8.2, , 
,794.29,1984,82.5,3.9,11101011,793.58,1952,38.4,5.15,479.4,793.95,0.0,8.2, , 
,795.36,1984,82.5,3.5,11101001,794.64,1952,38.4,5.15,479.4,795.00,0.0,8.2, , 
,796.43,1952,82.5,-10.2,11111111,795.72,1984,19.2,2.06,295.8,796.08,0.0,8.2, , 
,797.51,1920,82.5,-18.0,11101011,796.77,1952,16.1,2.06,244.8,797.15,0.0,8.2, , 
,798.60,1888,82.5,-13.3,11101011,797.86,1952,23.5,3.09,336.6,798.24,0.0,8.2, , 
,799.69,1888,82.5,-9.4,11101011,798.96,1888,29.4,3.09,377.4,799.31,0.0,8.2, , 
,800.82,1888,82.5,-4.7,11101011,800.07,1888,34.1,4.12,438.6,800.44,0.0,8.2, , 
,801.90,1888,82.5,0.8,11101011,801.17,1888,40.0,5.15,479.4,801.55,0.0,8.2, , 
,803.02,1856,82.5,2.3,11101011,802.27,1856,32.5,4.12,418.2,802.65,0.0,8.2, , 
,804.15,1824,82.5,-3.5,11101011,803.41,1856,22.0,3.09,316.2,803.81,0.0,8.2, , 
,805.23,1792,82.5,-4.3,11101011,804.49,1824,22.0,3.09,316.2,804.87,0.0,8.2, , 
,806.35,1792,82.5,-4.3,11101011,805.56,1792,23.5,3.09,336.6,805.95,0.0,8.2, , 
,807.39,1760,82.5,-3.5,11101011,806.68,1792,23.5,3.09,336.6,807.04,-2.3,8.2, , 
,808.51,1760,82.5,-2.0,11101011,807.75,1760,23.5,3.09,336.6,808.14,-2.3,8.2, , 
,809.56,1728,82.5,2.7,11101011,808.86,1728,25.1,3.09,357.0,809.21,-1.6,8.2, , 
,810.68,1728,82.5,6.3,11101011,809.96,1728,28.2,4.12,377.4,810.34,-1.6,8.2, , 
,811.78,1696,82.5,8.2,11101011,811.05,1728,29.4,4.12,377.4,811.41,-1.6,8.2, , 
,812.83,1696,82.5,10.9,11101011,812.11,1696,29.4,4.12,377.4,812.46,-1.6,8.2, , 
,813.87,1696,82.5,10.5,11101011,813.20,1696,29.4,4.12,377.4,813.53,-1.6,8.2, , 
,814.95,1664,82.5,8.6,11101011,814.20,1696,29.4,4.12,397.8,814.59,-1.6,8.2, , 
,816.02,1696,82.5,0.0,11101011,815.32,1696,32.5,4.12,397.8,815.67,-0.8,8.2, , 
,817.09,1728,82.5,3.1,11101011,816.38,1696,56.1,8.24,673.2,816.73,-0.8,8.2, , 
,818.16,1792,82.5,0.0,11101011,817.44,1760,53.3,8.24,632.4,817.80,-0.8,8.2, , 
,819.19,1792,82.5,1.6,11101011,818.46,1792,32.5,4.12,418.2,818.84,0.0,8.2, , 
,820.33,1792,82.5,0.4,11101011,819.56,1792,28.2,4.12,377.4,819.95,0.0,8.2, , 
,821.40,1728,82.5,0.0,11111111,820.65,1792,22.0,3.09,316.2,821.03,0.0,8.2, , 
,822.34,1088,82.5,0.0,11111111,821.71,1280,0.0,0.00,336.6,822.02,-3.1,0.0, , 
,823.41,2176,82.5,0.0,11111101,822.72,1536,23.5,3.09,336.6,823.07,0.0,8.2, , 
,824.45,2080,82.5,0.0,11111101,823.75,2176,0.0,0.00,275.4,824.12,0.0,8.2, , 
,825.50,1984,82.5,0.0,11111101,824.81,2080,0.0,0.00,244.8,825.15,0.0,8.2, , 
,826.56,1856,82.5,0.0,11111111,825.86,1952,0.0,0.00,244.8,826.22,0.0,8.2, , 
,827.63,1600,82.5,0.0,11111111,826.94,1792,0.0,0.00,295.8,827.30,-2.3,8.2, , 
,828.58,864,82.5,0.0,11111111,827.95,1120,25.1,4.12,357.0,828.27,-3.1,0.0, , 
,829.53,896,82.5,0.0,11111111,828.89,896,28.2,4.12,397.8,829.21,-3.1,0.0, , 
,830.45,896,82.5,-0.4,11111111,829.82,896,28.2,3.09,397.8,830.13,-3.1,0.0, , 
,831.36,800,82.5,0.0,11111111,830.75,896,28.2,3.09,397.8,831.05,-3.1,0.0, , 
,832.21,800,82.5,1.2,11111111,831.63,768,26.7,3.09,397.8,831.93,-3.9,0.0, , 
,833.09,736,82.5,3.9,11101011,832.51,800,28.2,3.09,418.2,832.80,-3.9,0.0, , 
,834.07,1184,82.5,6.3,11101011,833.43,896,36.9,5.15,499.8,833.74,-2.3,0.0, , 
,835.05,1088,82.5,0.0,11101011,834.41,1216,34.1,5.15,438.6,834.72,-2.3,0.0, , 
,836.03,1344,82.5,1.6,11101011,835.39,1248,56.1,8.24,673.2,835.73,-1.6,0.0, , 
,837.02,1664,82.5,0.0,11101011,836.34,1216,57.6,8.24,673.2,836.65,-1.6,0.0, , 
,838.04,1664,82.5,0.0,11111111,837.36,2016,78.4,12.36,887.4,837.72,0.0,8.2, , 
,839.01,1280,82.5,0.0,11101011,838.35,1184,25.1,4.12,357.0,838.67,-1.6,0.0, , 
,840.03,1472,82.5,0.0,11101011,839.32,1312,57.6,9.27,693.6,839.64,-1.6,0.0, , 
,841.09,1856,82.5,0.0,11101011,840.38,1600,72.2,11.33,846.6,840.74,-0.8,8.2, , 
,842.17,2176,82.5,1.2,11101001,841.45,1984,75.3,11.33,867.0,841.82,0.0,8.2, , 
,843.20,2464,82.5,2.3,11101001,842.49,2304,69.4,10.30,775.2,842.85,0.0,8.2, , 
,844.19,2528,82.5,0.0,11111101,843.54,2528,45.9,6.18,550.8,843.87,0.0,8.2, , 
,845.19,2400,82.5,-8.6,11111101,844.50,2464,19.2,2.06,275.4,844.87,0.0,8.2, , 
,846.21,2176,82.5,0.0,11111101,845.54,2336,0.0,0.00,244.8,845.87,0.0,8.2, , 
,847.23,1728,82.5,0.0,11111111,846.53,2048,0.0,0.00,244.8,846.90,0.0,8.2, , 
,848.23,1312,82.5,0.0,11111111,847.53,1536,0.0,0.00,316.2,847.89,-2.3,0.0, , 
,849.18,864,82.5,0.0,11111111,848.53,1088,23.5,3.09,336.6,848.86,-3.1,0.0, , 
,850.12,1152,82.5,0.0,11101011,849.49,896,26.7,3.09,397.8,849.79,-3.1,0.0, , 
,851.13,1536,82.5,0.0,11101011,850.47,1376,28.2,3.09,377.4,850.80,-1.6,0.0, , 
,852.16,2208,82.5,0.0,11101001,851.48,1728,57.6,9.27,673.2,851.84,0.0,8.2, , 
,853.11,1440,82.5,0.0,11101011,852.50,2400,47.1,5.15,571.2,852.81,0.0,8.2, , 
,854.07,1312,82.5,0.0,11101011,853.45,1248,40.0,6.18,499.8,853.76,-1.6,0.0, , 
,855.07,1408,82.5,1.6,11101011,854.40,1312,50.2,7.21,612.0,854.73,-1.6,0.0, , 
,856.24,1472,84.0,7.8,11101011,855.41,1440,40.0,5.15,499.8,855.86,-1.6,0.0, , 
,857.28,1568,82.5,7.4,11101011,856.59,1504,42.7,6.18,520.2,856.92,-1.6,8.2, , 
,858.31,1600,84.0,0.0,11101011,857.62,1600,53.3,7.21,632.4,857.98,-1.6,8.2, , 
,859.37,1568,84.0,-1.6,11101011,858.65,1600,22.0,3.09,316.2,859.00,-2.3,8.2, , 
,860.36,1472,84.0,-3.5,11101011,859.73,1536,23.5,3.09,336.6,860.05,-2.3,8.2, , 
,861.43,1440,84.0,-2.0,11101011,860.67,1440,23.5,3.09,336.6,861.05,-2.3,0.0, , 
,862.44,1440,84.0,0.0,11101011,861.76,1440,34.1,4.12,438.6,862.09,-1.6,0.0, , 
,863.58,1600,84.0,0.0,11101011,862.90,1472,62.0,9.27,734.4,863.23,-0.8,8.2, , 
,864.65,1824,84.0,0.4,11101011,863.92,1696,69.4,10.30,795.6,864.29,-0.8,8.2, , 
,865.71,2016,84.0,4.3,11101001,865.01,1888,67.8,10.30,775.2,865.36,0.0,8.2, , 
,866.72,2144,84.0,7.8,11101001,866.04,2080,57.6,8.24,673.2,866.38,0.0,8.2, , 
,867.77,2176,84.0,9.4,11101001,867.09,2144,47.1,7.21,550.8,867.43,0.0,8.2, , 
,868.81,2272,84.0,10.5,11101001,868.12,2240,51.8,8.24,612.0,868.47,0.0,8.2, , 
,869.86,2368,84.0,10.9,11101001,869.16,2304,51.8,8.24,612.0,869.52,0.0,8.2, , 
,870.93,2432,84.0,9.4,11101001,870.22,2400,51.8,8.24,591.6,870.57,0.0,8.2, , 
,871.94,2496,84.0,10.2,11101001,871.27,2464,48.6,7.21,571.2,871.62,0.0,8.2, , 
,872.95,2528,84.0,7.4,11101001,872.29,2496,48.6,7.21,571.2,872.63,0.0,8.2, , 
,873.95,2496,84.0,0.0,11101001,873.28,2528,45.9,7.21,520.2,873.61,0.0,8.2, , 
,875.00,2336,84.0,-4.7,11101001,874.29,2432,22.0,3.09,316.2,874.67,0.0,8.2, , 
,876.00,2208,84.0,-3.9,11101001,875.34,2304,25.1,3.09,336.6,875.66,0.0,8.2, , 
,877.03,2112,84.0,0.0,11101001,876.34,2144,28.2,4.12,357.0,876.69,0.0,8.2, , 
,878.08,2144,84.0,0.4,11101001,877.38,2112,57.6,9.27,673.2,877.72,0.0,8.2, , 
,879.08,2208,84.0,0.0,11101001,878.41,2144,62.0,9.27,693.6,878.75,0.0,8.2, , 
,880.10,2176,84.0,2.0,11101001,879.41,2176,44.3,6.18,520.2,879.75,0.0,8.2, , 
,881.14,2208,84.0,0.0,11101001,880.44,2240,42.7,6.18,520.2,880.79,0.0,8.2, , 
,882.18,2176,84.0,-3.1,11101001,881.48,2208,34.1,5.15,418.2,881.82,0.0,8.2, , 
,883.21,2080,84.0,-3.9,11101001,882.53,2144,32.5,4.12,418.2,882.88,0.0,8.2, , 
,884.29,1984,84.0,-3.9,11101001,883.58,2048,34.1,4.12,438.6,883.95,0.0,8.2, , 
,885.36,2080,85.5,0.0,11101001,884.65,1984,38.4,5.15,459.0,885.00,0.0,8.2, , 
,886.35,2240,84.0,-2.3,11101001,885.69,2144,71.0,11.33,795.6,886.02,0.0,8.2, , 
,887.36,2400,85.5,-2.3,11101001,886.67,2304,69.4,10.30,775.2,887.00,0.0,8.2, , 
,888.37,2560,85.5,0.4,11101001,887.67,2464,67.8,10.30,754.8,888.03,0.0,8.2, , 
,889.39,2784,85.5,-0.4,11101001,888.71,2656,71.0,11.33,775.2,889.06,0.0,8.2, , 
,890.40,2048,85.5,0.0,11111101,889.71,2816,57.6,8.24,652.8,890.04,0.0,8.2, , 
,891.51,1696,85.5,0.0,11101011,890.74,1568,22.0,4.12,316.2,891.10,-1.6,8.2, , 
,892.58,1760,85.5,0.0,11101011,891.86,1696,73.7,13.39,846.6,892.22,-0.8,8.2, , 
,893.71,1856,85.5,-8.2,11101011,892.96,1792,87.1,15.45,989.4,893.32,0.0,8.2, , 
,894.80,1984,85.5,-14.8,11101011,894.08,1856,87.1,13.39,989.4,894.44,0.0,8.2, , 
,895.85,2080,85.5,-19.5,11101001,895.16,2016,88.6,12.36,989.4,895.51,0.0,8.2, , 
,896.88,2176,85.5,-19.5,11101001,896.19,2112,87.1,12.36,969.0,896.55,0.0,8.2, , 
,897.87,2272,85.5,0.0,11101001,897.20,2208,87.1,12.36,969.0,897.53,0.0,8.2, , 
,898.85,2272,85.5,-0.8,11101001,898.20,2272,53.3,7.21,612.0,898.51,0.0,8.2, , 
,899.88,2304,85.5,-1.2,11101001,899.19,2272,48.6,7.21,571.2,899.53,0.0,8.2, , 
,900.86,2272,85.5,-0.8,11101001,900.19,2272,45.9,7.21,550.8,900.52,0.0,8.2, , 
,901.89,1056,85.5,0.0,11111111,901.21,2048,0.0,0.00,316.2,901.56,-2.3,8.2, , 
,902.85,1056,85.5,0.0,11111111,902.22,1088,26.7,4.12,377.4,902.54,-3.1,0.0, , 
,903.74,896,85.5,0.0,11111111,903.12,992,22.0,3.09,336.6,903.42,-3.1,0.0, , 
,904.62,896,85.5,0.0,11111111,904.04,864,25.1,3.09,377.4,904.32,-3.9,0.0, , 
,905.56,864,85.5,0.0,11111111,904.92,864,26.7,3.09,397.8,905.25,-3.1,0.0, , 
,906.46,896,85.5,0.8,11111111,905.85,896,26.7,3.09,377.4,906.16,-3.1,0.0, , 
,907.36,896,85.5,2.0,11111111,906.76,864,26.7,3.09,397.8,907.06,-3.1,0.0, , 
,908.36,1344,85.5,2.0,11101011,907.71,960,26.7,3.09,377.4,908.02,-2.3,0.0, , 
,909.33,1344,85.5,0.0,11101011,908.67,1344,31.0,4.12,418.2,909.01,-1.6,0.0, , 
,910.40,1600,85.5,0.0,11101011,909.70,1408,63.5,10.30,734.4,910.05,-0.8,8.2, , 
,911.45,2048,85.5,-7.8,11101001,910.76,1760,84.3,14.42,948.6,911.12,0.0,8.2, , 
,912.46,2464,85.5,-14.1,11101001,911.79,2176,87.1,14.42,969.0,912.12,0.0,8.2, , 
,913.48,2656,87.0,0.0,11111101,912.80,2592,84.3,12.36,928.2,913.14,0.0,8.2, , 
,914.49,1152,85.5,0.0,11111111,913.82,2176,0.0,0.00,295.8,914.17,-2.3,8.2, , 
,915.42,1024,85.5,0.0,11111111,914.82,1088,25.1,4.12,377.4,915.13,-3.1,0.0, , 
,916.37,896,85.5,0.0,11111111,915.74,960,22.0,3.09,357.0,916.06,-3.1,0.0, , 
,917.27,896,85.5,-1.6,11111111,916.67,896,26.7,3.09,377.4,916.97,-3.1,0.0, , 
,918.20,864,85.5,-1.6,11111111,917.58,896,26.7,3.09,377.4,917.89,-3.1,0.0, , 
,919.11,864,85.5,0.0,11111111,918.51,864,26.7,3.09,397.8,918.82,-3.1,0.0, , 
,920.04,896,85.5,1.2,11111111,919.42,864,26.7,3.09,397.8,919.73,-3.1,0.0, , 
,921.01,896,85.5,1.6,11111111,920.37,896,26.7,3.09,397.8,920.69,-3.1,0.0, , 
,921.91,896,85.5,2.0,11111111,921.31,896,26.7,3.09,397.8,921.61,-3.1,0.0, , 
,922.80,896,85.5,1.6,11111111,922.21,896,26.7,3.09,397.8,922.51,-3.1,0.0, , 
,923.74,896,87.0,1.2,11111111,923.11,896,26.7,3.09,397.8,923.43,-3.1,0.0, , 
,924.64,864,87.0,0.4,11111111,924.05,896,26.7,3.09,397.8,924.35,-3.1,0.0, , 
,925.56,896,87.0,0.4,11111111,924.95,896,28.2,3.09,397.8,925.25,-3.1,0.0, , 
,926.48,896,87.0,0.0,11111111,925.88,896,28.2,3.09,397.8,926.18,-3.1,0.0, , 
,927.38,896,87.0,-0.4,11111111,926.78,864,26.7,3.09,397.8,927.08,-3.1,0.0, , 
,928.28,896,87.0,-0.8,11111111,927.68,896,26.7,3.09,397.8,927.97,-3.1,0.0, , 
,929.20,896,87.0,-1.2,11111111,928.60,896,28.2,3.09,397.8,928.90,-3.1,0.0, , 
,930.13,896,87.0,-0.4,11111111,929.49,896,28.2,3.09,397.8,929.80,-3.1,0.0, , 
,931.10,896,87.0,-0.4,11111111,930.46,896,26.7,3.09,397.8,930.79,-3.1,0.0, , 
,931.99,864,87.0,-1.6,11111111,931.39,864,26.7,3.09,377.4,931.69,-3.1,0.0, , 
,932.93,896,87.0,-2.3,11111111,932.30,896,26.7,3.09,397.8,932.61,-3.1,0.0, , 
,933.84,864,87.0,-2.0,11111111,933.23,864,26.7,3.09,397.8,933.54,-3.1,0.0, , 
,934.73,864,87.0,-1.2,11111111,934.15,864,28.2,3.09,397.8,934.45,-3.1,0.0, , 
,935.65,896,87.0,-0.8,11111111,935.03,864,28.2,3.09,397.8,935.35,-3.1,0.0, , 
,936.55,896,87.0,-0.8,11111111,935.95,896,28.2,3.09,397.8,936.26,-3.1,0.0, , 
,937.45,896,87.0,-1.2,11111111,936.85,896,28.2,3.09,397.8,937.15,-3.1,0.0, , 
,938.33,896,87.0,-1.2,11111111,937.76,864,28.2,3.09,397.8,938.05,-3.1,0.0, , 
,939.24,768,87.0,-0.8,11111111,938.64,800,26.7,3.09,397.8,938.96,-3.9,0.0, , 
