Niedziela,30,Sierpieñ,2026,21:24:40:00009-VCID:1C3761778CABCE7337-5178,Wersja VCDS: AKP 23.3.1,Wersja danych: 20230601 DS346.2
047 906 033 L,,1.4l SIMOS3PA   00HS5401,

,Grupa A:,'001,,,,Grupa B:,'002,,,,Grupa C:,'033
,,Obroty silnika,Temperatura,Lambda,Bity binarnie,,Obroty silnika,Obci¹¿enie,Czas wtrysku,Ciœnienie rzecz.,,Lambda,Napiêcie, , 
,CZAS,,,,,CZAS,,,,,CZAS,,,,
Znacznik,ZAPISU, /min,*C, %,,ZAPISU, /min, %, ms, mbar,ZAPISU, %, V,,
,0.54,0,30.0,0.0,10110110,0.01,0,0.0,0.00,969.0,0.27,0.0,1.48, , 
,1.34,0,30.0,0.0,10110110,0.81,0,0.0,0.00,969.0,1.08,0.0,1.48, , 
,2.15,0,30.0,0.0,10110110,1.61,0,0.0,0.00,969.0,1.88,0.0,1.48, , 
,2.95,0,30.0,0.0,10110110,2.42,0,0.0,0.00,969.0,2.69,0.0,1.48, , 
,3.77,0,30.0,0.0,10110110,3.22,0,0.0,0.00,969.0,3.49,0.0,1.48, , 
,4.58,0,30.0,0.0,10110110,4.04,0,0.0,0.00,969.0,4.31,0.0,1.48, , 
,5.37,0,30.0,0.0,10110110,4.84,0,0.0,0.00,969.0,5.11,0.0,1.48, , 
,6.19,192,30.0,0.0,10110110,5.64,0,0.0,0.00,969.0,5.91,0.0,1.48, , 
,7.07,1152,30.0,0.0,10110110,6.45,224,100.0,50.47,969.0,6.72,0.0,1.48, , 
,8.04,1120,31.5,0.0,10110110,7.42,1280,51.8,11.33,591.6,7.73,0.0,1.48, , 
,9.03,1120,30.0,0.0,10110110,8.36,1088,40.0,8.24,479.4,8.67,0.0,1.48, , 
,9.96,1120,30.0,0.0,10110110,9.34,1120,38.4,7.21,459.0,9.64,0.0,1.48, , 
,10.93,1088,30.0,0.0,10110110,10.29,1120,40.0,7.21,459.0,10.61,0.0,1.48, , 
,11.93,1088,30.0,0.0,10110110,11.26,1088,40.0,7.21,459.0,11.59,0.0,1.48, , 
,12.87,1056,30.0,0.0,10110110,12.26,1088,40.0,7.21,459.0,12.56,0.0,1.48, , 
,13.83,1056,30.0,0.0,10110110,13.17,992,41.2,7.21,479.4,13.50,0.0,1.48, , 
,14.79,1024,30.0,0.0,10110110,14.16,1024,41.2,7.21,479.4,14.48,0.0,1.48, , 
,15.79,992,30.0,0.0,10110110,15.12,1024,44.3,7.21,520.2,15.47,0.0,1.48, , 
,16.76,1024,30.0,0.0,10110110,16.11,1024,48.6,8.24,550.8,16.42,0.0,1.48, , 
,17.77,1152,30.0,0.0,10110110,17.09,1120,45.9,7.21,550.8,17.43,0.0,1.48, , 
,18.78,1120,30.0,0.0,10110110,18.11,1152,44.3,7.21,499.8,18.44,0.0,1.48, , 
,19.74,1120,30.0,0.0,10110110,19.12,1120,44.3,7.21,499.8,19.45,0.0,1.48, , 
,20.73,1120,30.0,0.0,10110110,20.07,1120,42.7,6.18,499.8,20.41,0.0,1.48, , 
,21.71,1088,30.0,0.0,10110110,21.05,1088,40.0,6.18,479.4,21.38,0.0,1.48, , 
,22.69,1088,30.0,0.0,10110110,22.04,1056,41.2,6.18,479.4,22.36,0.0,1.48, , 
,23.64,1056,31.5,0.0,10110110,23.03,1056,41.2,6.18,479.4,23.33,0.0,1.48, , 
,24.62,1088,30.0,0.0,10110110,23.96,1088,42.7,6.18,499.8,24.30,0.0,1.48, , 
,25.60,1056,30.0,0.0,10110110,24.93,1088,42.7,6.18,499.8,25.28,0.0,1.48, , 
,26.55,1088,30.0,0.0,10100010,25.92,1056,44.3,6.18,520.2,26.23,0.0,1.48, , 
,27.52,928,30.0,0.0,10100010,26.87,1120,41.2,5.15,479.4,27.22,0.0,1.48, , 
,28.47,1024,31.5,0.0,10100010,27.83,896,50.2,7.21,571.2,28.15,0.0,1.48, , 
,29.46,1248,31.5,0.0,10100010,28.79,992,47.1,6.18,550.8,29.12,0.0,1.48, , 
,30.44,1248,31.5,0.0,10100010,29.79,1312,36.9,5.15,438.6,30.11,0.0,1.52, , 
,31.42,768,31.5,0.0,10100010,30.79,1152,40.0,5.15,459.0,31.12,0.0,1.52, , 
,32.38,992,31.5,0.0,10100010,31.73,832,57.6,10.30,652.8,32.03,0.0,1.45, , 
,33.40,1216,31.5,0.0,10100010,32.71,1088,45.9,6.18,520.2,33.05,0.0,1.41, , 
,34.48,1440,31.5,0.0,10100010,33.77,1280,47.1,6.18,550.8,34.14,0.0,1.56, , 
,35.60,1888,31.5,0.0,10100010,34.85,1600,57.6,11.33,612.0,35.23,0.0,1.56, , 
,36.63,2304,31.5,0.0,10100000,35.96,2048,56.1,8.24,591.6,36.30,0.0,1.60, , 
,37.69,1696,31.5,0.0,10110110,36.98,2400,48.6,7.21,520.2,37.33,0.0,1.60, , 
,38.72,1312,33.0,0.0,10101010,38.02,1056,41.2,8.24,459.0,38.39,0.0,1.72, , 
,39.75,1312,33.0,-6.6,10101010,39.06,1280,36.9,5.15,438.6,39.42,-5.5,1.25, , 
,40.81,1408,33.0,0.0,10101010,40.08,1344,42.7,7.21,499.8,40.45,0.0,1.45, , 
,42.06,1536,33.0,2.7,10101010,41.27,1440,44.3,6.18,499.8,41.70,2.7,1.60, , 
,43.19,1632,33.0,5.1,10101010,42.42,1568,41.2,6.18,479.4,42.81,3.5,1.52, , 
,44.31,1728,33.0,0.0,10101010,43.56,1664,44.3,7.21,499.8,43.93,7.4,1.52, , 
,45.45,1888,33.0,0.0,10101010,44.70,1760,50.2,7.21,550.8,45.09,0.0,1.56, , 
,46.48,2112,33.0,0.8,10101000,45.81,1984,63.5,9.27,673.2,46.16,0.0,1.60, , 
,47.56,2304,34.5,2.7,10101000,46.84,2176,60.4,9.27,632.4,47.18,1.6,1.56, , 
,48.67,2304,34.5,0.0,10111100,47.93,2368,62.0,9.27,632.4,48.31,0.0,1.60, , 
,49.67,1312,34.5,0.0,10111110,49.02,1536,0.0,0.00,377.4,49.34,0.0,3.09, , 
,50.69,1152,34.5,-4.3,10111110,50.00,1280,35.3,5.15,418.2,50.35,0.0,0.94, , 
,51.62,992,34.5,-9.8,10111110,50.98,1088,36.9,5.15,438.6,51.29,-9.4,1.25, , 
,52.60,1024,34.5,-9.4,10111110,51.94,1024,42.7,6.18,499.8,52.26,-9.4,1.52, , 
,53.52,1024,34.5,-7.8,10111110,52.90,1024,42.7,6.18,499.8,53.20,-8.2,1.56, , 
,54.49,992,34.5,-7.0,10111110,53.87,992,41.2,5.15,499.8,54.18,-7.0,1.52, , 
,55.56,992,34.5,-5.5,10111110,54.85,992,42.7,5.15,499.8,55.20,-6.3,1.56, , 
,56.53,992,36.0,-3.5,10111110,55.88,992,42.7,6.18,499.8,56.18,-4.3,1.56, , 
,57.54,992,36.0,-2.7,10111110,56.89,992,40.0,5.15,479.4,57.20,-2.7,1.52, , 
,58.47,992,36.0,-3.1,10111110,57.84,960,38.4,5.15,459.0,58.19,-3.1,1.48, , 
,59.51,960,36.0,-2.0,10111110,58.82,960,40.0,5.15,459.0,59.15,-2.7,1.56, , 
,60.42,992,36.0,0.0,10101010,59.78,992,40.0,5.15,479.4,60.10,-1.6,1.52, , 
,61.51,1600,36.0,1.2,10101010,60.78,1216,40.0,5.15,459.0,61.12,1.2,1.56, , 
,62.59,1632,36.0,-3.9,10101010,61.89,1632,31.0,4.12,377.4,62.24,-1.2,1.41, , 
,63.66,1344,36.0,-4.7,10101010,62.98,1568,25.1,3.09,336.6,63.32,-6.3,1.41, , 
,64.66,1312,37.5,-0.8,10101010,63.98,1280,32.5,4.12,397.8,64.31,-1.6,1.60, , 
,65.64,1088,37.5,0.4,10101010,64.98,1280,32.5,4.12,397.8,65.31,0.0,1.56, , 
,66.62,1184,37.5,-2.0,10111110,65.96,1120,38.4,5.15,459.0,66.31,2.0,1.52, , 
,67.61,960,37.5,0.4,10111110,66.95,960,36.9,5.15,438.6,67.29,0.4,1.56, , 
,68.61,1760,37.5,0.0,10101010,67.91,960,44.3,9.27,499.8,68.24,0.0,0.20, , 
,69.64,1152,37.5,0.0,10101010,68.96,1312,60.4,12.36,652.8,69.28,0.0,1.21, , 
,70.68,1824,37.5,0.0,10101010,69.92,1408,57.6,9.27,632.4,70.30,0.0,1.45, , 
,71.73,1344,37.5,0.0,10111110,71.03,2048,67.8,11.33,714.0,71.41,0.0,1.45, , 
,72.72,1248,39.0,0.0,10101010,72.06,1216,35.3,5.15,438.6,72.37,0.0,1.29, , 
,73.72,1312,39.0,0.0,10101010,73.04,1248,32.5,5.15,397.8,73.38,0.0,0.86, , 
,74.87,1536,39.0,0.0,10101010,74.08,1376,60.4,13.39,673.2,74.53,0.0,1.09, , 
,76.00,1792,39.0,-2.3,10101010,75.25,1632,53.3,8.24,591.6,75.62,0.0,1.41, , 
,77.10,2016,39.0,-6.3,10101000,76.37,1856,47.1,6.18,520.2,76.73,-1.6,1.48, , 
,78.17,2112,39.0,-10.2,10101000,77.45,2048,31.0,4.12,377.4,77.82,-10.9,1.37, , 
,79.24,2272,39.0,-2.3,10101000,78.52,2144,41.2,5.15,459.0,78.87,-3.1,1.72, , 
,80.34,2368,40.5,-3.1,10101000,79.60,2304,35.3,5.15,418.2,79.96,-1.6,1.52, , 
,81.44,2464,40.5,-3.1,10101000,80.70,2400,28.2,4.12,336.6,81.08,-3.1,1.52, , 
,82.47,2496,40.5,-3.5,10101000,81.79,2464,26.7,3.09,316.2,82.13,-3.1,1.48, , 
,83.51,2592,40.5,2.0,10101000,82.81,2624,35.3,5.15,397.8,83.16,2.3,1.64, , 
,84.52,2688,40.5,-3.5,10101000,83.86,2656,31.0,4.12,357.0,84.18,-0.4,1.33, , 
,85.51,2624,40.5,-2.7,10111100,84.86,2656,20.8,3.09,275.4,85.19,-2.3,1.52, , 
,86.55,2528,40.5,-2.0,10111100,85.86,2592,20.8,3.09,275.4,86.21,-1.6,1.60, , 
,87.58,2496,40.5,0.0,10111100,86.90,2496,20.8,3.09,275.4,87.25,-0.8,1.52, , 
,88.55,2368,40.5,0.4,10111100,87.91,2464,20.8,3.09,275.4,88.22,2.0,1.56, , 
,89.59,2144,40.5,0.8,10111100,88.88,2272,20.8,3.09,275.4,89.23,1.6,1.52, , 
,90.64,2016,42.0,3.1,10111100,89.94,2080,20.8,3.09,275.4,90.28,3.9,1.52, , 
,91.70,1984,42.0,2.7,10111100,91.00,2016,19.2,3.09,275.4,91.34,3.5,1.52, , 
,92.80,1952,42.0,3.5,10111110,92.07,1984,19.2,3.09,275.4,92.43,3.9,1.52, , 
,93.89,1920,42.0,3.1,10111110,93.15,1920,20.8,3.09,295.8,93.52,3.5,1.48, , 
,94.98,1920,42.0,3.5,10111110,94.25,1920,22.0,3.09,295.8,94.62,3.1,1.48, , 
,96.06,1888,42.0,2.3,10111110,95.35,1920,22.0,3.09,295.8,95.71,3.5,1.48, , 
,97.16,1888,42.0,2.7,10111110,96.42,1888,22.0,3.09,295.8,96.79,2.7,1.52, , 
,98.25,1856,42.0,3.1,10111110,97.52,1888,23.5,3.09,316.2,97.89,2.0,1.48, , 
,99.24,992,42.0,0.0,10111110,98.58,1536,0.0,0.00,336.6,98.91,0.0,3.36, , 
,100.15,960,43.5,0.0,10111110,99.51,1024,36.9,6.18,459.0,99.81,0.0,0.94, , 
,101.10,896,43.5,-6.3,10111110,100.47,928,36.9,5.15,438.6,100.78,-4.7,1.13, , 
,102.02,896,42.0,-7.8,10111110,101.42,896,36.9,5.15,459.0,101.72,-7.8,1.45, , 
,102.94,1248,43.5,-7.0,10111110,102.30,928,38.4,5.15,459.0,102.61,-7.4,1.56, , 
,103.93,1248,43.5,1.6,10111110,103.26,1248,28.2,4.12,357.0,103.59,1.6,1.76, , 
,104.95,1312,43.5,-1.6,10101010,104.26,1248,28.2,4.12,357.0,104.59,-2.3,1.48, , 
,106.05,1376,43.5,1.6,10101010,105.31,1312,31.0,4.12,397.8,105.70,2.0,1.60, , 
,107.07,1536,43.5,2.0,10101010,106.40,1472,31.0,4.12,397.8,106.69,1.6,1.52, , 
,108.21,1728,43.5,6.3,10101010,107.46,1632,38.4,6.18,459.0,107.82,4.7,1.56, , 
,109.31,1824,43.5,-0.4,10111110,108.60,1792,31.0,4.12,377.4,108.96,2.3,1.29, , 
,110.43,1824,45.0,-2.7,10111110,109.68,1888,23.5,3.09,316.2,110.05,-2.3,1.37, , 
,111.49,1664,45.0,-1.6,10111110,110.80,1760,25.1,3.09,336.6,111.13,-2.3,1.52, , 
,112.60,1664,45.0,-0.8,10101010,111.85,1664,26.7,3.09,336.6,112.20,-0.8,1.56, , 
,113.78,1824,45.0,2.0,10101010,113.00,1728,32.5,4.12,397.8,113.40,1.6,1.56, , 
,114.90,1952,45.0,0.8,10101010,114.16,1856,32.5,4.12,397.8,114.54,1.6,1.48, , 
,116.01,2080,45.0,-0.8,10101000,115.27,2016,28.2,4.12,357.0,115.64,-0.8,1.45, , 
,117.05,2176,45.0,-0.4,10101000,116.36,2112,29.4,4.12,357.0,116.71,0.0,1.52, , 
,118.07,2240,45.0,0.0,10101000,117.39,2176,28.2,4.12,357.0,117.73,-0.4,1.45, , 
,119.13,2304,45.0,0.0,10101000,118.42,2272,28.2,4.12,336.6,118.77,0.0,1.48, , 
,120.20,2432,45.0,3.5,10101000,119.46,2336,29.4,4.12,357.0,119.84,1.6,1.48, , 
,121.27,2592,45.0,-9.4,10101000,120.57,2464,41.2,5.15,459.0,120.91,-8.2,1.17, , 
,122.30,2752,46.5,-3.1,10101000,121.61,2656,36.9,5.15,418.2,121.97,-3.9,1.52, , 
,123.30,2880,46.5,-1.6,10101000,122.62,2784,34.1,4.12,397.8,122.97,-1.6,1.52, , 
,124.34,1728,46.5,0.0,10111110,123.64,2880,29.4,4.12,357.0,123.98,0.0,3.09, , 
,125.28,1056,46.5,0.0,10111110,124.63,1088,28.2,4.12,377.4,124.95,0.0,3.09, , 
,126.32,1856,46.5,0.0,10111110,125.59,1152,29.4,5.15,397.8,125.95,0.0,0.78, , 
,127.40,1824,46.5,0.0,10101010,126.68,1824,0.0,0.00,316.2,127.04,0.0,2.81, , 
,128.53,1824,46.5,-3.1,10101010,127.76,1792,31.0,4.12,377.4,128.14,-4.3,1.21, , 
,129.68,1856,46.5,-1.6,10101010,128.91,1824,34.1,4.12,418.2,129.30,-2.3,1.52, , 
,130.80,1888,46.5,0.0,10101010,130.06,1856,35.3,5.15,418.2,130.42,0.0,1.41, , 
,131.87,1984,46.5,-2.3,10101010,131.16,1920,51.8,7.21,571.2,131.51,-2.0,1.37, , 
,132.96,1984,46.5,0.0,10111110,132.23,1984,40.0,5.15,459.0,132.59,-2.7,1.45, , 
,133.92,1088,46.5,0.0,10111110,133.28,1312,0.0,0.00,377.4,133.60,0.0,3.44, , 
,134.88,928,46.5,0.0,10111110,134.23,1056,31.0,5.15,397.8,134.55,0.0,0.94, , 
,135.81,928,48.0,-4.3,10111110,135.19,928,34.1,5.15,418.2,135.51,-2.3,1.13, , 
,136.72,864,48.0,-6.6,10111110,136.12,896,34.1,5.15,438.6,136.42,-6.3,1.37, , 
,137.69,864,48.0,-6.6,10111110,137.03,896,34.1,4.12,438.6,137.35,-7.0,1.45, , 
,138.59,896,48.0,-5.9,10111110,137.99,864,34.1,4.12,438.6,138.30,-6.3,1.52, , 
,139.49,896,48.0,-5.1,10111110,138.89,896,35.3,4.12,438.6,139.18,-5.5,1.52, , 
,140.40,864,48.0,-4.3,10111110,139.78,864,34.1,4.12,438.6,140.10,-4.7,1.48, , 
,141.32,896,48.0,-3.9,10111110,140.72,864,34.1,4.12,438.6,141.02,-3.9,1.48, , 
,142.25,896,48.0,-3.1,10111110,141.65,896,34.1,4.12,438.6,141.95,-3.5,1.48, , 
,143.20,896,48.0,-3.5,10111110,142.59,896,34.1,4.12,438.6,142.89,-3.5,1.45, , 
,144.14,960,48.0,-3.5,10111110,143.51,928,34.1,4.12,438.6,143.82,-3.5,1.48, , 
,145.09,960,48.0,-3.5,10111110,144.45,960,31.0,4.12,397.8,144.74,-3.5,1.48, , 
,145.99,832,48.0,-3.1,10111110,145.38,992,28.2,4.12,377.4,145.68,-3.5,1.48, , 
,146.91,864,48.0,-3.1,10111110,146.30,864,32.5,4.12,418.2,146.60,-3.1,1.45, , 
,147.81,864,49.5,-4.7,10111110,147.21,864,32.5,4.12,418.2,147.52,-4.3,1.37, , 
,148.72,864,49.5,-6.3,10111110,148.13,864,32.5,4.12,418.2,148.42,-5.9,1.37, , 
,149.65,864,49.5,-7.4,10111110,149.04,864,32.5,4.12,438.6,149.34,-7.4,1.41, , 
,150.60,864,49.5,-8.2,10111110,149.96,832,31.0,4.12,418.2,150.27,-7.8,1.45, , 
,151.53,864,49.5,-10.5,10111110,150.90,864,31.0,4.12,418.2,151.21,-9.4,1.33, , 
,152.44,864,49.5,-11.7,10111110,151.84,832,32.5,4.12,418.2,152.13,-11.7,1.41, , 
,153.37,832,49.5,-10.9,10111110,152.75,832,32.5,4.12,438.6,153.06,-11.3,1.48, , 
,154.30,864,49.5,-10.2,10111110,153.68,864,32.5,4.12,438.6,153.99,-10.5,1.48, , 
,155.30,1664,49.5,0.0,10101010,154.61,864,34.1,4.12,438.6,154.95,0.0,1.45, , 
,156.26,1088,49.5,0.0,10101010,155.63,1344,40.0,6.18,479.4,155.94,0.0,1.13, , 
,157.38,1696,49.5,0.0,10101010,156.61,1312,47.1,7.21,550.8,157.02,0.0,1.05, , 
,158.47,2080,49.5,0.0,10111100,157.74,1920,59.2,9.27,652.8,158.10,0.0,1.21, , 
,159.40,1248,51.0,0.0,10101010,158.78,1440,0.0,0.00,377.4,159.07,0.0,3.71, , 
,160.41,1344,51.0,-4.7,10101010,159.75,1248,36.9,5.15,459.0,160.06,0.0,1.21, , 
,161.52,1504,51.0,-3.9,10101010,160.75,1408,47.1,7.21,550.8,161.13,-4.3,1.45, , 
,162.63,1664,51.0,-3.9,10101010,161.88,1568,42.7,6.18,499.8,162.26,-4.7,1.52, , 
,163.71,1888,51.0,-3.1,10101010,162.97,1728,51.8,7.21,591.6,163.33,-3.9,1.52, , 
,164.78,2080,51.0,-2.3,10101000,164.06,1952,51.8,7.21,571.2,164.43,-2.0,1.52, , 
,165.80,2272,51.0,-4.3,10101000,165.12,2144,53.3,7.21,591.6,165.46,-3.9,1.41, , 
,166.86,2432,51.0,-5.1,10101000,166.15,2304,47.1,6.18,520.2,166.49,-4.7,1.45, , 
,167.89,2528,51.0,-4.3,10101000,167.22,2464,44.3,6.18,479.4,167.55,-5.5,1.48, , 
,168.94,2496,51.0,-0.4,10101000,168.24,2528,26.7,3.09,336.6,168.58,-1.2,1.60, , 
,169.94,2464,51.0,-1.6,10111100,169.27,2496,20.8,3.09,275.4,169.61,-0.4,1.45, , 
,170.93,2272,51.0,2.0,10111100,170.27,2432,20.8,3.09,275.4,170.61,0.8,1.52, , 
,171.92,1216,51.0,0.0,10111110,171.27,2144,19.2,3.09,275.4,171.62,0.0,2.70, , 
,172.87,1024,51.0,0.0,10111110,172.24,1056,32.5,6.18,418.2,172.55,0.0,1.76, , 
,173.81,896,51.0,0.0,10111110,173.17,896,29.4,4.12,377.4,173.48,0.0,0.74, , 
,174.74,928,51.0,-9.0,10111110,174.13,896,31.0,4.12,418.2,174.43,-6.3,0.98, , 
,175.67,992,52.5,0.0,10101010,175.04,928,31.0,4.12,397.8,175.34,-15.2,1.33, , 
,176.59,928,52.5,0.0,10101010,175.98,1152,38.4,6.18,479.4,176.28,0.0,1.33, , 
,177.52,1056,52.5,0.0,10101010,176.89,960,54.5,9.27,632.4,177.19,0.0,1.29, , 
,178.51,1376,52.5,0.0,10101010,177.86,1184,75.3,13.39,826.2,178.18,0.0,0.94, , 
,179.56,1536,52.5,0.0,10101010,178.84,1408,54.5,8.24,632.4,179.23,0.0,1.45, , 
,180.62,1600,52.5,-3.5,10101010,179.90,1568,29.4,4.12,377.4,180.26,-1.2,1.41, , 
,181.69,1664,52.5,-4.7,10101010,180.97,1632,28.2,4.12,357.0,181.35,-4.7,1.41, , 
,182.71,1728,52.5,-5.5,10101010,182.04,1696,26.7,3.09,336.6,182.37,-5.5,1.48, , 
,183.81,1824,52.5,-4.3,10101010,183.07,1760,28.2,4.12,357.0,183.42,-5.1,1.52, , 
,184.88,1920,52.5,-2.7,10101010,184.17,1888,31.0,4.12,377.4,184.54,-2.7,1.52, , 
,185.92,2048,52.5,-2.0,10101000,185.24,1984,32.5,4.12,397.8,185.58,-1.6,1.52, , 
,186.94,2272,52.5,-4.3,10101000,186.27,2112,45.9,6.18,499.8,186.60,-2.7,1.45, , 
,187.95,2496,54.0,-9.8,10101000,187.26,2304,51.8,7.21,571.2,187.59,-5.9,1.48, , 
,188.97,2752,54.0,-10.5,10101000,188.30,2592,54.5,7.21,591.6,188.63,-10.5,1.48, , 
,189.98,1152,54.0,0.0,10111110,189.29,2400,0.0,0.00,316.2,189.68,0.0,3.71, , 
,190.89,1440,54.0,0.0,10111110,190.29,1024,31.0,5.15,397.8,190.60,0.0,2.07, , 
,191.96,1792,54.0,0.0,10101010,191.25,1824,0.0,0.00,316.2,191.62,0.0,3.40, , 
,193.02,1792,54.0,0.0,10101010,192.31,1792,22.0,4.12,316.2,192.67,0.0,0.94, , 
,194.13,1824,54.0,-5.5,10101010,193.41,1792,25.1,3.09,316.2,193.79,-6.3,1.29, , 
,195.21,1856,54.0,-3.9,10101010,194.47,1824,32.5,4.12,397.8,194.84,-3.9,1.56, , 
,196.27,1984,54.0,0.0,10101010,195.55,1888,45.9,7.21,520.2,195.90,0.0,1.41, , 
,197.34,2048,54.0,-1.2,10101000,196.64,1984,42.7,6.18,479.4,196.99,-1.2,1.45, , 
,198.43,2080,54.0,-3.1,10101000,197.70,2048,40.0,5.15,459.0,198.06,-2.3,1.45, , 
,199.44,2112,54.0,-3.9,10101000,198.77,2112,38.4,5.15,438.6,199.12,-3.9,1.48, , 
,200.46,2144,54.0,-3.9,10101000,199.78,2112,38.4,5.15,438.6,200.13,-4.3,1.45, , 
,201.49,2144,54.0,0.0,10101000,200.78,2144,40.0,5.15,459.0,201.13,-4.3,1.45, , 
,202.51,2144,54.0,-0.4,10101000,201.82,2144,26.7,3.09,336.6,202.16,0.8,1.52, , 
,203.55,2144,54.0,0.0,10101000,202.85,2144,28.2,4.12,357.0,203.21,0.4,1.45, , 
,204.58,2176,55.5,-2.0,10101000,203.89,2144,32.5,4.12,377.4,204.22,-1.2,1.37, , 
,205.58,2176,55.5,1.6,10101000,204.91,2176,25.1,3.09,336.6,205.25,0.0,1.56, , 
,206.58,2144,55.5,-3.1,10101000,205.93,2144,19.2,3.09,275.4,206.26,-2.0,1.37, , 
,207.61,2144,55.5,-1.6,10101000,206.93,2112,20.8,3.09,275.4,207.26,-3.1,1.48, , 
,208.64,2112,55.5,-0.4,10101000,207.96,2112,26.7,4.12,336.6,208.30,-0.8,1.52, , 
,209.67,2080,55.5,0.4,10101000,208.97,2080,29.4,4.12,357.0,209.32,0.0,1.52, , 
,210.73,2080,55.5,1.6,10101000,210.01,2080,28.2,4.12,357.0,210.38,1.2,1.45, , 
,211.78,2048,55.5,1.6,10101000,211.06,2080,28.2,4.12,357.0,211.42,1.6,1.48, , 
,212.83,2048,55.5,1.6,10101000,212.13,2080,28.2,4.12,357.0,212.49,1.6,1.45, , 
,213.89,2048,55.5,1.2,10101000,213.18,2048,28.2,4.12,357.0,213.53,1.6,1.45, , 
,214.91,2080,55.5,0.8,10101000,214.22,2048,31.0,4.12,377.4,214.57,1.6,1.45, , 
,215.97,2112,55.5,-2.3,10101000,215.27,2080,36.9,5.15,438.6,215.61,-1.6,1.37, , 
,217.00,2144,55.5,-2.3,10101000,216.32,2112,41.2,5.15,479.4,216.67,-3.1,1.45, , 
,218.01,2208,55.5,-3.9,11101000,217.35,2176,48.6,6.18,550.8,217.69,-3.5,1.45, , 
,219.01,2240,55.5,-4.3,11101000,218.35,2208,45.9,6.18,520.2,218.68,-3.9,1.48, , 
,220.03,2304,57.0,-3.1,11101000,219.34,2272,44.3,6.18,499.8,219.69,-5.1,1.45, , 
,221.04,2336,57.0,-1.2,11101000,220.36,2304,42.7,5.15,479.4,220.72,-3.5,1.41, , 
,222.09,2304,57.0,1.2,11101000,221.37,2336,25.1,3.09,316.2,221.72,1.2,1.52, , 
,223.09,2304,57.0,2.7,11101000,222.42,2336,23.5,3.09,316.2,222.77,2.0,1.48, , 
,224.14,2304,57.0,4.3,11101000,223.43,2304,25.1,3.09,316.2,223.79,3.9,1.48, , 
,225.18,2304,57.0,5.9,11101000,224.49,2304,26.7,4.12,336.6,224.84,4.7,1.45, , 
,226.17,2304,57.0,3.9,11101000,225.50,2304,32.5,5.15,397.8,225.84,4.7,1.33, , 
,227.15,2368,57.0,0.8,11101000,226.52,2336,44.3,6.18,479.4,226.84,1.6,1.29, , 
,228.22,2400,57.0,-0.4,11101000,227.53,2368,45.9,6.18,499.8,227.88,-0.8,1.45, , 
,229.28,2496,57.0,-2.7,11101000,228.58,2432,45.9,6.18,499.8,228.93,-2.3,1.41, , 
,230.29,2528,57.0,-3.1,11101000,229.60,2496,44.3,6.18,499.8,229.94,-3.5,1.41, , 
,231.35,2624,57.0,-3.1,11101000,230.64,2560,42.7,6.18,479.4,231.00,-3.1,1.52, , 
,232.34,2656,57.0,-3.5,11101000,231.68,2656,42.7,5.15,479.4,232.01,-3.1,1.45, , 
,233.36,2688,57.0,-3.9,11101000,232.69,2656,48.6,6.18,520.2,233.01,-3.5,1.45, , 
,234.38,2720,57.0,-3.9,11101000,233.70,2688,48.6,6.18,520.2,234.04,-3.9,1.45, , 
,235.40,2688,58.5,0.0,11111100,234.72,2720,45.9,6.18,520.2,235.06,-3.9,1.52, , 
,236.36,2656,58.5,0.0,11111100,235.71,2688,20.8,2.06,275.4,236.02,-0.8,1.45, , 
,237.30,2528,58.5,0.0,11111100,236.67,2592,0.0,0.00,275.4,236.98,0.0,3.83, , 
,238.25,2432,58.5,0.0,11111100,237.62,2496,0.0,0.00,275.4,237.92,0.0,3.95, , 
,239.22,2336,58.5,0.0,11101000,238.59,2400,0.0,0.00,275.4,238.90,0.0,3.91, , 
,240.23,2272,58.5,0.0,11101000,239.57,2336,19.2,3.09,244.8,239.90,0.0,1.09, , 
,241.21,2240,58.5,-5.5,11101000,240.56,2272,19.2,2.06,244.8,240.90,-6.3,1.33, , 
,242.24,2208,58.5,-3.9,11101000,241.55,2208,19.2,2.06,275.4,241.90,-5.1,1.52, , 
,243.27,2176,58.5,0.0,11101000,242.58,2176,23.5,3.09,316.2,242.91,-0.8,1.60, , 
,244.29,2144,58.5,1.6,11101000,243.60,2144,29.4,4.12,357.0,243.95,1.6,1.56, , 
,245.32,2080,58.5,-1.6,11111100,244.63,2144,25.1,3.09,336.6,244.97,1.2,1.48, , 
,246.30,1024,58.5,0.0,11111110,245.65,2080,0.0,0.00,275.4,245.99,0.0,3.09, , 
,247.29,1024,58.5,0.0,11111110,246.63,1088,31.0,5.15,397.8,246.95,0.0,1.52, , 
,248.24,928,58.5,0.0,11111110,247.61,896,28.2,4.12,377.4,247.92,0.0,0.74, , 
,249.16,896,58.5,-8.6,11111110,248.56,896,29.4,4.12,397.8,248.86,-7.0,1.13, , 
,250.06,896,60.0,-10.2,11111110,249.46,864,31.0,4.12,418.2,249.74,-10.2,1.41, , 
,251.13,1440,60.0,0.0,11101010,250.47,1312,26.7,3.09,357.0,250.84,-5.9,1.80, , 
,252.29,1568,60.0,0.0,11101010,251.57,1440,69.4,14.42,754.8,251.93,0.0,0.82, , 
,253.35,1696,60.0,0.0,11101010,252.64,1600,72.2,12.36,795.6,253.01,0.0,1.13, , 
,254.41,1824,60.0,-1.2,11101010,253.67,1760,71.0,11.33,775.2,254.04,-2.0,1.41, , 
,255.50,1984,60.0,-2.0,11101010,254.79,1888,69.4,10.30,754.8,255.14,-1.2,1.48, , 
,256.56,2016,60.0,0.0,11101000,255.86,1984,47.1,5.15,550.8,256.21,0.0,1.56, , 
,257.61,2048,60.0,-1.2,11101000,256.93,2048,38.4,5.15,459.0,257.26,-1.2,1.45, , 
,258.70,1920,60.0,0.0,11111110,257.97,2048,22.0,3.09,316.2,258.33,0.0,1.60, , 
,259.78,1792,60.0,0.4,11101010,259.06,1856,22.0,3.09,295.8,259.40,0.0,1.52, , 
,260.88,1792,60.0,1.6,11101010,260.14,1824,28.2,4.12,357.0,260.49,1.2,1.52, , 
,261.99,1792,60.0,1.2,11101010,261.26,1792,32.5,4.12,397.8,261.62,1.2,1.48, , 
,263.06,1792,60.0,0.4,11101010,262.33,1792,26.7,4.12,357.0,262.68,0.8,1.45, , 
,264.14,1792,60.0,1.2,11101010,263.41,1792,26.7,3.09,336.6,263.76,0.0,1.45, , 
,265.33,1792,61.5,2.0,11101010,264.53,1792,28.2,4.12,357.0,264.93,1.6,1.48, , 
,266.49,1792,61.5,2.7,11101010,265.73,1792,28.2,4.12,357.0,266.11,2.7,1.48, , 
,267.64,1792,61.5,2.7,11101010,266.88,1792,28.2,4.12,357.0,267.26,2.7,1.45, , 
,268.64,1792,61.5,0.0,11101010,267.96,1792,31.0,4.12,377.4,268.26,1.2,1.45, , 
,269.71,1856,61.5,0.0,11101010,268.99,1792,45.9,7.21,520.2,269.36,0.0,1.41, , 
,270.82,1920,61.5,-2.0,11101010,270.08,1888,51.8,7.21,591.6,270.45,-1.6,1.45, , 
,271.90,2048,61.5,0.0,11101000,271.18,1952,65.1,10.30,714.0,271.54,0.0,1.25, , 
,272.91,2144,61.5,-8.6,11101000,272.23,2080,62.0,8.24,673.2,272.58,-6.3,1.41, , 
,273.93,2240,61.5,-11.3,11101000,273.25,2176,60.4,8.24,673.2,273.60,-10.5,1.41, , 
,274.91,2336,61.5,-14.1,11101000,274.27,2272,59.2,7.21,652.8,274.59,-12.5,1.48, , 
,275.96,2464,61.5,-17.6,11101000,275.26,2368,65.1,8.24,693.6,275.60,-16.4,1.45, , 
,276.93,2592,61.5,-19.5,11101000,276.31,2496,69.4,8.24,734.4,276.62,-19.1,1.41, , 
,277.95,2720,61.5,-20.3,11101000,277.25,2624,73.7,9.27,754.8,277.60,-20.3,1.52, , 
,279.00,2848,63.0,-18.8,11101000,278.29,2752,71.0,8.24,734.4,278.63,-19.5,1.52, , 
,280.22,2976,63.0,-16.8,11101000,279.35,2880,67.8,8.24,714.0,279.76,-17.6,1.48, , 
,281.32,3104,63.0,-14.1,11101000,280.59,3040,66.3,8.24,714.0,280.96,-14.8,1.52, , 
,282.39,3168,63.0,-12.5,11101000,281.67,3104,60.4,8.24,652.8,282.03,-13.3,1.33, , 
,283.49,3264,63.0,-12.5,11101000,282.76,3200,66.3,8.24,693.6,283.13,-12.9,1.41, , 
,284.55,1728,63.0,0.0,11111110,283.86,2976,0.0,0.00,336.6,284.22,0.0,3.87, , 
,285.54,1536,63.0,0.0,11111110,284.87,1344,0.0,0.00,357.0,285.19,0.0,3.87, , 
,286.53,2272,63.0,0.0,11101000,285.87,2080,20.8,3.09,295.8,286.20,0.0,1.68, , 
,287.54,2240,63.0,-1.2,11101000,286.85,2240,20.8,3.09,295.8,287.21,-1.6,1.37, , 
,288.57,2240,63.0,0.0,11101000,287.89,2240,31.0,4.12,377.4,288.22,0.0,1.33, , 
,289.59,2240,63.0,-0.8,11101000,288.93,2240,42.7,6.18,499.8,289.26,-1.6,1.45, , 
,290.59,2272,63.0,-0.8,11101000,289.92,2272,42.7,6.18,499.8,290.26,-2.0,1.45, , 
,291.58,2272,64.5,-2.0,11101000,290.92,2272,50.2,7.21,550.8,291.27,-2.0,1.41, , 
,292.57,2304,64.5,-0.8,11101000,291.91,2304,44.3,6.18,499.8,292.26,-1.6,1.48, , 
,293.57,2304,64.5,0.0,11101000,292.91,2304,51.8,7.21,571.2,293.22,0.0,1.25, , 
,294.57,2368,64.5,0.0,11101000,293.90,2336,73.7,11.33,775.2,294.23,0.0,1.41, , 
,295.62,2464,64.5,-2.0,11101000,294.93,2400,87.1,14.42,907.8,295.27,0.0,1.29, , 
,296.63,2560,64.5,-2.3,11101000,295.96,2496,88.6,14.42,907.8,296.30,-2.7,1.41, , 
,297.66,2656,64.5,-2.7,11101000,296.97,2592,88.6,14.42,907.8,297.33,-2.3,1.41, , 
,298.69,2752,64.5,-2.3,11101000,298.00,2688,88.6,14.42,928.2,298.34,-2.7,1.45, , 
,299.72,2848,64.5,-2.7,11101000,299.03,2784,88.6,14.42,907.8,299.36,-2.7,1.41, , 
,300.71,2048,64.5,0.0,11111100,300.05,2880,87.1,14.42,907.8,300.36,0.0,2.30, , 
,301.70,1664,66.0,0.0,11101010,301.05,1440,0.0,0.00,336.6,301.38,0.0,3.79, , 
,302.71,2112,66.0,0.0,11101000,302.03,2144,17.6,3.09,244.8,302.36,0.0,0.86, , 
,303.78,2112,66.0,0.0,11101000,303.06,2144,26.7,4.12,336.6,303.43,0.0,1.09, , 
,304.80,2112,66.0,-1.6,11101000,304.12,2112,44.3,6.18,520.2,304.46,-1.6,1.41, , 
,305.82,2112,66.0,-2.3,11101000,305.14,2112,44.3,6.18,499.8,305.49,-2.0,1.48, , 
,306.83,2112,66.0,-2.3,11101000,306.15,2112,41.2,5.15,479.4,306.49,-2.7,1.45, , 
,307.87,2048,66.0,0.0,11101000,307.18,2080,29.4,3.09,377.4,307.51,0.0,1.52, , 
,308.92,2048,66.0,-3.1,11101000,308.22,2080,20.8,3.09,295.8,308.57,-1.2,1.41, , 
,309.99,2016,66.0,-4.3,11111100,309.28,2016,16.1,2.06,244.8,309.64,-0.8,1.56, , 
,311.07,1952,66.0,0.0,11101010,310.35,1984,0.0,0.00,275.4,310.70,0.0,3.24, , 
,312.18,1888,67.5,0.0,11101010,311.44,1952,17.6,3.09,275.4,311.81,0.0,0.98, , 
,313.28,1888,67.5,0.0,11101010,312.54,1888,34.1,5.15,397.8,312.91,-2.7,1.41, , 
,314.39,1920,67.5,0.0,11101010,313.64,1888,66.3,11.33,714.0,314.02,0.0,1.45, , 
,315.49,1952,67.5,0.0,11101010,314.76,1920,88.6,15.45,948.6,315.11,0.0,1.13, , 
,316.59,1984,67.5,-2.3,11101000,315.86,1984,82.7,13.39,887.4,316.22,-2.0,1.41, , 
,317.62,2048,67.5,0.0,11101000,316.93,2016,84.3,13.39,907.8,317.27,-2.7,1.41, , 
,318.69,2080,67.5,0.0,11101000,317.95,2048,78.4,12.36,846.6,318.33,-0.4,1.45, , 
,319.71,2080,67.5,0.0,11101000,319.03,2080,65.1,9.27,714.0,319.37,-3.5,1.25, , 
,320.75,2080,67.5,0.0,11101000,320.04,2080,51.8,7.21,591.6,320.40,-1.6,1.37, , 
,321.80,2112,67.5,-5.9,11101000,321.11,2112,59.2,8.24,673.2,321.45,-4.3,1.33, , 
,322.85,2112,67.5,-7.8,11101000,322.15,2112,59.2,8.24,652.8,322.49,-7.0,1.45, , 
,323.91,2112,67.5,-7.0,11101000,323.21,2112,53.3,7.21,612.0,323.57,-6.6,1.48, , 
,324.96,2112,69.0,-5.1,11101000,324.24,2112,50.2,7.21,571.2,324.61,-5.1,1.52, , 
,326.02,2112,69.0,0.0,11101000,325.31,2112,42.7,6.18,499.8,325.66,0.0,1.45, , 
,327.04,2080,67.5,-2.0,11101000,326.37,2112,26.7,3.09,336.6,326.70,-1.2,1.41, , 
,328.05,2080,67.5,0.0,11101000,327.37,2080,38.4,6.18,438.6,327.70,0.0,1.25, , 
,329.06,2080,69.0,-1.2,11101000,328.39,2080,42.7,6.18,499.8,328.73,-1.2,1.48, , 
,330.11,2080,69.0,-2.3,11101000,329.40,2080,42.7,6.18,499.8,329.76,-2.0,1.41, , 
,331.18,2080,69.0,-2.7,11101000,330.47,2080,41.2,5.15,479.4,330.81,-2.3,1.45, , 
,332.23,2080,69.0,-3.1,11101000,331.52,2080,41.2,5.15,479.4,331.88,-2.7,1.41, , 
,333.23,2080,69.0,-3.1,11101000,332.56,2080,40.0,5.15,479.4,332.90,-3.5,1.45, , 
,334.26,2080,69.0,-4.3,11101000,333.56,2080,40.0,5.15,479.4,333.92,-3.1,1.41, , 
,335.28,2080,69.0,0.0,11101000,334.59,2080,36.9,5.15,438.6,334.92,0.0,1.45, , 
,336.32,2048,69.0,-1.2,11101000,335.63,2048,23.5,3.09,316.2,335.97,-0.8,1.45, , 
,337.40,2048,69.0,-1.6,11101000,336.67,2048,25.1,3.09,336.6,337.03,-0.8,1.48, , 
,338.43,2016,69.0,0.0,11101000,337.74,2048,35.3,5.15,438.6,338.09,0.0,1.33, , 
,339.50,2048,69.0,-2.3,11101000,338.80,2016,45.9,6.18,520.2,339.15,0.0,1.52, , 
,340.58,2048,69.0,-3.5,11101000,339.86,2048,53.3,7.21,612.0,340.23,-2.7,1.41, , 
,341.68,2048,69.0,-2.3,11101000,340.94,2048,50.2,7.21,591.6,341.30,-3.1,1.48, , 
,342.70,2080,69.0,-4.3,11101000,342.04,2080,50.2,7.21,591.6,342.37,-3.9,1.41, , 
,343.72,2080,69.0,0.0,11101000,343.03,2080,51.8,7.21,591.6,343.38,-4.3,1.45, , 
,344.80,2048,70.5,-0.4,11101000,344.08,2080,26.7,3.09,357.0,344.44,0.0,1.52, , 
,345.83,2048,70.5,-1.6,11101000,345.15,2048,26.7,3.09,336.6,345.48,-1.6,1.45, , 
,346.89,1984,70.5,-2.0,11101010,346.20,2048,26.7,4.12,357.0,346.54,-1.2,1.45, , 
,347.98,1984,70.5,-4.7,11101010,347.26,2016,16.1,2.06,244.8,347.61,-0.8,1.41, , 
,349.05,1952,70.5,0.0,11101010,348.33,1984,17.6,2.06,275.4,348.69,-5.5,1.37, , 
,350.15,1984,70.5,0.0,11101000,349.42,1952,67.8,12.36,734.4,349.78,0.0,1.21, , 
,351.19,2048,70.5,0.0,11101000,350.50,1984,88.6,15.45,948.6,350.85,0.0,1.05, , 
,352.25,2080,70.5,-5.5,11101000,351.55,2080,91.4,15.45,989.4,351.89,-3.5,1.33, , 
,353.29,2144,70.5,-6.6,11101000,352.59,2112,90.2,14.42,948.6,352.95,-6.3,1.45, , 
,354.33,2208,70.5,0.0,11101000,353.64,2176,85.5,13.39,928.2,353.99,0.0,1.37, , 
,355.33,2208,70.5,0.0,11111100,354.66,2208,72.2,11.33,795.6,355.01,0.0,1.29, , 
,356.34,2176,70.5,0.0,11111100,355.67,2176,19.2,2.06,275.4,356.01,0.0,1.60, , 
,357.36,2112,70.5,0.0,11111100,356.67,2144,0.0,0.00,244.8,357.01,0.0,3.79, , 
,358.40,2080,70.5,0.0,11111100,357.69,2112,0.0,0.00,244.8,358.04,0.0,3.87, , 
,359.44,2016,70.5,0.0,11111100,358.74,2048,0.0,0.00,244.8,359.09,0.0,3.83, , 
,360.50,1920,70.5,0.0,11111110,359.78,1984,0.0,0.00,275.4,360.14,0.0,3.91, , 
,361.61,1824,70.5,0.0,11101010,360.89,1856,0.0,0.00,295.8,361.23,0.0,3.87, , 
,362.70,1824,70.5,0.0,11101010,361.97,1856,25.1,4.12,336.6,362.34,0.0,0.63, , 
,363.79,1856,70.5,0.0,11101010,363.05,1824,78.4,13.39,867.0,363.42,0.0,1.29, , 
,364.92,1920,70.5,-2.0,11101010,364.17,1888,81.2,13.39,887.4,364.55,-2.0,1.45, , 
,366.01,1952,70.5,0.0,11101010,365.29,1920,79.6,12.36,887.4,365.64,0.0,1.48, , 
,367.08,1984,70.5,0.0,11101000,366.37,1952,66.3,10.30,734.4,366.72,0.0,1.41, , 
,368.16,1984,70.5,0.0,11101000,367.44,1984,50.2,7.21,591.6,367.80,0.0,1.45, , 
,369.24,1984,70.5,1.2,11101010,368.52,1984,29.4,4.12,377.4,368.88,0.0,1.56, , 
,370.30,1952,70.5,-0.8,11101010,369.59,1984,31.0,4.12,397.8,369.94,1.2,1.45, , 
,371.39,1984,70.5,0.8,11101010,370.66,1984,42.7,6.18,499.8,371.03,0.4,1.45, , 
,372.48,1952,70.5,-1.6,11101010,371.75,1984,41.2,6.18,499.8,372.11,-0.4,1.41, , 
,373.55,1952,72.0,-3.1,11101010,372.82,1952,41.2,5.15,479.4,373.19,-2.3,1.41, , 
,374.64,1952,72.0,-3.5,11101010,373.91,1984,38.4,5.15,459.0,374.28,-3.1,1.45, , 
,375.73,1952,72.0,-3.9,11101010,375.00,1952,38.4,5.15,459.0,375.37,-3.9,1.45, , 
,376.81,1952,72.0,-2.7,11101010,376.08,1984,40.0,5.15,479.4,376.44,-3.5,1.52, , 
,377.88,1984,72.0,-1.6,11101010,377.16,1952,44.3,6.18,520.2,377.52,-1.6,1.52, , 
,378.96,1984,70.5,0.0,11101010,378.26,1984,44.3,6.18,520.2,378.62,-0.4,1.48, , 
,380.06,1984,72.0,0.0,11101000,379.31,1984,45.9,6.18,520.2,379.70,0.8,1.48, , 
,381.15,2016,72.0,-4.3,11101000,380.42,1984,57.6,8.24,652.8,380.78,-3.1,1.33, , 
,382.21,2016,72.0,-5.1,11101000,381.50,2016,67.8,10.30,754.8,381.87,-4.7,1.45, , 
,383.26,2048,72.0,-7.0,11101000,382.56,2048,66.3,9.27,734.4,382.93,-5.5,1.45, , 
,384.29,2080,72.0,-8.2,11101000,383.61,2080,63.5,8.24,714.0,383.95,-7.8,1.48, , 
,385.35,2112,72.0,-2.3,11101000,384.63,2112,75.3,11.33,826.2,384.99,-3.9,1.56, , 
,386.40,2176,72.0,0.4,11101000,385.71,2144,76.9,11.33,826.2,386.06,0.0,1.48, , 
,387.43,2208,72.0,-0.4,11101000,386.74,2176,79.6,12.36,867.0,387.08,0.4,1.37, , 
,388.48,2240,72.0,-1.2,11101000,387.78,2208,79.6,12.36,867.0,388.14,-0.4,1.45, , 
,389.48,2272,72.0,0.0,11101000,388.81,2272,79.6,12.36,846.6,389.14,-1.2,1.41, , 
,390.48,2304,72.0,1.2,11101000,389.79,2304,73.7,11.33,795.6,390.14,0.8,1.52, , 
,391.49,2368,72.0,3.5,11101000,390.82,2336,72.2,11.33,775.2,391.15,2.3,1.52, , 
,392.50,2368,73.5,0.0,11111100,391.82,2368,71.0,11.33,775.2,392.16,3.5,1.45, , 
,393.50,2336,72.0,0.0,11111100,392.83,2336,22.0,3.09,295.8,393.16,0.0,1.64, , 
,394.48,2304,73.5,0.0,11111100,393.82,2336,0.0,0.00,244.8,394.15,0.0,3.83, , 
,395.46,2240,72.0,0.0,11111100,394.81,2272,0.0,0.00,244.8,395.14,0.0,3.91, , 
,396.47,2208,73.5,0.0,11101000,395.79,2240,0.0,0.00,244.8,396.13,0.0,3.79, , 
,397.50,2176,73.5,-0.4,11101000,396.81,2176,20.8,3.09,275.4,397.14,0.0,1.21, , 
,398.53,2144,73.5,0.4,11101000,397.85,2176,29.4,4.12,357.0,398.19,0.8,1.52, , 
,399.56,2144,73.5,0.0,11101000,398.88,2144,42.7,6.18,499.8,399.21,0.4,1.45, , 
,400.56,2176,73.5,0.0,11101000,399.90,2144,62.0,9.27,693.6,400.22,0.0,1.25, , 
,401.56,2208,73.5,1.2,11101000,400.88,2176,73.7,11.33,795.6,401.22,0.8,1.52, , 
,402.56,2208,73.5,3.1,11101000,401.90,2208,73.7,11.33,795.6,402.22,2.7,1.52, , 
,403.58,2208,73.5,0.0,11101000,402.92,2208,50.2,6.18,591.6,403.25,0.0,1.48, , 
,404.59,2208,73.5,0.4,11101000,403.93,2208,35.3,5.15,438.6,404.25,-2.0,1.45, , 
,405.63,2176,73.5,-1.2,11101000,404.93,2176,23.5,3.09,316.2,405.27,-0.8,1.45, , 
,406.64,2144,73.5,-1.2,11101000,405.97,2144,23.5,3.09,316.2,406.31,-0.8,1.45, , 
,407.66,2144,73.5,0.0,11101000,406.98,2112,42.7,7.21,479.4,407.32,0.0,1.02, , 
,408.68,2144,73.5,-6.3,11101000,407.99,2144,60.4,8.24,673.2,408.34,-5.5,1.33, , 
,409.72,2144,73.5,0.0,11101000,409.03,2144,51.8,7.21,591.6,409.38,0.0,1.48, , 
,410.72,2144,73.5,0.0,11101000,410.07,2144,45.9,6.18,520.2,410.40,0.0,1.41, , 
,411.74,2112,73.5,0.8,11101000,411.06,2144,26.7,4.12,357.0,411.41,1.2,1.52, , 
,412.78,2112,73.5,1.6,11101000,412.08,2112,29.4,4.12,377.4,412.44,1.6,1.48, , 
,413.83,2048,73.5,0.0,11111100,413.14,2080,19.2,2.06,275.4,413.48,-0.4,1.33, , 
,414.87,2016,73.5,0.0,11111100,414.18,2048,0.0,0.00,244.8,414.53,0.0,3.09, , 
,415.92,1984,73.5,0.0,11111110,415.23,1984,0.0,0.00,275.4,415.57,0.0,3.83, , 
,416.95,1920,73.5,0.0,11111110,416.26,1952,0.0,0.00,275.4,416.60,0.0,3.91, , 
,418.04,1888,73.5,0.0,11101010,417.31,1920,0.0,0.00,275.4,417.66,0.0,3.87, , 
,419.16,1888,73.5,0.0,11101010,418.42,1856,19.2,3.09,275.4,418.79,0.0,0.90, , 
,420.30,1856,73.5,0.0,11101010,419.55,1856,41.2,6.18,479.4,419.92,0.0,1.37, , 
,421.39,1856,75.0,2.3,11101010,420.67,1888,45.9,6.18,550.8,421.02,2.0,1.52, , 
,422.51,1888,75.0,3.1,11101010,421.77,1856,44.3,6.18,520.2,422.15,3.1,1.48, , 
,423.60,1888,75.0,3.1,11101010,422.88,1888,44.3,6.18,520.2,423.24,3.5,1.45, , 
,424.71,1888,73.5,1.6,11101010,423.97,1888,38.4,5.15,459.0,424.34,0.8,1.37, , 
,425.81,1888,75.0,0.8,11101010,425.07,1888,29.4,4.12,377.4,425.45,1.2,1.45, , 
,426.96,1856,75.0,0.4,11101010,426.21,1888,26.7,4.12,357.0,426.59,0.8,1.45, , 
,427.85,1024,75.0,0.0,11111110,427.28,1600,0.0,0.00,336.6,427.56,0.0,3.28, , 
,428.77,992,75.0,0.0,11111110,428.15,1024,28.2,5.15,397.8,428.46,0.0,1.33, , 
,429.71,960,75.0,0.0,11111110,429.10,960,25.1,4.12,357.0,429.41,0.0,0.74, , 
,430.64,928,75.0,-4.7,11111110,430.04,928,25.1,3.09,377.4,430.34,-3.5,1.21, , 
,431.56,864,75.0,-6.3,11111110,430.94,928,25.1,3.09,377.4,431.24,-5.9,1.37, , 
,432.49,864,75.0,-6.3,11111110,431.85,864,26.7,3.09,377.4,432.16,-6.3,1.45, , 
,433.41,864,75.0,-6.6,11111110,432.78,896,26.7,3.09,377.4,433.09,-6.6,1.45, , 
,434.34,896,73.5,-6.3,11111110,433.72,896,26.7,3.09,377.4,434.03,-6.3,1.45, , 
,435.25,896,73.5,-5.9,11111110,434.65,864,26.7,3.09,377.4,434.94,-6.3,1.48, , 
,436.19,896,75.0,-5.9,11111110,435.57,896,28.2,3.09,397.8,435.88,-5.9,1.45, , 
,437.14,864,75.0,-5.5,11111110,436.52,864,28.2,3.09,397.8,436.84,-5.9,1.48, , 
,438.03,864,75.0,-5.5,11111110,437.45,864,26.7,3.09,397.8,437.75,-5.5,1.45, , 
,438.96,896,75.0,-5.5,11111110,438.32,896,28.2,3.09,397.8,438.63,-5.5,1.45, , 
,439.90,992,75.0,-5.9,11101010,439.27,896,28.2,3.09,397.8,439.58,-5.1,1.48, , 
,440.87,1280,75.0,0.0,11101010,440.20,1344,28.2,4.12,377.4,440.52,-3.9,1.60, , 
,441.87,1376,75.0,0.4,11101010,441.19,1312,42.7,6.18,520.2,441.54,-0.4,1.45, , 
,442.94,1440,75.0,0.0,11101010,442.19,1376,44.3,6.18,550.8,442.56,0.8,1.45, , 
,443.82,1504,75.0,-1.6,11101010,443.21,1472,42.7,6.18,520.2,443.55,-0.4,1.41, , 
,444.93,1536,75.0,-2.3,11101010,444.21,1504,42.7,6.18,520.2,444.56,-2.7,1.41, , 
,446.01,1600,75.0,0.0,11101010,445.29,1568,48.6,7.21,591.6,445.65,-3.9,1.45, , 
,447.09,1600,75.0,-2.3,11101010,446.36,1600,25.1,3.09,336.6,446.72,-0.4,1.45, , 
,448.13,1632,75.0,-2.7,11101010,447.43,1632,29.4,4.12,377.4,447.78,-2.7,1.41, , 
,449.26,1632,75.0,-4.3,11101010,448.50,1600,35.3,5.15,438.6,448.90,-4.3,1.45, , 
,450.35,1632,75.0,-2.7,11111110,449.61,1632,34.1,4.12,438.6,449.97,-4.7,1.52, , 
,451.42,1600,75.0,-3.1,11111110,450.70,1600,23.5,3.09,336.6,451.05,-3.5,1.48, , 
,452.51,1536,75.0,-5.1,11101010,451.77,1568,23.5,3.09,316.2,452.15,-2.3,1.52, , 
,453.57,1600,75.0,-0.4,11101010,452.86,1568,34.1,5.15,438.6,453.23,-5.1,1.45, , 
,454.69,1600,75.0,0.4,11101010,453.94,1600,32.5,4.12,418.2,454.32,0.4,1.48, , 
,455.75,1632,75.0,0.0,11101010,455.06,1600,32.5,4.12,418.2,455.39,0.0,1.33, , 
,456.83,1664,75.0,-0.8,11101010,456.14,1664,42.7,6.18,520.2,456.50,0.0,1.41, , 
,457.96,1728,75.0,0.4,11101010,457.24,1696,41.2,6.18,499.8,457.60,-0.4,1.45, , 
,459.10,1760,75.0,0.0,11101010,458.34,1728,53.3,8.24,612.0,458.70,0.0,1.45, , 
,460.20,1760,75.0,0.8,11101010,459.47,1760,32.5,4.12,418.2,459.84,0.8,1.52, , 
,461.30,1760,75.0,2.3,11101010,460.58,1760,32.5,4.12,418.2,460.95,2.0,1.52, , 
,462.34,1760,75.0,2.3,11101010,461.67,1728,23.5,3.09,336.6,462.01,1.6,1.45, , 
,463.43,1760,75.0,2.7,11101010,462.69,1760,22.0,3.09,316.2,463.06,2.3,1.45, , 
,464.50,1760,75.0,3.5,11101010,463.77,1760,22.0,3.09,316.2,464.13,3.1,1.45, , 
,465.61,1760,75.0,3.5,11101010,464.86,1760,22.0,3.09,316.2,465.23,3.9,1.45, , 
,466.71,1760,75.0,4.7,11101010,465.95,1760,22.0,3.09,316.2,466.34,4.3,1.45, , 
,467.76,1792,75.0,4.3,11101010,467.06,1760,22.0,3.09,316.2,467.38,4.3,1.48, , 
,468.86,1792,75.0,5.5,11101010,468.15,1792,22.0,3.09,316.2,468.47,5.9,1.52, , 
,469.85,1792,75.0,3.9,11101010,469.22,1760,23.5,3.09,316.2,469.55,4.7,1.37, , 
,470.96,1760,75.0,4.7,11111110,470.24,1760,20.8,3.09,295.8,470.59,4.7,1.45, , 
,472.03,1760,75.0,5.5,11111110,471.33,1760,22.0,3.09,316.2,471.70,5.5,1.48, , 
,473.04,1696,75.0,0.0,11111110,472.37,1728,0.0,0.00,316.2,472.70,0.0,3.36, , 
,474.08,1696,75.0,0.0,11101010,473.39,1696,20.8,4.12,316.2,473.75,0.0,1.25, , 
,475.13,1632,75.0,2.3,11111110,474.42,1632,20.8,3.09,295.8,474.76,0.0,1.45, , 
,476.17,1600,75.0,3.9,11101010,475.47,1632,23.5,3.09,316.2,475.82,3.1,1.52, , 
,477.21,1600,76.5,2.3,11101010,476.52,1632,23.5,3.09,316.2,476.85,3.1,1.37, , 
,478.27,1600,75.0,1.2,11101010,477.56,1568,23.5,3.09,336.6,477.92,2.0,1.41, , 
,479.34,1568,75.0,0.0,11101010,478.65,1568,29.4,4.12,377.4,478.99,0.0,1.48, , 
,480.44,1600,75.0,0.4,11101010,479.69,1600,29.4,4.12,377.4,480.07,-0.4,1.45, , 
,481.54,1632,75.0,-0.8,11101010,480.82,1600,34.1,5.15,438.6,481.18,-1.2,1.45, , 
,482.60,1664,75.0,-1.6,11101010,481.89,1664,35.3,5.15,459.0,482.22,-1.2,1.48, , 
,483.65,1664,76.5,-0.4,11101010,482.95,1664,22.0,3.09,316.2,483.31,0.0,1.45, , 
,484.71,1632,75.0,2.0,11101010,484.02,1664,20.8,3.09,295.8,484.37,1.6,1.52, , 
,485.80,1632,75.0,2.0,11101010,485.07,1632,20.8,3.09,316.2,485.44,2.3,1.45, , 
,486.82,1632,75.0,1.2,11101010,486.15,1632,28.2,4.12,377.4,486.46,1.2,1.45, , 
,487.86,1632,75.0,0.0,11101010,487.17,1664,31.0,4.12,397.8,487.51,0.8,1.41, , 
,488.96,1696,75.0,0.0,11101010,488.24,1664,40.0,5.15,479.4,488.58,0.0,1.41, , 
,490.01,1760,75.0,0.0,11101010,489.31,1728,44.3,6.18,520.2,489.65,0.0,1.48, , 
,491.08,1792,75.0,0.8,11101010,490.39,1792,31.0,4.12,397.8,490.74,0.8,1.52, , 
,492.17,1792,75.0,2.0,11101010,491.41,1792,26.7,3.09,357.0,491.79,2.0,1.48, , 
,493.27,1792,75.0,2.7,11101010,492.55,1792,26.7,3.09,357.0,492.92,2.3,1.48, , 
,494.39,1792,75.0,2.3,11101010,493.66,1792,32.5,4.12,418.2,494.03,2.0,1.48, , 
,495.50,1824,75.0,3.5,11101010,494.75,1824,28.2,4.12,377.4,495.12,2.7,1.48, , 
,496.58,1856,76.5,-0.8,11101010,495.89,1824,35.3,5.15,438.6,496.24,0.0,1.41, , 
,497.68,1888,76.5,0.4,11101010,496.95,1856,31.0,4.12,397.8,497.32,0.8,1.52, , 
,498.79,1888,76.5,2.0,11101010,498.05,1888,29.4,4.12,397.8,498.43,1.6,1.52, , 
,499.90,1888,76.5,3.1,11101010,499.15,1888,28.2,4.12,357.0,499.52,2.7,1.48, , 
,500.99,1856,76.5,3.1,11101010,500.26,1888,28.2,4.12,357.0,500.62,3.5,1.48, , 
,502.06,1824,76.5,1.2,11101010,501.35,1856,23.5,3.09,336.6,501.72,3.9,1.52, , 
,503.17,1792,76.5,1.6,11101010,502.44,1824,19.2,3.09,295.8,502.81,1.2,1.45, , 
,504.23,1760,76.5,5.5,11111110,503.51,1792,20.8,3.09,295.8,503.89,3.9,1.56, , 
,505.25,1728,76.5,0.0,11101010,504.57,1728,22.0,3.09,316.2,504.90,0.0,2.15, , 
,506.27,1696,76.5,0.0,11101010,505.60,1696,22.0,3.09,316.2,505.95,0.0,1.41, , 
,507.36,1696,76.5,0.8,11101010,506.62,1696,32.5,4.12,418.2,506.97,-1.2,1.48, , 
,508.51,1728,76.5,-1.2,11101010,507.76,1696,32.5,5.15,418.2,508.15,-2.0,1.45, , 
,509.55,1792,76.5,0.0,11101010,508.85,1728,56.1,9.27,652.8,509.19,0.0,1.33, , 
,510.65,1824,76.5,2.0,11101010,509.92,1792,38.4,5.15,479.4,510.29,0.8,1.52, , 
,511.76,1856,76.5,3.1,11101010,511.00,1824,31.0,4.12,397.8,511.38,2.7,1.52, , 
,512.87,1856,76.5,3.5,11101010,512.12,1856,31.0,4.12,397.8,512.50,3.1,1.45, , 
,513.99,1856,76.5,3.5,11101010,513.24,1856,29.4,4.12,377.4,513.62,4.3,1.48, , 
,515.16,1824,76.5,4.7,11101010,514.38,1824,22.0,3.09,316.2,514.77,3.9,1.48, , 
,516.25,1792,76.5,4.7,11101010,515.54,1824,22.0,3.09,316.2,515.92,5.9,1.52, , 
,517.39,1760,76.5,2.7,11101010,516.63,1792,23.5,3.09,336.6,517.02,3.5,1.45, , 
,518.50,1792,76.5,2.0,11101010,517.73,1792,26.7,4.12,357.0,518.12,2.3,1.45, , 
,519.62,1792,76.5,1.2,11101010,518.89,1792,26.7,4.12,357.0,519.27,1.2,1.52, , 
,520.71,1792,76.5,1.6,11101010,519.98,1792,29.4,4.12,397.8,520.33,1.6,1.48, , 
,521.81,1824,76.5,1.6,11101010,521.08,1824,31.0,4.12,397.8,521.44,1.6,1.48, , 
,522.93,1856,76.5,1.6,11101010,522.19,1824,31.0,4.12,397.8,522.56,1.6,1.48, , 
,524.03,1824,76.5,2.0,11101010,523.31,1856,26.7,3.09,357.0,523.66,3.1,1.56, , 
,525.13,1792,76.5,3.1,11101010,524.39,1824,20.8,3.09,295.8,524.75,2.3,1.48, , 
,526.27,1792,76.5,0.0,11101010,525.52,1792,23.5,3.09,336.6,525.90,2.3,1.33, , 
,527.35,1728,78.0,1.2,11111110,526.63,1728,20.8,3.09,295.8,526.98,0.4,1.48, , 
,528.42,1344,76.5,0.0,11111110,527.73,1728,23.5,3.09,316.2,528.07,0.8,1.45, , 
,529.40,1024,78.0,0.0,11111110,528.75,960,28.2,5.15,377.4,529.05,0.0,2.27, , 
,530.30,864,78.0,0.0,11111110,529.69,928,25.1,4.12,377.4,530.00,0.0,0.82, , 
,531.22,896,78.0,-3.1,11111110,530.62,864,26.7,4.12,397.8,530.93,-1.2,1.09, , 
,532.13,896,78.0,-6.3,11111110,531.53,896,28.2,4.12,397.8,531.83,-5.5,1.33, , 
,533.03,864,78.0,-7.0,11111110,532.42,896,28.2,3.09,397.8,532.73,-7.0,1.41, , 
,533.94,864,78.0,-6.6,11111110,533.33,896,28.2,3.09,397.8,533.64,-7.0,1.45, , 
,534.87,896,78.0,-6.3,11111110,534.24,864,28.2,4.12,397.8,534.55,-6.3,1.48, , 
,535.77,864,78.0,-7.4,11111110,535.17,864,28.2,4.12,397.8,535.47,-7.0,1.41, , 
,536.67,768,78.0,-10.2,11101010,536.07,864,26.7,3.09,377.4,536.37,-8.6,1.37, , 
,537.67,1696,78.0,0.0,11101010,536.97,992,50.2,8.24,612.0,537.33,0.0,1.41, , 
,538.63,928,78.0,0.0,11101010,537.99,1408,42.7,6.18,520.2,538.32,0.0,1.48, , 
,539.59,1312,78.0,0.0,11101010,538.96,1088,47.1,7.21,591.6,539.28,0.0,1.41, , 
,540.59,1536,78.0,-4.7,11101010,539.92,1408,35.3,5.15,459.0,540.24,-3.1,1.41, , 
,541.66,1632,78.0,-4.3,11101010,540.93,1600,34.1,5.15,438.6,541.29,-4.7,1.48, , 
,542.72,1568,78.0,-4.3,11101010,542.00,1600,23.5,3.09,336.6,542.36,-3.9,1.48, , 
,543.81,1504,78.0,-5.1,11101010,543.08,1536,22.0,3.09,316.2,543.37,-5.1,1.48, , 
,544.95,1440,78.0,-4.3,11101010,544.25,1472,23.5,3.09,336.6,544.57,-4.7,1.52, , 
,545.95,1344,78.0,-4.3,11101010,545.30,1408,25.1,3.09,336.6,545.64,-4.3,1.45, , 
,546.96,1312,79.5,-5.9,11101010,546.26,1344,26.7,3.09,357.0,546.60,-5.9,1.45, , 
,547.97,1376,78.0,-6.3,11101010,547.32,1312,26.7,3.09,357.0,547.65,-6.3,1.48, , 
,548.95,1504,78.0,-3.9,11101010,548.33,1408,32.5,4.12,418.2,548.61,-2.7,1.56, , 
,550.07,1824,78.0,1.2,11101010,549.32,1568,34.1,4.12,438.6,549.69,-0.8,1.52, , 
,551.09,1312,78.0,0.0,10111110,550.43,1984,44.3,6.18,520.2,550.77,0.0,1.95, , 
,552.04,1120,78.0,0.0,10101010,551.41,1024,26.7,4.12,377.4,551.73,0.0,2.38, , 
,553.02,1120,78.0,0.0,10101010,552.37,1152,26.7,4.12,377.4,552.70,0.0,0.90, , 
,554.01,1248,78.0,0.0,10101010,553.33,1184,35.3,5.15,459.0,553.66,0.4,1.48, , 
,555.04,1312,78.0,-0.8,10101010,554.33,1280,34.1,5.15,438.6,554.68,-0.8,1.45, , 
,556.07,1376,79.5,-1.6,10101010,555.37,1344,32.5,4.12,418.2,555.69,-1.2,1.45, , 
,557.17,1472,78.0,-1.6,10101010,556.45,1408,32.5,4.12,418.2,556.82,-1.2,1.48, , 
,558.29,1536,79.5,-0.8,10101010,557.61,1472,32.5,4.12,418.2,557.93,-0.8,1.48, , 
,559.36,1600,79.5,-0.4,10101010,558.64,1536,35.3,5.15,438.6,558.98,-0.8,1.48, , 
,560.41,1696,79.5,0.8,10101010,559.71,1632,34.1,4.12,438.6,560.03,0.4,1.52, , 
,561.50,1760,79.5,3.9,10101010,560.77,1728,35.3,5.15,438.6,561.15,1.6,1.48, , 
,562.59,1920,79.5,8.2,10101010,561.89,1824,44.3,6.18,520.2,562.23,7.4,1.52, , 
,563.66,1920,79.5,1.2,10101010,562.94,1952,28.2,3.09,377.4,563.31,2.3,1.60, , 
,564.75,1952,79.5,2.7,10101010,564.03,1952,26.7,3.09,357.0,564.38,2.0,1.52, , 
,565.79,1472,79.5,0.0,10111110,565.13,1952,26.7,3.09,357.0,565.48,0.0,1.45, , 
,566.70,960,79.5,0.0,10111110,566.07,992,25.1,4.12,357.0,566.41,0.0,3.09, , 
,567.61,864,79.5,0.0,10111110,567.01,896,26.7,4.12,377.4,567.29,0.0,0.86, , 
,568.56,896,79.5,-2.3,10111110,567.93,896,26.7,4.12,397.8,568.24,0.0,0.94, , 
,569.51,896,79.5,-5.1,10111110,568.86,896,28.2,4.12,397.8,569.19,-4.7,1.29, , 
,570.40,896,79.5,-5.5,10111110,569.82,896,28.2,4.12,397.8,570.10,-5.5,1.48, , 
,571.34,896,79.5,-5.9,10111110,570.73,864,28.2,4.12,397.8,571.03,-5.9,1.48, , 
,572.21,864,79.5,-6.3,10111110,571.62,864,28.2,4.12,397.8,571.92,-6.3,1.48, , 
,573.11,896,79.5,-6.3,10111110,572.51,896,28.2,4.12,397.8,572.81,-6.3,1.48, , 
,574.04,896,79.5,-5.9,10111110,573.42,864,28.2,4.12,397.8,573.73,-5.9,1.52, , 
,574.92,896,79.5,-5.1,10111110,574.34,864,28.2,4.12,397.8,574.63,-5.5,1.52, , 
,575.85,768,79.5,-5.5,10111110,575.24,864,26.7,3.09,397.8,575.54,-5.1,1.48, , 
,576.72,768,79.5,-7.4,10111110,576.14,768,29.4,4.12,418.2,576.43,-6.6,1.33, , 
,577.63,768,79.5,-8.6,10111111,577.03,768,28.2,3.09,418.2,577.33,-8.6,1.41, , 
,578.54,768,79.5,-8.6,10111111,577.95,768,29.4,4.12,418.2,578.25,-8.6,1.48, , 
,579.46,800,79.5,-8.6,10111111,578.85,768,29.4,4.12,418.2,579.17,-8.6,1.48, , 
,580.35,768,79.5,-8.2,10111111,579.76,768,29.4,4.12,418.2,580.06,-8.2,1.48, , 
,581.24,768,79.5,-8.2,10111111,580.65,800,29.4,4.12,418.2,580.95,-8.2,1.48, , 
,582.14,768,79.5,-7.8,10111111,581.56,768,29.4,4.12,418.2,581.84,-7.8,1.48, , 
,583.03,800,79.5,-7.4,10111111,582.43,800,29.4,4.12,418.2,582.73,-7.4,1.48, , 
,583.92,800,79.5,-7.4,10111111,583.32,800,29.4,4.12,418.2,583.61,-7.4,1.48, , 
,584.81,800,79.5,-7.8,10111111,584.21,800,29.4,4.12,418.2,584.52,-7.8,1.45, , 
,585.72,800,81.0,-8.6,10111111,585.10,800,29.4,4.12,418.2,585.41,-8.2,1.41, , 
,586.60,800,79.5,-9.8,10111111,586.01,768,29.4,4.12,418.2,586.31,-9.4,1.41, , 
,587.52,800,81.0,-9.4,10111111,586.91,800,29.4,4.12,418.2,587.21,-10.5,1.45, , 
,588.44,800,81.0,-10.5,10111111,587.83,768,28.2,3.09,418.2,588.14,-10.2,1.41, , 
,589.34,800,81.0,-10.2,10111111,588.74,768,28.2,3.09,418.2,589.04,-10.5,1.37, , 
,590.26,768,81.0,-10.2,10111111,589.64,800,28.2,3.09,418.2,589.94,-10.5,1.29, , 
,591.15,768,81.0,-10.2,10111111,590.57,800,28.2,3.09,418.2,590.87,-9.8,1.41, , 
,592.05,800,81.0,-9.8,10111111,591.44,768,29.4,3.09,418.2,591.74,-9.8,1.48, , 
,592.96,800,81.0,-9.4,10111111,592.35,768,29.4,3.09,418.2,592.66,-9.4,1.48, , 
,593.84,800,81.0,-9.0,10111111,593.26,800,28.2,3.09,418.2,593.54,-9.0,1.48, , 
,594.70,800,81.0,-9.0,10111111,594.13,800,28.2,3.09,418.2,594.42,-9.0,1.45, , 
,595.58,768,81.0,-9.8,10111111,594.98,800,28.2,3.09,418.2,595.29,-9.8,1.45, , 
,596.50,800,81.0,-9.4,10111111,595.89,800,28.2,3.09,418.2,596.20,-9.4,1.48, , 
,597.37,768,81.0,-9.0,10111111,596.79,800,29.4,3.09,418.2,597.07,-9.0,1.48, , 
,598.25,800,81.0,-9.0,10111111,597.66,800,28.2,3.09,418.2,597.95,-9.0,1.48, , 
,599.15,768,81.0,-8.6,10111111,598.55,736,29.4,4.12,418.2,598.85,-8.6,1.48, , 
,600.03,768,81.0,-9.0,10111111,599.44,800,29.4,3.09,418.2,599.75,-9.0,1.45, , 
,600.93,800,81.0,-9.4,10111111,600.32,800,29.4,3.09,418.2,600.63,-9.4,1.45, , 
,601.82,768,82.5,-9.4,10111111,601.23,768,28.2,3.09,418.2,601.53,-9.4,1.48, , 
,602.72,768,82.5,-9.4,10111111,602.12,800,29.4,3.09,418.2,602.42,-9.4,1.45, , 
,603.63,768,82.5,-9.4,10111111,603.02,800,29.4,3.09,418.2,603.33,-9.4,1.48, , 
,604.52,800,82.5,-9.0,10111111,603.92,768,29.4,3.09,418.2,604.22,-9.4,1.52, , 
,605.42,800,82.5,-9.0,10111111,604.82,800,29.4,4.12,418.2,605.12,-9.0,1.48, , 
,606.33,768,82.5,-8.6,10111111,605.73,768,29.4,4.12,418.2,606.02,-8.6,1.48, , 
,607.21,768,82.5,-8.2,10111111,606.61,768,29.4,4.12,418.2,606.91,-8.2,1.52, , 
,608.10,768,82.5,-7.4,10111111,607.51,800,29.4,4.12,418.2,607.81,-7.8,1.48, , 
,609.00,800,82.5,-7.0,10111111,608.40,800,29.4,4.12,418.2,608.69,-7.0,1.48, , 
,609.93,800,82.5,-7.4,10111111,609.30,800,29.4,4.12,418.2,609.63,-7.0,1.48, , 
,610.82,800,82.5,-7.4,10111111,610.22,800,29.4,4.12,418.2,610.53,-7.4,1.48, , 
,611.73,768,82.5,-6.6,10111111,611.13,800,29.4,4.12,418.2,611.43,-7.0,1.48, , 
,612.64,768,82.5,-6.3,10111111,612.03,800,29.4,4.12,418.2,612.33,-6.6,1.48, , 
,613.57,800,82.5,-5.9,10111111,612.94,768,29.4,4.12,418.2,613.27,-5.9,1.52, , 
,614.49,800,82.5,-5.1,10111111,613.87,800,29.4,4.12,418.2,614.18,-5.5,1.52, , 
,615.39,800,82.5,-4.7,10111111,614.79,768,29.4,4.12,418.2,615.09,-4.7,1.48, , 
,616.30,768,82.5,-4.7,10111111,615.68,800,29.4,4.12,418.2,615.99,-4.7,1.48, , 
,617.23,768,82.5,-3.9,10111111,616.61,800,29.4,4.12,418.2,616.93,-4.3,1.48, , 
,618.14,800,82.5,-3.5,10111111,617.53,800,29.4,4.12,418.2,617.84,-3.9,1.48, , 
,619.03,768,82.5,-3.1,10111111,618.43,800,29.4,4.12,418.2,618.74,-3.1,1.52, , 
,619.94,768,82.5,-3.5,10111111,619.33,768,29.4,4.12,418.2,619.64,-3.1,1.45, , 
,620.84,768,82.5,-2.0,10111111,620.26,800,29.4,4.12,418.2,620.56,-3.9,1.45, , 
,621.73,800,82.5,-2.0,10111111,621.13,768,29.4,4.12,418.2,621.43,-2.0,1.48, , 
,622.62,800,82.5,-2.0,10111111,622.03,800,29.4,4.12,418.2,622.32,-2.0,1.45, , 
,623.52,800,82.5,-2.0,10111111,622.91,768,29.4,4.12,418.2,623.21,-2.0,1.48, , 
,624.45,800,82.5,-2.0,10111111,623.83,768,29.4,4.12,418.2,624.14,-2.0,1.48, , 
,625.35,768,82.5,-2.3,10111111,624.75,800,29.4,4.12,418.2,625.06,-2.3,1.45, , 
,626.25,768,82.5,-2.3,10111111,625.65,768,29.4,4.12,418.2,625.94,-2.3,1.48, , 
,627.13,768,82.5,-2.7,10111111,626.54,800,29.4,4.12,438.6,626.85,-2.7,1.48, , 
,628.04,768,82.5,-0.4,10111111,627.44,768,29.4,4.12,438.6,627.74,-2.7,1.48, , 
,628.95,800,82.5,-0.4,10111111,628.34,768,29.4,4.12,438.6,628.65,-0.4,1.48, , 
,629.83,800,82.5,-0.4,10111111,629.25,768,29.4,4.12,438.6,629.54,-0.4,1.48, , 
,630.75,768,84.0,-0.4,10111111,630.14,768,29.4,4.12,438.6,630.44,-0.4,1.48, , 
,631.64,768,82.5,-0.4,10111111,631.04,768,29.4,4.12,418.2,631.34,-0.4,1.48, , 
,632.52,800,82.5,-0.4,10111111,631.93,800,29.4,4.12,418.2,632.23,0.0,1.48, , 
,633.44,800,82.5,-0.4,10111111,632.83,800,29.4,4.12,418.2,633.13,-0.4,1.48, , 
,634.37,800,82.5,0.0,10111111,633.76,800,29.4,4.12,418.2,634.07,0.0,1.48, , 
,635.28,768,82.5,0.0,10111111,634.67,800,29.4,4.12,418.2,634.98,0.0,1.48, , 
,636.14,768,82.5,0.4,10111111,635.57,768,29.4,4.12,418.2,635.86,0.0,1.48, , 
,637.04,800,82.5,0.4,10111111,636.43,768,29.4,4.12,418.2,636.72,0.0,1.48, , 
,637.93,800,82.5,0.4,10111111,637.34,800,29.4,4.12,418.2,637.64,0.4,1.48, , 
,638.82,768,82.5,0.8,10111111,638.23,768,29.4,4.12,418.2,638.53,0.4,1.48, , 
,639.75,768,82.5,0.8,10111111,639.14,800,29.4,4.12,418.2,639.45,0.8,1.48, , 
,640.66,800,82.5,0.8,10111111,640.05,800,29.4,4.12,418.2,640.36,0.8,1.48, , 
,641.57,768,82.5,0.8,10111111,640.97,800,29.4,4.12,418.2,641.27,0.8,1.48, , 
,642.47,768,82.5,0.8,10111111,641.87,800,29.4,4.12,418.2,642.18,0.8,1.48, , 
,643.39,768,82.5,0.8,10111111,642.78,800,29.4,4.12,418.2,643.07,0.8,1.48, , 
,644.33,800,82.5,0.4,10111111,643.69,800,29.4,4.12,418.2,644.02,0.8,1.45, , 
,645.24,768,82.5,0.4,10111111,644.63,800,29.4,4.12,418.2,644.94,0.4,1.48, , 
,646.14,800,82.5,0.4,10111111,645.54,800,29.4,4.12,418.2,645.84,0.4,1.48, , 
,647.03,768,84.0,0.8,10111111,646.42,768,29.4,4.12,418.2,646.72,0.4,1.48, , 
,647.93,800,84.0,0.8,10111111,647.33,800,29.4,4.12,418.2,647.63,0.8,1.48, , 
,648.86,800,84.0,0.8,10111111,648.24,768,29.4,4.12,418.2,648.55,0.8,1.48, , 
,649.77,800,84.0,0.8,10111111,649.18,768,29.4,4.12,418.2,649.47,0.8,1.48, , 
,650.66,800,84.0,0.8,10111111,650.06,800,29.4,4.12,418.2,650.36,0.8,1.48, , 
,651.58,800,84.0,0.8,10111111,650.97,800,29.4,4.12,418.2,651.28,0.8,1.48, , 
,652.50,800,84.0,1.2,10111111,651.88,768,29.4,4.12,418.2,652.18,1.2,1.48, , 
,653.38,800,84.0,1.2,10111111,652.79,768,29.4,4.12,418.2,653.09,1.2,1.48, , 
,654.31,800,84.0,1.2,10111111,653.69,800,29.4,4.12,418.2,653.99,1.2,1.45, , 
,655.20,768,84.0,1.2,10111111,654.60,768,29.4,4.12,418.2,654.90,1.2,1.48, , 
,656.10,800,84.0,0.8,10111111,655.49,768,29.4,4.12,418.2,655.80,1.2,1.45, , 
,656.98,800,84.0,0.4,10111111,656.39,768,29.4,4.12,418.2,656.68,0.8,1.45, , 
,657.87,800,84.0,0.4,10111111,657.27,800,29.4,4.12,418.2,657.57,0.4,1.48, , 
,658.74,800,84.0,0.4,10111111,658.16,800,29.4,4.12,418.2,658.45,0.4,1.48, , 
,659.65,800,84.0,0.4,10111111,659.04,768,29.4,4.12,418.2,659.35,0.4,1.48, , 
,660.54,800,84.0,0.4,10111111,659.95,768,29.4,4.12,418.2,660.25,0.4,1.48, , 
,661.42,768,84.0,0.0,10111111,660.84,800,29.4,4.12,418.2,661.14,0.0,1.48, , 
,662.34,800,84.0,0.0,10111111,661.73,800,29.4,4.12,418.2,662.04,0.0,1.45, , 
,663.22,800,84.0,-0.8,10111111,662.63,800,29.4,4.12,418.2,662.93,-0.4,1.45, , 
,664.11,768,84.0,-0.8,10111111,663.53,800,29.4,4.12,418.2,663.81,-0.8,1.45, , 
,664.99,768,84.0,-0.8,10111111,664.42,768,29.4,4.12,418.2,664.70,-0.8,1.48, , 
,665.88,768,84.0,-0.8,10111111,665.28,768,29.4,4.12,438.6,665.58,-0.8,1.45, , 
,666.78,768,84.0,-1.2,10111111,666.19,768,29.4,4.12,418.2,666.50,-1.2,1.48, , 
,667.64,800,84.0,-1.2,10111111,667.06,768,29.4,4.12,418.2,667.34,-1.2,1.48, , 
,668.56,768,84.0,-1.2,10111111,667.94,800,29.4,4.12,418.2,668.26,-1.2,1.48, , 
,669.44,800,84.0,-0.8,10111111,668.85,800,29.4,4.12,418.2,669.14,-0.8,1.48, , 
,670.35,800,84.0,-0.8,10111111,669.76,800,29.4,4.12,418.2,670.05,-0.8,1.45, , 
,671.26,800,84.0,-0.8,10111111,670.65,800,29.4,4.12,418.2,670.94,-0.8,1.48, , 
,672.13,800,84.0,-0.4,10111111,671.55,800,29.4,4.12,418.2,671.84,-0.8,1.48, , 
,673.06,768,84.0,0.0,10111111,672.45,800,29.4,4.12,418.2,672.74,0.0,1.52, , 
,673.96,768,84.0,0.4,10111111,673.35,800,29.4,4.12,418.2,673.67,0.4,1.48, , 
,674.85,768,84.0,0.4,10111111,674.27,768,29.4,4.12,418.2,674.56,0.4,1.48, , 
,675.75,768,84.0,0.4,10111111,675.15,800,29.4,4.12,418.2,675.46,0.8,1.48, , 
,676.66,800,84.0,0.4,10111111,676.07,768,29.4,4.12,418.2,676.37,0.4,1.48, , 
,677.57,800,84.0,0.0,10111111,676.97,768,29.4,4.12,418.2,677.27,0.0,1.48, , 
,678.45,800,84.0,0.0,10111111,677.87,768,29.4,4.12,418.2,678.17,0.0,1.48, , 
,679.33,800,84.0,-0.4,10111111,678.74,768,29.4,4.12,418.2,679.04,-0.4,1.45, , 
,680.21,768,84.0,-0.4,10111111,679.63,800,29.4,4.12,418.2,679.92,-0.4,1.48, , 
,681.12,800,84.0,-0.4,10111111,680.52,800,29.4,4.12,418.2,680.82,-0.4,1.48, , 
,682.02,800,85.5,-0.4,10111111,681.42,800,29.4,4.12,418.2,681.72,-0.4,1.45, , 
,682.92,800,85.5,-0.4,10111111,682.32,800,28.2,4.12,418.2,682.62,-0.4,1.48, , 
,683.83,800,85.5,0.0,10111111,683.22,800,29.4,4.12,418.2,683.52,0.0,1.48, , 
,684.74,768,85.5,0.8,10111111,684.15,800,29.4,4.12,418.2,684.45,0.4,1.52, , 
,685.66,800,85.5,1.6,10111111,685.05,800,29.4,4.12,418.2,685.35,1.2,1.52, , 
,686.57,800,85.5,2.0,10111111,685.96,768,29.4,4.12,418.2,686.28,1.6,1.48, , 
,687.48,800,85.5,2.0,10111111,686.89,800,28.2,4.12,418.2,687.18,2.0,1.48, , 
,688.37,800,85.5,2.0,10111111,687.77,800,28.2,4.12,418.2,688.07,2.0,1.48, , 
,689.27,800,85.5,2.0,10111111,688.67,800,28.2,4.12,418.2,688.97,2.0,1.48, , 
,690.17,768,85.5,1.6,10111111,689.58,768,28.2,4.12,418.2,689.87,1.6,1.45, , 
,691.07,800,85.5,1.2,10111111,690.47,800,28.2,4.12,418.2,690.77,1.6,1.48, , 
,691.98,768,85.5,0.8,10111111,691.37,800,28.2,4.12,418.2,691.67,0.8,1.45, , 
,692.86,768,85.5,0.0,10111111,692.28,800,28.2,4.12,418.2,692.56,0.4,1.45, , 
,693.79,800,85.5,0.0,10111111,693.18,800,28.2,4.12,418.2,693.49,0.0,1.48, , 
,694.69,800,85.5,0.4,10111111,694.09,768,28.2,4.12,418.2,694.37,0.4,1.48, , 
,695.57,768,85.5,0.4,10111111,694.99,800,28.2,4.12,418.2,695.28,0.4,1.48, , 
,696.47,800,85.5,0.4,10111111,695.89,800,28.2,4.12,418.2,696.18,0.4,1.48, , 
,697.39,800,85.5,0.4,10111111,696.78,800,28.2,4.12,418.2,697.08,0.4,1.45, , 
,698.29,800,85.5,0.0,10111111,697.69,800,28.2,4.12,418.2,697.99,0.0,1.45, , 
,699.21,768,85.5,0.0,10111111,698.58,768,29.4,4.12,418.2,698.91,0.0,1.48, , 
,700.11,768,85.5,0.4,10111111,699.53,800,29.4,4.12,418.2,699.82,0.4,1.48, , 
,701.01,800,85.5,0.4,10111111,700.40,800,29.4,4.12,418.2,700.69,0.4,1.48, , 
,701.93,800,85.5,0.0,10111111,701.33,800,28.2,4.12,418.2,701.63,0.0,1.45, , 
,702.82,800,85.5,0.4,10111111,702.22,768,29.4,4.12,418.2,702.52,0.4,1.48, , 
,703.72,768,85.5,0.4,10111111,703.12,800,29.4,4.12,418.2,703.42,0.4,1.48, , 
,704.62,800,85.5,0.8,10111111,704.02,800,29.4,4.12,418.2,704.32,0.4,1.48, , 
,705.53,800,85.5,0.8,10111111,704.92,768,29.4,4.12,418.2,705.22,0.8,1.48, , 
,706.42,800,87.0,1.2,10111111,705.82,800,29.4,4.12,418.2,706.12,1.2,1.48, , 
,707.31,800,85.5,0.8,10111111,706.71,800,29.4,4.12,418.2,707.01,0.8,1.48, , 
,708.22,768,85.5,0.8,10111111,707.61,800,29.4,4.12,438.6,707.92,0.8,1.48, , 
,709.15,800,87.0,0.0,10111111,708.53,800,29.4,4.12,418.2,708.85,0.4,1.45, , 
,710.04,800,87.0,0.0,10111111,709.44,800,29.4,4.12,418.2,709.74,0.0,1.48, , 
,710.95,800,87.0,-0.4,10111111,710.34,800,29.4,4.12,418.2,710.64,-0.4,1.45, , 
,711.85,768,87.0,-0.8,10111111,711.26,800,29.4,4.12,418.2,711.55,-0.8,1.45, , 
,712.75,768,87.0,-0.4,10111111,712.15,800,29.4,4.12,418.2,712.45,-0.8,1.48, , 
,713.65,800,87.0,-0.4,10111111,713.05,800,29.4,4.12,418.2,713.36,-0.4,1.48, , 
,714.53,800,87.0,-0.4,10111111,713.94,800,29.4,4.12,418.2,714.25,-0.4,1.48, , 
,715.42,768,87.0,-0.4,10111111,714.82,800,29.4,4.12,418.2,715.12,-0.4,1.48, , 
,716.29,800,87.0,-0.8,10111111,715.71,800,29.4,4.12,418.2,716.01,-0.8,1.45, , 
,717.21,800,87.0,-0.8,10111111,716.61,800,29.4,4.12,418.2,716.90,-0.8,1.48, , 
,718.14,800,87.0,-0.8,10111111,717.51,800,28.2,4.12,418.2,717.82,-0.8,1.48, , 
,719.05,768,87.0,-0.8,10111111,718.45,768,29.4,4.12,418.2,718.75,-0.8,1.48, , 
,719.95,768,87.0,-0.8,10111111,719.35,800,29.4,4.12,418.2,719.65,-0.8,1.48, , 
,720.85,800,87.0,-1.2,10111111,720.25,800,29.4,4.12,418.2,720.54,-1.2,1.48, , 
,721.76,800,87.0,-1.6,10111111,721.15,800,29.4,4.12,418.2,721.44,-1.2,1.45, , 
,722.65,800,87.0,-1.6,10111111,722.07,800,29.4,4.12,418.2,722.36,-1.6,1.48, , 
,723.53,800,87.0,-1.2,10111111,722.93,800,29.4,4.12,418.2,723.22,-1.2,1.48, , 
,724.43,800,87.0,-1.2,10111111,723.82,768,29.4,4.12,418.2,724.13,-1.2,1.48, , 
,725.32,768,87.0,-1.2,10111111,724.73,768,29.4,4.12,418.2,725.02,-1.2,1.48, , 
,726.23,800,87.0,-1.2,10111111,725.63,800,29.4,4.12,418.2,725.93,-1.2,1.48, , 
,727.13,768,87.0,-1.2,10111111,726.54,768,29.4,4.12,418.2,726.84,-1.2,1.48, , 
,728.01,768,87.0,-1.2,10111111,727.42,768,29.4,3.09,418.2,727.71,-1.2,1.48, , 
,728.90,768,87.0,-0.8,10111111,728.31,800,29.4,4.12,418.2,728.61,-1.2,1.48, , 
,729.79,800,87.0,-0.8,10111111,729.19,768,29.4,4.12,418.2,729.49,-0.8,1.48, , 
,730.68,768,87.0,-0.8,10111111,730.09,800,29.4,4.12,418.2,730.38,-0.8,1.48, , 
,731.57,800,87.0,-0.4,10111111,730.98,800,29.4,4.12,418.2,731.28,-0.4,1.52, , 
,732.47,800,87.0,0.0,10111111,731.87,768,29.4,4.12,418.2,732.17,-0.4,1.48, , 
,733.37,768,87.0,0.0,10111111,732.77,800,29.4,4.12,418.2,733.07,0.0,1.48, , 
,734.29,800,87.0,-0.4,10111111,733.67,800,29.4,4.12,418.2,733.98,-0.4,1.45, , 
,735.20,800,87.0,-0.8,10111111,734.60,800,29.4,4.12,418.2,734.90,-0.8,1.48, , 
,736.10,800,87.0,-0.4,10111111,735.50,800,29.4,4.12,438.6,735.81,-0.8,1.48, , 
,737.01,800,87.0,-0.4,10111111,736.41,800,29.4,4.12,418.2,736.71,-0.4,1.48, , 
,737.90,800,88.5,-0.4,10111111,737.31,768,29.4,4.12,418.2,737.61,-0.4,1.48, , 
,738.80,800,87.0,-0.4,10111111,738.19,800,29.4,4.12,418.2,738.49,-0.4,1.45, , 
,739.70,800,88.5,-0.8,10111111,739.11,800,29.4,4.12,418.2,739.40,-0.8,1.45, , 
,740.60,768,88.5,-0.4,10111111,739.99,768,29.4,4.12,418.2,740.30,-0.8,1.48, , 
,741.52,800,88.5,-0.4,10111111,740.90,768,29.4,4.12,418.2,741.19,-0.4,1.48, , 
,742.40,800,87.0,-0.4,10111111,741.81,768,29.4,4.12,418.2,742.11,-0.4,1.48, , 
,743.32,768,88.5,-0.4,10111111,742.71,800,29.4,4.12,418.2,743.02,-0.4,1.48, , 
,744.19,768,88.5,-0.8,10111111,743.61,768,29.4,4.12,418.2,743.90,-0.4,1.48, , 
,745.08,768,88.5,-0.8,10111111,744.49,800,29.4,4.12,418.2,744.78,-0.8,1.48, , 
,745.97,800,88.5,-0.8,10111111,745.39,800,29.4,4.12,418.2,745.68,-0.8,1.45, , 
,746.90,800,88.5,-1.2,10111111,746.28,800,28.2,4.12,418.2,746.58,-1.2,1.45, , 
,747.81,768,88.5,-1.2,10111111,747.22,800,29.4,4.12,418.2,747.52,-1.2,1.48, , 
,748.71,768,88.5,-1.2,10111111,748.11,800,28.2,4.12,418.2,748.41,-1.2,1.48, , 
,749.61,800,88.5,-1.2,10111111,749.01,800,28.2,3.09,418.2,749.30,-1.2,1.48, , 
,750.48,768,88.5,-1.2,10111111,749.90,800,28.2,3.09,418.2,750.20,-1.2,1.48, , 
,751.38,800,88.5,-0.8,10111111,750.77,800,29.4,4.12,418.2,751.08,-0.8,1.48, , 
,752.27,800,88.5,-0.8,10111111,751.68,800,28.2,4.12,418.2,751.98,-0.8,1.48, , 
,753.17,800,88.5,0.4,10111111,752.57,768,29.4,4.12,418.2,752.87,0.0,1.52, , 
,754.07,800,88.5,0.4,10111111,753.48,800,29.4,4.12,418.2,753.77,0.4,1.48, , 
,754.96,800,88.5,0.8,10111111,754.37,800,28.2,4.12,418.2,754.67,0.8,1.48, , 
,755.86,800,88.5,1.2,10111111,755.25,768,28.2,3.09,418.2,755.56,0.8,1.48, , 
,756.76,800,88.5,1.2,10111111,756.17,800,28.2,4.12,418.2,756.46,1.2,1.48, , 
,757.65,800,88.5,0.8,10111111,757.06,800,28.2,4.12,418.2,757.36,0.8,1.45, , 
,758.56,768,88.5,1.2,10111111,757.95,768,28.2,4.12,418.2,758.25,0.8,1.48, , 
,759.43,800,88.5,1.2,10111111,758.84,768,28.2,4.12,418.2,759.13,1.2,1.48, , 
,760.33,800,88.5,1.6,10111111,759.72,800,28.2,4.12,418.2,760.02,1.6,1.48, , 
,761.22,800,88.5,1.2,10111111,760.64,800,28.2,4.12,418.2,760.93,1.2,1.45, , 
,762.12,768,88.5,0.8,10111111,761.53,800,28.2,3.09,418.2,761.82,0.8,1.45, , 
,763.02,800,88.5,0.8,10111111,762.42,800,28.2,4.12,418.2,762.72,0.8,1.48, , 
,763.92,800,88.5,0.8,10111111,763.32,800,28.2,4.12,418.2,763.62,0.8,1.48, , 
,764.81,768,88.5,0.8,10111111,764.22,768,28.2,4.12,418.2,764.51,0.8,1.48, , 
,765.71,768,88.5,0.8,10111111,765.10,768,28.2,4.12,418.2,765.41,0.8,1.48, , 
,766.62,800,88.5,0.8,10111111,766.02,768,28.2,4.12,418.2,766.32,0.8,1.48, , 
,767.53,800,88.5,0.8,10111111,766.92,768,28.2,4.12,418.2,767.22,0.8,1.48, , 
,768.43,800,90.0,0.8,10111111,767.82,768,28.2,4.12,418.2,768.13,0.8,1.48, , 
,769.34,800,90.0,1.2,10111111,768.73,768,28.2,3.09,418.2,769.03,0.8,1.48, , 
,770.24,768,90.0,0.8,10111111,769.65,800,28.2,4.12,418.2,769.94,1.2,1.48, , 
,771.15,800,90.0,0.8,10111111,770.55,800,28.2,4.12,418.2,770.86,1.2,1.48, , 
,772.01,800,90.0,0.8,10111111,771.44,800,28.2,4.12,418.2,771.72,0.8,1.48, , 
,772.91,800,90.0,1.2,10111111,772.31,800,28.2,4.12,418.2,772.61,0.8,1.48, , 
,773.80,768,90.0,1.2,10111111,773.21,768,28.2,4.12,418.2,773.51,1.2,1.48, , 
,774.70,800,90.0,1.2,10111111,774.10,800,28.2,4.12,418.2,774.40,1.2,1.48, , 
,775.60,768,90.0,1.2,10111111,775.00,768,28.2,4.12,418.2,775.30,1.2,1.48, , 
,776.51,800,90.0,1.2,10111111,775.92,800,28.2,4.12,418.2,776.21,1.2,1.48, , 
,777.41,800,90.0,1.2,10111111,776.80,800,28.2,4.12,418.2,777.11,1.2,1.48, , 
,778.33,800,90.0,1.6,10111111,777.71,800,28.2,4.12,418.2,778.02,1.6,1.48, , 
,779.25,800,90.0,1.6,10111111,778.63,800,28.2,4.12,418.2,778.94,1.6,1.48, , 
,780.15,768,90.0,1.2,10111111,779.54,768,28.2,4.12,418.2,779.85,1.2,1.45, , 
,781.06,800,90.0,0.8,10111111,780.44,768,28.2,4.12,418.2,780.76,1.2,1.45, , 
,781.93,768,90.0,0.8,10111111,781.34,800,28.2,4.12,418.2,781.63,0.8,1.48, , 
,782.81,768,90.0,0.8,10111111,782.22,800,28.2,4.12,418.2,782.51,0.8,1.48, , 
,783.69,800,90.0,0.8,10111111,783.10,800,28.2,4.12,418.2,783.40,0.8,1.48, , 
,784.58,768,90.0,0.8,10111111,783.99,800,28.2,3.09,418.2,784.28,0.8,1.48, , 
,785.49,800,90.0,0.8,10111111,784.89,800,28.2,4.12,418.2,785.19,0.8,1.48, , 
,786.40,768,90.0,0.8,10111111,785.80,768,28.2,4.12,418.2,786.10,0.8,1.48, , 
,787.29,800,90.0,0.8,10111111,786.70,768,29.4,4.12,418.2,787.00,0.8,1.48, , 
,788.21,768,90.0,0.8,10111111,787.60,768,28.2,4.12,418.2,787.91,0.8,1.48, , 
,789.11,800,90.0,1.2,10111111,788.51,768,28.2,4.12,418.2,788.81,0.8,1.48, , 
,790.01,800,90.0,1.2,10111111,789.42,800,28.2,4.12,418.2,789.71,1.2,1.48, , 
,790.89,800,90.0,1.2,10111111,790.32,800,29.4,4.12,418.2,790.61,1.2,1.48, , 
,791.76,768,90.0,1.2,10111111,791.17,800,28.2,4.12,418.2,791.46,1.2,1.45, , 
,792.67,768,90.0,1.2,10111111,792.06,800,28.2,4.12,418.2,792.36,0.8,1.48, , 
,793.53,800,90.0,1.2,10111111,792.96,768,28.2,4.12,418.2,793.25,1.2,1.48, , 
,794.43,768,90.0,1.6,10111111,793.83,800,28.2,4.12,418.2,794.13,1.2,1.48, , 
,795.34,768,90.0,2.0,10111111,794.74,800,28.2,4.12,418.2,795.04,1.6,1.48, , 
,796.22,800,90.0,1.6,10111111,795.64,800,28.2,4.12,418.2,795.93,2.0,1.48, , 
,797.12,800,90.0,1.6,10111111,796.52,800,28.2,4.12,418.2,796.82,1.6,1.45, , 
,798.00,800,90.0,1.2,10111111,797.42,800,28.2,4.12,418.2,797.70,1.6,1.45, , 
,798.90,768,91.5,1.2,10111111,798.30,800,28.2,4.12,418.2,798.60,1.2,1.45, , 
,799.79,768,91.5,1.2,10111111,799.19,768,28.2,4.12,418.2,799.50,1.2,1.48, , 
,824.27,768,91.5,1.6,10111111,824.57,768,28.2,4.12,418.2,824.87,1.6,1.48, , 
,825.16,768,91.5,2.0,10111111,825.47,768,28.2,4.12,418.2,825.78,2.0,1.48, , 
,826.07,768,91.5,2.0,10111111,826.38,768,28.2,4.12,418.2,826.68,2.0,1.48, , 
,826.99,768,91.5,2.0,10111111,827.29,800,28.2,4.12,418.2,827.58,2.0,1.45, , 
,827.88,768,91.5,2.0,10111111,828.17,768,29.4,4.12,418.2,828.45,2.0,1.48, , 
,828.75,672,91.5,2.0,10101011,829.03,704,36.9,5.15,499.8,829.31,3.9,1.56, , 
,829.63,1024,91.5,4.3,10101011,829.94,1056,23.5,3.09,357.0,830.25,2.7,1.45, , 
,830.55,960,93.0,4.7,10101011,830.86,1088,36.9,5.15,479.4,831.20,8.6,1.56, , 
,831.55,1280,91.5,8.6,10101011,831.90,1248,36.9,5.15,479.4,832.23,8.6,1.48, , 
,832.57,1120,93.0,8.2,10101011,832.90,864,36.9,5.15,479.4,833.19,9.8,1.52, , 
,833.49,800,93.0,11.3,10101011,833.81,896,36.9,5.15,499.8,834.10,7.8,1.37, , 
,834.41,992,93.0,5.9,10101011,834.73,1024,35.3,5.15,459.0,835.05,9.4,1.52, , 
,835.37,1184,93.0,9.8,10101011,835.70,1216,31.0,4.12,418.2,836.02,8.2,1.37, , 
,836.37,1280,93.0,6.6,10101011,836.71,1312,28.2,4.12,397.8,837.04,4.7,1.37, , 
,837.43,1408,93.0,5.5,10101011,837.84,1472,35.3,5.15,459.0,838.19,-0.4,1.29, , 
,838.56,1632,93.0,-0.8,10101011,838.90,1664,29.4,4.12,397.8,839.24,0.4,1.48, , 
,839.56,1760,93.0,0.0,10101011,839.91,1792,28.2,4.12,377.4,840.30,0.8,1.52, , 
,840.68,1856,93.0,1.2,10101011,841.04,1888,26.7,4.12,377.4,841.41,0.8,1.48, , 
,841.78,1952,93.0,1.2,10101011,842.12,1984,26.7,3.09,357.0,842.48,1.2,1.45, , 
,842.83,2016,93.0,0.8,10101001,843.16,2048,26.7,3.09,357.0,843.50,0.0,1.41, , 
,843.83,2240,93.0,0.0,10101001,844.16,2336,34.1,4.12,418.2,844.51,1.6,1.56, , 
,844.85,2464,93.0,2.7,10101001,845.21,2464,23.5,3.09,316.2,845.52,5.5,1.56, , 
,845.86,2496,93.0,6.6,10101001,846.19,2496,23.5,3.09,316.2,846.50,7.8,1.52, , 
,846.87,2240,93.0,0.0,10111101,847.20,1696,0.0,0.00,295.8,847.51,0.0,3.75, , 
,847.85,1408,93.0,0.0,10101011,848.17,1344,29.4,5.15,397.8,848.50,0.0,1.17, , 
,848.86,1408,93.0,0.0,10101011,849.21,1440,35.3,5.15,459.0,849.63,0.4,1.52, , 
,850.07,1504,91.5,0.8,10101011,850.44,1536,34.1,5.15,438.6,850.78,0.4,1.48, , 
,851.14,1568,93.0,0.4,10101011,851.49,1600,41.2,6.18,520.2,851.86,2.7,1.52, , 
,852.18,1696,93.0,2.7,10101011,852.53,1728,31.0,4.12,418.2,852.87,4.7,1.56, , 
,853.24,1760,93.0,5.1,10101011,853.60,1760,29.4,4.12,377.4,853.97,6.3,1.52, , 
,854.30,1792,91.5,7.4,10101011,854.68,1792,29.4,4.12,397.8,855.06,9.0,1.52, , 
,855.42,1824,93.0,9.8,10101011,855.79,1824,28.2,4.12,377.4,856.16,11.3,1.48, , 
,856.54,1824,93.0,11.3,10101011,856.89,1856,28.2,4.12,377.4,857.25,11.3,1.41, , 
,857.62,1856,93.0,10.9,10101011,857.99,1856,26.7,4.12,357.0,858.37,8.2,1.41, , 
,858.74,1856,91.5,7.0,10101011,859.13,1856,25.1,3.09,336.6,859.48,4.7,1.37, , 
,859.87,1856,91.5,3.5,10101011,860.25,1824,25.1,3.09,336.6,860.63,1.6,1.37, , 
,861.00,1856,91.5,1.2,10101011,861.36,1824,25.1,3.09,357.0,861.73,1.2,1.45, , 
,862.09,1824,91.5,0.0,10101011,862.45,1824,26.7,4.12,357.0,862.84,0.8,1.48, , 
,863.21,1824,91.5,0.8,10101011,863.57,1824,26.7,4.12,357.0,863.95,2.0,1.52, , 
,864.32,1824,91.5,2.0,10101011,864.66,1824,26.7,4.12,357.0,865.04,2.3,1.48, , 
,865.40,1824,91.5,3.1,10101011,865.78,1856,35.3,5.15,438.6,866.14,1.6,1.45, , 
,866.50,1888,91.5,2.3,10101011,866.86,1920,35.3,5.15,438.6,867.21,2.0,1.45, , 
,867.57,1984,90.0,2.0,10101011,867.92,2016,38.4,5.15,479.4,868.26,1.2,1.45, , 
,868.60,2080,90.0,1.6,10101001,868.94,2144,53.3,8.24,632.4,869.29,-2.0,1.33, , 
,869.62,2304,90.0,-4.3,10101001,869.97,2336,0.0,0.00,499.8,870.30,0.0,3.40, , 
,870.63,1312,90.0,0.0,10101011,871.01,1600,26.7,4.12,357.0,871.37,0.0,1.29, , 
,871.71,1536,90.0,0.0,10101011,872.06,1536,36.9,5.15,459.0,872.42,-1.6,1.45, , 
,872.75,1568,90.0,-1.6,10101011,873.11,1568,45.9,6.18,571.2,873.45,0.4,1.52, , 
,873.81,1600,90.0,0.4,10101011,874.15,1600,44.3,6.18,550.8,874.51,1.6,1.48, , 
,874.85,1664,88.5,1.2,10101011,875.22,1664,38.4,5.15,479.4,875.55,2.3,1.45, , 
,875.93,1664,88.5,0.4,10101011,876.30,1664,31.0,4.12,418.2,876.68,0.8,1.45, , 
,877.03,1664,88.5,0.8,10101011,877.40,1696,29.4,4.12,397.8,877.77,1.2,1.48, , 
,878.14,1696,88.5,1.6,10101011,878.51,1696,29.4,4.12,397.8,878.87,2.0,1.48, , 
,879.22,1696,88.5,2.0,10101011,879.59,1696,29.4,4.12,397.8,879.94,2.3,1.48, , 
,880.29,1696,88.5,3.9,10101011,880.66,1696,29.4,4.12,377.4,881.03,4.7,1.45, , 
,881.38,1696,88.5,4.3,10101011,881.79,1696,29.4,4.12,377.4,882.14,3.9,1.45, , 
,882.48,1696,88.5,4.3,10101011,882.83,1696,29.4,4.12,397.8,883.21,3.1,1.45, , 
,883.60,1696,88.5,3.5,10101011,883.93,1696,32.5,5.15,418.2,884.30,1.6,1.45, , 
,884.65,1696,88.5,1.6,10101011,885.01,1728,36.9,5.15,459.0,885.35,0.8,1.45, , 
,885.73,1728,88.5,0.8,10101011,886.11,1728,35.3,5.15,438.6,886.47,-0.4,1.48, , 
,886.84,1728,88.5,0.0,10101011,887.18,1760,34.1,5.15,438.6,887.54,-0.8,1.45, , 
,887.91,1760,88.5,-0.8,10101011,888.31,1760,34.1,5.15,438.6,888.66,-0.8,1.48, , 
,889.03,1760,88.5,-0.8,10101011,889.40,1760,29.4,4.12,397.8,889.78,2.3,1.52, , 
,890.14,1760,88.5,3.5,10101011,890.51,1760,20.8,3.09,295.8,890.88,3.9,1.52, , 
,891.24,1728,88.5,5.1,10101011,891.64,1760,20.8,3.09,316.2,891.98,6.6,1.52, , 
,892.30,1696,88.5,5.5,10101011,892.67,1696,23.5,3.09,336.6,893.04,3.9,1.41, , 
,893.41,1664,88.5,3.5,10101011,893.76,1664,31.0,5.15,418.2,894.10,1.2,1.41, , 
,894.46,1664,88.5,1.2,10101011,894.81,1664,32.5,5.15,418.2,895.16,0.0,1.45, , 
,895.54,1632,88.5,0.0,10101011,895.90,1632,32.5,4.12,418.2,896.26,-0.8,1.48, , 
,896.59,1632,88.5,-0.4,10101011,896.94,1632,32.5,5.15,418.2,897.32,-1.2,1.48, , 
,897.67,1632,87.0,-1.2,10101011,898.02,1632,32.5,5.15,418.2,898.40,-2.0,1.48, , 
,898.77,1600,88.5,-2.0,10101011,899.12,1600,32.5,5.15,418.2,899.48,-2.3,1.48, , 
,899.85,1600,87.0,-1.2,10101011,900.22,1600,34.1,5.15,438.6,900.56,-1.6,1.45, , 
,900.94,1600,87.0,-2.3,10101011,901.32,1600,35.3,5.15,459.0,901.67,-2.3,1.48, , 
,902.03,1600,88.5,-2.7,10101011,902.37,1568,35.3,5.15,459.0,902.73,-0.4,1.48, , 
,903.10,1568,87.0,-0.4,10101011,903.46,1568,35.3,5.15,459.0,903.80,0.4,1.45, , 
,904.16,1568,87.0,-1.2,10101011,904.53,1568,35.3,5.15,459.0,904.88,-0.8,1.48, , 
,905.27,1568,87.0,-1.6,10101011,905.63,1568,35.3,5.15,459.0,906.00,-1.6,1.48, , 
,906.36,1568,87.0,-1.6,10101011,906.68,1568,35.3,5.15,459.0,907.02,-1.2,1.48, , 
,907.38,1568,87.0,-1.2,10101011,907.74,1568,35.3,5.15,459.0,908.09,0.0,1.48, , 
,908.51,1600,87.0,0.8,10101011,908.88,1600,36.9,5.15,459.0,909.25,1.6,1.48, , 
,909.61,1632,87.0,2.3,10101011,909.98,1664,41.2,6.18,520.2,910.34,5.1,1.56, , 
,910.70,1696,87.0,6.3,10101011,911.10,1728,41.2,6.18,499.8,911.46,7.4,1.48, , 
,911.86,1760,87.0,7.8,10101011,912.24,1792,38.4,6.18,479.4,912.62,7.0,1.45, , 
,913.01,1824,87.0,7.0,10101011,913.38,1824,35.3,5.15,459.0,913.76,6.3,1.41, , 
,914.13,1888,87.0,5.1,10101011,914.51,1888,35.3,5.15,438.6,914.88,4.7,1.41, , 
,915.26,1888,87.0,3.9,10101011,915.63,1920,34.1,5.15,438.6,916.00,2.0,1.48, , 
,916.35,1920,87.0,1.6,10101011,916.72,1952,32.5,4.12,418.2,917.08,2.0,1.52, , 
,917.44,1920,87.0,3.1,10101011,917.82,1920,20.8,3.09,316.2,918.19,5.1,1.56, , 
,918.55,1920,87.0,6.6,10101011,918.91,1888,20.8,3.09,295.8,919.25,6.3,1.48, , 
,919.61,1856,87.0,6.3,10111111,919.98,1856,19.2,3.09,295.8,920.34,0.0,1.48, , 
,920.65,1536,87.0,0.0,10111111,920.96,1088,23.5,4.12,357.0,921.26,0.0,3.32, , 
,921.56,1056,87.0,0.0,10111111,921.88,1056,23.5,4.12,357.0,922.23,0.0,1.05, , 
,922.55,928,87.0,0.0,10111111,922.85,864,23.5,3.09,377.4,923.16,0.0,1.29, , 
,923.47,864,87.0,0.0,10111111,923.80,896,26.7,4.12,377.4,924.10,-0.4,1.45, , 
,924.40,864,87.0,-0.4,10111111,924.69,864,26.7,4.12,397.8,925.01,0.0,1.48, , 
,925.31,896,87.0,0.0,10111111,925.60,864,26.7,4.12,397.8,925.89,0.8,1.52, , 
,926.17,896,87.0,0.8,10111111,926.47,896,26.7,4.12,397.8,926.76,1.2,1.48, , 
,927.08,864,87.0,1.2,10111111,927.38,896,26.7,4.12,397.8,927.68,1.6,1.45, , 
,927.99,864,87.0,1.2,10111111,928.31,896,26.7,4.12,397.8,928.60,1.2,1.45, , 
,928.90,896,87.0,1.2,10111111,929.20,864,26.7,4.12,397.8,929.52,1.2,1.48, , 
,929.85,768,87.0,1.2,10111111,930.13,736,28.2,4.12,418.2,930.45,1.2,1.41, , 
,930.74,800,87.0,0.4,10111111,931.05,800,28.2,4.12,418.2,931.34,-0.4,1.37, , 
,931.63,800,87.0,-0.8,10111111,931.95,768,28.2,4.12,418.2,932.24,-1.2,1.45, , 
,932.54,768,87.0,-1.2,10111111,932.84,800,28.2,4.12,418.2,933.14,-1.2,1.48, , 
,933.44,768,87.0,-1.2,10111111,933.75,800,28.2,4.12,418.2,934.05,-0.8,1.48, , 
,934.35,768,87.0,-0.8,10111111,934.64,800,28.2,4.12,418.2,934.95,-0.4,1.48, , 
,935.25,800,87.0,-0.4,10111111,935.54,832,59.2,10.30,652.8,935.87,0.0,0.98, , 
,936.21,1728,87.0,0.0,10101011,936.60,1472,56.1,8.24,673.2,936.97,0.4,1.52, , 
,937.30,1184,87.0,1.2,10101011,937.62,1184,62.0,9.27,734.4,937.95,0.0,1.48, , 
,938.37,1440,87.0,0.0,10101011,938.73,1600,42.7,6.18,520.2,939.08,-0.4,1.52, , 
,939.45,1792,87.0,0.0,10101011,939.81,1920,35.3,5.15,459.0,940.15,0.8,1.48, , 
,940.49,2176,87.0,0.0,10101001,940.84,2368,44.3,6.18,550.8,941.20,0.0,3.13, , 
,941.55,1376,87.0,0.0,10111111,941.91,1088,25.1,4.12,357.0,942.27,0.0,1.84, , 
,942.63,1280,87.0,0.0,10101011,942.96,1376,42.7,6.18,550.8,943.28,0.8,1.52, , 
,943.57,1440,87.0,0.0,10101011,943.84,1472,53.3,8.24,652.8,944.21,0.0,1.41, , 
,944.58,1600,87.0,-0.4,10101011,944.96,1664,48.6,7.21,591.6,945.32,0.8,1.52, , 
,945.68,1728,87.0,1.6,10101011,946.00,1792,40.0,6.18,499.8,946.34,3.1,1.52, , 
,946.70,1824,87.0,2.7,10101011,947.06,1888,36.9,5.15,459.0,947.43,3.1,1.45, , 
,947.79,1920,87.0,2.3,10101011,948.15,1952,34.1,5.15,438.6,948.53,1.6,1.45, , 
,948.87,1984,87.0,1.6,10101001,949.23,1984,32.5,5.15,418.2,949.58,1.6,1.45, , 
,949.95,2016,87.0,1.6,10101001,950.28,2048,35.3,5.15,438.6,950.62,0.4,1.45, , 
,950.98,2112,87.0,0.4,10101001,951.32,2112,35.3,5.15,438.6,951.65,0.0,1.48, , 
,951.99,2144,87.0,0.0,10101001,952.35,2208,41.2,6.18,499.8,952.69,0.8,1.52, , 
,953.03,2272,87.0,0.8,10101001,953.35,2336,51.8,7.21,612.0,953.71,-3.1,1.37, , 
,954.06,2432,87.0,-3.1,10101001,954.39,2496,0.0,0.00,479.4,954.74,0.0,3.32, , 
,955.11,1440,88.5,0.0,10111111,955.47,1088,25.1,4.12,357.0,955.80,0.0,2.27, , 
,956.15,1632,87.0,0.0,10101011,956.51,1600,38.4,5.15,479.4,956.86,-0.8,1.45, , 
,957.21,1600,87.0,-0.4,10101011,957.58,1632,40.0,6.18,499.8,957.89,0.8,1.52, , 
,958.23,1632,87.0,1.6,10101011,958.57,1664,50.2,8.24,591.6,958.93,2.3,1.52, , 
,959.28,1696,87.0,2.7,10101011,959.65,1728,47.1,7.21,571.2,960.03,3.5,1.48, , 
,960.41,1760,87.0,4.3,10101011,960.80,1792,47.1,7.21,571.2,961.19,4.3,1.48, , 
,961.58,1824,87.0,5.9,10101011,961.95,1856,45.9,7.21,550.8,962.31,7.4,1.48, , 
,962.67,1888,88.5,7.0,10101011,963.03,1920,48.6,7.21,591.6,963.39,7.0,1.41, , 
,963.73,1952,88.5,5.5,10101011,964.09,1984,53.3,8.24,632.4,964.46,3.9,1.45, , 
,964.81,2048,88.5,2.0,10101001,965.16,2080,50.2,7.21,612.0,965.52,0.0,1.56, , 
,965.87,2080,88.5,0.0,10101001,966.23,2112,42.7,6.18,520.2,966.56,0.8,1.52, , 
,966.92,2112,87.0,1.2,10101001,967.26,2144,42.7,6.18,520.2,967.61,1.6,1.45, , 
,967.95,2144,87.0,0.4,10101001,968.30,2176,41.2,6.18,499.8,968.64,0.8,1.52, , 
,968.98,2176,88.5,0.4,10101001,969.33,2208,41.2,6.18,499.8,969.67,-0.4,1.45, , 
,970.01,2208,87.0,0.4,10101001,970.36,2240,41.2,6.18,499.8,970.70,0.0,1.45, , 
,971.03,2240,87.0,0.4,10101001,971.36,2272,45.9,6.18,550.8,971.70,0.8,1.41, , 
,972.04,2272,87.0,-0.8,10101001,972.38,2304,51.8,7.21,612.0,972.73,-2.7,1.37, , 
,973.06,2336,87.0,-3.5,11101001,973.39,2336,48.6,7.21,571.2,973.73,-3.5,1.52, , 
,974.06,2368,87.0,0.0,11101001,974.39,2368,22.0,3.09,316.2,974.72,3.1,1.56, , 
,975.09,2368,87.0,2.3,11101001,975.43,2336,36.9,5.15,438.6,975.77,3.5,1.48, , 
,976.10,2368,87.0,0.0,11101001,976.46,2400,53.3,7.21,612.0,976.80,-3.1,1.33, , 
,977.17,2464,87.0,-5.9,11101001,977.51,2496,56.1,8.24,632.4,977.86,-8.2,1.45, , 
,978.17,2432,87.0,0.0,11111101,978.50,1984,0.0,0.00,316.2,978.85,0.0,3.79, , 
,979.17,1056,87.0,0.0,11101011,979.52,1568,20.8,4.12,316.2,979.90,0.0,0.94, , 
,980.24,1824,87.0,0.0,11101011,980.60,1824,22.0,3.09,316.2,980.96,3.9,1.64, , 
,981.31,1792,87.0,4.3,11101011,981.69,1792,29.4,4.12,397.8,982.07,5.5,1.56, , 
,982.42,1792,87.0,6.3,11101011,982.77,1792,31.0,5.15,397.8,983.13,6.6,1.48, , 
,983.49,1792,87.0,6.6,11101011,983.85,1824,36.9,5.15,459.0,984.21,7.4,1.48, , 
,984.57,1824,87.0,6.6,11101011,984.93,1824,40.0,6.18,479.4,985.29,8.2,1.52, , 
,985.66,1856,87.0,8.2,11101011,986.03,1856,44.3,7.21,550.8,986.40,8.2,1.48, , 
,986.78,1856,87.0,8.6,11101011,987.13,1856,40.0,6.18,479.4,987.51,7.4,1.41, , 
,987.88,1888,87.0,7.8,11101011,988.25,1888,42.7,7.21,520.2,988.61,7.8,1.45, , 
,988.97,1920,87.0,7.4,11101011,989.33,1920,42.7,6.18,520.2,989.70,7.0,1.48, , 
,990.05,1920,87.0,8.2,11101011,990.42,1952,48.6,7.21,591.6,990.77,5.9,1.45, , 
,991.13,1984,87.0,6.3,11101011,991.49,1984,48.6,7.21,591.6,991.85,5.5,1.48, , 
,992.22,1984,87.0,4.7,11101001,992.56,2016,45.9,7.21,571.2,992.92,5.1,1.52, , 
,993.28,2016,87.0,4.3,11101001,993.63,2048,45.9,7.21,550.8,993.99,3.9,1.48, , 
,994.33,2048,87.0,3.9,11101001,994.67,2080,45.9,6.18,550.8,995.01,3.1,1.48, , 
,995.35,2080,87.0,3.1,11101001,995.69,2080,45.9,6.18,550.8,996.05,2.7,1.48, , 
,996.41,2112,87.0,2.7,11101001,996.78,2112,44.3,6.18,550.8,997.11,2.3,1.52, , 
,997.43,2144,88.5,3.1,11101001,997.77,2144,44.3,6.18,520.2,998.13,2.0,1.45, , 
,998.47,2176,87.0,1.2,11101001,998.80,2176,44.3,6.18,520.2,999.14,0.8,1.52, , 
,999.48,2176,87.0,1.6,11101001,999.82,2176,44.3,6.18,520.2,1000.18,2.0,1.48, , 
,1000.53,2208,87.0,2.0,11101001,1000.87,2208,42.7,6.18,520.2,1001.23,2.7,1.48, , 
,1001.58,2208,87.0,2.7,11101001,1001.92,2240,42.7,6.18,520.2,1002.26,3.5,1.48, , 
,1002.60,2240,87.0,3.1,11101001,1002.94,2240,44.3,6.18,520.2,1003.29,4.7,1.48, , 
,1003.63,2240,87.0,5.1,11101001,1003.96,2272,42.7,6.18,520.2,1004.29,4.3,1.48, , 
,1004.62,2272,87.0,4.3,11101001,1004.95,2272,42.7,6.18,499.8,1005.29,4.7,1.45, , 
,1005.63,2272,87.0,4.3,11101001,1005.97,2272,42.7,6.18,499.8,1006.31,4.3,1.48, , 
,1006.65,2304,87.0,5.5,11101001,1006.98,2304,42.7,6.18,499.8,1007.32,3.9,1.48, , 
,1007.66,2304,87.0,3.5,11101001,1008.00,2304,42.7,6.18,499.8,1008.34,3.9,1.48, , 
,1008.68,2304,87.0,3.5,11101001,1009.01,2304,42.7,6.18,499.8,1009.37,3.5,1.52, , 
,1009.72,2304,87.0,4.3,11101001,1010.06,2304,42.7,6.18,499.8,1010.38,3.9,1.48, , 
,1010.72,2336,87.0,3.9,11101001,1011.08,2336,42.7,6.18,499.8,1011.43,3.9,1.45, , 
,1011.78,2336,87.0,3.9,11101001,1012.11,2336,42.7,6.18,499.8,1012.45,3.9,1.52, , 
,1012.80,2336,87.0,3.5,11101001,1013.14,2336,41.2,6.18,499.8,1013.48,3.5,1.48, , 
,1013.80,2336,87.0,3.1,11101001,1014.16,2336,41.2,6.18,499.8,1014.52,3.5,1.48, , 
,1014.88,2336,87.0,2.7,11101001,1015.23,2336,41.2,6.18,499.8,1015.56,3.9,1.52, , 
,1015.89,2336,87.0,4.7,11101001,1016.24,2368,41.2,6.18,499.8,1016.59,3.9,1.45, , 
,1016.94,2336,87.0,2.7,11101001,1017.29,2368,42.7,6.18,499.8,1017.63,3.1,1.48, , 
,1018.00,2368,87.0,3.9,11101001,1018.35,2368,42.7,6.18,499.8,1018.68,3.5,1.48, , 
,1019.03,2368,87.0,3.9,11101001,1019.37,2368,41.2,6.18,499.8,1019.72,3.9,1.45, , 
,1020.04,2368,87.0,2.7,11101001,1020.41,2368,47.1,7.21,550.8,1020.77,0.8,1.41, , 
,1021.13,2400,87.0,0.4,11101001,1021.51,2400,50.2,7.21,591.6,1021.85,-0.8,1.45, , 
,1022.18,2400,87.0,-1.2,11101001,1022.53,2432,50.2,7.21,591.6,1022.86,-2.7,1.45, , 
,1023.20,2432,87.0,-2.3,11101001,1023.54,2432,62.0,8.24,714.0,1023.88,-9.0,1.41, , 
,1024.22,2464,87.0,0.0,11101001,1024.56,2496,82.7,13.39,907.8,1024.90,-0.4,1.45, , 
,1025.24,2368,87.0,0.0,11111101,1025.56,1888,0.0,0.00,316.2,1025.89,0.0,3.79, , 
,1026.28,1152,87.0,0.0,11101011,1026.62,1952,20.8,3.09,316.2,1026.98,0.0,1.17, , 
,1027.34,1920,85.5,0.0,11101011,1027.71,1888,29.4,4.12,377.4,1028.09,4.3,1.60, , 
,1028.47,1888,85.5,0.0,11101011,1028.83,1888,60.4,9.27,693.6,1029.19,0.0,1.52, , 
,1029.57,1888,87.0,0.0,11101011,1029.92,1888,34.1,5.15,438.6,1030.30,2.0,1.56, , 
,1030.67,1856,85.5,3.1,11101011,1031.02,1888,17.6,2.06,275.4,1031.39,4.7,1.52, , 
,1031.75,1856,85.5,5.9,11101011,1032.11,1824,19.2,3.09,295.8,1032.48,6.6,1.48, , 
,1032.80,1792,85.5,7.0,11101011,1033.19,1792,19.2,3.09,295.8,1033.56,9.0,1.52, , 
,1033.89,1760,85.5,10.2,11101011,1034.24,1760,20.8,3.09,295.8,1034.62,10.9,1.45, , 
,1034.96,1760,85.5,9.8,11111111,1035.28,1728,0.0,0.00,316.2,1035.61,0.0,3.63, , 
,1035.95,1696,85.5,0.0,11111111,1036.28,1696,0.0,0.00,316.2,1036.64,0.0,3.87, , 
,1036.99,1664,85.5,0.0,11111111,1037.30,1632,0.0,0.00,316.2,1037.63,0.0,3.91, , 
,1037.99,1632,85.5,0.0,11101011,1038.33,1600,20.8,3.09,295.8,1038.72,0.0,1.25, , 
,1039.09,1600,85.5,0.0,11101011,1039.43,1568,20.8,3.09,316.2,1039.75,0.0,1.56, , 
,1040.07,1568,85.5,4.7,11111111,1040.44,1568,22.0,3.09,316.2,1040.78,3.1,1.48, , 
,1041.11,1536,85.5,3.9,11111111,1041.40,1536,22.0,3.09,316.2,1041.83,4.7,1.48, , 
,1042.09,1504,85.5,4.3,11111111,1042.36,1472,22.0,3.09,316.2,1042.62,5.1,1.48, , 
,1042.90,1472,85.5,6.3,11111111,1043.31,1472,22.0,3.09,316.2,1043.68,7.4,1.52, , 
,1043.96,1472,85.5,7.4,11101011,1044.33,1408,34.1,5.15,438.6,1044.64,0.0,1.29, , 
,1044.99,1440,85.5,0.0,11101011,1045.34,1440,56.1,9.27,673.2,1045.60,0.0,1.56, , 
,1045.97,1440,85.5,0.0,11101011,1046.24,1472,67.8,10.30,795.6,1046.70,-0.4,1.48, , 
,1047.14,1504,85.5,-1.2,11101011,1047.40,1504,67.8,10.30,795.6,1047.81,-2.3,1.48, , 
,1048.12,1504,85.5,-2.7,11101011,1048.45,1504,66.3,10.30,775.2,1048.81,-0.4,1.52, , 
,1049.18,1536,85.5,1.2,11101011,1049.54,1568,65.1,10.30,754.8,1049.91,2.0,1.52, , 
,1050.29,1600,85.5,3.9,11101011,1050.64,1600,65.1,10.30,754.8,1050.97,5.1,1.52, , 
,1051.29,1632,85.5,6.3,11101011,1051.65,1632,54.5,8.24,652.8,1052.03,6.3,1.52, , 
,1052.37,1632,85.5,7.8,11101011,1052.73,1632,53.3,8.24,632.4,1053.10,8.6,1.45, , 
,1053.45,1664,85.5,8.2,11101011,1053.80,1664,51.8,8.24,632.4,1054.15,8.2,1.45, , 
,1054.48,1664,85.5,8.2,11101011,1054.81,1664,53.3,8.24,632.4,1055.18,7.8,1.48, , 
,1055.54,1664,85.5,7.8,11101011,1055.89,1696,51.8,8.24,612.0,1056.28,7.4,1.48, , 
,1056.63,1696,85.5,6.6,11101011,1056.96,1696,47.1,7.21,571.2,1057.31,6.6,1.48, , 
,1057.68,1696,85.5,6.3,11101011,1058.05,1696,31.0,4.12,418.2,1058.44,5.1,1.45, , 
,1058.78,1664,85.5,5.5,11101011,1059.16,1664,28.2,4.12,377.4,1059.50,5.9,1.48, , 
,1059.84,1664,85.5,5.9,11101011,1060.19,1664,35.3,5.15,459.0,1060.53,6.6,1.52, , 
,1060.88,1664,85.5,5.9,11101011,1061.27,1664,48.6,7.21,591.6,1061.62,9.4,1.52, , 
,1061.96,1664,85.5,9.0,11101011,1062.33,1664,50.2,8.24,612.0,1062.69,9.4,1.48, , 
,1063.06,1696,85.5,9.0,11101011,1063.42,1696,50.2,8.24,612.0,1063.78,9.0,1.48, , 
,1064.11,1696,85.5,9.0,11101011,1064.45,1696,48.6,8.24,591.6,1064.80,9.0,1.52, , 
,1065.16,1696,85.5,6.6,11101011,1065.54,1696,50.2,8.24,612.0,1065.91,6.3,1.52, , 
,1066.30,1728,85.5,6.3,11101011,1066.68,1728,48.6,8.24,591.6,1067.05,5.9,1.48, , 
,1067.42,1728,85.5,6.3,11101011,1067.80,1728,48.6,7.21,591.6,1068.18,5.9,1.52, , 
,1068.57,1728,85.5,5.9,11101011,1068.95,1728,48.6,7.21,591.6,1069.31,5.1,1.48, , 
,1069.68,1760,85.5,5.5,11101011,1070.06,1760,48.6,7.21,591.6,1070.43,6.3,1.52, , 
,1070.79,1760,85.5,6.3,11101011,1071.13,1760,48.6,7.21,591.6,1071.52,5.9,1.52, , 
,1071.89,1760,85.5,5.5,11101011,1072.25,1760,48.6,7.21,591.6,1072.62,6.3,1.48, , 
,1072.97,1760,85.5,5.9,11101011,1073.34,1760,50.2,7.21,591.6,1073.70,5.5,1.45, , 
,1074.05,1760,85.5,3.9,11101011,1074.44,1760,51.8,8.24,612.0,1074.76,3.9,1.48, , 
,1075.12,1792,85.5,4.3,11101011,1075.51,1792,54.5,8.24,632.4,1075.86,5.1,1.52, , 
,1076.24,1792,85.5,6.3,11101011,1076.58,1792,53.3,8.24,632.4,1076.93,6.3,1.48, , 
,1077.32,1824,85.5,5.1,11101011,1077.68,1824,60.4,10.30,714.0,1078.06,6.3,1.52, , 
,1078.43,1824,85.5,7.0,11101011,1078.80,1824,60.4,10.30,693.6,1079.19,8.6,1.48, , 
,1079.56,1856,85.5,8.2,11101011,1079.93,1856,62.0,10.30,714.0,1080.30,7.4,1.45, , 
,1080.67,1856,85.5,7.4,11101011,1081.03,1856,60.4,10.30,714.0,1081.40,6.6,1.48, , 
,1081.78,1888,84.0,6.3,11101011,1082.15,1888,60.4,9.27,693.6,1082.53,4.7,1.45, , 
,1082.89,1888,85.5,4.3,11101011,1083.24,1920,60.4,9.27,693.6,1083.62,2.7,1.45, , 
,1083.99,1920,85.5,2.0,11101011,1084.37,1920,59.2,9.27,693.6,1084.73,0.8,1.48, , 
,1085.08,1920,85.5,0.4,11101011,1085.45,1920,57.6,8.24,673.2,1085.82,1.6,1.56, , 
,1086.19,1952,85.5,2.0,11101011,1086.54,1952,56.1,8.24,652.8,1086.91,2.3,1.48, , 
,1087.26,1952,85.5,2.7,11101011,1087.61,1952,54.5,8.24,652.8,1087.96,2.7,1.48, , 
,1088.32,1952,85.5,3.1,11101011,1088.69,1952,54.5,8.24,652.8,1089.04,3.5,1.48, , 
,1089.40,1984,85.5,3.5,11101011,1089.76,1984,53.3,8.24,632.4,1090.12,4.7,1.48, , 
,1090.48,1984,85.5,4.3,11101001,1090.82,1984,45.9,6.18,571.2,1091.18,6.3,1.52, , 
,1091.57,2016,85.5,6.6,11101001,1091.93,1984,38.4,6.18,479.4,1092.29,5.9,1.45, , 
,1092.64,1984,85.5,5.5,11101001,1092.99,1984,31.0,4.12,397.8,1093.35,6.3,1.56, , 
,1093.71,1984,85.5,7.0,11101011,1094.07,1984,23.5,3.09,336.6,1094.43,7.0,1.48, , 
,1094.80,1952,85.5,5.9,11101011,1095.18,1952,25.1,3.09,336.6,1095.54,5.9,1.48, , 
,1095.91,1952,85.5,5.9,11101011,1096.30,1952,17.6,2.06,275.4,1096.64,3.5,1.37, , 
,1096.98,1920,85.5,0.0,11111111,1097.31,1888,0.0,0.00,275.4,1097.65,0.0,3.79, , 
,1097.98,1856,85.5,0.0,11111111,1098.32,1856,0.0,0.00,295.8,1098.69,0.0,3.83, , 
,1099.02,1824,85.5,0.0,11111111,1099.36,1824,0.0,0.00,295.8,1099.74,0.0,3.87, , 
,1100.11,1792,85.5,0.0,11111111,1100.45,1760,0.0,0.00,316.2,1100.80,0.0,3.83, , 
,1101.14,1760,85.5,0.0,11101011,1101.50,1760,20.8,3.09,295.8,1101.86,0.0,1.13, , 
,1102.20,1760,85.5,0.0,11101011,1102.57,1728,23.5,3.09,336.6,1102.95,3.1,1.52, , 
,1103.33,1728,85.5,3.9,11101011,1103.73,1728,28.2,4.12,377.4,1104.08,5.9,1.52, , 
,1104.44,1728,85.5,6.3,11101011,1104.80,1728,34.1,5.15,438.6,1105.19,5.5,1.45, , 
,1105.53,1728,85.5,5.9,11101011,1105.90,1696,40.0,6.18,479.4,1106.25,7.4,1.52, , 
,1106.61,1728,85.5,7.8,11101011,1106.99,1728,48.6,8.24,591.6,1107.38,9.0,1.45, , 
,1107.74,1728,85.5,8.2,11101011,1108.10,1728,45.9,7.21,571.2,1108.46,8.2,1.45, , 
,1108.82,1760,85.5,8.2,11101011,1109.19,1760,45.9,7.21,571.2,1109.56,8.2,1.45, , 
,1109.92,1760,85.5,7.8,11101011,1110.28,1760,47.1,7.21,571.2,1110.65,7.4,1.45, , 
,1111.00,1760,85.5,6.6,11101011,1111.34,1760,40.0,6.18,499.8,1111.71,3.9,1.45, , 
,1112.07,1760,85.5,3.9,11101011,1112.44,1760,28.2,4.12,377.4,1112.83,3.9,1.48, , 
,1113.20,1728,85.5,4.3,11101011,1113.56,1728,28.2,4.12,377.4,1113.91,4.3,1.52, , 
,1114.28,1728,85.5,4.3,11101011,1114.65,1728,29.4,4.12,397.8,1115.01,3.5,1.45, , 
,1115.36,1728,84.0,2.7,11101011,1115.73,1728,32.5,5.15,418.2,1116.06,2.0,1.45, , 
,1116.43,1728,84.0,1.6,11101011,1116.79,1728,34.1,5.15,438.6,1117.14,0.8,1.48, , 
,1117.50,1728,84.0,0.4,11101011,1117.85,1696,32.5,4.12,418.2,1118.20,0.4,1.52, , 
,1118.58,1696,85.5,0.8,11101011,1118.94,1696,26.7,4.12,357.0,1119.29,3.5,1.56, , 
,1119.64,1696,84.0,5.5,11101011,1120.05,1696,26.7,4.12,357.0,1120.38,7.0,1.48, , 
,1120.72,1696,84.0,7.0,11101011,1121.06,1664,20.8,3.09,295.8,1121.39,7.0,1.52, , 
,1121.74,1664,84.0,7.8,11111111,1122.08,1632,0.0,0.00,316.2,1122.43,0.0,3.09, , 
,1122.77,1600,84.0,0.0,11111111,1123.11,1600,0.0,0.00,316.2,1123.43,0.0,3.91, , 
,1123.78,1600,85.5,0.0,11101011,1124.11,1568,22.0,4.12,316.2,1124.47,0.0,1.17, , 
,1124.83,1568,84.0,0.0,11101011,1125.17,1568,56.1,9.27,652.8,1125.51,0.0,1.52, , 
,1125.85,1600,84.0,0.0,11101011,1126.25,1600,66.3,10.30,775.2,1126.62,0.4,1.52, , 
,1126.97,1600,84.0,0.0,11101011,1127.32,1632,56.1,8.24,673.2,1127.68,1.6,1.56, , 
,1128.04,1632,84.0,2.0,11101011,1128.40,1664,54.5,8.24,652.8,1128.75,3.5,1.56, , 
,1129.08,1664,84.0,3.9,11101011,1129.42,1664,54.5,8.24,652.8,1129.76,5.1,1.52, , 
,1130.11,1696,84.0,6.3,11101011,1130.48,1696,54.5,9.27,652.8,1130.81,7.4,1.45, , 
,1131.14,1696,84.0,0.0,11101011,1131.49,1696,40.0,5.15,499.8,1131.86,2.0,1.56, , 
,1132.23,1696,84.0,1.6,11101011,1132.56,1696,32.5,5.15,438.6,1132.92,2.3,1.52, , 
,1133.25,1664,84.0,3.5,11101011,1133.63,1664,20.8,3.09,316.2,1133.98,4.7,1.52, , 
,1134.33,1632,84.0,6.3,11111111,1134.67,1632,22.0,3.09,316.2,1135.02,7.0,1.52, , 
,1135.40,1632,84.0,7.8,11111111,1135.76,1600,22.0,3.09,316.2,1136.13,7.8,1.48, , 
,1136.43,1504,84.0,0.0,11111111,1136.77,1056,25.1,4.12,357.0,1137.11,0.0,2.93, , 
,1137.46,1792,84.0,0.0,11101011,1137.81,1984,16.1,2.06,244.8,1138.17,0.0,1.91, , 
,1138.52,2016,85.5,0.0,11101001,1138.88,2016,14.9,2.06,244.8,1139.23,4.7,1.48, , 
,1139.56,2016,84.0,7.4,11111101,1139.91,1984,0.0,0.00,244.8,1140.27,0.0,3.48, , 
,1140.64,1952,84.0,0.0,11111111,1140.97,1920,0.0,0.00,275.4,1141.30,0.0,3.87, , 
,1141.63,1888,84.0,0.0,11111111,1141.96,1856,17.6,3.09,275.4,1142.33,0.0,1.80, , 
,1142.67,1856,84.0,0.0,11101011,1143.01,1824,17.6,2.06,275.4,1143.35,0.0,1.64, , 
,1143.70,1824,84.0,5.5,11101011,1144.04,1824,19.2,3.09,295.8,1144.37,8.2,1.60, , 
,1144.76,1792,84.0,10.2,11101011,1145.13,1760,19.2,3.09,295.8,1145.51,13.7,1.60, , 
,1145.85,1760,84.0,14.5,11101011,1146.23,1760,20.8,3.09,295.8,1146.58,12.5,1.33, , 
,1146.95,1728,84.0,11.7,11101011,1147.34,1728,20.8,3.09,316.2,1147.71,10.5,1.37, , 
,1148.07,1728,84.0,9.8,11101011,1148.42,1728,20.8,3.09,316.2,1148.78,9.0,1.37, , 
,1149.13,1696,84.0,9.0,11111111,1149.48,1664,0.0,0.00,316.2,1149.83,0.0,2.85, , 
,1150.18,1664,84.0,0.0,11111111,1150.53,1632,20.8,3.09,316.2,1150.87,0.0,1.37, , 
,1151.19,1600,84.0,0.0,11101011,1151.53,1632,22.0,3.09,316.2,1151.85,2.3,1.56, , 
,1152.21,1600,84.0,3.5,11101011,1152.58,1600,22.0,3.09,316.2,1152.92,4.3,1.52, , 
,1153.28,1600,84.0,4.7,11101011,1153.63,1568,20.8,3.09,316.2,1153.98,5.5,1.48, , 
,1154.32,1568,84.0,5.5,11101011,1154.69,1568,20.8,3.09,316.2,1155.04,5.5,1.45, , 
,1155.41,1536,84.0,4.7,11101011,1155.78,1536,20.8,3.09,316.2,1156.13,3.9,1.41, , 
,1156.53,1504,84.0,3.9,11101011,1156.89,1504,22.0,3.09,316.2,1157.17,2.3,1.45, , 
,1157.60,1504,84.0,2.7,11101011,1157.89,1504,22.0,3.09,316.2,1158.15,1.6,1.45, , 
,1158.42,1472,84.0,1.2,10101011,1158.69,1504,22.0,3.09,316.2,1158.95,3.5,1.56, , 
,1159.28,1472,84.0,2.7,10101011,1159.72,1472,25.1,3.09,336.6,1160.00,2.0,1.48, , 
,1160.43,1440,84.0,2.7,10101011,1160.74,1472,26.7,4.12,357.0,1161.06,2.3,1.48, , 
,1161.46,1472,84.0,3.1,10101011,1161.86,1440,32.5,5.15,418.2,1162.17,2.3,1.48, , 
,1162.51,1472,84.0,2.3,10101011,1162.94,1472,35.3,5.15,459.0,1163.26,0.0,1.48, , 
,1163.57,1344,84.0,0.0,10111111,1163.89,1056,25.1,4.12,357.0,1164.21,0.0,2.27, , 
,1164.51,1088,84.0,0.0,10111111,1164.82,1056,22.0,3.09,336.6,1165.13,0.0,0.98, , 
,1165.45,832,84.0,0.0,10111111,1165.75,864,25.1,3.09,377.4,1166.05,0.0,1.52, , 
,1166.35,896,84.0,0.0,10111111,1166.65,896,26.7,4.12,377.4,1166.95,0.8,1.52, , 
,1167.25,896,84.0,1.6,10111111,1167.55,896,25.1,4.12,377.4,1167.84,2.3,1.52, , 
,1168.14,896,84.0,2.7,10111111,1168.44,896,26.7,4.12,377.4,1168.74,3.9,1.52, , 
,1169.04,896,84.0,4.3,10111111,1169.38,960,25.1,4.12,377.4,1169.68,4.7,1.45, , 
,1170.06,1376,84.0,6.3,10101011,1170.41,1408,36.9,5.15,459.0,1170.79,6.6,1.48, , 
,1171.19,1440,84.0,7.4,10101011,1171.63,1472,47.1,7.21,571.2,1172.00,0.0,1.37, , 
,1172.33,1536,84.0,0.0,10101011,1172.70,1568,54.5,8.24,652.8,1173.08,1.6,1.56, , 
,1173.42,1632,84.0,2.7,10101011,1173.78,1664,42.7,6.18,520.2,1174.15,4.3,1.56, , 
,1174.52,1728,84.0,5.1,10101011,1174.90,1760,42.7,6.18,520.2,1175.28,6.6,1.52, , 
,1175.65,1792,85.5,8.2,10101011,1176.02,1824,40.0,6.18,499.8,1176.40,11.3,1.48, , 
,1176.77,1856,84.0,11.3,10101011,1177.15,1856,31.0,4.12,397.8,1177.52,9.8,1.45, , 
,1177.90,1856,84.0,9.4,10101011,1178.27,1856,25.1,4.12,336.6,1178.64,7.8,1.41, , 
,1179.00,1888,84.0,7.4,10101011,1179.37,1856,26.7,4.12,357.0,1179.75,7.4,1.45, , 
,1180.11,1888,84.0,7.4,10101011,1180.47,1920,42.7,6.18,520.2,1180.82,7.8,1.48, , 
,1181.18,1952,84.0,7.4,10101011,1181.54,1952,36.9,5.15,459.0,1181.90,6.6,1.45, , 
,1182.26,1984,84.0,4.7,10101011,1182.62,1984,34.1,5.15,438.6,1182.96,4.7,1.52, , 
,1183.32,2016,84.0,4.3,10101001,1183.68,2016,40.0,6.18,479.4,1184.03,4.7,1.48, , 
,1184.37,2048,84.0,5.1,10101001,1184.72,2080,44.3,6.18,520.2,1185.08,6.3,1.52, , 
,1185.44,2112,84.0,7.4,10101001,1185.79,2112,42.7,6.18,499.8,1186.12,5.9,1.45, , 
,1186.47,2144,84.0,3.9,10101001,1186.80,2144,25.1,4.12,336.6,1187.13,7.0,1.48, , 
,1187.46,2144,84.0,7.4,10101001,1187.82,2144,23.5,3.09,316.2,1188.16,5.5,1.45, , 
,1188.50,2144,84.0,4.7,10101001,1188.82,2144,23.5,3.09,316.2,1189.16,3.9,1.45, , 
,1189.49,2144,84.0,3.1,10101001,1189.83,2144,23.5,3.09,316.2,1190.19,2.7,1.52, , 
,1190.54,2144,84.0,3.5,10101001,1190.90,2144,23.5,3.09,316.2,1191.26,4.7,1.48, , 
,1191.60,2144,84.0,4.3,10101001,1191.96,2144,23.5,3.09,316.2,1192.31,4.3,1.52, , 
,1192.64,2144,84.0,5.9,10101001,1192.98,2112,23.5,3.09,316.2,1193.32,5.5,1.48, , 
,1193.68,2080,84.0,5.9,10101001,1194.02,2080,23.5,3.09,336.6,1194.40,6.3,1.48, , 
,1194.75,2048,84.0,6.6,10101001,1195.10,2048,25.1,4.12,336.6,1195.46,8.2,1.52, , 
,1195.83,2048,84.0,8.2,10101001,1196.18,2048,35.3,5.15,438.6,1196.53,5.9,1.41, , 
,1196.86,2048,84.0,6.3,10101001,1197.21,2048,32.5,5.15,418.2,1197.56,5.5,1.45, , 
,1197.91,2048,84.0,4.7,10101001,1198.25,2048,32.5,5.15,418.2,1198.60,4.3,1.48, , 
,1198.94,2080,84.0,4.3,10101001,1199.29,2080,34.1,5.15,438.6,1199.63,3.1,1.45, , 
,1199.99,2080,84.0,3.1,10101001,1200.33,2080,36.9,5.15,459.0,1200.69,3.1,1.52, , 
,1201.04,2112,84.0,2.7,10101001,1201.37,2112,38.4,5.15,459.0,1201.72,3.9,1.52, , 
,1202.05,2144,84.0,4.3,10101001,1202.40,2176,50.2,7.21,591.6,1202.75,2.3,1.45, , 
,1203.08,2208,84.0,3.1,10101001,1203.42,2240,47.1,7.21,571.2,1203.76,3.5,1.45, , 
,1204.11,2208,84.0,0.0,11111101,1204.47,1728,0.0,0.00,316.2,1204.81,0.0,3.67, , 
,1205.11,1024,84.0,0.0,10111111,1205.43,1088,25.1,4.12,357.0,1205.77,0.0,1.48, , 
,1206.07,1024,84.0,0.0,10111111,1206.38,992,22.0,3.09,336.6,1206.69,0.0,1.09, , 
,1206.98,864,84.0,0.0,10111111,1207.26,864,25.1,3.09,377.4,1207.55,0.0,1.45, , 
,1207.83,864,84.0,0.0,10111111,1208.10,864,25.1,3.09,377.4,1208.39,0.4,1.48, , 
,1208.68,864,84.0,0.8,10111111,1208.99,896,26.7,4.12,377.4,1209.31,1.6,1.52, , 
,1209.62,896,84.0,2.3,10111111,1209.91,896,25.1,4.12,377.4,1210.22,3.1,1.52, , 
,1210.52,896,84.0,3.5,10111111,1210.82,896,25.1,4.12,377.4,1211.13,3.9,1.48, , 
,1211.46,896,84.0,4.3,10111111,1211.78,896,25.1,4.12,377.4,1212.08,5.1,1.48, , 
,1212.40,896,84.0,5.1,10111111,1212.72,896,26.7,4.12,377.4,1213.03,5.1,1.45, , 
,1213.34,896,84.0,5.1,10111111,1213.65,864,25.1,4.12,377.4,1213.95,3.9,1.37, , 
,1214.26,864,84.0,3.5,10111111,1214.56,864,25.1,4.12,377.4,1214.89,2.7,1.37, , 
,1215.20,864,84.0,2.0,10111111,1215.51,928,25.1,4.12,377.4,1215.85,0.8,1.37, , 
,1216.19,992,84.0,-1.2,10101011,1216.50,1088,32.5,4.12,418.2,1216.83,0.0,1.64, , 
,1217.15,1120,84.0,0.0,10101011,1217.49,1184,40.0,6.18,520.2,1217.82,3.1,1.56, , 
,1218.14,1280,85.5,0.0,10111111,1218.47,1408,23.5,3.09,336.6,1218.91,2.0,1.60, , 
,1219.19,1504,85.5,2.3,10111111,1219.56,1440,23.5,3.09,336.6,1219.90,0.8,1.48, , 
,1220.23,1056,85.5,0.8,10111111,1220.54,896,25.1,3.09,377.4,1220.83,0.8,1.52, , 
,1221.13,896,85.5,0.8,10111111,1221.46,896,26.7,4.12,397.8,1221.78,0.4,1.52, , 
,1222.08,896,85.5,0.8,10111111,1222.38,896,28.2,4.12,397.8,1222.71,2.0,1.56, , 
,1223.04,896,85.5,2.3,10111111,1223.36,896,26.7,4.12,397.8,1223.67,3.5,1.52, , 
