Poniedzia³ek,31,Sierpieñ,2026,16:06:10:00009-VCID:1C3761778CABCE7337-515A,Wersja VCDS: AKP 23.3.1,Wersja danych: 20230601 DS346.2
047 906 033 L,,1.4l SIMOS3PA   00HS5401,

,Grupa A:,'001,,,,Grupa B:,'002,,,,Grupa C:,'033
,,Obroty silnika,Temperatura,Lambda,Bity binarnie,,Obroty silnika,Obci¹¿enie,Czas wtrysku,Ciœnienie rzecz.,,Lambda,Napiêcie, , 
,CZAS,,,,,CZAS,,,,,CZAS,,,,
Znacznik,ZAPISU, /min,*C, %,,ZAPISU, /min, %, ms, mbar,ZAPISU, %, V,,
,0.01,800,96.0,3.9,10111111,0.31,768,29.4,4.12,438.6,0.61,3.9,1.45, , 
,0.91,800,96.0,3.5,10111111,1.22,768,29.4,4.12,418.2,1.52,3.5,1.45, , 
,1.81,800,96.0,3.9,10111111,2.12,768,29.4,4.12,438.6,2.42,3.9,1.48, , 
,2.69,768,96.0,4.7,10101011,2.99,672,36.9,5.15,499.8,3.28,0.0,1.52, , 
,3.56,640,96.0,0.0,10101011,3.85,768,60.4,8.24,754.8,4.14,0.0,1.52, , 
,4.48,1088,96.0,0.0,10101011,4.81,896,66.3,10.30,795.6,5.10,0.0,1.64, , 
,5.40,800,96.0,0.0,10101011,5.68,928,67.8,10.30,826.2,5.98,0.0,1.56, , 
,6.38,1344,96.0,0.0,10101011,6.70,1696,81.2,13.39,948.6,7.04,0.0,1.29, , 
,7.39,1984,96.0,0.0,10111101,7.70,1504,26.7,4.12,357.0,8.02,0.0,2.46, , 
,8.35,1312,96.0,0.0,10101011,8.71,1376,72.2,11.33,867.0,9.06,0.0,1.29, , 
,9.43,1664,96.0,0.0,10101011,9.78,1792,82.7,13.39,948.6,10.13,-2.3,1.45, , 
,10.47,2080,94.5,-2.3,10101001,10.81,2240,84.3,13.39,948.6,11.16,-3.5,1.45, , 
,11.50,2496,94.5,-3.9,10101001,11.84,2656,85.5,13.39,948.6,12.18,-2.7,1.48, , 
,12.50,2944,94.5,-3.1,11101001,12.91,3072,78.4,11.33,867.0,13.23,0.0,3.55, , 
,13.57,2112,94.5,0.0,11101001,13.93,2080,56.1,8.24,652.8,14.28,0.0,1.45, , 
,14.61,2176,94.5,0.0,11101001,14.96,2208,84.3,13.39,928.2,15.29,-2.0,1.41, , 
,15.62,2336,94.5,-2.3,11101001,15.96,2400,81.2,13.39,907.8,16.32,-2.7,1.48, , 
,16.66,2496,94.5,0.0,11101001,17.00,2528,54.5,7.21,632.4,17.33,0.0,1.68, , 
,17.67,2592,93.0,5.5,11101001,18.00,2592,45.9,6.18,550.8,18.32,9.8,1.60, , 
,18.65,2656,93.0,11.3,11101001,18.99,2656,48.6,7.21,571.2,19.33,8.6,1.13, , 
,19.69,2720,93.0,7.8,11101001,20.03,2752,63.5,9.27,714.0,20.34,5.5,1.33, , 
,20.69,2848,93.0,3.5,11101001,21.04,2880,63.5,9.27,714.0,21.43,1.2,1.41, , 
,21.69,2944,93.0,0.0,11101001,21.95,2976,60.4,8.24,693.6,22.22,0.0,1.52, , 
,22.55,2752,91.5,0.0,11111101,22.91,2272,0.0,0.00,295.8,23.27,0.0,3.87, , 
,23.59,1504,91.5,0.0,11101011,23.92,2240,19.2,3.09,275.4,24.25,0.0,1.09, , 
,24.60,2176,91.5,0.0,11101001,24.94,2176,31.0,4.12,377.4,25.28,2.7,1.56, , 
,25.62,2176,91.5,5.1,11101001,25.98,2144,53.3,7.21,632.4,26.34,5.5,1.52, , 
,26.69,2176,91.5,6.6,11101001,27.03,2208,51.8,7.21,612.0,27.37,10.2,1.52, , 
,27.71,2208,91.5,10.5,11101001,28.03,2240,60.4,9.27,693.6,28.36,5.1,1.33, , 
,28.69,2272,91.5,3.5,11101001,29.04,2304,62.0,8.24,693.6,29.38,0.8,1.37, , 
,29.71,2336,91.5,-0.4,11101001,30.06,2336,65.1,9.27,734.4,30.40,-1.6,1.45, , 
,30.73,2400,91.5,-2.7,11101001,31.07,2400,66.3,9.27,754.8,31.42,-4.3,1.48, , 
,31.77,2464,91.5,-4.7,11101001,32.13,2464,65.1,8.24,734.4,32.44,-1.2,1.64, , 
,32.78,2496,91.5,0.8,11101001,33.12,2496,56.1,8.24,632.4,33.48,5.5,1.45, , 
,33.82,2528,90.0,3.9,11101001,34.17,2560,60.4,8.24,693.6,34.51,3.9,1.52, , 
,34.87,2592,90.0,3.9,11101001,35.20,2592,66.3,9.27,734.4,35.52,3.5,1.48, , 
,35.84,2656,90.0,3.5,11101001,36.19,2688,81.2,13.39,887.4,36.52,3.1,1.48, , 
,36.85,2720,90.0,2.3,11101001,37.20,2752,81.2,13.39,887.4,37.54,1.2,1.45, , 
,37.88,2816,90.0,0.8,11101001,38.24,2848,79.6,12.36,887.4,38.55,0.0,1.95, , 
,38.90,2176,90.0,0.0,11111101,39.28,1632,0.0,0.00,295.8,39.66,0.0,3.44, , 
,40.02,2144,90.0,0.0,11101001,40.35,2176,26.7,4.12,336.6,40.67,1.2,1.52, , 
,41.01,2144,91.5,0.0,11101001,41.34,2144,67.8,10.30,775.2,41.69,0.0,1.48, , 
,42.03,2176,90.0,0.4,11101001,42.36,2176,67.8,9.27,775.2,42.69,-0.4,1.45, , 
,43.03,2176,90.0,0.0,11101001,43.37,2208,59.2,8.24,693.6,43.72,3.5,1.60, , 
,44.06,2208,90.0,6.3,11101001,44.40,2208,54.5,8.24,632.4,44.75,9.8,1.45, , 
,45.11,2208,90.0,10.9,11101001,45.45,2208,54.5,8.24,632.4,45.80,12.1,1.48, , 
,46.15,2208,90.0,14.1,11101001,46.51,2208,40.0,6.18,479.4,46.85,17.2,1.48, , 
,47.18,2208,90.0,18.0,11101001,47.52,2208,40.0,6.18,479.4,47.86,19.5,1.48, , 
,48.20,2208,90.0,18.4,11101001,48.54,2208,40.0,6.18,479.4,48.88,19.1,1.45, , 
,49.23,2176,90.0,19.1,11101001,49.57,2208,42.7,6.18,520.2,49.93,17.2,1.41, , 
,50.28,2176,88.5,16.4,11101001,50.63,2208,41.2,6.18,499.8,50.96,12.9,1.48, , 
,51.29,2176,90.0,12.5,11101001,51.63,2176,42.7,6.18,520.2,51.97,13.7,1.48, , 
,52.33,2176,88.5,14.1,11101001,52.68,2176,42.7,6.18,520.2,53.03,11.7,1.48, , 
,53.37,2176,88.5,12.5,11101001,53.73,2176,42.7,6.18,520.2,54.08,12.5,1.48, , 
,54.42,2176,88.5,12.5,11101001,54.78,2176,42.7,6.18,520.2,55.13,9.4,1.48, , 
,55.47,2176,88.5,9.0,11101001,55.80,2176,23.5,3.09,336.6,56.15,8.2,1.45, , 
,56.51,2176,88.5,6.3,11101001,56.86,2144,25.1,4.12,336.6,57.20,7.4,1.52, , 
,57.56,2144,88.5,7.0,11101001,57.92,2144,44.3,6.18,520.2,58.27,5.1,1.52, , 
,58.61,2144,88.5,5.9,11101001,58.96,2144,47.1,7.21,571.2,59.29,0.0,1.52, , 
,59.62,2112,88.5,0.0,11101001,59.98,2144,14.9,2.06,244.8,60.35,4.3,1.37, , 
,60.70,2112,88.5,9.0,11101001,61.07,2080,14.9,2.06,244.8,61.42,6.3,1.41, , 
,61.78,2080,88.5,2.7,11101001,62.14,2048,22.0,3.09,316.2,62.50,6.3,1.48, , 
,62.87,2048,88.5,7.0,11101001,63.23,2048,25.1,4.12,336.6,63.60,7.8,1.48, , 
,63.95,2048,88.5,9.0,11101001,64.31,2048,32.5,5.15,418.2,64.68,7.4,1.37, , 
,65.03,2048,88.5,7.0,11101001,65.37,2048,40.0,6.18,479.4,65.72,6.3,1.45, , 
,66.08,2080,88.5,5.5,11101001,66.45,2080,38.4,6.18,479.4,66.81,4.3,1.45, , 
,67.18,2080,88.5,3.9,11101001,67.51,2112,36.9,6.18,459.0,67.85,2.7,1.45, , 
,68.20,2112,88.5,2.7,11101001,68.53,2112,36.9,5.15,459.0,68.88,2.3,1.48, , 
,69.20,2144,88.5,2.0,11101001,69.58,2144,36.9,5.15,459.0,69.94,2.3,1.48, , 
,70.28,2144,87.0,2.3,11101001,70.61,2144,28.2,4.12,377.4,70.96,4.7,1.56, , 
,71.29,2176,87.0,6.3,11101001,71.63,2176,28.2,4.12,357.0,71.98,7.4,1.48, , 
,72.33,2176,87.0,7.8,11101001,72.68,2176,20.8,3.09,295.8,73.02,8.2,1.52, , 
,73.36,2176,87.0,7.0,11101001,73.69,2144,16.1,2.06,244.8,74.04,3.1,1.37, , 
,74.39,2144,87.0,5.9,11101001,74.75,2144,19.2,3.09,295.8,75.08,6.6,1.52, , 
,75.42,2144,87.0,6.3,11101001,75.78,2144,25.1,4.12,336.6,76.13,6.3,1.48, , 
,76.48,2144,87.0,4.3,11101001,76.83,2112,34.1,5.15,418.2,77.18,5.5,1.52, , 
,77.53,2144,87.0,3.9,11101001,77.86,2112,60.4,9.27,693.6,78.21,0.0,1.33, , 
,78.55,2144,87.0,-1.2,11101001,78.90,2112,71.0,11.33,826.2,79.25,-2.0,1.45, , 
,79.61,2144,87.0,-2.3,11101001,79.94,2144,73.7,11.33,846.6,80.29,-3.1,1.48, , 
,80.63,2144,87.0,-3.1,11101001,80.99,2144,75.3,11.33,846.6,81.33,-3.9,1.45, , 
,81.66,2144,87.0,-4.7,11101001,81.99,2176,82.7,13.39,928.2,82.31,-4.3,1.52, , 
,82.64,2176,87.0,-4.3,11101001,82.98,2176,82.7,13.39,928.2,83.32,-3.9,1.48, , 
,83.65,2208,87.0,-3.9,11101001,84.01,2208,82.7,13.39,928.2,84.36,-4.3,1.45, , 
,84.69,2208,87.0,-4.7,11101001,85.04,2240,81.2,13.39,907.8,85.38,-5.5,1.48, , 
,85.69,2240,85.5,-5.5,11101001,86.03,2272,81.2,12.36,907.8,86.37,-6.3,1.45, , 
,86.71,2272,85.5,-7.0,11101001,87.04,2272,76.9,11.33,867.0,87.38,-7.0,1.52, , 
,87.72,2304,85.5,-7.0,11101001,88.05,2304,69.4,10.30,775.2,88.38,-8.2,1.48, , 
,88.71,2304,85.5,-7.8,11101001,89.04,2304,69.4,10.30,775.2,89.41,-7.4,1.45, , 
,89.78,2336,85.5,-7.8,11101001,90.13,2336,69.4,10.30,775.2,90.47,-5.5,1.52, , 
,90.80,2336,85.5,-5.1,11101001,91.17,2336,69.4,10.30,775.2,91.52,-5.5,1.48, , 
,91.85,2368,85.5,-5.5,11101001,92.18,2368,69.4,10.30,775.2,92.50,0.0,1.41, , 
,92.85,2400,85.5,0.0,11101001,93.18,2400,53.3,8.24,612.0,93.50,-0.8,1.45, , 
,93.82,2400,85.5,-1.6,11101001,94.13,2400,54.5,8.24,632.4,94.46,-1.2,1.52, , 
,94.78,2400,85.5,-2.3,11101001,95.17,2400,54.5,8.24,632.4,95.52,-2.3,1.45, , 
,95.83,2400,85.5,-3.1,11101001,96.19,2400,57.6,8.24,652.8,96.55,-4.7,1.45, , 
,96.90,2400,85.5,-5.5,11101001,97.25,2400,62.0,9.27,693.6,97.59,-8.2,1.48, , 
,97.93,2400,85.5,-8.2,11101001,98.28,2400,60.4,8.24,693.6,98.63,-8.6,1.48, , 
,98.98,2400,85.5,-9.0,11101001,99.33,2432,60.4,8.24,693.6,99.67,-8.2,1.48, , 
,100.02,2432,85.5,-5.9,11101001,100.35,2432,48.6,7.21,571.2,100.68,-1.2,1.60, , 
,101.04,2432,85.5,0.4,11101001,101.38,2400,56.1,8.24,652.8,101.72,-1.6,1.33, , 
,102.09,2432,85.5,-2.0,11101001,102.46,2400,56.1,8.24,632.4,102.80,-3.1,1.45, , 
,103.15,2432,85.5,-3.5,11101001,103.50,2432,54.5,8.24,632.4,103.85,-3.5,1.48, , 
,104.18,2432,85.5,-3.9,11101001,104.53,2432,54.5,8.24,632.4,104.89,-3.9,1.45, , 
,105.22,2432,85.5,-3.9,11101001,105.56,2432,54.5,8.24,632.4,105.92,-3.9,1.52, , 
,106.25,2432,85.5,-3.5,11101001,106.58,2432,54.5,8.24,632.4,106.94,-3.5,1.45, , 
,107.31,2464,85.5,-2.7,11101001,107.67,2464,53.3,8.24,612.0,108.02,-2.3,1.45, , 
,108.35,2464,85.5,-1.2,11101001,108.71,2464,48.6,7.21,571.2,109.05,2.0,1.56, , 
,109.38,2432,84.0,0.0,11101001,109.71,2432,20.8,3.09,295.8,110.04,0.0,1.68, , 
,110.37,2432,85.5,0.0,11111101,110.69,2400,0.0,0.00,244.8,111.01,0.0,3.75, , 
,111.33,2368,85.5,0.0,11111101,111.66,2368,0.0,0.00,244.8,111.98,0.0,3.87, , 
,112.33,2304,85.5,0.0,11111101,112.65,2304,0.0,0.00,244.8,112.97,0.0,3.87, , 
,113.30,2272,84.0,0.0,11111101,113.63,2272,0.0,0.00,244.8,113.97,0.0,3.91, , 
,114.31,2240,84.0,0.0,11111101,114.67,2208,0.0,0.00,244.8,115.02,0.0,3.95, , 
,115.36,2176,84.0,0.0,11111101,115.71,2176,0.0,0.00,244.8,116.05,0.0,3.95, , 
,116.40,2112,84.0,0.0,11101001,116.74,2112,14.9,2.06,244.8,117.07,0.0,1.13, , 
,117.41,2112,84.0,0.0,11101001,117.75,2112,45.9,8.24,550.8,118.09,0.0,1.41, , 
,118.46,2080,84.0,0.0,11101001,118.80,2112,62.0,9.27,693.6,119.13,0.0,1.48, , 
,119.48,2112,84.0,0.0,11101001,119.83,2144,76.9,12.36,867.0,120.17,-0.4,1.48, , 
,120.51,2144,84.0,0.8,11101001,120.85,2176,84.3,14.42,928.2,121.19,1.2,1.45, , 
,121.53,2208,84.0,0.8,11101001,121.88,2208,85.5,14.42,948.6,122.22,1.6,1.48, , 
,122.54,2240,84.0,1.6,11101001,122.87,2272,87.1,15.45,969.0,123.20,2.0,1.48, , 
,123.54,2304,84.0,2.0,11101001,123.89,2304,85.5,14.42,948.6,124.22,1.6,1.45, , 
,124.56,2336,84.0,1.2,11101001,124.89,2336,72.2,11.33,826.2,125.22,0.0,1.41, , 
,125.54,2368,84.0,0.0,11101001,125.87,2368,47.1,7.21,571.2,126.20,2.3,1.56, , 
,126.55,2368,84.0,0.4,11101001,126.89,2368,57.6,9.27,652.8,127.23,-1.6,1.41, , 
,127.58,2368,84.0,-2.7,11101001,127.90,2368,62.0,9.27,693.6,128.27,-4.3,1.45, , 
,128.59,2400,84.0,-5.1,11101001,128.92,2400,62.0,9.27,693.6,129.31,-6.3,1.45, , 
,129.66,2400,84.0,-7.0,11101001,130.00,2400,62.0,9.27,693.6,130.36,-7.4,1.52, , 
,130.70,2400,84.0,-7.0,11101001,131.03,2400,69.4,10.30,754.8,131.40,-5.5,1.52, , 
,131.77,2432,84.0,-4.7,11101001,132.12,2432,69.4,10.30,775.2,132.47,-2.3,1.52, , 
,132.80,2432,84.0,-1.6,11101001,133.13,2432,69.4,10.30,775.2,133.50,-0.4,1.48, , 
,133.87,2464,84.0,1.2,11101001,134.25,2464,62.0,9.27,693.6,134.59,-2.0,1.37, , 
,134.97,2464,82.5,-3.1,11101001,135.33,2464,59.2,8.24,673.2,135.68,-3.9,1.48, , 
,136.03,2464,82.5,-4.3,11101001,136.40,2464,59.2,8.24,673.2,136.74,-5.1,1.45, , 
,137.09,2464,82.5,-4.7,11101001,137.45,2496,57.6,8.24,652.8,137.78,-4.7,1.48, , 
,138.12,2496,82.5,-4.3,11101001,138.42,2496,57.6,8.24,652.8,138.78,-3.5,1.52, , 
,139.11,2496,82.5,0.4,11101001,139.46,2496,44.3,6.18,520.2,139.77,4.3,1.56, , 
,140.12,2496,82.5,5.5,11101001,140.42,2496,45.9,7.21,550.8,140.75,6.6,1.45, , 
,141.10,2496,82.5,7.0,11101001,141.43,2496,44.3,7.21,520.2,141.76,6.6,1.37, , 
,142.10,2496,82.5,8.2,11101001,142.44,2496,31.0,5.15,377.4,142.78,10.5,1.52, , 
,143.11,2496,82.5,12.5,11101001,143.45,2496,32.5,5.15,397.8,143.81,14.1,1.48, , 
,144.16,2496,82.5,12.5,11101001,144.53,2496,42.7,7.21,499.8,144.89,10.5,1.29, , 
,145.22,2496,82.5,9.8,11101001,145.54,2496,45.9,7.21,520.2,145.88,9.0,1.45, , 
,146.22,2496,82.5,8.6,11101001,146.59,2528,44.3,7.21,520.2,146.96,7.0,1.45, , 
,147.30,2528,82.5,5.1,11101001,147.64,2528,44.3,6.18,520.2,147.98,2.3,1.37, , 
,148.35,2528,82.5,2.0,11101001,148.69,2528,44.3,6.18,520.2,149.03,5.5,1.52, , 
,149.38,2528,82.5,5.1,11101001,149.74,2528,42.7,6.18,499.8,150.10,5.5,1.56, , 
,150.44,2560,82.5,6.6,11101001,150.78,2528,44.3,6.18,520.2,151.12,7.8,1.48, , 
,151.46,2560,82.5,8.2,11101001,151.79,2560,42.7,6.18,499.8,152.13,9.8,1.45, , 
,152.48,2560,82.5,10.2,11101001,152.84,2560,45.9,7.21,550.8,153.17,10.5,1.52, , 
,153.51,2560,82.5,0.0,11101001,153.83,2592,81.2,13.39,887.4,154.15,0.0,1.48, , 
,154.48,2624,82.5,0.0,11101001,154.81,2656,87.1,14.42,948.6,155.15,2.3,1.52, , 
,155.48,2688,82.5,3.1,11101001,155.84,2688,85.5,15.45,948.6,156.18,3.9,1.45, , 
,156.51,2720,82.5,0.0,11101001,156.84,2720,72.2,11.33,795.6,157.19,0.8,1.52, , 
,157.52,2720,82.5,1.2,11101001,157.85,2720,56.1,7.21,632.4,158.18,0.0,1.64, , 
,158.52,2720,82.5,2.7,11101001,158.85,2720,57.6,8.24,652.8,159.19,7.0,1.48, , 
,159.53,2720,82.5,8.2,11101001,159.86,2720,59.2,8.24,652.8,160.19,9.0,1.41, , 
,160.52,2720,82.5,9.0,11101001,160.85,2720,57.6,8.24,652.8,161.18,9.8,1.52, , 
,161.51,2720,82.5,10.2,11101001,161.84,2720,57.6,8.24,652.8,162.18,9.0,1.48, , 
,162.51,2720,82.5,9.0,11101001,162.84,2720,57.6,8.24,652.8,163.17,8.6,1.41, , 
,163.49,2688,82.5,8.6,11101001,163.81,2688,57.6,8.24,652.8,164.13,8.6,1.45, , 
,164.45,2688,82.5,8.6,11101001,164.77,2688,60.4,9.27,693.6,165.12,6.6,1.41, , 
,165.47,2688,82.5,6.3,11101001,165.82,2688,63.5,9.27,693.6,166.15,5.5,1.48, , 
,166.46,2688,82.5,5.5,11101001,166.77,2688,62.0,9.27,693.6,167.10,4.7,1.48, , 
,167.45,2688,82.5,4.3,11101001,167.80,2688,62.0,9.27,693.6,168.14,4.3,1.45, , 
,168.49,2688,82.5,3.9,11101001,168.83,2688,62.0,9.27,693.6,169.18,3.9,1.48, , 
,169.52,2688,82.5,4.7,11101001,169.87,2688,63.5,9.27,693.6,170.21,0.0,1.48, , 
,170.55,2624,82.5,0.0,11111101,170.89,2624,17.6,2.06,275.4,171.21,0.0,1.68, , 
,171.53,2592,82.5,0.0,11111101,171.85,2528,0.0,0.00,244.8,172.19,0.0,3.83, , 
,172.52,2496,82.5,0.0,11111101,172.85,2464,0.0,0.00,244.8,173.17,0.0,3.91, , 
,173.49,2400,82.5,0.0,11111101,173.82,2368,0.0,0.00,244.8,174.13,0.0,3.95, , 
,174.46,2336,82.5,0.0,11111101,174.77,2304,0.0,0.00,244.8,175.09,0.0,3.95, , 
,175.42,2272,82.5,0.0,11111101,175.77,2240,0.0,0.00,244.8,176.09,0.0,3.95, , 
,176.42,2176,82.5,0.0,11101001,176.76,2176,16.1,3.09,244.8,177.12,0.0,1.13, , 
,177.47,2144,82.5,0.0,11101001,177.83,2112,16.1,2.06,244.8,178.17,4.3,1.37, , 
,178.52,2080,82.5,5.5,11101001,178.88,2080,23.5,3.09,336.6,179.23,7.0,1.56, , 
,179.59,2016,82.5,7.0,11111101,179.95,2048,16.1,2.06,244.8,180.31,0.0,2.73, , 
,180.68,2016,82.5,0.0,11111101,181.03,1984,0.0,0.00,244.8,181.39,0.0,3.91, , 
,181.74,1952,82.5,0.0,11111111,182.10,1920,0.0,0.00,244.8,182.46,0.0,3.91, , 
,182.78,1888,82.5,0.0,11111111,183.13,1888,0.0,0.00,275.4,183.47,0.0,3.95, , 
,183.82,1856,82.5,0.0,11111111,184.19,1824,19.2,3.09,275.4,184.55,0.0,1.56, , 
,184.92,1824,82.5,0.0,11101011,185.25,1792,19.2,3.09,295.8,185.59,10.5,1.68, , 
,185.98,1792,82.5,10.9,11101011,186.33,1760,28.2,5.15,377.4,186.69,12.5,1.21, , 
,187.06,1760,82.5,13.7,11101011,187.41,1760,36.9,6.18,459.0,187.77,16.4,1.52, , 
,188.13,1760,82.5,18.0,11101011,188.48,1696,0.0,0.00,357.0,188.80,0.0,3.16, , 
,189.11,1024,82.5,0.0,11111111,189.45,1088,26.7,4.12,377.4,189.81,0.0,1.37, , 
,190.15,2048,82.5,0.0,11111101,190.47,2176,0.0,0.00,244.8,190.81,0.0,3.91, , 
,191.15,2112,82.5,0.0,11111101,191.49,2112,16.1,3.09,244.8,191.83,0.0,1.68, , 
,192.18,2048,82.5,0.0,11101001,192.52,2048,17.6,3.09,275.4,192.87,0.0,1.52, , 
,193.21,2048,82.5,8.6,11101001,193.55,2016,20.8,3.09,295.8,193.91,10.9,1.33, , 
,194.27,2016,82.5,13.7,11101001,194.63,1952,14.9,2.06,244.8,194.99,9.8,1.25, , 
,195.35,1952,82.5,14.1,11101011,195.73,1952,16.1,2.06,244.8,196.10,12.9,1.45, , 
,196.46,1920,82.5,15.2,11101011,196.82,1888,20.8,3.09,295.8,197.20,17.6,1.45, , 
,197.58,1856,82.5,17.6,11101011,197.94,1888,20.8,3.09,316.2,198.31,17.2,1.37, , 
,198.70,1856,81.0,17.6,11101011,199.10,1856,22.0,3.09,316.2,199.47,16.4,1.41, , 
,199.85,1824,81.0,16.8,11101011,200.22,1824,23.5,3.09,336.6,200.58,15.2,1.45, , 
,200.96,1792,82.5,14.8,11101011,201.32,1792,25.1,4.12,336.6,201.70,14.8,1.45, , 
,202.10,1792,81.0,15.6,11101011,202.44,1792,25.1,4.12,336.6,202.84,13.7,1.45, , 
,203.19,1792,81.0,12.5,11101011,203.53,1760,28.2,4.12,377.4,203.91,12.9,1.45, , 
,204.29,1760,82.5,12.5,11101011,204.65,1760,28.2,4.12,377.4,205.01,12.5,1.45, , 
,205.36,1760,82.5,12.1,11101011,205.73,1728,28.2,4.12,377.4,206.07,10.2,1.48, , 
,206.42,1728,81.0,9.8,11101011,206.78,1728,29.4,4.12,377.4,207.15,10.2,1.48, , 
,207.48,1728,82.5,10.2,11101011,207.86,1728,29.4,4.12,377.4,208.22,9.8,1.48, , 
,208.58,1728,81.0,10.2,11101011,208.94,1728,28.2,4.12,377.4,209.31,9.8,1.48, , 
,209.69,1728,81.0,10.5,11101011,210.03,1728,28.2,4.12,377.4,210.39,9.4,1.45, , 
,210.75,1728,81.0,9.4,11101011,211.12,1728,34.1,5.15,438.6,211.50,9.4,1.52, , 
,211.89,1760,81.0,9.8,11101011,212.25,1632,0.0,0.00,397.8,212.52,0.0,3.32, , 
,212.82,1024,82.5,0.0,11111111,213.15,1216,26.7,4.12,377.4,213.48,0.0,1.25, , 
,213.81,2336,82.5,0.0,11101001,214.15,2336,16.1,2.06,244.8,214.50,3.1,1.64, , 
,214.83,2304,82.5,3.9,11101001,215.17,2304,16.1,2.06,244.8,215.50,5.1,1.52, , 
,215.83,2304,82.5,5.9,11101001,216.17,2304,16.1,2.06,244.8,216.52,6.6,1.48, , 
,216.83,2272,82.5,7.0,11101001,217.17,2272,20.8,3.09,275.4,217.51,10.5,1.60, , 
,217.83,2272,82.5,12.1,11101001,218.16,2272,29.4,5.15,377.4,218.50,14.5,1.48, , 
,218.84,2304,82.5,15.6,11101001,219.19,2304,29.4,5.15,377.4,219.55,16.8,1.41, , 
,219.89,2336,82.5,16.4,11101001,220.25,2336,28.2,4.12,377.4,220.60,17.6,1.45, , 
,220.95,2336,82.5,18.0,11101001,221.30,2336,28.2,5.15,377.4,221.66,18.4,1.41, , 
,222.01,2336,82.5,18.8,11101001,222.35,2336,28.2,5.15,377.4,222.70,16.8,1.45, , 
,223.07,2368,82.5,16.8,11101001,223.41,2368,28.2,4.12,357.0,223.76,16.8,1.45, , 
,224.13,2368,82.5,17.6,11101001,224.47,2368,28.2,5.15,357.0,224.82,15.2,1.45, , 
,225.15,2368,81.0,14.8,11101001,225.48,2368,28.2,4.12,357.0,225.82,15.6,1.52, , 
,226.18,2368,82.5,15.2,11101001,226.53,2336,28.2,4.12,357.0,226.86,15.2,1.45, , 
,227.22,2336,82.5,15.2,11101001,227.56,2336,28.2,4.12,357.0,227.89,14.5,1.45, , 
,228.24,2336,82.5,14.1,11101001,228.58,2336,28.2,4.12,357.0,228.94,14.5,1.52, , 
,229.30,2336,82.5,14.8,11101001,229.63,2336,28.2,4.12,357.0,229.96,14.8,1.48, , 
,230.28,2336,82.5,15.2,11101001,230.61,2336,26.7,4.12,357.0,230.95,15.6,1.48, , 
,231.30,2304,82.5,14.8,11101001,231.65,2304,26.7,4.12,357.0,231.98,14.8,1.52, , 
,232.33,2272,82.5,14.5,11101001,232.67,2304,28.2,5.15,357.0,233.01,14.1,1.41, , 
,233.36,2272,82.5,14.1,11101001,233.70,2272,28.2,4.12,377.4,234.05,12.5,1.48, , 
,234.40,2240,82.5,12.1,11101001,234.73,2240,31.0,5.15,397.8,235.08,10.2,1.41, , 
,235.42,2240,82.5,9.8,11101001,235.77,2240,31.0,5.15,397.8,236.11,12.5,1.45, , 
,236.44,2208,82.5,11.3,11101001,236.79,2208,29.4,4.12,377.4,237.14,11.3,1.52, , 
,237.49,2176,82.5,10.2,11101001,237.82,2176,25.1,4.12,336.6,238.16,14.5,1.48, , 
,238.49,2144,82.5,12.9,11101001,238.85,2144,19.2,3.09,275.4,239.19,14.1,1.52, , 
,239.55,2112,82.5,15.2,11101001,239.89,2112,28.2,4.12,357.0,240.23,15.2,1.52, , 
,240.59,2080,82.5,15.6,11101001,240.94,2080,29.4,4.12,377.4,241.29,16.8,1.52, , 
,241.64,2080,82.5,17.6,11101001,242.00,2080,29.4,4.12,377.4,242.36,17.2,1.41, , 
,242.70,2080,82.5,16.4,11101001,243.06,2080,36.9,5.15,459.0,243.44,15.2,1.41, , 
,243.78,2080,82.5,14.8,11101001,244.12,2080,40.0,6.18,479.4,244.46,15.6,1.52, , 
,244.80,2112,82.5,15.2,11101001,245.14,2112,25.1,3.09,357.0,245.48,5.5,1.76, , 
,245.81,2080,82.5,7.0,11101001,246.17,2080,22.0,3.09,316.2,246.53,17.2,1.60, , 
,246.87,2048,82.5,18.4,11101001,247.20,2048,23.5,3.09,336.6,247.57,19.5,1.48, , 
,247.92,2048,82.5,20.7,11101001,248.28,2048,26.7,4.12,357.0,248.63,24.2,1.56, , 
,248.97,2048,82.5,25.8,11101001,249.31,2048,28.2,4.12,377.4,249.68,27.7,1.48, , 
,250.02,2048,82.5,29.7,11101001,250.37,2080,36.9,6.18,459.0,250.71,32.0,1.45, , 
,251.05,2080,82.5,33.2,11101001,251.39,2112,40.0,6.18,479.4,251.75,32.4,1.37, , 
,252.09,2144,82.5,31.3,11101001,252.43,2144,26.7,4.12,357.0,252.76,11.3,1.45, , 
,253.08,2144,82.5,10.9,11101001,253.43,2144,23.5,4.12,316.2,253.77,9.0,1.41, , 
,254.12,2176,82.5,10.2,11101001,254.47,2176,25.1,4.12,336.6,254.81,9.4,1.45, , 
,255.17,2176,82.5,7.8,11101001,255.50,2176,25.1,4.12,336.6,255.85,6.6,1.45, , 
,256.18,2176,82.5,6.6,11101001,256.52,2176,25.1,4.12,336.6,256.86,9.0,1.52, , 
,257.20,2208,82.5,7.8,11101001,257.54,2208,25.1,4.12,336.6,257.88,7.4,1.52, , 
,258.22,2208,82.5,8.2,11101001,258.57,2208,23.5,4.12,336.6,258.90,8.6,1.48, , 
,259.23,2208,82.5,8.6,11101001,259.58,2208,17.6,3.09,275.4,259.93,7.0,1.41, , 
,260.26,2208,82.5,4.7,11101001,260.60,2240,16.1,2.06,244.8,260.92,2.7,1.37, , 
,261.26,2208,82.5,2.0,11101001,261.59,2208,16.1,2.06,244.8,261.93,2.0,1.45, , 
,262.26,2208,82.5,3.1,11101001,262.59,2240,16.1,2.06,244.8,262.92,2.7,1.56, , 
,263.28,2208,82.5,2.7,11101001,263.63,2208,16.1,2.06,244.8,263.98,2.3,1.48, , 
,264.33,2208,84.0,3.1,11111101,264.68,2208,16.1,2.06,244.8,265.00,0.0,1.56, , 
,265.34,2208,82.5,0.0,11111101,265.69,2176,0.0,0.00,244.8,266.02,0.0,3.95, , 
,266.34,2176,82.5,0.0,11111101,266.70,2144,0.0,0.00,244.8,267.06,0.0,3.98, , 
,267.42,2144,82.5,0.0,11111101,267.77,2144,0.0,0.00,244.8,268.12,0.0,3.98, , 
,268.45,2112,84.0,0.0,11111101,268.79,2112,0.0,0.00,244.8,269.13,0.0,3.91, , 
,269.47,2112,84.0,0.0,11111101,269.82,2080,0.0,0.00,244.8,270.15,0.0,3.95, , 
,270.51,2080,82.5,0.0,11111101,270.84,2080,0.0,0.00,244.8,271.17,0.0,3.91, , 
,271.52,2048,84.0,0.0,11111101,271.88,2048,0.0,0.00,244.8,272.23,0.0,3.95, , 
,272.55,2048,84.0,0.0,11111101,272.90,2048,0.0,0.00,244.8,273.23,0.0,3.95, , 
,273.57,2016,82.5,0.0,11111101,273.91,2016,0.0,0.00,244.8,274.27,0.0,3.95, , 
,274.59,2016,82.5,0.0,11111101,274.95,1984,0.0,0.00,244.8,275.31,0.0,3.95, , 
,275.66,1984,82.5,0.0,11111111,276.02,1984,0.0,0.00,244.8,276.37,0.0,3.91, , 
,276.72,1952,84.0,0.0,11111111,277.07,1952,0.0,0.00,244.8,277.42,0.0,3.95, , 
,277.79,1952,82.5,0.0,11111111,278.13,1952,0.0,0.00,275.4,278.49,0.0,3.95, , 
,278.85,1920,82.5,0.0,11111111,279.19,1920,0.0,0.00,275.4,279.53,0.0,3.95, , 
,279.89,1920,82.5,0.0,11111111,280.25,1920,0.0,0.00,275.4,280.62,0.0,3.95, , 
,280.97,1888,82.5,0.0,11111111,281.35,1888,17.6,3.09,275.4,281.69,0.0,2.50, , 
,282.05,1920,82.5,0.0,11101011,282.42,1920,25.1,4.12,336.6,282.79,7.0,1.56, , 
,283.13,1952,82.5,8.6,11101011,283.48,1984,22.0,4.12,316.2,283.85,12.1,1.29, , 
,284.20,2016,82.5,11.3,11101001,284.58,2048,20.8,3.09,295.8,284.93,12.9,1.45, , 
,285.27,2080,82.5,12.9,11101001,285.61,2080,14.9,2.06,244.8,285.95,8.6,1.33, , 
,286.30,2112,82.5,9.4,11101001,286.65,2112,14.9,2.06,244.8,286.99,10.5,1.48, , 
,287.32,2144,82.5,9.4,11101001,287.67,2144,16.1,2.06,244.8,288.01,8.2,1.45, , 
,288.34,2144,82.5,10.2,11111101,288.70,2176,0.0,0.00,244.8,289.05,0.0,3.71, , 
,289.39,2144,82.5,0.0,11111101,289.74,2144,0.0,0.00,244.8,290.08,0.0,3.98, , 
,290.42,2144,82.5,0.0,11111101,290.76,2144,0.0,0.00,244.8,291.09,0.0,3.98, , 
,291.42,2176,82.5,0.0,11111101,291.78,2144,0.0,0.00,244.8,292.13,0.0,4.02, , 
,292.46,2176,82.5,0.0,11101001,292.80,2176,16.1,2.06,244.8,293.15,0.0,1.33, , 
,293.48,2208,82.5,0.0,11111101,293.82,2240,17.6,2.06,244.8,294.15,7.0,1.68, , 
,294.46,2272,82.5,0.0,11111101,294.79,2272,0.0,0.00,244.8,295.11,0.0,3.91, , 
,295.44,2304,82.5,0.0,11111101,295.78,2304,0.0,0.00,244.8,296.13,0.0,4.02, , 
,296.46,2304,82.5,0.0,11111101,296.78,2304,0.0,0.00,244.8,297.11,0.0,4.02, , 
,297.43,2336,82.5,0.0,11111101,297.75,2336,0.0,0.00,244.8,298.08,0.0,4.02, , 
,298.40,2336,82.5,0.0,10111101,298.73,2336,0.0,0.00,244.8,299.07,0.0,4.02, , 
,299.40,2304,82.5,0.0,10111101,299.73,2272,0.0,0.00,244.8,300.08,0.0,3.98, , 
,300.41,2208,81.0,0.0,10111101,300.75,2176,0.0,0.00,244.8,301.08,0.0,3.95, , 
,301.42,2112,82.5,0.0,10111101,301.79,2112,0.0,0.00,244.8,302.13,0.0,3.91, , 
,302.47,2112,82.5,0.0,10111101,302.81,2112,0.0,0.00,244.8,303.17,0.0,3.91, , 
,303.52,2144,81.0,0.0,10111101,303.85,2144,0.0,0.00,244.8,304.18,0.0,3.98, , 
,304.50,2144,81.0,0.0,10111101,304.85,2144,0.0,0.00,244.8,305.19,0.0,3.98, , 
,305.52,2144,81.0,0.0,10111101,305.85,2176,0.0,0.00,244.8,306.18,0.0,4.02, , 
,306.50,2176,81.0,0.0,10111101,306.83,2176,0.0,0.00,244.8,307.16,0.0,3.91, , 
,307.49,2176,81.0,0.0,10111101,307.82,2176,0.0,0.00,244.8,308.15,0.0,3.98, , 
,308.47,2144,81.0,0.0,10111101,308.82,2144,0.0,0.00,244.8,309.16,0.0,3.98, , 
,309.50,2144,81.0,0.0,10111101,309.85,2144,0.0,0.00,244.8,310.19,0.0,3.91, , 
,310.54,2144,81.0,0.0,10101001,310.88,2112,16.1,3.09,244.8,311.21,0.0,1.25, , 
,311.53,2144,81.0,0.0,10101001,311.88,2144,16.1,2.06,244.8,312.22,10.2,1.80, , 
,312.55,2176,81.0,5.9,10101001,312.89,2144,16.1,2.06,244.8,313.23,7.0,1.52, , 
,313.56,2176,81.0,7.4,10101001,313.90,2176,16.1,2.06,244.8,314.23,8.2,1.45, , 
,314.56,2176,81.0,7.8,10101001,314.92,2176,16.1,2.06,244.8,315.26,7.8,1.45, , 
,315.59,2176,81.0,7.4,10101001,315.92,2176,16.1,2.06,244.8,316.26,7.4,1.45, , 
,316.60,2176,81.0,7.4,10101001,316.93,2176,20.8,3.09,295.8,317.28,10.5,1.52, , 
,317.62,2208,81.0,9.4,10101001,317.94,2208,22.0,3.09,316.2,318.26,9.0,1.45, , 
,318.60,2240,81.0,10.2,10101001,318.94,2240,28.2,4.12,357.0,319.28,10.9,1.48, , 
,319.61,2272,81.0,10.9,10101001,319.95,2272,28.2,4.12,357.0,320.30,10.9,1.48, , 
,320.65,2304,81.0,10.9,10101001,321.00,2304,20.8,3.09,295.8,321.35,12.1,1.52, , 
,321.69,2336,81.0,12.5,10101001,322.03,2336,20.8,3.09,295.8,322.36,13.3,1.48, , 
,322.71,2336,81.0,13.3,10101001,323.06,2368,20.8,3.09,295.8,323.42,14.5,1.52, , 
,323.76,2368,81.0,14.8,10101001,324.09,2368,20.8,3.09,295.8,324.49,15.2,1.48, , 
,324.81,2400,81.0,15.2,10101001,325.13,2400,20.8,3.09,275.4,325.48,15.2,1.45, , 
,325.81,2400,81.0,16.0,10101001,326.15,2400,19.2,3.09,275.4,326.47,16.4,1.52, , 
,326.80,2400,81.0,16.0,10101001,327.16,2400,19.2,3.09,275.4,327.49,16.4,1.45, , 
,327.83,2400,81.0,16.0,10101001,328.18,2400,19.2,3.09,275.4,328.53,16.0,1.45, , 
,328.89,2400,81.0,16.4,10101001,329.22,2400,19.2,3.09,275.4,329.59,16.4,1.48, , 
,329.93,2400,81.0,16.4,10101001,330.25,2400,19.2,3.09,275.4,330.59,16.8,1.48, , 
,330.93,2368,81.0,16.4,10101001,331.29,2368,19.2,3.09,275.4,331.65,16.4,1.48, , 
,331.98,2368,81.0,16.8,10101001,332.32,2368,19.2,3.09,275.4,332.64,16.8,1.48, , 
,332.98,2336,81.0,16.8,10101001,333.33,2368,19.2,3.09,275.4,333.68,17.2,1.48, , 
,334.02,2336,81.0,16.8,10101001,334.35,2336,19.2,3.09,275.4,334.67,16.8,1.48, , 
,335.00,2336,81.0,17.2,10101001,335.33,2336,19.2,3.09,275.4,335.67,17.2,1.52, , 
,336.01,2336,81.0,16.4,10101001,336.33,2304,19.2,3.09,275.4,336.66,16.8,1.45, , 
,336.99,2304,81.0,15.6,10101001,337.32,2304,19.2,3.09,275.4,337.64,15.6,1.45, , 
,337.98,2272,81.0,15.6,10101001,338.31,2272,19.2,3.09,275.4,338.65,15.6,1.48, , 
,338.98,2272,81.0,15.2,10101001,339.30,2240,17.6,3.09,275.4,339.64,14.5,1.41, , 
,339.99,2208,81.0,11.7,10111101,340.32,2176,16.1,3.09,244.8,340.65,0.0,2.34, , 
,340.97,2144,81.0,0.0,10111101,341.32,2080,0.0,0.00,244.8,341.68,0.0,3.87, , 
,342.03,2016,81.0,0.0,10111101,342.39,1984,0.0,0.00,244.8,342.73,0.0,3.98, , 
,343.09,1920,81.0,0.0,10101011,343.45,1888,16.1,3.09,244.8,343.83,0.0,1.41, , 
,344.21,1856,81.0,0.0,10101011,344.55,1856,17.6,3.09,275.4,344.89,7.4,1.56, , 
,345.26,1824,81.0,10.5,10101011,345.60,1824,19.2,3.09,275.4,345.95,14.1,1.33, , 
,346.32,1824,81.0,14.5,10101011,346.69,1824,19.2,3.09,275.4,347.05,18.0,1.56, , 
,347.41,1824,81.0,19.1,10101011,347.78,1760,0.0,0.00,295.8,348.14,0.0,3.20, , 
,348.48,928,81.0,0.0,10111111,348.80,1056,28.2,5.15,397.8,349.12,0.0,1.60, , 
,349.45,1024,81.0,0.0,10111111,349.77,928,22.0,3.09,336.6,350.07,0.0,1.09, , 
,350.36,832,81.0,0.0,10111111,350.66,864,26.7,4.12,377.4,350.96,0.0,1.48, , 
,351.26,864,81.0,0.4,10111111,351.56,864,26.7,4.12,397.8,351.88,2.0,1.56, , 
,352.17,896,81.0,2.7,10111111,352.48,864,26.7,4.12,397.8,352.79,4.3,1.56, , 
,353.09,864,81.0,5.1,10111111,353.37,896,26.7,4.12,397.8,353.68,6.3,1.56, , 
,353.98,896,81.0,7.0,10111111,354.29,896,26.7,4.12,397.8,354.58,8.2,1.52, , 
,354.89,928,81.0,8.6,10111111,355.19,928,26.7,4.12,377.4,355.49,11.3,1.52, , 
,355.80,928,81.0,13.3,10101011,356.11,960,38.4,6.18,499.8,356.42,0.0,1.68, , 
,356.77,992,81.0,0.0,10101011,357.09,928,50.2,7.21,612.0,357.38,0.0,1.76, , 
,357.69,1120,81.0,0.0,10101011,357.98,1152,62.0,9.27,734.4,358.32,0.0,1.68, , 
,358.66,1440,81.0,0.0,10111111,359.00,960,25.1,4.12,377.4,359.31,0.0,2.62, , 
,359.64,1024,81.0,0.0,10111111,359.93,1024,23.5,3.09,357.0,360.22,0.0,1.41, , 
,360.53,864,81.0,0.0,10111111,360.88,832,25.1,4.12,377.4,361.19,0.0,1.45, , 
,361.49,864,81.0,0.0,10111111,361.80,864,28.2,4.12,397.8,362.10,-1.2,1.45, , 
,362.41,864,82.5,-1.2,10111111,362.70,864,28.2,4.12,397.8,363.02,-0.4,1.52, , 
,363.33,896,81.0,0.0,10111111,363.64,896,26.7,4.12,397.8,363.94,0.8,1.56, , 
,364.25,864,81.0,1.2,10111111,364.55,864,28.2,4.12,397.8,364.86,2.0,1.56, , 
,365.18,864,82.5,2.3,10111111,365.46,800,26.7,4.12,397.8,365.74,3.1,1.52, , 
,366.04,768,82.5,3.1,10111111,366.33,768,31.0,4.12,438.6,366.63,5.9,1.48, , 
,366.93,768,82.5,5.9,10111111,367.22,800,29.4,4.12,438.6,367.52,6.3,1.52, , 
,367.81,800,82.5,8.2,10111111,368.12,800,29.4,4.12,418.2,368.42,8.2,1.48, , 
,368.72,800,82.5,8.2,10111111,369.02,768,29.4,4.12,418.2,369.33,8.6,1.48, , 
,369.64,800,82.5,10.5,10111111,369.95,800,29.4,4.12,418.2,370.26,10.9,1.52, , 
,370.54,768,82.5,11.3,10111111,370.84,800,29.4,4.12,418.2,371.13,11.7,1.52, , 
,371.43,768,82.5,11.7,10111111,371.73,800,28.2,4.12,418.2,372.03,12.1,1.48, , 
,372.33,768,82.5,12.1,10111111,372.62,800,28.2,4.12,418.2,372.91,12.1,1.48, , 
,373.21,800,82.5,12.1,10111111,373.49,800,28.2,4.12,418.2,373.79,12.1,1.48, , 
,374.08,800,82.5,12.1,10111111,374.39,800,28.2,4.12,418.2,374.68,12.5,1.48, , 
,374.97,800,82.5,12.5,10111111,375.28,800,29.4,4.12,418.2,375.58,12.5,1.48, , 
,375.89,800,82.5,12.5,10111111,376.19,768,28.2,4.12,418.2,376.49,12.5,1.48, , 
,376.80,800,82.5,12.5,10111111,377.11,768,29.4,4.12,418.2,377.41,12.5,1.48, , 
,377.71,768,82.5,12.5,10111111,378.01,768,28.2,4.12,418.2,378.31,12.1,1.48, , 
,378.62,800,82.5,12.1,10111111,378.92,768,29.4,4.12,418.2,379.22,11.7,1.48, , 
,379.52,800,82.5,11.7,10111111,379.82,800,28.2,4.12,418.2,380.12,13.3,1.45, , 
,380.42,768,82.5,13.3,10111111,380.72,800,29.4,4.12,418.2,381.01,13.3,1.48, , 
,381.30,768,82.5,12.9,10111111,381.60,800,28.2,4.12,418.2,381.89,12.5,1.45, , 
,382.19,768,82.5,12.1,10111111,382.49,768,28.2,4.12,418.2,382.78,11.3,1.41, , 
,383.08,800,82.5,10.9,10111111,383.38,768,28.2,4.12,418.2,383.67,9.8,1.37, , 
,383.96,800,82.5,9.0,10111111,384.25,768,28.2,4.12,418.2,384.55,7.8,1.41, , 
,384.85,800,82.5,7.4,10111111,385.14,800,28.2,4.12,418.2,385.46,3.1,1.41, , 
,385.76,800,82.5,2.7,10111111,386.06,800,28.2,4.12,418.2,386.37,2.0,1.45, , 
,386.67,800,82.5,2.0,10111111,386.98,768,29.4,4.12,418.2,387.27,1.6,1.45, , 
,387.57,800,82.5,1.2,10111111,387.86,800,28.2,4.12,418.2,388.17,0.8,1.45, , 
,388.48,800,82.5,0.8,10111111,388.77,768,29.4,4.12,418.2,389.07,0.8,1.48, , 
,389.37,768,84.0,0.8,10111111,389.66,800,29.4,4.12,418.2,389.97,1.2,1.48, , 
,390.27,800,82.5,1.2,10111111,390.57,800,28.2,4.12,418.2,390.87,0.8,1.48, , 
,391.16,800,82.5,0.8,10111111,391.46,768,29.4,4.12,418.2,391.75,0.8,1.48, , 
,392.05,800,82.5,0.8,10111111,392.36,800,28.2,4.12,418.2,392.67,0.8,1.48, , 
,392.98,768,82.5,1.2,10111111,393.27,800,29.4,4.12,418.2,393.57,1.2,1.48, , 
,393.86,800,82.5,1.2,10111111,394.17,800,28.2,4.12,418.2,394.47,1.2,1.48, , 
,394.78,800,82.5,1.2,10111111,395.08,768,29.4,4.12,418.2,395.38,0.8,1.48, , 
,395.66,800,82.5,0.8,10111111,395.97,800,29.4,4.12,418.2,396.27,1.6,1.52, , 
,396.56,768,82.5,1.6,10111111,396.88,768,28.2,4.12,418.2,397.17,2.0,1.48, , 
,397.47,768,82.5,2.0,10111111,397.78,800,29.4,4.12,418.2,398.08,1.2,1.41, , 
,398.39,800,82.5,0.4,10111111,398.69,800,29.4,4.12,438.6,398.99,-0.4,1.41, , 
,399.29,768,82.5,-0.4,10111111,399.58,800,29.4,4.12,418.2,399.88,-1.2,1.45, , 
,400.18,768,84.0,-1.2,10111111,400.48,768,29.4,4.12,438.6,400.80,-1.2,1.48, , 
,401.10,768,82.5,-1.2,10111111,401.40,768,29.4,4.12,438.6,401.70,-0.8,1.48, , 
,402.00,768,82.5,-1.2,10111111,402.30,768,29.4,4.12,438.6,402.60,-1.2,1.48, , 
,402.89,800,82.5,-1.2,10111111,403.19,800,29.4,4.12,438.6,403.50,-0.8,1.48, , 
,403.80,800,84.0,-0.8,10111111,404.11,768,29.4,4.12,438.6,404.43,-0.8,1.48, , 
,404.73,768,82.5,-1.2,10111111,405.03,800,31.0,4.12,438.6,405.35,-1.2,1.48, , 
,405.66,800,82.5,-1.2,10111111,405.97,800,29.4,4.12,418.2,406.28,-1.2,1.48, , 
,406.59,800,82.5,-1.2,10111111,406.89,800,29.4,4.12,438.6,407.19,-1.2,1.48, , 
,407.50,768,84.0,-0.8,10111111,407.80,768,29.4,4.12,438.6,408.10,-0.8,1.48, , 
,408.39,768,84.0,-0.4,10111111,408.70,768,29.4,4.12,438.6,409.00,-0.4,1.48, , 
,409.30,800,84.0,0.0,10111111,409.59,800,29.4,4.12,438.6,409.90,0.0,1.48, , 
,410.18,768,84.0,-0.4,10111111,410.46,800,29.4,4.12,418.2,410.74,-0.4,1.48, , 
,411.06,800,84.0,-0.4,10111111,411.36,800,29.4,4.12,418.2,411.68,-0.8,1.48, , 
,411.97,800,84.0,-0.8,10111111,412.29,800,29.4,4.12,418.2,412.59,-0.8,1.45, , 
,412.88,768,84.0,-1.2,10111111,413.17,768,31.0,4.12,438.6,413.49,-1.2,1.48, , 
,413.79,800,84.0,-1.2,10111111,414.09,800,29.4,4.12,438.6,414.39,-1.2,1.45, , 
,414.69,800,84.0,-1.6,10111111,414.99,768,29.4,4.12,438.6,415.29,-2.0,1.45, , 
,415.59,800,84.0,-2.3,10111111,415.91,800,29.4,4.12,438.6,416.21,0.0,1.52, , 
,416.56,1504,84.0,0.0,10101011,416.93,1856,42.7,5.15,550.8,417.24,0.0,1.48, , 
,417.53,1024,84.0,0.0,10101011,417.85,1088,44.3,6.18,571.2,418.17,0.0,1.60, , 
,418.53,1248,84.0,2.0,10101011,418.97,1376,36.9,5.15,479.4,419.33,0.0,1.41, , 
,419.68,1824,84.0,0.0,10101011,420.02,2016,60.4,9.27,693.6,420.35,-4.7,1.21, , 
,420.69,1952,84.0,0.0,10111111,420.99,1472,0.0,0.00,336.6,421.31,0.0,3.75, , 
,421.70,1408,84.0,0.0,10101011,422.01,1440,47.1,7.21,571.2,422.34,0.0,1.52, , 
,422.71,1600,84.0,-0.4,10101011,423.06,1696,41.2,6.18,520.2,423.42,1.6,1.56, , 
,423.80,1856,84.0,2.7,10101011,424.16,1952,36.9,5.15,459.0,424.51,3.1,1.48, , 
,424.84,2080,84.0,4.3,10101001,425.19,2208,44.3,6.18,520.2,425.53,5.5,1.48, , 
,425.87,2368,85.5,6.6,10101001,426.23,2432,42.7,6.18,499.8,426.55,4.7,1.33, , 
,426.89,2656,84.0,4.7,10101001,427.23,2688,0.0,0.00,438.6,427.57,0.0,3.59, , 
,427.92,1696,84.0,0.0,10111111,428.29,1536,23.5,4.12,336.6,428.67,0.0,1.25, , 
,429.05,1888,84.0,0.0,10101011,429.42,1920,23.5,3.09,316.2,429.77,3.5,1.64, , 
,430.13,1984,85.5,3.1,10101011,430.49,1984,29.4,4.12,397.8,430.84,4.7,1.52, , 
,431.21,2048,85.5,5.1,10101001,431.57,2080,29.4,4.12,377.4,431.92,5.1,1.45, , 
,432.26,2112,85.5,5.1,10101001,432.60,2144,31.0,5.15,397.8,432.94,5.5,1.45, , 
,433.28,2208,85.5,5.5,10101001,433.64,2240,32.5,5.15,418.2,434.00,4.7,1.45, , 
,434.34,2272,85.5,5.9,10101001,434.69,2304,35.3,5.15,438.6,435.02,5.5,1.45, , 
,435.37,2400,85.5,6.6,10101001,435.71,2432,57.6,9.27,652.8,436.06,-0.8,1.25, , 
,436.41,2560,85.5,-1.2,10101001,436.75,2624,79.6,12.36,867.0,437.09,-3.5,1.45, , 
,437.42,2784,85.5,-1.6,10101001,437.77,2816,79.6,12.36,867.0,438.12,0.0,1.33, , 
,438.46,2304,85.5,0.0,11111101,438.77,1792,19.2,3.09,295.8,439.12,0.0,2.19, , 
,439.45,2112,85.5,0.0,11101001,439.79,2144,42.7,6.18,499.8,440.13,0.0,1.60, , 
,440.47,2112,85.5,0.0,11101001,440.83,2112,57.6,8.24,652.8,441.16,5.9,1.56, , 
,441.51,2144,85.5,5.1,11101001,441.85,2176,66.3,9.27,754.8,442.19,4.3,1.45, , 
,442.55,2208,85.5,3.5,11101001,442.90,2240,65.1,9.27,734.4,443.23,2.7,1.45, , 
,443.57,2272,85.5,2.3,11101001,443.92,2304,63.5,9.27,714.0,444.28,2.3,1.52, , 
,444.62,2336,85.5,2.3,11101001,444.97,2368,63.5,9.27,714.0,445.30,3.1,1.48, , 
,445.67,2400,85.5,2.7,11101001,446.06,2432,62.0,9.27,714.0,446.40,3.9,1.52, , 
,446.74,2464,85.5,4.7,11101001,447.07,2496,62.0,8.24,693.6,447.41,5.1,1.48, , 
,447.74,2528,85.5,5.1,11101001,448.08,2528,60.4,9.27,693.6,448.43,5.9,1.45, , 
,448.75,2560,85.5,5.9,11101001,449.10,2560,60.4,9.27,673.2,449.43,6.6,1.48, , 
,449.77,2624,85.5,6.6,11101001,450.11,2624,59.2,8.24,673.2,450.45,6.6,1.52, , 
,450.81,2656,85.5,7.8,11101001,451.17,2688,59.2,8.24,673.2,451.52,8.2,1.45, , 
,451.86,2688,85.5,8.2,11101001,452.20,2720,57.6,8.24,652.8,452.53,8.6,1.48, , 
,452.89,2752,85.5,9.4,11101001,453.24,2752,57.6,8.24,652.8,453.59,9.4,1.52, , 
,453.94,2784,85.5,9.8,11101001,454.29,2784,0.0,0.00,520.2,454.62,0.0,3.59, , 
,455.00,1792,85.5,0.0,11111111,455.30,1248,0.0,0.00,336.6,455.62,0.0,3.75, , 
,455.96,1568,85.5,0.0,11101011,456.30,2112,17.6,3.09,275.4,456.64,0.0,1.25, , 
,456.99,2048,85.5,0.0,11101001,457.33,2048,20.8,3.09,295.8,457.68,2.3,1.60, , 
,458.02,2048,85.5,5.9,11101001,458.38,2048,44.3,6.18,550.8,458.74,10.2,1.64, , 
,459.09,2048,85.5,10.2,11101001,459.44,2048,60.4,9.27,693.6,459.78,10.5,1.45, , 
,460.13,2080,85.5,10.2,11101001,460.47,2080,62.0,9.27,714.0,460.84,9.8,1.41, , 
,461.18,2080,85.5,9.0,11101001,461.54,2112,60.4,9.27,693.6,461.89,8.2,1.45, , 
,462.24,2112,85.5,7.8,11101001,462.57,2144,59.2,8.24,693.6,462.94,7.4,1.48, , 
,463.31,2144,85.5,7.8,11101001,463.67,2144,59.2,8.24,673.2,464.03,6.3,1.52, , 
,464.36,2176,85.5,6.6,11101001,464.72,2176,60.4,8.24,693.6,465.08,5.5,1.48, , 
,465.42,2176,85.5,5.5,11101001,465.79,2208,59.2,8.24,673.2,466.13,6.6,1.48, , 
,466.49,2208,85.5,6.3,11101001,466.83,2208,59.2,8.24,673.2,467.17,6.6,1.48, , 
,467.51,2240,85.5,5.9,11101001,467.83,2240,60.4,9.27,693.6,468.17,4.7,1.41, , 
,468.51,2240,85.5,3.5,11101001,468.83,2240,62.0,9.27,714.0,469.17,3.1,1.52, , 
,469.50,2272,85.5,4.7,11101001,469.83,2272,59.2,8.24,673.2,470.17,5.9,1.48, , 
,470.51,2272,85.5,6.3,11101001,470.84,2272,59.2,8.24,673.2,471.16,5.5,1.45, , 
,471.51,2304,85.5,5.9,11101001,471.85,2304,63.5,9.27,714.0,472.18,4.7,1.48, , 
,472.50,2304,85.5,4.7,11101001,472.87,2336,62.0,9.27,693.6,473.19,0.0,1.48, , 
,473.55,2336,85.5,0.0,11101001,473.90,2368,79.6,12.36,887.4,474.25,0.8,1.52, , 
,474.58,2368,84.0,2.0,11101001,474.91,2400,71.0,8.24,826.2,475.26,0.0,3.48, , 
,475.56,1504,84.0,0.0,11101011,475.92,1792,22.0,3.09,316.2,476.37,0.0,1.21, , 
,476.77,2944,84.0,0.0,11101001,477.04,2976,17.6,2.06,275.4,477.44,-0.4,1.45, , 
,477.71,2912,84.0,0.0,11101001,478.08,2976,38.4,5.15,459.0,478.39,0.0,1.76, , 
,478.71,2912,85.5,6.6,11101001,479.10,2912,41.2,6.18,479.4,479.47,10.5,1.52, , 
,479.76,2944,84.0,11.7,11101001,480.17,2944,50.2,7.21,571.2,480.45,15.2,1.52, , 
,480.81,2944,84.0,16.4,11101001,481.28,2976,48.6,7.21,571.2,481.56,17.6,1.45, , 
,481.82,2976,84.0,17.6,11101001,482.08,2976,48.6,7.21,571.2,482.36,17.6,1.41, , 
,482.65,2976,84.0,17.6,11101001,482.92,2976,48.6,7.21,571.2,483.20,17.2,1.41, , 
,483.46,3008,84.0,14.1,11101001,483.73,3008,42.7,6.18,499.8,483.99,14.8,1.48, , 
,484.41,3008,84.0,16.4,11101001,484.87,3008,38.4,6.18,459.0,485.33,16.8,1.48, , 
,485.60,3008,84.0,16.8,11101001,485.86,2976,38.4,6.18,459.0,486.13,16.8,1.48, , 
,486.39,3008,84.0,17.6,11101001,486.78,2976,38.4,6.18,459.0,487.25,16.0,1.41, , 
,487.72,2976,84.0,16.0,11101001,488.19,3008,38.4,6.18,459.0,488.65,12.9,1.48, , 
,489.11,3008,84.0,12.9,11101001,489.58,2976,36.9,6.18,459.0,490.05,11.7,1.45, , 
,490.52,2976,84.0,10.9,11101001,490.99,2976,38.4,6.18,459.0,491.45,10.2,1.48, , 
,491.89,2976,84.0,10.2,11101001,492.16,2976,38.4,6.18,459.0,492.43,9.8,1.48, , 
,492.69,2976,84.0,9.4,11101001,493.12,2976,38.4,6.18,459.0,493.58,9.8,1.52, , 
,493.86,2944,84.0,10.5,11101001,494.13,2976,38.4,6.18,459.0,494.56,10.9,1.48, , 
,494.97,2976,84.0,9.8,11101001,495.24,2944,38.4,6.18,459.0,495.56,10.2,1.48, , 
,496.04,2976,84.0,10.2,11101001,496.31,2944,38.4,6.18,459.0,496.59,9.0,1.48, , 
,497.05,2944,84.0,9.0,11101001,497.32,2944,38.4,6.18,459.0,497.66,8.2,1.48, , 
,498.09,2944,84.0,7.8,11101001,498.37,2944,38.4,6.18,459.0,498.83,8.2,1.48, , 
,499.10,2944,84.0,8.6,11101001,499.50,2944,38.4,6.18,459.0,499.82,9.0,1.52, , 
,500.14,2944,84.0,9.0,11101001,500.55,2944,38.4,6.18,459.0,500.82,9.8,1.48, , 
,501.28,2944,84.0,9.0,11101001,501.56,2944,38.4,6.18,459.0,502.02,9.4,1.48, , 
,502.28,2944,84.0,9.8,11101001,502.68,2944,38.4,6.18,459.0,502.99,9.0,1.48, , 
,503.32,2944,84.0,9.4,11101001,503.69,2944,38.4,6.18,459.0,503.99,9.0,1.48, , 
,504.40,2944,84.0,9.8,11101001,504.66,2944,38.4,6.18,459.0,505.09,10.2,1.48, , 
,505.37,2944,84.0,9.8,11101001,505.80,2944,40.0,6.18,459.0,506.09,9.4,1.48, , 
,506.50,2944,84.0,9.8,11101001,506.77,2944,38.4,6.18,459.0,507.22,10.5,1.52, , 
,507.49,2944,84.0,10.9,11101001,507.93,2944,40.0,6.18,479.4,508.19,10.9,1.41, , 
,508.65,2944,84.0,10.2,11101001,508.91,2944,41.2,6.18,479.4,509.37,9.0,1.45, , 
,509.65,2944,84.0,9.0,11101001,510.02,2944,41.2,6.18,479.4,510.38,8.6,1.48, , 
,510.66,2944,84.0,9.0,11101001,511.13,2944,40.0,6.18,479.4,511.45,9.4,1.45, , 
,511.71,2976,84.0,9.0,11101001,511.97,2976,40.0,6.18,479.4,512.43,9.0,1.48, , 
,512.89,2976,84.0,9.4,11101001,513.29,2976,42.7,6.18,499.8,513.57,8.6,1.48, , 
,513.84,2976,84.0,8.6,11101001,514.12,2976,42.7,6.18,499.8,514.38,8.2,1.48, , 
,514.66,2976,84.0,8.2,11101001,515.12,2976,42.7,6.18,499.8,515.58,8.6,1.48, , 
,516.05,2976,84.0,8.2,11101001,516.52,2976,47.1,7.21,550.8,516.84,7.0,1.45, , 
,517.10,3008,84.0,6.6,11101001,517.37,3008,42.7,6.18,499.8,517.70,7.0,1.48, , 
,518.18,3008,84.0,7.4,11101001,518.57,3008,42.7,6.18,499.8,518.83,8.2,1.48, , 
,519.16,3008,84.0,8.6,11101001,519.62,3008,44.3,6.18,499.8,519.88,8.2,1.52, , 
,520.19,3008,84.0,8.2,11101001,520.63,3008,48.6,7.21,571.2,520.92,5.9,1.41, , 
,521.32,3040,84.0,5.1,11101001,521.67,3040,47.1,7.21,550.8,521.96,7.0,1.52, , 
,522.33,3040,84.0,6.6,11101001,522.71,3040,47.1,7.21,550.8,523.08,7.0,1.52, , 
,523.46,3072,84.0,7.8,11101001,523.82,3072,47.1,7.21,550.8,524.18,7.8,1.45, , 
,524.52,3072,84.0,7.4,11101001,524.85,3072,42.7,6.18,499.8,525.19,8.2,1.52, , 
,525.54,3072,84.0,9.8,11101001,525.90,3072,36.9,6.18,459.0,526.25,10.9,1.48, , 
,526.61,3072,84.0,12.1,11101001,526.97,3072,38.4,6.18,459.0,527.31,12.9,1.45, , 
,527.65,3072,84.0,12.5,11101001,528.00,3072,59.2,9.27,652.8,528.37,0.0,1.33, , 
,528.76,3104,84.0,-1.2,11101001,529.10,2624,0.0,0.00,295.8,529.44,0.0,3.83, , 
,529.79,1856,84.0,0.0,11101011,530.14,2368,14.9,2.06,224.4,530.48,0.0,1.13, , 
,530.81,2336,84.0,0.0,11101001,531.15,2336,22.0,3.09,295.8,531.49,4.7,1.64, , 
,531.83,2304,84.0,5.9,11101001,532.17,2304,48.6,7.21,571.2,532.52,0.0,1.52, , 
,532.85,2304,84.0,2.0,11101001,533.20,2304,38.4,5.15,459.0,533.55,2.3,1.56, , 
,533.90,2272,84.0,4.3,11101001,534.23,2272,25.1,4.12,336.6,534.56,6.6,1.56, , 
,534.90,2272,84.0,8.2,11101001,535.23,2240,26.7,4.12,357.0,535.56,9.8,1.52, , 
,535.89,2240,84.0,10.5,11101001,536.21,2208,17.6,3.09,275.4,536.56,9.4,1.41, , 
,536.92,2208,84.0,0.0,11111101,537.26,2176,0.0,0.00,244.8,537.59,0.0,3.75, , 
,537.92,2176,84.0,0.0,11101001,538.26,2144,16.1,3.09,244.8,538.60,0.0,1.09, , 
,538.94,2112,84.0,0.0,11101001,539.27,2112,16.1,2.06,244.8,539.62,10.5,1.84, , 
,539.95,2080,84.0,6.3,11101001,540.31,2080,20.8,3.09,295.8,540.66,9.4,1.60, , 
,541.00,2048,84.0,11.3,11101001,541.35,2048,20.8,3.09,295.8,541.70,11.7,1.48, , 
,542.06,2048,84.0,11.7,11101001,542.42,2048,22.0,3.09,316.2,542.78,10.5,1.37, , 
,543.14,2016,84.0,10.5,11101001,543.49,2016,35.3,6.18,438.6,543.84,12.1,1.48, , 
,544.18,2016,84.0,10.5,11101001,544.54,2016,56.1,9.27,652.8,544.88,5.9,1.25, , 
,545.23,1984,84.0,0.0,11101001,545.60,1984,40.0,5.15,479.4,545.96,3.9,1.64, , 
,546.32,1984,84.0,4.3,11101011,546.67,1952,60.4,9.27,693.6,547.04,0.0,1.45, , 
,547.40,1952,84.0,0.0,11101011,547.76,1920,26.7,3.09,357.0,548.12,0.0,1.80, , 
,548.49,1888,84.0,6.3,11101011,548.83,1824,17.6,2.06,275.4,549.16,5.9,1.60, , 
,549.54,1792,84.0,0.0,11111111,549.87,1760,0.0,0.00,316.2,550.20,0.0,3.83, , 
,550.57,1696,84.0,0.0,11111111,550.91,1664,0.0,0.00,316.2,551.24,0.0,3.91, , 
,551.57,1632,84.0,0.0,11101011,551.92,1600,20.8,4.12,295.8,552.28,0.0,1.29, , 
,552.64,1600,84.0,0.0,11101011,553.05,1568,42.7,5.15,550.8,553.38,0.0,2.70, , 
,553.69,1024,84.0,0.0,11111111,554.01,1120,26.7,4.12,377.4,554.38,0.0,1.56, , 
,554.75,1952,84.0,0.0,11101011,555.11,1920,16.1,2.06,244.8,555.46,0.0,2.03, , 
,555.84,1920,84.0,8.6,11101011,556.19,1920,23.5,3.09,316.2,556.55,8.6,1.56, , 
,556.91,1920,84.0,10.2,11101011,557.26,1920,25.1,4.12,357.0,557.63,12.5,1.52, , 
,558.01,1952,84.0,11.3,11101011,558.38,1952,35.3,5.15,438.6,558.74,14.5,1.52, , 
,559.11,2016,84.0,15.2,11101001,559.47,2016,50.2,8.24,591.6,559.81,10.9,1.33, , 
,560.18,2080,84.0,10.9,11101001,560.51,2112,48.6,7.21,571.2,560.85,11.7,1.48, , 
,561.19,2176,84.0,11.7,11101001,561.51,2208,53.3,8.24,612.0,561.83,8.2,1.33, , 
,562.17,2304,84.0,5.5,11101001,562.52,2336,57.6,9.27,652.8,562.88,1.6,1.37, , 
,563.23,2400,84.0,1.2,11101001,563.60,2432,57.6,8.24,652.8,563.95,-0.4,1.56, , 
,564.31,2464,84.0,-0.4,11101001,564.67,2496,60.4,9.27,693.6,565.01,-2.3,1.48, , 
,565.37,2560,84.0,-2.3,11101001,565.68,2560,60.4,9.27,673.2,566.02,-0.4,1.52, , 
,566.36,2624,84.0,-0.4,11101001,566.71,2624,62.0,9.27,693.6,567.03,0.8,1.52, , 
,567.37,2656,84.0,2.7,11101001,567.68,2688,82.7,14.42,907.8,568.02,3.5,1.41, , 
,568.35,2752,84.0,3.9,11101001,568.69,2784,88.6,15.45,948.6,569.02,5.5,1.45, , 
,569.35,2848,82.5,5.5,11101001,569.69,2880,88.6,15.45,948.6,570.06,6.3,1.48, , 
,570.40,2944,84.0,6.3,11101001,570.74,2816,0.0,0.00,418.2,571.07,0.0,3.67, , 
,571.41,1824,82.5,0.0,11111111,571.77,1600,23.5,4.12,336.6,572.11,0.0,1.17, , 
,572.46,2240,82.5,0.0,11101001,572.80,2240,47.1,7.21,550.8,573.15,0.0,1.45, , 
,573.48,2240,84.0,0.0,11101001,573.81,2240,59.2,8.24,673.2,574.14,0.4,1.56, , 
,574.49,2240,82.5,1.2,11101001,574.82,2272,62.0,9.27,693.6,575.18,1.6,1.45, , 
,575.52,2272,84.0,0.8,11101001,575.86,2272,62.0,9.27,693.6,576.21,1.2,1.52, , 
,576.55,2272,82.5,1.2,11101001,576.90,2272,62.0,9.27,693.6,577.23,2.7,1.48, , 
,577.55,2304,84.0,2.7,11101001,577.90,2304,60.4,9.27,693.6,578.22,2.7,1.45, , 
,578.55,2304,84.0,2.7,11101001,578.89,2336,62.0,9.27,693.6,579.25,2.3,1.48, , 
,579.59,2336,84.0,3.1,11101001,579.92,2336,60.4,8.24,693.6,580.27,5.5,1.48, , 
,580.63,2368,84.0,4.3,11101001,580.97,2368,60.4,9.27,693.6,581.30,2.0,1.41, , 
,581.64,2368,84.0,0.0,11101001,581.98,2368,54.5,8.24,632.4,582.32,-0.8,1.52, , 
,582.67,2368,84.0,-1.2,11101001,583.00,2368,54.5,8.24,632.4,583.32,-1.2,1.48, , 
,583.65,2400,84.0,-1.6,11101001,584.00,2400,54.5,8.24,632.4,584.32,-1.2,1.48, , 
,584.67,2400,84.0,-1.6,11101001,585.04,2400,59.2,9.27,673.2,585.36,-3.1,1.48, , 
,585.70,2400,84.0,-4.3,11101001,586.10,2400,60.4,8.24,673.2,586.45,-5.5,1.48, , 
,586.82,2432,84.0,-6.3,11101001,587.15,2432,72.2,11.33,795.6,587.49,0.0,1.52, , 
,587.85,2464,84.0,0.8,11101001,588.22,2464,71.0,11.33,775.2,588.57,2.7,1.52, , 
,588.95,2464,84.0,3.5,11101001,589.25,2496,71.0,11.33,775.2,589.61,4.7,1.45, , 
,589.96,2496,84.0,2.7,11101001,590.33,2496,62.0,9.27,693.6,590.66,1.2,1.41, , 
,591.02,2496,84.0,0.8,11101001,591.37,2496,48.6,7.21,571.2,591.70,6.3,1.60, , 
,592.02,2496,84.0,8.2,11101001,592.34,2496,48.6,7.21,571.2,592.66,9.8,1.45, , 
,593.01,2496,84.0,10.5,11101001,593.34,2496,50.2,8.24,571.2,593.65,10.2,1.41, , 
,593.99,2496,84.0,10.2,11101001,594.34,2496,50.2,8.24,571.2,594.70,2.0,1.48, , 
,595.03,2496,84.0,2.3,11101001,595.40,2496,48.6,7.21,571.2,595.75,2.3,1.48, , 
,596.10,2496,84.0,2.7,11101001,596.46,2496,48.6,7.21,571.2,596.82,2.7,1.45, , 
,597.15,2464,84.0,2.3,11101001,597.46,2496,48.6,7.21,571.2,597.81,1.6,1.45, , 
,598.16,2464,84.0,1.6,11101001,598.52,2464,50.2,7.21,571.2,598.90,2.0,1.52, , 
,599.26,2464,84.0,2.0,11101001,599.62,2464,50.2,7.21,571.2,599.99,1.6,1.45, , 
,600.35,2464,84.0,2.0,11101001,600.70,2464,48.6,7.21,571.2,601.05,2.3,1.52, , 
,601.40,2464,84.0,2.7,11101001,601.74,2464,48.6,7.21,571.2,602.09,2.3,1.45, , 
,602.46,2464,84.0,2.3,11101001,602.81,2464,48.6,7.21,571.2,603.17,2.3,1.48, , 
,603.54,2464,84.0,2.3,11101001,603.90,2464,48.6,7.21,571.2,604.27,2.0,1.48, , 
,604.62,2464,84.0,2.3,11101001,604.99,2464,48.6,7.21,571.2,605.33,2.3,1.45, , 
,605.69,2464,84.0,2.0,11101001,606.04,2464,48.6,7.21,571.2,606.41,2.3,1.52, , 
,606.77,2464,84.0,2.3,11101001,607.11,2464,50.2,7.21,571.2,607.48,1.2,1.45, , 
,607.83,2464,84.0,1.6,11101001,608.19,2464,50.2,8.24,571.2,608.56,2.0,1.52, , 
,608.93,2464,84.0,2.3,11101001,609.28,2464,50.2,7.21,571.2,609.64,2.0,1.48, , 
,610.00,2464,84.0,1.6,11101001,610.38,2464,50.2,7.21,571.2,610.73,2.3,1.45, , 
,611.06,2464,84.0,2.3,11101001,611.41,2464,50.2,7.21,571.2,611.76,2.0,1.48, , 
,612.11,2464,84.0,2.0,11101001,612.47,2464,50.2,7.21,571.2,612.82,2.7,1.45, , 
,613.17,2464,84.0,2.3,11101001,613.54,2464,50.2,7.21,571.2,613.90,2.0,1.48, , 
,614.25,2464,84.0,1.6,11101001,614.62,2464,48.6,7.21,571.2,614.96,2.3,1.48, , 
,615.33,2464,84.0,2.0,11101001,615.69,2464,50.2,7.21,571.2,616.07,2.0,1.48, , 
,616.44,2496,84.0,2.0,11101001,616.79,2464,48.6,7.21,571.2,617.13,2.0,1.48, , 
,617.49,2464,84.0,2.3,11101001,617.84,2464,48.6,7.21,571.2,618.19,2.0,1.45, , 
,618.54,2464,84.0,2.0,11101001,618.89,2464,48.6,7.21,571.2,619.27,2.0,1.52, , 
,619.62,2464,84.0,2.3,11101001,619.97,2464,48.6,7.21,571.2,620.34,2.3,1.48, , 
,620.69,2464,84.0,2.3,11101001,621.07,2464,48.6,7.21,571.2,621.41,2.0,1.48, , 
,621.78,2464,84.0,2.0,11101001,622.13,2464,48.6,7.21,571.2,622.48,2.3,1.48, , 
,622.83,2464,84.0,2.0,11101001,623.20,2464,53.3,8.24,612.0,623.56,-1.6,1.33, , 
,623.93,2464,84.0,-2.7,11101001,624.25,2464,60.4,9.27,673.2,624.61,-5.1,1.52, , 
,624.95,2496,84.0,-6.3,11101001,625.29,2496,59.2,8.24,673.2,625.64,-6.6,1.48, , 
,625.96,2496,84.0,-6.3,11101001,626.33,2496,56.1,8.24,632.4,626.67,-3.1,1.48, , 
,627.01,2496,84.0,-2.0,11101001,627.33,2496,53.3,8.24,612.0,627.68,0.0,1.52, , 
,628.02,2496,84.0,0.0,11101001,628.38,2496,53.3,8.24,612.0,628.72,0.8,1.52, , 
,629.08,2496,84.0,2.7,11101001,629.43,2496,48.6,7.21,571.2,629.75,5.5,1.52, , 
,630.06,2496,84.0,6.6,11101001,630.43,2496,40.0,6.18,479.4,630.76,9.0,1.48, , 
,631.06,2496,84.0,9.8,11101001,631.42,2496,51.8,9.27,591.6,631.77,4.7,1.17, , 
,632.11,2496,84.0,3.5,11101001,632.45,2496,66.3,10.30,734.4,632.79,3.5,1.48, , 
,633.12,2528,84.0,2.3,11101001,633.47,2528,66.3,10.30,734.4,633.83,2.0,1.48, , 
,634.17,2528,84.0,0.0,11101001,634.51,2560,75.3,12.36,826.2,634.84,0.4,1.52, , 
,635.18,2560,84.0,0.4,11101001,635.53,2560,67.8,11.33,754.8,635.88,0.4,1.45, , 
,636.23,2592,84.0,-0.8,11101001,636.56,2592,51.8,8.24,612.0,636.91,0.8,1.48, , 
,637.25,2592,84.0,0.8,11101001,637.58,2592,53.3,8.24,612.0,637.92,1.2,1.45, , 
,638.27,2592,84.0,0.4,11101001,638.62,2592,53.3,8.24,612.0,638.95,0.8,1.52, , 
,639.29,2592,84.0,1.2,11101001,639.62,2592,53.3,8.24,612.0,639.96,0.8,1.48, , 
,640.31,2592,84.0,-0.4,11101001,640.62,2592,66.3,10.30,734.4,640.98,-1.2,1.48, , 
,641.31,2592,84.0,-0.8,11101001,641.64,2624,71.0,11.33,775.2,641.96,0.8,1.45, , 
,642.32,2624,84.0,1.2,11101001,642.64,2624,75.3,12.36,826.2,642.98,2.0,1.48, , 
,643.34,2656,85.5,2.7,11101001,643.69,2656,81.2,13.39,887.4,644.02,3.9,1.48, , 
,644.34,2688,84.0,4.3,11101001,644.68,2688,75.3,12.36,846.6,645.02,3.5,1.41, , 
,645.37,2720,84.0,3.5,11101001,645.71,2720,65.1,10.30,714.0,646.05,1.6,1.33, , 
,646.38,2720,84.0,2.7,11101001,646.72,2720,51.8,8.24,591.6,647.05,2.3,1.48, , 
,647.38,2720,84.0,4.7,11101001,647.70,2688,35.3,5.15,438.6,648.04,8.2,1.56, , 
,648.38,2688,84.0,10.5,11101001,648.72,2688,44.3,7.21,520.2,649.05,9.4,1.33, , 
,649.38,2688,84.0,9.8,11101001,649.74,2688,44.3,7.21,520.2,650.07,10.2,1.45, , 
,650.43,2656,84.0,9.4,11101001,650.78,2656,44.3,7.21,520.2,651.13,9.0,1.45, , 
,651.48,2656,84.0,8.6,11101001,651.83,2656,45.9,7.21,550.8,652.17,7.4,1.41, , 
,652.53,2656,84.0,3.1,11101001,652.90,2656,60.4,9.27,673.2,653.26,-0.4,1.41, , 
,653.58,2656,84.0,-1.6,11101001,653.92,2656,62.0,9.27,693.6,654.26,-3.9,1.45, , 
,654.61,2656,84.0,-5.5,11101001,654.93,2688,62.0,9.27,693.6,655.28,-6.6,1.52, , 
,655.63,2688,84.0,-6.6,11101001,655.96,2688,60.4,8.24,673.2,656.32,-6.3,1.52, , 
,656.65,2688,84.0,-5.5,11101001,656.99,2720,56.1,8.24,652.8,657.33,-1.2,1.56, , 
,657.66,2720,84.0,0.0,11101001,658.02,2720,53.3,8.24,612.0,658.35,2.7,1.52, , 
,658.70,2720,84.0,3.5,11101001,659.05,2720,51.8,8.24,591.6,659.39,5.1,1.48, , 
,659.72,2720,84.0,5.9,11101001,660.05,2720,51.8,8.24,591.6,660.37,5.9,1.45, , 
,660.70,2720,84.0,5.9,11101001,661.04,2720,51.8,8.24,591.6,661.36,5.9,1.45, , 
,661.68,2720,84.0,5.9,11101001,662.01,2720,51.8,8.24,591.6,662.34,5.5,1.41, , 
,662.67,2720,84.0,5.5,11101001,663.03,2720,50.2,8.24,591.6,663.40,5.5,1.48, , 
,663.74,2688,84.0,5.5,11101001,664.08,2688,50.2,8.24,591.6,664.42,5.5,1.52, , 
,664.77,2688,84.0,5.5,11101001,665.11,2688,50.2,7.21,591.6,665.47,5.5,1.45, , 
,665.83,2688,84.0,5.1,11101001,666.15,2688,50.2,8.24,591.6,666.49,5.1,1.45, , 
,666.84,2688,84.0,5.5,11101001,667.21,2688,50.2,8.24,591.6,667.55,3.5,1.48, , 
,667.89,2688,84.0,3.5,11101001,668.22,2688,51.8,7.21,591.6,668.57,3.1,1.45, , 
,668.91,2688,84.0,3.5,11101001,669.26,2688,51.8,8.24,591.6,669.59,3.1,1.45, , 
,669.91,2688,84.0,0.0,11111101,670.23,2624,19.2,2.06,275.4,670.56,3.1,1.64, , 
,670.92,2624,84.0,0.0,11111101,671.25,2624,0.0,0.00,244.8,671.56,0.0,3.87, , 
,671.90,2560,84.0,0.0,11111101,672.24,2560,0.0,0.00,244.8,672.58,0.0,3.83, , 
,672.91,2496,84.0,0.0,11111101,673.26,2496,0.0,0.00,244.8,673.61,0.0,3.95, , 
,673.93,2432,84.0,0.0,11111101,674.25,2400,0.0,0.00,244.8,674.57,0.0,3.87, , 
,674.91,2368,84.0,0.0,11111101,675.23,2336,0.0,0.00,244.8,675.57,0.0,3.95, , 
,675.91,2272,84.0,0.0,11111101,676.24,2240,0.0,0.00,244.8,676.57,0.0,3.87, , 
,676.92,2176,84.0,0.0,11111101,677.25,2144,0.0,0.00,244.8,677.59,0.0,3.95, , 
,677.93,2080,84.0,0.0,11111101,678.28,2080,0.0,0.00,244.8,678.63,0.0,3.95, , 
,679.00,2016,84.0,0.0,11111101,679.35,1984,0.0,0.00,244.8,679.70,0.0,3.91, , 
,680.04,1920,84.0,0.0,11111111,680.41,1888,0.0,0.00,275.4,680.75,0.0,3.95, , 
,681.11,1824,84.0,0.0,11111111,681.44,1792,0.0,0.00,295.8,681.79,0.0,3.91, , 
,682.08,1472,84.0,0.0,11111111,682.38,992,25.1,4.12,357.0,682.70,0.0,3.59, , 
,682.96,960,84.0,0.0,11111111,683.29,1088,23.5,4.12,357.0,683.61,0.0,1.17, , 
,683.93,1824,84.0,0.0,11111111,684.26,2080,0.0,0.00,275.4,684.61,0.0,3.05, , 
,684.96,2016,84.0,0.0,11101001,685.32,2016,14.9,2.06,244.8,685.68,0.0,1.41, , 
,686.05,1952,84.0,0.0,11101011,686.41,1920,17.6,3.09,275.4,686.78,8.2,1.52, , 
,687.14,1888,84.0,0.0,11101011,687.50,1888,51.8,8.24,612.0,687.86,0.0,1.37, , 
,688.21,1888,84.0,0.0,11101011,688.59,1888,56.1,8.24,652.8,688.97,-1.2,1.41, , 
,689.33,1888,84.0,-1.6,11101011,689.69,1888,56.1,8.24,652.8,690.05,0.0,1.56, , 
,690.42,1888,84.0,0.8,11101011,690.78,1888,50.2,7.21,591.6,691.16,5.5,1.56, , 
,691.51,1888,84.0,7.0,11101011,691.89,1888,48.6,8.24,591.6,692.26,9.4,1.48, , 
,692.64,1856,84.0,9.0,11101011,693.01,1856,47.1,8.24,571.2,693.39,11.3,1.45, , 
,693.76,1824,84.0,12.9,11101011,694.14,1824,35.3,6.18,459.0,694.50,13.7,1.48, , 
,694.84,1824,82.5,14.1,11101011,695.22,1792,45.9,8.24,550.8,695.59,14.8,1.41, , 
,695.97,1824,82.5,10.9,11101011,696.33,1792,62.0,10.30,714.0,696.68,-0.4,1.45, , 
,697.04,1792,84.0,-0.4,11101011,697.40,1824,63.5,10.30,734.4,697.75,0.4,1.52, , 
,698.11,1792,84.0,1.6,11101011,698.48,1824,65.1,10.30,754.8,698.84,3.1,1.52, , 
,699.21,1856,82.5,4.3,11101011,699.60,1856,65.1,11.33,754.8,699.97,5.1,1.45, , 
,700.35,1856,84.0,4.7,11101011,700.73,1856,65.1,10.30,734.4,701.10,5.1,1.45, , 
,701.46,1856,82.5,4.3,11101011,701.84,1888,63.5,10.30,734.4,702.22,3.5,1.45, , 
,702.58,1888,82.5,0.0,11101011,702.94,1888,42.7,6.18,520.2,703.30,0.0,1.68, , 
,703.67,1888,82.5,3.9,11101011,704.05,1888,44.3,7.21,520.2,704.41,6.6,1.56, , 
,704.78,1856,82.5,7.8,11101011,705.15,1856,44.3,7.21,550.8,705.51,9.4,1.48, , 
,705.90,1856,84.0,9.4,11101011,706.26,1856,31.0,5.15,397.8,706.65,9.0,1.45, , 
,707.00,1856,82.5,8.6,11101011,707.37,1856,35.3,6.18,438.6,707.76,10.5,1.52, , 
,708.13,1856,84.0,8.6,11101011,708.49,1856,47.1,8.24,571.2,708.86,9.4,1.45, , 
,709.24,1888,84.0,9.0,11101011,709.58,1888,34.1,4.12,438.6,709.92,0.0,1.64, , 
,710.29,1888,84.0,3.5,11101011,710.67,1856,25.1,3.09,336.6,711.05,5.1,1.56, , 
,711.39,1856,84.0,4.7,11101011,711.73,1856,25.1,4.12,336.6,712.11,6.6,1.52, , 
,712.49,1824,84.0,7.0,11101011,712.86,1824,20.8,3.09,295.8,713.22,8.6,1.52, , 
,713.58,1824,84.0,9.4,11101011,713.94,1824,19.2,3.09,295.8,714.30,11.7,1.52, , 
,714.69,1824,84.0,10.9,11101011,715.03,1792,28.2,4.12,357.0,715.41,12.5,1.45, , 
,715.78,1792,84.0,11.7,11101011,716.16,1792,31.0,5.15,397.8,716.54,9.4,1.37, , 
,716.91,1824,84.0,8.6,11101011,717.25,1792,31.0,5.15,397.8,717.63,7.4,1.41, , 
,718.02,1824,84.0,7.4,11101011,718.40,1792,31.0,5.15,397.8,718.78,6.6,1.48, , 
,719.14,1824,84.0,7.0,11101011,719.50,1824,34.1,5.15,438.6,719.86,5.5,1.45, , 
,720.22,1824,84.0,4.7,11101011,720.56,1824,34.1,5.15,438.6,720.92,4.3,1.45, , 
,721.28,1824,84.0,3.9,11101011,721.64,1824,32.5,5.15,418.2,722.00,3.9,1.52, , 
,722.36,1824,84.0,3.5,11101011,722.72,1824,32.5,5.15,418.2,723.08,3.5,1.52, , 
,723.45,1824,84.0,4.3,11101011,723.83,1824,34.1,5.15,438.6,724.18,3.9,1.52, , 
,724.56,1856,84.0,4.3,11101011,724.93,1856,34.1,5.15,438.6,725.31,4.7,1.48, , 
,725.69,1856,84.0,5.1,11101011,726.06,1856,40.0,6.18,479.4,726.44,7.4,1.52, , 
,726.81,1856,84.0,8.2,11101011,727.19,1856,40.0,6.18,479.4,727.56,9.8,1.48, , 
,727.94,1856,84.0,10.2,11101011,728.30,1888,36.9,6.18,459.0,728.68,9.0,1.45, , 
,729.04,1888,84.0,9.4,11101011,729.41,1888,41.2,7.21,499.8,729.77,10.2,1.48, , 
,730.13,1920,84.0,9.8,11101011,730.49,1888,40.0,6.18,479.4,730.86,9.0,1.37, , 
,731.22,1888,84.0,8.6,11101011,731.58,1888,26.7,4.12,357.0,731.94,9.0,1.48, , 
,732.30,1888,84.0,9.4,11101011,732.66,1888,26.7,4.12,357.0,733.04,9.0,1.48, , 
,733.42,1888,84.0,9.4,11101011,733.78,1888,26.7,4.12,357.0,734.13,9.8,1.48, , 
,734.51,1888,84.0,9.0,11101011,734.88,1888,26.7,4.12,357.0,735.25,9.8,1.48, , 
,735.58,1888,84.0,10.5,11101011,735.95,1856,26.7,4.12,357.0,736.33,10.2,1.52, , 
,736.70,1856,84.0,10.2,11101011,737.07,1856,26.7,4.12,357.0,737.45,10.5,1.48, , 
,737.82,1856,84.0,10.5,11101011,738.19,1856,26.7,4.12,357.0,738.56,10.5,1.45, , 
,738.93,1856,84.0,10.2,11101011,739.32,1856,28.2,4.12,357.0,739.69,10.5,1.48, , 
,740.06,1856,84.0,10.5,11101011,740.44,1856,28.2,4.12,357.0,740.81,10.2,1.48, , 
,741.18,1824,84.0,10.5,11101011,741.55,1856,28.2,4.12,377.4,741.92,10.5,1.48, , 
,742.28,1856,84.0,10.2,11101011,742.65,1824,28.2,4.12,377.4,743.01,10.2,1.48, , 
,743.38,1824,84.0,10.5,11101011,743.74,1824,20.8,3.09,295.8,744.10,9.4,1.45, , 
,744.45,1792,84.0,9.4,11101011,744.83,1792,20.8,3.09,295.8,745.18,10.9,1.56, , 
,745.58,1792,84.0,10.2,11101011,745.91,1792,23.5,4.12,336.6,746.30,9.4,1.45, , 
,746.63,1792,84.0,8.6,11101011,746.98,1760,26.7,4.12,357.0,747.37,7.0,1.41, , 
,747.72,1760,84.0,6.3,11101011,748.11,1760,28.2,4.12,377.4,748.46,5.5,1.45, , 
,748.82,1760,84.0,4.7,11101011,749.20,1760,31.0,5.15,397.8,749.59,2.3,1.45, , 
,749.96,1760,84.0,1.6,11101011,750.33,1792,38.4,5.15,459.0,750.71,2.0,1.52, , 
,751.08,1792,82.5,3.1,11101011,751.46,1792,44.3,7.21,550.8,751.84,8.2,1.56, , 
,752.20,1792,84.0,9.0,11101011,752.57,1824,31.0,5.15,397.8,752.93,9.0,1.48, , 
,753.31,1824,82.5,9.8,11101011,753.67,1824,28.2,4.12,377.4,754.03,11.3,1.52, , 
,754.41,1824,84.0,11.7,11101011,754.75,1824,28.2,4.12,377.4,755.09,13.3,1.45, , 
,755.45,1824,84.0,13.7,11101011,755.83,1824,28.2,4.12,377.4,756.20,14.1,1.45, , 
,756.56,1824,84.0,13.7,11101011,756.94,1824,28.2,4.12,377.4,757.29,13.7,1.45, , 
,757.66,1824,84.0,13.7,11101011,758.04,1824,28.2,4.12,377.4,758.42,13.3,1.45, , 
,758.78,1792,84.0,13.7,11101011,759.14,1824,28.2,4.12,377.4,759.52,11.3,1.45, , 
,759.88,1792,84.0,11.7,11101011,760.24,1792,28.2,4.12,377.4,760.60,10.9,1.45, , 
,760.98,1824,84.0,11.3,11101011,761.35,1792,28.2,4.12,377.4,761.74,11.3,1.48, , 
,762.14,1792,82.5,10.5,11101011,762.52,1792,28.2,4.12,377.4,762.88,10.9,1.48, , 
,763.24,1824,84.0,9.4,11101011,763.61,1792,29.4,5.15,397.8,763.99,9.0,1.45, , 
,764.35,1792,84.0,7.8,11101011,764.72,1792,29.4,4.12,397.8,765.10,7.8,1.48, , 
,765.49,1792,84.0,7.8,11101011,765.87,1792,29.4,4.12,397.8,766.22,7.8,1.52, , 
,766.58,1792,84.0,8.2,11101011,766.94,1792,29.4,4.12,397.8,767.31,7.8,1.52, , 
,767.67,1792,84.0,8.2,11101011,768.04,1792,29.4,4.12,377.4,768.43,7.8,1.48, , 
,768.78,1792,84.0,7.4,11101011,769.14,1792,38.4,6.18,479.4,769.47,7.8,1.48, , 
,769.84,1824,82.5,7.4,11101011,770.22,1824,34.1,5.15,438.6,770.58,7.0,1.45, , 
,770.95,1824,84.0,5.9,11101011,771.31,1824,31.0,5.15,397.8,771.67,5.9,1.48, , 
,772.03,1824,84.0,6.3,11101011,772.42,1824,25.1,4.12,336.6,772.80,8.2,1.52, , 
,773.17,1824,84.0,8.6,11101011,773.55,1792,23.5,3.09,316.2,773.93,9.4,1.48, , 
,774.31,1792,84.0,10.2,11101011,774.69,1792,28.2,4.12,377.4,775.06,10.5,1.48, , 
,775.44,1792,82.5,9.4,11101011,775.81,1792,29.4,4.12,397.8,776.18,8.2,1.41, , 
,776.56,1792,84.0,8.6,11101011,776.94,1792,31.0,5.15,397.8,777.30,7.4,1.41, , 
,777.66,1824,82.5,6.3,11101011,778.04,1824,31.0,5.15,397.8,778.42,6.6,1.48, , 
,778.78,1792,82.5,6.3,11101011,779.14,1792,32.5,5.15,418.2,779.52,5.5,1.48, , 
,779.88,1792,82.5,5.1,11101011,780.26,1824,34.1,5.15,438.6,780.64,4.7,1.48, , 
,781.01,1792,82.5,4.3,11101011,781.36,1824,34.1,5.15,438.6,781.72,3.5,1.48, , 
,782.11,1824,82.5,3.9,11101011,782.47,1824,34.1,5.15,418.2,782.84,5.5,1.48, , 
,783.24,1856,84.0,5.5,11101011,783.61,1856,29.4,4.12,397.8,783.97,7.8,1.52, , 
,784.35,1856,82.5,8.6,11101011,784.71,1792,19.2,3.09,275.4,785.09,7.4,1.45, , 
,785.45,1792,82.5,7.0,11101011,785.82,1824,17.6,3.09,275.4,786.16,7.8,1.52, , 
,786.52,1792,82.5,9.0,11101011,786.87,1760,19.2,3.09,295.8,787.23,9.0,1.52, , 
,787.60,1760,82.5,9.4,11101011,787.96,1728,19.2,3.09,295.8,788.34,9.0,1.48, , 
,788.70,1728,82.5,9.8,11101011,789.07,1696,20.8,3.09,295.8,789.42,7.4,1.41, , 
,789.76,1664,82.5,6.6,11101011,790.14,1664,20.8,3.09,295.8,790.50,5.9,1.41, , 
,790.86,1632,82.5,5.5,11101011,791.21,1632,20.8,3.09,316.2,791.60,3.9,1.45, , 
,791.97,1600,82.5,3.1,11101011,792.34,1600,28.2,4.12,377.4,792.70,3.5,1.52, , 
,793.09,1600,82.5,3.1,11101011,793.48,1600,32.5,5.15,418.2,793.86,1.6,1.48, , 
,794.24,1600,82.5,1.6,11101011,794.62,1600,32.5,5.15,418.2,794.99,0.8,1.45, , 
,795.35,1600,82.5,3.1,11101011,795.69,1568,19.2,3.09,295.8,796.04,2.0,1.48, , 
,796.39,1568,82.5,2.3,11101011,796.77,1568,22.0,3.09,316.2,797.11,1.6,1.45, , 
,797.48,1536,82.5,0.8,11101011,797.82,1536,35.3,5.15,438.6,798.19,0.4,1.48, , 
,798.54,1568,82.5,3.1,11101011,798.90,1536,42.7,6.18,520.2,799.26,5.9,1.56, , 
,799.60,1568,82.5,7.0,11101011,799.96,1568,44.3,7.21,550.8,800.30,8.2,1.52, , 
,800.63,1600,82.5,9.4,11101011,801.01,1600,42.7,7.21,520.2,801.36,9.8,1.48, , 
,801.70,1600,82.5,9.8,11101011,802.06,1600,41.2,6.18,520.2,802.45,9.0,1.45, , 
,802.81,1632,82.5,8.2,11101011,803.17,1600,29.4,4.12,397.8,803.52,7.4,1.45, , 
,803.88,1600,82.5,7.0,11101011,804.21,1600,28.2,4.12,377.4,804.58,7.0,1.48, , 
,804.94,1600,82.5,7.0,11101011,805.28,1600,29.4,4.12,377.4,805.65,6.3,1.48, , 
,805.99,1568,82.5,5.1,11101011,806.33,1568,22.0,3.09,316.2,806.69,1.2,1.37, , 
,807.05,1568,82.5,1.6,11101011,807.41,1568,22.0,3.09,316.2,807.75,0.8,1.48, , 
,808.09,1568,82.5,0.0,11101011,808.46,1536,20.8,3.09,316.2,808.80,1.6,1.56, , 
,809.13,1536,82.5,1.2,11111111,809.44,1536,22.0,3.09,316.2,809.76,-0.4,1.45, , 
,810.10,1504,82.5,-0.8,11111111,810.52,1504,22.0,3.09,316.2,810.79,-0.4,1.48, , 
,811.17,1472,82.5,-1.2,11111111,811.53,1472,22.0,3.09,336.6,811.79,2.0,1.56, , 
,812.06,1472,82.5,3.5,11101011,812.42,1440,23.5,3.09,336.6,812.86,3.9,1.52, , 
,813.16,1504,82.5,0.0,11111111,813.48,1056,25.1,4.12,357.0,813.79,0.0,2.73, , 
,814.15,1472,82.5,0.0,11101011,814.50,1792,19.2,3.09,295.8,814.88,0.0,1.68, , 
,815.26,1824,82.5,5.5,11101011,815.61,1760,20.8,3.09,295.8,815.97,6.3,1.52, , 
,816.31,1728,82.5,6.3,11101011,816.67,1760,20.8,3.09,316.2,817.04,6.6,1.48, , 
,817.41,1664,82.5,7.0,11111111,817.75,1632,22.0,3.09,316.2,818.07,7.0,1.48, , 
,818.40,1600,82.5,7.8,11111111,818.74,1568,22.0,4.12,316.2,819.08,7.4,1.45, , 
,819.42,1536,82.5,7.0,11101011,819.80,1536,22.0,4.12,316.2,820.12,5.5,1.41, , 
,820.47,1504,82.5,0.0,11101011,820.82,1568,82.7,15.45,948.6,821.15,0.0,1.09, , 
,821.47,1664,82.5,0.0,11101011,821.81,1728,82.7,14.42,948.6,822.18,-1.6,1.41, , 
,822.55,1856,82.5,0.0,11101011,822.93,1824,28.2,3.09,377.4,823.29,0.0,1.80, , 
,823.67,1824,82.5,8.2,11111111,823.98,1792,20.8,3.09,295.8,824.30,10.2,1.60, , 
,824.64,1760,82.5,0.0,11111111,824.97,1728,0.0,0.00,316.2,825.34,0.0,3.71, , 
,825.67,1664,84.0,0.0,11111111,826.02,1632,0.0,0.00,316.2,826.36,0.0,3.95, , 
,826.70,1536,82.5,0.0,11111111,827.16,1504,0.0,0.00,316.2,827.50,0.0,3.98, , 
,827.84,1440,82.5,0.0,11111111,828.16,1408,0.0,0.00,336.6,828.49,0.0,3.95, , 
,828.77,1024,82.5,0.0,11111111,829.06,896,31.0,5.15,418.2,829.36,0.0,2.38, , 
,829.66,928,82.5,0.0,11111111,829.98,896,26.7,5.15,397.8,830.29,0.0,1.17, , 
,830.59,896,82.5,0.0,11111111,830.89,896,26.7,4.12,397.8,831.20,0.4,1.45, , 
,831.50,864,82.5,0.8,11111111,831.83,864,28.2,4.12,397.8,832.14,2.0,1.56, , 
,832.45,896,82.5,2.7,11111111,832.77,896,28.2,4.12,397.8,833.09,5.1,1.56, , 
,833.42,1344,82.5,7.8,11101011,833.79,1184,34.1,5.15,438.6,834.10,10.9,1.60, , 
,834.41,1216,82.5,12.5,11101011,834.72,1216,42.7,7.21,520.2,835.06,14.8,1.60, , 
,835.40,1248,82.5,16.4,11101011,835.73,1280,45.9,8.24,571.2,836.06,18.0,1.52, , 
,836.38,1312,82.5,0.0,11101011,836.72,1312,25.1,4.12,357.0,837.04,3.5,1.64, , 
,837.39,1280,82.5,4.3,11101011,837.73,1312,71.0,13.39,775.2,838.10,0.0,1.25, , 
,838.51,1472,84.0,0.0,11101011,838.83,1504,38.4,6.18,479.4,839.17,0.0,1.52, , 
,839.53,1600,84.0,0.0,11101011,839.89,1632,44.3,6.18,550.8,840.23,0.0,1.56, , 
,840.58,1632,84.0,2.0,11101011,840.94,1632,26.7,4.12,357.0,841.29,2.3,1.52, , 
,841.65,1600,84.0,2.7,11101011,842.01,1664,57.6,10.30,652.8,842.39,0.0,1.33, , 
,842.76,1856,84.0,0.0,11101011,843.14,1856,71.0,11.33,795.6,843.51,0.8,1.56, , 
,843.86,2048,84.0,1.2,11101001,844.20,2144,79.6,13.39,887.4,844.54,1.6,1.52, , 
,844.88,2304,84.0,2.7,11101001,845.28,2400,82.7,14.42,907.8,845.62,4.3,1.48, , 
,845.95,2624,84.0,4.7,11101001,846.28,2720,82.7,14.42,907.8,846.64,7.4,1.52, , 
,846.90,2944,84.0,7.8,11101001,847.17,3008,79.6,14.42,867.0,847.46,0.0,1.64, , 
,847.80,2432,82.5,0.0,11111101,848.15,2016,22.0,3.09,295.8,848.52,0.0,1.52, , 
,848.88,1952,82.5,0.0,11101011,849.23,1920,54.5,8.24,632.4,849.61,0.0,1.48, , 
,849.97,1888,82.5,0.4,11101011,850.34,1888,50.2,7.21,591.6,850.71,3.9,1.60, , 
,851.10,1856,82.5,0.0,11101011,851.44,1824,29.4,4.12,397.8,851.78,3.5,1.56, , 
,852.15,1728,84.0,2.0,11101011,852.48,1696,29.4,4.12,377.4,852.87,1.6,1.45, , 
,853.23,1664,82.5,2.0,11101011,853.56,1600,25.1,4.12,336.6,853.90,1.2,1.45, , 
,854.29,1536,84.0,0.4,11101011,854.57,1504,32.5,5.15,418.2,854.84,0.0,1.41, , 
,855.11,1472,84.0,0.0,11101011,855.38,1472,75.3,12.36,867.0,855.66,0.0,1.33, , 
,855.92,1472,84.0,0.0,11101011,856.22,1504,82.7,14.42,948.6,856.58,0.0,1.09, , 
,856.93,1536,84.0,0.0,11101011,857.31,1536,82.7,13.39,948.6,857.66,-5.9,1.41, , 
,858.01,1600,84.0,-6.3,11101011,858.39,1632,72.2,11.33,846.6,858.74,0.0,1.45, , 
,859.11,1696,84.0,-0.8,11101011,859.43,1728,72.2,11.33,826.2,859.79,0.0,1.33, , 
,860.14,1728,84.0,0.0,11101011,860.52,1696,29.4,4.12,377.4,860.90,1.2,1.48, , 
,861.26,1632,84.0,1.2,11101011,861.64,1632,51.8,8.24,591.6,861.99,0.0,1.29, , 
,862.30,1664,84.0,0.0,11101011,862.66,1728,79.6,13.39,907.8,863.02,0.0,1.45, , 
,863.37,1760,84.0,-2.7,11101011,863.72,1792,82.7,13.39,928.2,864.08,-3.1,1.48, , 
,864.46,1824,84.0,0.0,11101011,864.84,1856,65.1,10.30,754.8,865.21,-3.5,1.41, , 
,865.58,1856,84.0,-3.9,11101011,865.96,1856,59.2,9.27,693.6,866.35,-3.1,1.52, , 
,866.69,1856,84.0,0.0,11101011,867.01,1824,31.0,4.12,397.8,867.36,3.5,1.68, , 
,867.72,1760,84.0,2.3,11101011,868.09,1728,45.9,7.21,520.2,868.43,0.0,1.29, , 
,868.79,1728,84.0,0.0,11101011,869.15,1728,48.6,6.18,612.0,869.50,0.0,1.60, , 
,869.86,1728,85.5,0.0,11101011,870.24,1728,73.7,12.36,846.6,870.61,0.0,1.33, , 
,870.97,1760,85.5,0.0,11101011,871.33,1792,76.9,12.36,867.0,871.70,-1.2,1.45, , 
,872.07,1856,85.5,-0.8,11101011,872.45,1888,75.3,12.36,867.0,872.81,0.0,1.56, , 
,873.17,1920,85.5,0.0,11101011,873.54,1920,63.5,9.27,734.4,873.90,0.0,1.64, , 
,874.26,1920,85.5,0.0,11101011,874.63,1920,44.3,6.18,550.8,874.99,3.9,1.60, , 
,875.37,1888,85.5,5.1,11101011,875.75,1888,45.9,7.21,571.2,876.11,7.0,1.52, , 
,876.47,1888,85.5,7.4,11101011,876.84,1888,47.1,7.21,571.2,877.21,8.6,1.45, , 
,877.59,1888,85.5,9.0,11101011,877.97,1888,47.1,7.21,571.2,878.33,9.0,1.45, , 
,878.70,1888,85.5,8.6,11101011,879.06,1888,47.1,7.21,571.2,879.44,7.0,1.45, , 
,879.80,1888,85.5,6.6,11101011,880.15,1888,0.0,0.00,438.6,880.46,0.0,3.20, , 
,880.76,992,85.5,0.0,11111111,881.06,1120,25.1,4.12,357.0,881.36,0.0,1.72, , 
,881.65,1088,85.5,0.0,11111111,881.99,992,20.8,3.09,336.6,882.33,0.0,0.90, , 
,882.61,864,85.5,0.0,11111111,882.91,864,25.1,4.12,377.4,883.24,0.0,1.29, , 
,883.54,896,85.5,0.0,11111111,883.84,896,25.1,4.12,377.4,884.13,-0.4,1.48, , 
,884.44,864,85.5,-0.4,11111111,884.74,896,26.7,4.12,377.4,885.05,0.0,1.52, , 
,885.34,864,85.5,0.0,11111111,885.65,896,26.7,4.12,377.4,885.99,0.4,1.52, , 
,886.30,864,85.5,0.8,11111111,886.60,896,26.7,4.12,377.4,886.97,1.2,1.52, , 
,887.30,992,85.5,1.6,11111111,887.63,960,23.5,4.12,357.0,888.00,5.1,1.60, , 
,888.34,896,87.0,7.0,11101011,888.68,896,42.7,7.21,550.8,889.02,15.6,1.68, , 
,889.33,1024,85.5,16.4,11101011,889.66,1024,41.2,7.21,520.2,889.96,19.9,1.60, , 
,890.28,1088,85.5,21.5,11101011,890.62,1120,51.8,8.24,632.4,890.92,0.0,1.52, , 
,891.25,1216,85.5,2.3,11101011,891.58,1280,54.5,8.24,652.8,891.92,4.3,1.60, , 
,892.26,1408,85.5,5.5,11101011,892.53,1472,50.2,8.24,612.0,892.90,4.7,1.41, , 
,893.26,1600,85.5,4.7,11101011,893.61,1632,41.2,6.18,520.2,893.93,5.1,1.48, , 
,894.31,1728,85.5,5.5,11101011,894.70,1760,40.0,6.18,479.4,895.09,6.3,1.52, , 
,895.45,1824,85.5,6.3,11101011,895.83,1856,35.3,5.15,438.6,896.19,4.7,1.41, , 
,896.54,1920,85.5,4.7,11101011,896.91,1920,23.5,3.09,336.6,897.27,5.1,1.52, , 
,897.62,1952,85.5,5.9,11101011,897.99,1920,22.0,3.09,316.2,898.37,7.0,1.48, , 
,898.74,1920,85.5,7.8,11101011,899.11,1920,22.0,3.09,316.2,899.47,7.4,1.45, , 
,899.84,1952,85.5,7.0,11101011,900.20,1952,23.5,3.09,336.6,900.56,5.5,1.41, , 
,900.93,1952,85.5,4.3,11101011,901.29,1984,22.0,3.09,316.2,901.64,0.0,1.45, , 
,902.01,1472,85.5,0.0,11111111,902.31,992,25.1,4.12,357.0,902.63,0.0,2.89, , 
,902.96,1088,85.5,0.0,11111111,903.28,1056,22.0,4.12,336.6,903.63,0.0,0.90, , 
,903.93,960,85.5,0.0,11111111,904.22,896,23.5,3.09,357.0,904.49,0.0,1.25, , 
,904.82,864,85.5,0.0,11111111,905.12,896,26.7,4.12,377.4,905.43,0.4,1.52, , 
,905.75,896,85.5,0.8,11111111,906.07,864,26.7,4.12,377.4,906.37,2.0,1.52, , 
,906.67,896,85.5,2.3,11111111,906.97,864,26.7,4.12,377.4,907.27,2.7,1.48, , 
,907.57,896,85.5,3.1,11111111,907.89,864,26.7,4.12,397.8,908.20,2.7,1.45, , 
,908.50,896,85.5,2.7,11111111,908.80,864,26.7,4.12,397.8,909.10,2.3,1.45, , 
,909.41,864,85.5,2.0,11111111,909.70,896,26.7,4.12,397.8,910.01,1.6,1.45, , 
,910.32,896,85.5,1.2,11111111,910.65,896,26.7,4.12,397.8,910.97,0.8,1.45, , 
,911.28,864,85.5,0.8,11111111,911.59,864,26.7,4.12,397.8,911.91,0.8,1.48, , 
,912.23,864,85.5,1.2,11111111,912.53,864,28.2,4.12,397.8,912.83,1.2,1.48, , 
,913.12,896,85.5,1.2,11111111,913.44,896,26.7,4.12,397.8,913.75,1.2,1.48, , 
,914.07,896,87.0,1.2,11111111,914.38,896,26.7,4.12,397.8,914.69,1.2,1.48, , 
,915.00,896,87.0,1.2,11111111,915.31,896,26.7,4.12,397.8,915.61,1.2,1.52, , 
,915.91,896,87.0,1.6,11111111,916.21,896,26.7,4.12,397.8,916.52,1.6,1.48, , 
,916.80,864,87.0,1.2,11111111,917.09,864,26.7,4.12,397.8,917.39,1.2,1.45, , 
,917.69,896,87.0,0.8,11111111,917.98,896,26.7,4.12,397.8,918.28,0.4,1.45, , 
,918.58,896,87.0,0.0,11111111,918.88,896,26.7,4.12,397.8,919.17,0.0,1.45, , 
,919.49,896,87.0,0.0,11111111,919.81,896,26.7,4.12,397.8,920.11,-0.4,1.48, , 
,920.42,896,87.0,-0.4,11111111,920.73,864,26.7,4.12,397.8,921.04,-0.4,1.48, , 
,921.34,896,87.0,0.0,11111111,921.63,896,26.7,4.12,397.8,921.94,0.4,1.52, , 
,922.23,896,87.0,0.4,11111111,922.55,896,26.7,4.12,377.4,922.86,0.8,1.52, , 
,923.17,896,87.0,1.2,11111111,923.50,896,26.7,4.12,377.4,923.81,1.2,1.48, , 
,924.13,896,87.0,1.6,11111111,924.43,896,25.1,4.12,377.4,924.76,1.2,1.45, , 
,925.08,896,87.0,1.2,11111111,925.38,896,25.1,4.12,377.4,925.70,0.8,1.45, , 
,926.01,896,87.0,0.8,11111111,926.29,896,25.1,4.12,377.4,926.60,0.8,1.48, , 
,926.92,864,87.0,0.8,11111111,927.21,800,22.0,3.09,357.0,927.54,0.4,1.41, , 
,927.84,736,87.0,-0.8,11111111,928.13,800,26.7,4.12,397.8,928.44,-2.7,1.25, , 
,928.74,768,87.0,-3.9,11111111,929.02,768,26.7,4.12,397.8,929.32,-4.3,1.48, , 
,929.62,768,87.0,-4.3,11111111,929.94,768,26.7,4.12,397.8,930.23,-4.3,1.48, , 
,930.53,768,87.0,-4.3,11111111,930.81,768,26.7,4.12,397.8,931.10,-4.3,1.48, , 
,931.40,800,87.0,-4.3,11111111,931.70,768,41.2,7.21,499.8,932.05,0.0,1.68, , 
,932.36,1472,87.0,0.0,11101011,932.72,1600,50.2,8.24,612.0,933.09,-1.2,1.45, , 
,933.38,1504,87.0,0.0,11111111,933.74,1600,0.0,0.00,377.4,934.06,0.0,2.93, , 
,934.39,1088,87.0,0.0,11111111,934.69,1088,23.5,4.12,357.0,935.02,0.0,1.25, , 
,935.32,736,87.0,0.0,11111111,935.63,640,29.4,5.15,418.2,935.93,0.0,0.82, , 
,936.24,864,87.0,0.0,11101011,936.54,832,31.0,4.12,438.6,936.86,-2.0,1.33, , 
,937.13,704,87.0,-0.4,10101011,937.44,768,38.4,5.15,520.2,937.76,0.8,1.52, , 
,938.05,768,87.0,-0.4,10111111,938.32,768,26.7,4.12,397.8,938.64,-2.7,1.21, , 
,938.92,832,87.0,-4.7,10111111,939.22,896,28.2,4.12,418.2,939.53,-5.5,1.45, , 
,939.85,896,87.0,-5.5,10111111,940.17,896,28.2,4.12,397.8,940.47,-5.1,1.52, , 
,940.77,896,87.0,-4.7,10111111,941.07,864,28.2,4.12,397.8,941.36,-4.3,1.52, , 
,941.66,672,87.0,-4.3,10111111,941.97,704,44.3,7.21,571.2,942.29,-3.5,1.56, , 
,942.61,928,88.5,0.0,10111111,942.92,896,28.2,4.12,397.8,943.23,-2.0,1.29, , 
,943.55,896,87.0,-2.7,10111111,943.85,896,29.4,4.12,418.2,944.15,-2.7,1.48, , 
,944.46,832,87.0,-3.1,10111111,944.74,800,26.7,4.12,397.8,945.02,-3.9,1.41, , 
,945.30,800,87.0,-4.3,10111111,945.59,800,28.2,4.12,397.8,945.90,-5.5,1.41, , 
,946.19,800,87.0,-5.9,10111111,946.47,800,26.7,4.12,397.8,946.77,-7.0,1.48, , 
,947.07,800,87.0,0.0,10101011,947.39,1088,48.6,7.21,612.0,947.71,0.0,1.56, , 
,948.02,1184,87.0,0.0,10101011,948.30,992,31.0,4.12,418.2,948.58,0.4,1.52, , 
,948.87,544,88.5,0.0,10100011,949.18,608,56.1,8.24,693.6,949.48,0.0,1.68, , 
,949.78,800,87.0,0.0,10111111,950.09,800,34.1,5.15,479.4,950.41,0.0,1.02, , 
,950.71,928,87.0,-3.9,10111111,951.01,896,28.2,4.12,397.8,951.33,-7.4,1.29, , 
,951.64,896,88.5,-7.8,10111111,951.92,896,28.2,4.12,397.8,952.23,-7.0,1.56, , 
,952.54,864,88.5,-6.3,10111111,952.87,864,26.7,4.12,397.8,953.18,-5.9,1.52, , 
,953.51,832,88.5,-5.5,10111111,953.79,736,26.7,4.12,397.8,954.11,-5.5,1.48, , 
,954.42,768,88.5,-5.5,10111111,954.73,800,29.4,4.12,418.2,955.03,-6.6,1.41, , 
,955.32,768,88.5,-7.0,10111111,955.63,768,28.2,4.12,418.2,955.93,-7.4,1.48, , 
,956.24,768,88.5,-7.4,10111111,956.52,768,29.4,4.12,418.2,956.81,-7.0,1.52, , 
,957.12,800,88.5,-6.6,10111111,957.42,768,29.4,4.12,418.2,957.72,-6.3,1.52, , 
,958.01,800,88.5,-5.9,10111111,958.31,800,28.2,4.12,418.2,958.61,-5.5,1.52, , 
,958.91,768,88.5,-5.5,10111111,959.20,768,29.4,4.12,418.2,959.51,-5.1,1.52, , 
,959.82,800,88.5,-4.7,10111111,960.14,800,28.2,4.12,418.2,960.44,-4.3,1.48, , 
,960.73,768,88.5,-4.3,10111111,961.03,768,29.4,4.12,418.2,961.33,-4.3,1.48, , 
,961.63,800,88.5,-4.3,10111111,961.93,768,28.2,4.12,418.2,962.24,-4.3,1.48, , 
,962.52,800,88.5,-4.3,10111111,962.84,768,29.4,4.12,418.2,963.14,-4.3,1.48, , 
,963.45,800,88.5,-3.9,10111111,963.76,800,28.2,4.12,418.2,964.07,-3.9,1.48, , 
,964.40,800,88.5,-3.9,10111111,964.70,800,26.7,4.12,397.8,965.00,-4.7,1.45, , 
,965.30,800,88.5,-4.7,10111111,965.59,800,26.7,4.12,397.8,965.91,-5.1,1.45, , 
,966.21,800,88.5,-5.5,10111111,966.51,800,26.7,4.12,397.8,966.81,-5.5,1.48, , 
,967.11,800,88.5,-5.5,10111111,967.41,768,26.7,4.12,397.8,967.71,-5.5,1.48, , 
,968.01,800,88.5,-5.5,10111111,968.31,800,26.7,4.12,397.8,968.61,-5.1,1.48, , 
,968.91,800,88.5,-5.1,10111111,969.19,800,26.7,4.12,397.8,969.49,-5.1,1.48, , 
,969.79,800,88.5,-5.1,10111111,970.10,800,26.7,4.12,397.8,970.41,-4.7,1.48, , 
,970.70,800,88.5,-4.7,10111111,971.00,800,26.7,4.12,397.8,971.29,-4.7,1.48, , 
,971.58,800,90.0,-4.3,10111111,971.86,800,26.7,4.12,397.8,972.14,-4.3,1.48, , 
,972.43,768,90.0,-4.3,10111111,972.75,768,26.7,4.12,397.8,973.06,-3.9,1.48, , 
,973.36,768,88.5,-3.9,10111111,973.66,800,26.7,4.12,397.8,973.96,-3.9,1.48, , 
,974.24,768,90.0,-3.9,10111111,974.53,800,26.7,4.12,397.8,974.85,-3.9,1.48, , 
,975.15,768,90.0,-3.9,10111111,975.45,768,26.7,4.12,397.8,975.75,-3.5,1.48, , 
,976.05,768,90.0,-3.9,10111111,976.35,800,25.1,4.12,397.8,976.64,-3.9,1.48, , 
,976.94,800,90.0,-3.9,10111111,977.24,768,26.7,4.12,397.8,977.54,-3.9,1.48, , 
,977.87,800,90.0,-3.9,10111111,978.18,768,26.7,4.12,397.8,978.49,-3.5,1.48, , 
,978.78,800,90.0,-3.5,10111111,979.08,800,25.1,4.12,397.8,979.36,-3.5,1.48, , 
,979.66,800,90.0,-3.5,10111111,979.94,800,25.1,4.12,377.4,980.23,-3.9,1.48, , 
,980.53,768,90.0,-3.9,10111111,980.83,800,25.1,4.12,397.8,981.14,-3.9,1.45, , 
,981.44,800,90.0,-3.9,10111111,981.75,800,25.1,3.09,397.8,982.06,-4.3,1.45, , 
,982.37,800,90.0,-4.7,10111111,982.67,800,25.1,3.09,397.8,982.97,-4.7,1.45, , 
,983.27,800,90.0,-5.1,10111111,983.56,768,25.1,3.09,397.8,983.87,-5.1,1.48, , 
,984.17,800,90.0,-5.1,10111111,984.48,800,25.1,3.09,397.8,984.78,-5.1,1.48, , 
,985.09,768,90.0,-5.1,10111111,985.40,768,25.1,4.12,397.8,985.71,-5.1,1.48, , 
,986.02,800,90.0,-5.1,10111111,986.32,768,25.1,4.12,397.8,986.62,-5.5,1.48, , 
,986.92,800,90.0,-5.5,10111111,987.21,768,25.1,4.12,397.8,987.50,-5.5,1.48, , 
,987.78,768,90.0,-5.5,10111111,988.08,800,26.7,4.12,397.8,988.37,-5.9,1.48, , 
,988.67,800,91.5,-5.9,10111111,988.99,800,26.7,4.12,397.8,989.28,-5.5,1.48, , 
,989.57,800,91.5,-5.5,10111111,989.90,800,25.1,3.09,397.8,990.20,-5.5,1.48, , 
,990.51,800,91.5,-5.5,10111111,990.81,800,25.1,3.09,377.4,991.12,-5.5,1.48, , 
,991.42,768,91.5,-5.5,10111111,991.73,800,25.1,3.09,377.4,992.03,-5.5,1.45, , 
,992.33,768,91.5,-5.9,10111111,992.62,800,25.1,3.09,377.4,992.91,-5.9,1.48, , 
,993.21,768,91.5,-5.9,10111111,993.49,800,25.1,3.09,397.8,993.77,-6.3,1.48, , 
,994.08,800,91.5,-6.3,10111111,994.37,768,25.1,3.09,377.4,994.67,-6.3,1.48, , 
,994.97,768,91.5,-6.3,10111111,995.28,800,25.1,3.09,377.4,995.57,-6.3,1.48, , 
,995.88,768,91.5,-6.3,10111111,996.17,768,25.1,3.09,397.8,996.48,-6.3,1.48, , 
,996.78,768,91.5,-6.6,10111111,997.08,800,25.1,3.09,397.8,997.38,-6.6,1.48, , 
,997.68,800,91.5,-6.6,10111111,997.98,768,25.1,3.09,377.4,998.28,-6.6,1.48, , 
,998.58,800,91.5,-6.3,10111111,998.88,768,25.1,3.09,397.8,999.17,-6.3,1.48, , 
,999.47,800,91.5,-5.9,10111111,999.76,768,25.1,3.09,397.8,1000.06,-5.9,1.48, , 
,1000.37,768,91.5,-5.5,10111111,1000.66,768,25.1,4.12,397.8,1000.95,-5.5,1.48, , 
,1001.26,800,91.5,-5.5,10111111,1001.57,800,25.1,3.09,397.8,1001.88,-5.1,1.52, , 
,1002.17,768,91.5,-5.1,10111111,1002.47,768,25.1,3.09,397.8,1002.77,-5.1,1.48, , 
,1003.05,768,91.5,-5.1,10111111,1003.35,800,25.1,3.09,377.4,1003.63,-5.1,1.45, , 
,1003.92,800,91.5,-5.1,10111111,1004.21,800,25.1,3.09,377.4,1004.53,-5.5,1.45, , 
,1004.82,800,91.5,-5.5,10111111,1005.13,800,25.1,3.09,397.8,1005.41,-5.9,1.48, , 
,1005.71,800,91.5,-5.9,10111111,1006.00,800,25.1,3.09,377.4,1006.30,-5.9,1.48, , 
,1006.59,800,91.5,-5.5,10111111,1006.89,800,25.1,3.09,377.4,1007.19,-5.9,1.48, , 
,1007.49,768,91.5,-5.9,10111111,1007.78,800,25.1,3.09,397.8,1008.08,-5.9,1.48, , 
,1008.38,800,91.5,-5.9,10111111,1008.69,800,25.1,3.09,377.4,1008.99,-5.9,1.48, , 
,1009.29,800,93.0,-5.9,10111111,1009.59,800,25.1,3.09,377.4,1009.90,-5.9,1.48, , 
,1010.21,800,91.5,-6.3,10111111,1010.50,800,25.1,3.09,377.4,1010.80,-6.3,1.48, , 
,1011.08,800,93.0,-6.3,10111111,1011.36,800,25.1,3.09,377.4,1011.65,-6.3,1.48, , 
,1011.95,768,93.0,-6.3,10111111,1012.25,800,25.1,3.09,377.4,1012.55,-6.3,1.48, , 
,1012.84,768,93.0,-6.3,10111111,1013.15,768,25.1,3.09,377.4,1013.45,-6.3,1.48, , 
,1013.75,800,93.0,-6.3,10111111,1014.04,768,25.1,3.09,377.4,1014.35,-5.9,1.48, , 
,1014.65,800,93.0,-5.9,10111111,1014.95,768,25.1,3.09,377.4,1015.25,-5.9,1.48, , 
,1015.55,768,93.0,-6.3,10111111,1015.85,800,25.1,3.09,377.4,1016.14,-5.9,1.48, , 
,1016.44,800,93.0,-5.9,10111111,1016.73,800,25.1,3.09,377.4,1017.05,-5.9,1.48, , 
,1017.35,800,93.0,-5.9,10111111,1017.64,768,25.1,3.09,377.4,1017.94,-6.3,1.48, , 
,1018.23,768,93.0,-6.3,10111111,1018.53,800,25.1,3.09,377.4,1018.83,-6.3,1.48, , 
,1019.12,768,93.0,-6.3,10111111,1019.42,768,25.1,3.09,397.8,1019.72,-6.3,1.48, , 
,1020.01,768,93.0,-6.3,10111111,1020.32,768,25.1,3.09,397.8,1020.62,-6.3,1.48, , 
,1020.91,768,93.0,-6.3,10111111,1021.19,768,25.1,3.09,397.8,1021.48,-5.9,1.48, , 
,1021.77,800,93.0,-5.9,10111111,1022.06,800,25.1,3.09,397.8,1022.37,-6.3,1.48, , 
,1022.67,800,93.0,-5.9,10111111,1022.98,800,25.1,3.09,397.8,1023.27,-5.9,1.48, , 
,1023.56,800,93.0,-5.9,10111111,1023.86,768,25.1,3.09,377.4,1024.16,-6.3,1.48, , 
,1024.46,800,93.0,-6.3,10111111,1024.76,800,25.1,3.09,377.4,1025.05,-6.3,1.48, , 
,1025.34,800,93.0,-6.3,10111111,1025.64,800,25.1,3.09,397.8,1025.94,-6.3,1.48, , 
,1026.24,800,94.5,-6.3,10111111,1026.53,800,25.1,3.09,397.8,1026.83,-6.3,1.48, , 
,1027.11,800,94.5,-6.3,10111111,1027.41,768,25.1,3.09,377.4,1027.72,-6.3,1.48, , 
,1028.01,768,94.5,-6.3,10111111,1028.30,768,25.1,4.12,397.8,1028.60,-6.3,1.48, , 
,1028.90,768,94.5,-6.3,10111111,1029.19,800,26.7,4.12,397.8,1029.50,-5.9,1.52, , 
,1029.80,800,94.5,-5.9,10111111,1030.10,800,26.7,4.12,397.8,1030.39,-5.5,1.48, , 
,1030.69,768,94.5,-5.5,10111111,1030.98,768,26.7,4.12,397.8,1031.28,-5.5,1.48, , 
,1031.58,768,94.5,-5.5,10111111,1031.89,800,26.7,4.12,397.8,1032.21,-5.5,1.48, , 
,1032.51,800,94.5,-5.5,10111111,1032.82,768,26.7,4.12,397.8,1033.13,-5.5,1.48, , 
,1033.41,800,94.5,-5.1,10111111,1033.70,768,26.7,4.12,397.8,1034.00,-5.1,1.48, , 
,1034.29,800,94.5,-5.1,10111111,1034.59,768,26.7,4.12,397.8,1034.90,-5.1,1.48, , 
,1035.21,768,94.5,-5.1,10111111,1035.50,800,26.7,4.12,397.8,1035.80,-5.1,1.48, , 
