Czwartek,23,Lipiec,2026,08:45:26:00009-VCID:1C3761778CABCE7337-515A,Wersja VCDS: AKP 23.3.1,Wersja danych: 20230601 DS346.2
047 906 033 L,,1.4l SIMOS3PA   00HS5401,

,Grupa A:,'001,,,,Grupa B:,'002,,,,Grupa C:,'033
,,Obroty silnika,Temperatura,Lambda,Bity binarnie,,Obroty silnika,Obciążenie,Czas wtrysku,Ciśnienie rzecz.,,Lambda,Napięcie, , 
,CZAS,,,,,CZAS,,,,,CZAS,,,,
Znacznik,ZAPISU, /min,*C, %,,ZAPISU, /min, %, ms, mbar,ZAPISU, %, V,,
,0.60,800,88.5,-0.4,10111111,0.91,768,29.4,3.09,438.6,0.29,0.0,1.45, , 
,1.52,800,88.5,-0.4,10111111,1.83,800,29.4,3.09,418.2,1.22,-0.4,1.48, , 
,2.47,1312,88.5,0.0,10101011,2.81,1824,35.3,4.12,459.0,2.14,0.0,1.56, , 
,3.48,2016,88.5,0.0,10101001,3.79,1920,44.3,5.15,571.2,3.12,0.0,1.37, , 
,4.47,1920,88.5,0.0,10101011,4.80,2208,69.4,10.30,775.2,4.13,0.0,1.45, , 
,5.51,1600,88.5,0.0,10101011,5.86,1312,25.1,4.12,357.0,5.13,0.0,1.80, , 
,6.56,1408,88.5,0.0,10101011,6.94,1376,40.0,5.15,499.8,6.23,0.0,1.21, , 
,7.62,1440,88.5,-1.2,10111111,8.01,1440,23.5,3.09,336.6,7.32,0.0,1.52, , 
,8.77,1440,88.5,-7.0,10101011,9.14,1440,22.0,2.06,316.2,8.36,-5.5,1.33, , 
,9.82,1440,88.5,-10.2,10101011,10.09,1472,22.0,2.06,316.2,9.45,-10.5,1.37, , 
,10.83,1472,88.5,-8.6,10101011,11.20,1472,31.0,3.09,397.8,10.44,-10.9,1.52, , 
,11.88,1472,88.5,-4.7,10101011,12.28,1504,34.1,4.12,438.6,11.60,-6.6,1.64, , 
,12.99,1600,88.5,-2.0,10101011,13.36,1632,41.2,5.15,499.8,12.64,-3.5,1.64, , 
,14.09,1760,88.5,4.3,10101011,14.43,1888,50.2,7.21,612.0,13.72,3.5,1.64, , 
,15.14,2048,88.5,6.3,10101001,15.48,2144,63.5,9.27,734.4,14.79,7.0,1.45, , 
,16.14,2400,88.5,1.2,10101001,16.49,2496,65.1,9.27,734.4,15.81,2.3,1.33, , 
,17.15,2112,88.5,0.0,10111101,17.46,1600,0.0,0.00,316.2,16.82,0.0,1.33, , 
,18.12,1696,88.5,0.0,10101011,18.46,1728,20.8,3.09,295.8,17.76,0.0,3.87, , 
,19.15,1696,88.5,0.0,10101011,19.48,1728,20.8,2.06,295.8,18.80,0.0,0.82, , 
,20.20,1728,88.5,-5.1,10101011,20.55,1728,20.8,2.06,316.2,19.83,-4.3,1.37, , 
,21.30,1728,88.5,-4.7,10101011,21.65,1728,22.0,2.06,316.2,20.92,-5.1,1.48, , 
,22.38,1728,88.5,-2.7,10101011,22.76,1728,26.7,3.09,357.0,22.01,-3.9,1.56, , 
,23.49,1760,88.5,-2.0,10101011,23.85,1760,28.2,3.09,377.4,23.12,-2.3,1.52, , 
,24.62,1792,88.5,-0.8,10101011,25.00,1792,28.2,3.09,377.4,24.22,-2.0,1.48, , 
,25.72,1824,88.5,-6.6,10101011,26.08,1824,26.7,3.09,357.0,25.35,-5.1,1.37, , 
,26.83,1824,88.5,-11.3,10101011,27.24,1824,26.7,3.09,357.0,26.46,-9.4,1.37, , 
,28.00,1856,88.5,-13.3,10101011,28.35,1856,25.1,3.09,357.0,27.61,-12.1,1.48, , 
,29.09,1856,87.0,-14.5,10101011,29.48,1856,25.1,3.09,357.0,28.72,-13.7,1.52, , 
,30.23,1856,88.5,-9.4,10101011,30.61,1856,25.1,3.09,336.6,29.87,-10.2,1.52, , 
,31.37,1824,87.0,-9.4,10101011,31.76,1824,23.5,3.09,336.6,30.98,-9.4,1.48, , 
,32.54,1824,88.5,-11.3,10101011,32.92,1824,25.1,3.09,336.6,32.15,-10.9,1.45, , 
,33.68,1824,87.0,-9.4,10101011,34.05,1824,23.5,3.09,336.6,33.30,-9.4,1.48, , 
,34.81,1824,87.0,-9.8,10101011,35.17,1824,25.1,3.09,336.6,34.43,-9.0,1.48, , 
,35.90,1824,87.0,-7.0,10101011,36.28,1824,25.1,3.09,336.6,35.54,-8.2,1.48, , 
,37.02,1824,87.0,-8.6,10101011,37.39,1824,22.0,2.06,316.2,36.64,-5.9,1.48, , 
,38.11,1792,87.0,-7.4,10101011,38.47,1760,20.8,2.06,295.8,37.75,-12.1,1.33, , 
,39.20,1728,87.0,-7.4,10101011,39.57,1728,22.0,2.06,316.2,38.84,-3.9,1.76, , 
,40.30,1696,87.0,-3.5,10101011,40.63,1696,23.5,3.09,336.6,39.96,-3.5,1.56, , 
,41.34,1696,87.0,-1.2,10101011,41.68,1696,26.7,3.09,357.0,40.97,-2.0,1.52, , 
,42.40,1696,87.0,2.0,10101011,42.74,1696,29.4,4.12,377.4,42.03,0.0,1.52, , 
,43.47,1696,87.0,5.9,10101011,43.82,1696,29.4,4.12,377.4,43.14,4.7,1.56, , 
,44.57,1696,87.0,6.6,10101011,44.92,1728,29.4,4.12,397.8,44.21,5.1,1.48, , 
,45.64,1728,87.0,5.5,10101011,46.03,1728,31.0,4.12,397.8,45.27,5.5,1.48, , 
,46.77,1728,87.0,6.3,10101011,47.13,1696,31.0,4.12,418.2,46.41,6.3,1.45, , 
,47.87,1728,87.0,5.9,10101011,48.23,1728,20.8,3.09,316.2,47.51,6.6,1.45, , 
,48.92,1696,87.0,0.4,10111111,49.28,1696,22.0,2.06,316.2,48.61,1.2,1.21, , 
,49.95,1664,87.0,2.0,10111111,50.28,1632,22.0,3.09,316.2,49.62,0.8,1.48, , 
,50.99,1600,85.5,3.9,10111111,51.32,1600,22.0,3.09,316.2,50.62,3.1,1.56, , 
,52.03,1536,87.0,4.3,10111111,52.40,1504,22.0,3.09,336.6,51.67,3.9,1.48, , 
,53.12,1504,87.0,2.3,10101011,53.45,1472,23.5,3.09,336.6,52.71,3.1,1.45, , 
,54.07,1472,87.0,-1.2,10101011,54.46,1472,23.5,3.09,336.6,53.71,0.8,1.41, , 
,55.00,1472,87.0,-2.3,10101011,55.42,1472,29.4,4.12,397.8,54.73,-2.7,1.45, , 
,56.30,1504,85.5,-0.8,10101011,56.56,1504,36.9,5.15,459.0,55.86,-2.3,1.52, , 
,57.26,1536,85.5,2.3,10101011,57.61,1536,36.9,5.15,479.4,56.95,1.6,1.52, , 
,58.33,1536,85.5,4.7,10101011,58.73,1568,36.9,5.15,459.0,57.96,3.9,1.48, , 
,59.42,1568,85.5,3.9,10101011,59.77,1600,29.4,4.12,397.8,59.08,3.9,1.45, , 
,60.50,1600,85.5,2.0,10101011,60.87,1632,28.2,4.12,377.4,60.13,2.7,1.41, , 
,61.61,1600,85.5,0.0,10101011,62.00,1600,25.1,3.09,336.6,61.25,2.0,1.45, , 
,62.69,1600,85.5,-1.6,10101011,63.05,1600,23.5,3.09,336.6,62.33,-1.6,1.45, , 
,63.75,1568,85.5,-3.1,10101011,64.09,1568,22.0,2.06,316.2,63.39,-3.1,1.45, , 
,64.74,1536,87.0,-4.7,10111111,65.12,1536,22.0,2.06,316.2,64.42,-5.5,1.45, , 
,65.93,1504,85.5,-0.8,10101011,66.20,1504,22.0,3.09,316.2,65.47,-3.1,1.60, , 
,66.74,1472,85.5,-0.8,10101011,67.19,1472,22.0,3.09,336.6,66.46,0.0,1.48, , 
,67.84,1472,85.5,-3.1,10101011,68.21,1440,22.0,2.06,336.6,67.46,-2.3,1.41, , 
,68.91,1440,85.5,-4.3,10101011,69.24,1440,23.5,3.09,336.6,68.56,-4.7,1.45, , 
,69.87,1440,85.5,-5.5,10101011,70.19,1440,23.5,3.09,336.6,69.54,-5.1,1.48, , 
,70.86,1408,85.5,-5.9,10101011,71.18,1440,20.8,2.06,316.2,70.51,-5.5,1.52, , 
,71.92,1376,85.5,-7.4,10101011,72.25,1440,20.8,2.06,316.2,71.56,-8.6,1.45, , 
,72.92,1408,85.5,-0.8,10101011,73.25,1440,26.7,3.09,357.0,72.57,-2.3,1.48, , 
,73.93,1440,85.5,4.3,10101011,74.34,1440,26.7,3.09,357.0,73.58,3.1,1.60, , 
,74.96,1472,85.5,3.9,10111111,75.34,1536,22.0,3.09,316.2,74.61,4.3,1.48, , 
,75.96,1408,85.5,2.0,10111111,76.27,1248,23.5,3.09,336.6,75.60,2.0,1.41, , 
,76.84,832,85.5,3.1,10111111,77.14,896,29.4,3.09,418.2,76.56,3.5,1.56, , 
,77.73,864,85.5,3.5,10111111,78.04,864,29.4,3.09,418.2,77.45,3.5,1.48, , 
,78.69,896,85.5,5.9,10111111,78.99,896,29.4,3.09,418.2,78.37,4.7,1.60, , 
,79.60,896,85.5,7.8,10111111,79.92,896,29.4,3.09,418.2,79.31,7.0,1.56, , 
,80.51,896,85.5,3.1,10111111,80.81,896,29.4,3.09,418.2,80.21,3.1,1.52, , 
,81.40,896,85.5,3.9,10111111,81.71,896,28.2,3.09,397.8,81.11,3.9,1.52, , 
,82.30,800,85.5,5.1,10111111,82.59,736,31.0,4.12,438.6,82.02,4.3,1.56, , 
,83.22,896,87.0,0.0,10101011,83.54,1152,38.4,5.15,499.8,82.90,0.0,1.56, , 
,84.18,960,85.5,3.9,10101011,84.47,960,40.0,5.15,520.2,83.86,1.6,1.56, , 
,85.08,1120,85.5,6.3,10101011,85.40,1248,41.2,6.18,520.2,84.77,7.4,1.64, , 
,86.12,1472,85.5,7.8,10101011,86.48,1568,34.1,5.15,438.6,85.75,6.6,1.48, , 
,87.21,1696,85.5,6.3,10101011,87.55,1792,40.0,6.18,479.4,86.84,7.0,1.37, , 
,88.27,2144,85.5,0.0,10101001,88.61,1856,0.0,0.00,357.0,87.91,0.0,1.29, , 
,89.26,1344,85.5,0.0,10101011,89.59,1312,35.3,5.15,459.0,88.93,0.0,3.71, , 
,90.30,1376,87.0,0.0,10101011,90.67,1408,38.4,5.15,479.4,89.95,0.0,1.29, , 
,91.22,1472,85.5,4.7,10101011,91.57,1504,35.3,5.15,459.0,90.95,3.1,1.60, , 
,92.24,1536,85.5,4.3,10101011,92.59,1536,22.0,3.09,316.2,91.90,4.7,1.52, , 
,93.24,1536,87.0,-2.7,10101011,93.57,1536,22.0,2.06,316.2,92.91,-0.4,1.29, , 
,94.21,1568,87.0,-5.1,10101011,94.55,1536,22.0,2.06,316.2,93.88,-5.5,1.33, , 
,95.25,1568,87.0,-2.0,10101011,95.59,1568,23.5,2.06,336.6,94.89,-2.0,1.48, , 
,96.33,1632,87.0,7.0,10101011,96.67,1664,31.0,4.12,397.8,95.95,3.5,1.64, , 
,97.41,1760,87.0,13.7,10101011,97.79,1824,35.3,5.15,459.0,97.03,10.5,1.64, , 
,98.54,1920,85.5,14.8,10101011,98.92,1952,31.0,4.12,397.8,98.17,14.8,1.48, , 
,99.62,2048,87.0,13.7,10101001,99.97,2112,42.7,6.18,499.8,99.28,12.5,1.37, , 
,100.65,2240,87.0,16.8,10101001,101.00,2336,50.2,7.21,591.6,100.30,16.0,1.52, , 
,101.68,2496,87.0,16.8,10101001,102.01,2528,0.0,0.00,377.4,101.34,16.8,1.45, , 
,102.72,1472,87.0,0.0,10111111,103.03,1216,23.5,3.09,336.6,102.36,0.0,3.44, , 
,103.73,1728,87.0,0.0,10101011,104.08,1728,22.0,2.06,316.2,103.37,0.0,2.97, , 
,104.80,1728,87.0,3.9,10101011,105.16,1760,23.5,3.09,336.6,104.42,0.0,1.56, , 
,105.89,1760,87.0,6.6,10101011,106.21,1760,23.5,3.09,316.2,105.53,5.1,1.60, , 
,106.93,1792,87.0,6.6,10101011,107.31,1760,26.7,3.09,357.0,106.57,6.6,1.45, , 
,108.07,1792,87.0,4.7,10101011,108.43,1824,26.7,3.09,357.0,107.69,5.9,1.41, , 
,109.15,1824,87.0,3.1,10101011,109.53,1824,26.7,3.09,357.0,108.78,4.3,1.41, , 
,110.27,1824,87.0,1.6,10101011,110.64,1856,25.1,3.09,357.0,109.90,2.0,1.45, , 
,111.40,1824,85.5,-1.6,10101011,111.75,1856,20.8,2.06,295.8,111.03,-0.4,1.45, , 
,112.50,1824,87.0,1.6,10101011,112.87,1824,17.6,2.06,275.4,112.11,-3.5,1.41, , 
,113.60,1824,87.0,2.7,10101011,113.96,1824,20.8,2.06,316.2,113.24,-2.0,1.33, , 
,114.71,1792,85.5,-0.8,10101011,115.07,1792,26.7,3.09,357.0,114.35,-1.6,1.48, , 
,115.79,1824,85.5,2.0,10101011,116.16,1824,26.7,3.09,357.0,115.43,1.2,1.52, , 
,116.90,1824,85.5,3.1,10101011,117.27,1824,26.7,3.09,357.0,116.52,3.1,1.48, , 
,118.01,1856,85.5,3.9,10101011,118.36,1856,28.2,3.09,377.4,117.65,3.1,1.52, , 
,119.10,1824,85.5,3.1,10101011,119.47,1856,29.4,4.12,397.8,118.75,5.1,1.45, , 
,120.22,1856,85.5,8.2,10101011,120.61,1856,35.3,4.12,438.6,119.86,5.9,1.56, , 
,121.33,1888,85.5,11.7,10101011,121.68,1920,34.1,4.12,438.6,120.95,10.9,1.52, , 
,122.40,1920,85.5,14.5,10101011,122.77,1920,32.5,4.12,418.2,122.04,13.7,1.48, , 
,123.50,1952,85.5,12.1,10101011,123.88,1952,31.0,4.12,397.8,123.14,12.1,1.37, , 
,124.61,1952,85.5,7.8,10101011,124.98,1952,31.0,4.12,397.8,124.25,8.2,1.41, , 
,125.68,1984,85.5,7.4,10101011,126.03,1984,31.0,4.12,397.8,125.33,7.0,1.45, , 
,126.74,2016,85.5,4.3,10101001,127.08,2016,31.0,4.12,397.8,126.38,4.7,1.45, , 
,127.81,2016,85.5,3.9,10101001,128.16,2016,31.0,4.12,397.8,127.45,3.9,1.48, , 
,128.83,2048,85.5,3.9,10101001,129.18,2048,31.0,4.12,397.8,128.50,3.5,1.48, , 
,129.92,2048,85.5,3.5,10101001,130.25,2080,34.1,4.12,418.2,129.54,3.5,1.52, , 
,130.95,2080,85.5,4.3,10101001,131.30,2080,26.7,3.09,357.0,130.60,5.1,1.52, , 
,131.97,2080,85.5,-1.6,10101001,132.32,2080,26.7,3.09,357.0,131.64,-0.4,1.37, , 
,133.03,2112,85.5,-3.9,10101001,133.37,2112,26.7,3.09,357.0,132.68,-3.5,1.45, , 
,134.05,2112,85.5,-3.9,10101001,134.37,2112,34.1,4.12,438.6,133.71,-4.3,1.52, , 
,135.09,2144,85.5,1.6,10101001,135.43,2144,42.7,6.18,499.8,134.74,0.8,1.60, , 
,136.13,2208,85.5,8.2,10101001,136.48,2208,40.0,5.15,479.4,135.79,5.9,1.60, , 
,137.17,2240,85.5,10.5,10101001,137.50,2208,44.3,6.18,520.2,136.83,9.8,1.48, , 
,138.18,2240,85.5,13.3,10101001,138.52,2272,48.6,7.21,571.2,137.84,12.9,1.48, , 
,139.19,2304,85.5,14.5,10101001,139.53,2304,47.1,7.21,571.2,138.85,14.5,1.45, , 
,140.21,2368,85.5,10.9,10101001,140.56,2368,45.9,6.18,550.8,139.87,11.7,1.45, , 
,141.21,2368,85.5,9.8,10101001,141.54,2368,42.7,6.18,499.8,140.89,10.2,1.45, , 
,142.30,2400,85.5,6.3,10101001,142.67,2400,44.3,6.18,520.2,141.93,6.6,1.45, , 
,143.38,2432,85.5,6.3,10101001,143.75,2464,42.7,6.18,499.8,143.02,6.6,1.52, , 
,144.44,2240,85.5,0.0,10111101,144.74,1664,0.0,0.00,316.2,144.09,4.7,1.45, , 
,145.44,1792,85.5,0.0,10101011,145.79,1760,19.2,3.09,295.8,145.08,0.0,3.87, , 
,146.51,1728,85.5,0.0,10101011,146.86,1728,32.5,4.12,418.2,146.18,0.0,0.94, , 
,147.61,1760,85.5,6.3,10101011,147.96,1760,50.2,8.24,591.6,147.22,3.5,1.64, , 
,148.67,1792,84.0,8.6,10101011,149.05,1824,54.5,8.24,652.8,148.34,8.6,1.52, , 
,149.77,1824,84.0,0.0,10101011,150.16,1824,29.4,4.12,377.4,149.43,7.8,1.41, , 
,150.91,1824,84.0,0.0,10101011,151.28,1824,38.4,5.15,479.4,150.55,0.8,1.56, , 
,152.04,1856,84.0,4.3,10101011,152.41,1856,42.7,6.18,520.2,151.67,3.9,1.60, , 
,153.13,1856,84.0,0.0,10101011,153.50,1856,26.7,3.09,357.0,152.79,0.0,1.52, , 
,154.23,1824,84.0,-2.7,10101011,154.61,1856,28.2,3.09,377.4,153.86,-1.6,1.41, , 
,155.32,1824,84.0,-1.2,10101011,155.67,1824,32.5,4.12,418.2,154.98,-2.3,1.52, , 
,156.43,1856,84.0,0.4,10101011,156.79,1824,32.5,4.12,418.2,156.06,-0.4,1.56, , 
,157.53,1856,84.0,2.3,10101011,157.91,1856,32.5,4.12,418.2,157.16,1.2,1.52, , 
,158.63,1856,84.0,2.0,10101011,159.00,1856,29.4,4.12,397.8,158.26,3.5,1.45, , 
,159.74,1856,84.0,1.6,10101011,160.10,1824,31.0,4.12,397.8,159.37,2.0,1.45, , 
,160.82,1856,84.0,0.8,10101011,161.18,1856,34.1,5.15,438.6,160.47,0.8,1.48, , 
,161.92,1856,84.0,3.1,10101011,162.28,1856,34.1,4.12,438.6,161.53,2.0,1.52, , 
,163.03,1856,84.0,2.3,10101011,163.42,1856,32.5,4.12,418.2,162.67,2.7,1.45, , 
,164.16,1856,84.0,2.7,10101011,164.54,1888,32.5,4.12,418.2,163.78,2.3,1.48, , 
,165.29,1888,84.0,2.3,10101011,165.67,1888,34.1,5.15,438.6,164.92,2.0,1.48, , 
,166.36,1888,84.0,2.3,10101011,166.72,1888,35.3,5.15,438.6,166.01,2.3,1.48, , 
,167.44,1920,84.0,3.9,10101011,167.79,1920,35.3,5.15,438.6,167.08,3.1,1.48, , 
,168.51,1920,84.0,4.7,10101011,168.86,1952,44.3,6.18,520.2,168.15,3.1,1.48, , 
,169.60,1952,84.0,0.0,10101011,169.96,1952,25.1,3.09,336.6,169.23,7.4,1.48, , 
,170.68,1952,84.0,-4.3,10101011,171.03,1952,25.1,3.09,336.6,170.32,-2.0,1.37, , 
,171.76,1952,84.0,-5.5,10101011,172.13,1920,36.9,5.15,459.0,171.40,-5.1,1.45, , 
,172.85,1952,84.0,-0.8,10101011,173.21,1952,36.9,5.15,459.0,172.49,-1.6,1.60, , 
,173.94,1952,82.5,4.3,10101011,174.31,1952,42.7,6.18,520.2,173.56,1.2,1.56, , 
,174.99,2016,82.5,7.8,10101001,175.33,1984,48.6,7.21,591.6,174.65,6.3,1.48, , 
,176.04,2016,82.5,9.4,10101001,176.38,2016,48.6,7.21,571.2,175.69,8.6,1.45, , 
,177.09,2048,82.5,8.6,10101001,177.46,2048,48.6,7.21,571.2,176.73,8.6,1.41, , 
,178.17,2048,82.5,5.9,10101001,178.54,2080,51.8,7.21,612.0,177.82,5.9,1.45, , 
,179.28,2080,82.5,3.5,11101001,179.61,2080,59.2,8.24,673.2,178.91,4.7,1.45, , 
,180.29,2112,82.5,0.0,11101001,180.64,2112,45.9,6.18,550.8,179.95,2.7,1.45, , 
,181.33,2144,82.5,2.3,11101001,181.66,2112,45.9,6.18,550.8,180.99,2.3,1.60, , 
,182.35,2112,82.5,0.0,11101001,182.69,2112,16.1,2.06,244.8,182.01,0.0,1.48, , 
,183.36,2112,82.5,-2.7,11101001,183.71,2080,14.9,2.06,244.8,183.02,0.0,1.45, , 
,184.41,2048,82.5,-0.8,11101001,184.75,2048,23.5,3.09,336.6,184.07,-0.8,1.52, , 
,185.46,2016,82.5,0.0,11101001,185.82,2016,42.7,6.18,520.2,185.11,0.0,1.48, , 
,186.53,2016,82.5,5.1,11101001,186.89,2016,44.3,6.18,550.8,186.17,4.3,1.64, , 
,187.58,2016,82.5,6.3,11101001,187.92,2016,44.3,6.18,520.2,187.23,5.9,1.48, , 
,188.62,2016,82.5,6.3,11101001,188.98,2016,44.3,6.18,520.2,188.28,6.6,1.48, , 
,189.68,2016,82.5,5.1,11101001,190.03,2016,31.0,4.12,397.8,189.34,6.3,1.45, , 
,190.74,2016,82.5,1.2,11101001,191.10,1984,31.0,4.12,397.8,190.37,2.0,1.41, , 
,191.83,1984,82.5,0.0,11101011,192.18,1984,32.5,4.12,418.2,191.46,-0.4,1.41, , 
,192.90,1952,82.5,2.0,11101011,193.27,1952,28.2,3.09,377.4,192.53,-1.2,1.48, , 
,194.01,1920,82.5,-0.4,11101011,194.37,1920,26.7,3.09,357.0,193.63,0.0,1.45, , 
,195.11,1920,82.5,0.0,11111111,195.46,1856,19.2,2.06,275.4,194.75,-1.2,1.45, , 
,196.18,1824,81.0,0.0,11111111,196.52,1792,0.0,0.00,295.8,195.81,0.0,2.97, , 
,197.16,1760,81.0,0.0,11111111,197.47,1728,0.0,0.00,316.2,196.84,0.0,3.98, , 
,198.17,1696,81.0,0.0,11101011,198.54,1632,20.8,3.09,295.8,197.82,0.0,3.98, , 
,199.24,1632,81.0,0.0,11101011,199.59,1632,22.0,2.06,316.2,198.89,0.0,1.17, , 
,200.30,1632,81.0,-1.2,11101011,200.65,1632,25.1,3.09,336.6,199.94,0.4,1.52, , 
,201.37,1600,81.0,3.9,11101011,201.74,1600,32.5,4.12,418.2,201.01,2.0,1.60, , 
,202.47,1600,81.0,8.6,11101011,202.81,1632,32.5,4.12,418.2,202.10,7.4,1.60, , 
,203.52,1600,81.0,10.5,11101011,203.86,1632,50.2,7.21,591.6,203.17,10.2,1.52, , 
,204.53,992,81.0,0.0,11101011,204.88,1824,32.5,5.15,418.2,204.22,0.0,1.88, , 
,205.56,2112,81.0,0.0,11101001,205.91,2144,34.1,5.15,418.2,205.22,0.0,0.98, , 
,206.61,2144,81.0,1.2,10101001,206.94,2144,42.7,6.18,520.2,206.27,-0.8,1.60, , 
,207.61,2208,81.0,5.1,11101001,207.95,2208,42.7,6.18,499.8,207.27,3.5,1.56, , 
,208.62,2240,81.0,7.4,11101001,208.97,2240,41.2,6.18,499.8,208.27,6.6,1.48, , 
,209.63,2240,81.0,0.0,11101001,209.99,2240,19.2,2.06,275.4,209.31,7.0,1.48, , 
,210.69,2144,81.0,2.0,11111101,211.03,2112,0.0,0.00,244.8,210.34,-4.7,1.21, , 
,211.72,1984,81.0,0.0,11111111,212.04,1888,0.0,0.00,275.4,211.38,0.0,3.67, , 
,212.70,1664,81.0,0.0,11111111,213.15,1536,0.0,0.00,336.6,212.36,0.0,3.95, , 
,213.77,1248,81.0,0.0,10111111,214.09,1120,23.5,3.09,336.6,213.46,0.0,4.02, , 
,214.70,896,81.0,0.0,10111111,215.01,896,26.7,3.09,397.8,214.40,0.0,1.72, , 
,215.62,864,81.0,0.0,10111111,215.94,864,28.2,3.09,397.8,215.32,0.0,1.09, , 
,216.60,1344,81.0,0.0,10101011,216.89,1440,56.1,8.24,673.2,216.25,0.0,1.60, , 
,217.53,1216,81.0,0.0,10101011,217.82,1216,60.4,9.27,714.0,217.22,0.0,1.64, , 
,218.46,1376,81.0,0.0,10101011,218.76,1472,76.9,11.33,887.4,218.15,4.3,1.60, , 
,219.42,1664,81.0,0.0,10101011,219.79,1792,79.6,12.36,907.8,219.09,0.0,1.48, , 
,220.49,2016,81.0,-2.0,11101001,220.83,2144,84.3,13.39,928.2,220.16,-0.8,1.48, , 
,221.52,2368,81.0,-7.0,11101001,221.87,2528,76.9,10.30,846.6,221.17,-5.9,1.29, , 
,222.57,1504,81.0,0.0,11111111,222.88,1184,26.7,4.12,357.0,222.24,0.0,3.16, , 
,223.59,1568,81.0,0.0,11101011,223.93,1568,41.2,6.18,499.8,223.25,0.0,1.95, , 
,224.60,1600,81.0,0.0,11101011,224.95,1632,66.3,10.30,775.2,224.27,0.0,1.60, , 
,225.63,1664,81.0,0.0,11101011,225.99,1696,40.0,5.15,499.8,225.29,0.0,1.48, , 
,226.68,1696,81.0,6.6,11101011,227.01,1696,41.2,6.18,499.8,226.36,5.9,1.72, , 
,227.73,1696,81.0,9.4,11101011,228.08,1728,41.2,6.18,499.8,227.35,8.2,1.52, , 
,228.81,1728,81.0,13.7,11101011,229.17,1760,56.1,9.27,652.8,228.42,11.7,1.52, , 
,229.87,1792,81.0,9.4,11101011,230.23,1824,53.3,8.24,632.4,229.52,10.5,1.25, , 
,230.97,1856,81.0,7.8,11101011,231.36,1856,41.2,6.18,499.8,230.60,8.2,1.41, , 
,232.11,1856,81.0,6.6,11101011,232.49,1856,36.9,5.15,459.0,231.74,6.6,1.45, , 
,233.24,1888,81.0,9.4,11101011,233.61,1888,40.0,5.15,479.4,232.86,6.3,1.48, , 
,234.33,1888,81.0,8.2,11101011,234.69,1888,38.4,5.15,479.4,233.98,9.0,1.48, , 
,235.43,1920,81.0,8.6,11101011,235.79,1920,36.9,5.15,459.0,235.07,7.8,1.52, , 
,236.53,1888,81.0,6.3,11101011,236.88,1920,36.9,5.15,459.0,236.16,7.0,1.48, , 
,237.62,1920,81.0,6.3,11101011,238.00,1920,28.2,3.09,377.4,237.25,9.0,1.41, , 
,238.74,1920,81.0,8.2,11101011,239.10,1920,31.0,4.12,397.8,238.37,3.9,1.45, , 
,239.82,1920,81.0,6.6,11101011,240.18,1920,28.2,3.09,377.4,239.45,7.0,1.52, , 
,240.92,1920,81.0,6.6,11101011,241.27,1920,28.2,3.09,377.4,240.54,8.2,1.45, , 
,241.99,1920,81.0,9.0,11101011,242.35,1920,28.2,3.09,377.4,241.64,5.5,1.52, , 
,243.08,1920,81.0,10.5,11101011,243.44,1920,28.2,3.09,377.4,242.72,9.4,1.56, , 
,244.15,1920,81.0,10.5,11101011,244.51,1920,26.7,3.09,357.0,243.79,10.9,1.52, , 
,245.22,1920,81.0,10.5,11101011,245.60,1920,23.5,3.09,336.6,244.87,11.3,1.45, , 
,246.35,1888,81.0,7.4,11111111,246.73,1952,19.2,2.06,275.4,245.97,8.6,1.45, , 
,247.40,1856,81.0,0.0,11111111,247.74,1824,0.0,0.00,295.8,247.08,9.0,1.64, , 
,248.43,1792,81.0,0.0,11111111,248.77,1760,0.0,0.00,316.2,248.07,0.0,3.67, , 
,249.46,1664,81.0,0.0,11111111,249.80,1600,0.0,0.00,316.2,249.10,0.0,3.98, , 
,250.58,1504,81.0,0.0,11111111,250.91,1408,0.0,0.00,336.6,250.12,0.0,3.95, , 
,251.51,896,82.5,0.0,11111111,251.80,928,31.0,4.12,438.6,251.19,0.0,3.95, , 
,252.45,896,81.0,0.0,11111111,252.78,896,26.7,3.09,397.8,252.12,0.0,1.76, , 
,253.39,864,81.0,0.0,11111111,253.67,864,29.4,3.09,397.8,253.08,0.0,1.41, , 
,254.35,1696,81.0,0.0,11101011,254.70,2080,69.4,11.33,775.2,254.01,0.0,1.60, , 
,255.41,2240,81.0,0.0,11101001,255.73,2592,76.9,11.33,846.6,255.06,0.0,1.33, , 
,256.35,1632,81.0,0.0,11101011,256.65,1472,31.0,4.12,397.8,256.07,0.0,3.28, , 
,257.30,1504,81.0,0.0,11101011,257.64,1504,28.2,3.09,397.8,256.94,0.0,1.37, , 
,258.18,1472,81.0,-0.4,11111111,258.46,1472,22.0,3.09,316.2,257.91,0.8,1.52, , 
,259.17,1440,81.0,-2.3,11111111,259.51,1408,23.5,3.09,336.6,258.90,-1.6,1.45, , 
,260.19,1376,81.0,-1.2,11101011,260.52,1408,25.1,3.09,336.6,259.83,-1.6,1.52, , 
,261.19,1376,81.0,0.8,11101011,261.53,1376,28.2,3.09,377.4,260.85,0.0,1.56, , 
,262.25,1408,81.0,3.5,11101011,262.62,1440,34.1,4.12,438.6,261.88,2.0,1.56, , 
,263.41,1504,81.0,7.8,11101011,263.77,1536,41.2,6.18,499.8,263.03,5.5,1.56, , 
,264.52,1664,81.0,11.7,11101011,264.89,1760,44.3,6.18,520.2,264.14,10.9,1.56, , 
,265.63,1888,81.0,11.3,11101011,265.98,1984,44.3,6.18,520.2,265.28,13.3,1.41, , 
,266.67,2112,81.0,10.2,11101001,267.00,2176,54.5,8.24,632.4,266.33,10.5,1.33, , 
,267.69,2368,81.0,4.7,11101001,268.06,2464,57.6,8.24,652.8,267.33,7.0,1.37, , 
,268.75,2656,81.0,0.8,11101001,269.07,2752,56.1,8.24,632.4,268.40,2.0,1.37, , 
,269.76,2816,81.0,0.0,11111101,270.10,2304,0.0,0.00,295.8,269.43,-0.4,1.48, , 
,270.81,1984,81.0,0.0,11101001,271.19,1920,17.6,2.06,275.4,270.45,0.0,3.87, , 
,271.91,1952,81.0,-3.9,11101011,272.26,1984,35.3,4.12,438.6,271.55,0.0,0.74, , 
,272.95,2048,81.0,0.0,11101001,273.29,2080,51.8,7.21,612.0,272.60,-0.4,1.60, , 
,273.96,2144,81.0,2.3,11101001,274.30,2176,44.3,6.18,550.8,273.61,2.0,1.56, , 
,274.97,2208,81.0,0.0,11101001,275.31,2208,20.8,3.09,295.8,274.65,0.0,1.56, , 
,275.99,2240,81.0,-6.6,11101001,276.33,2272,38.4,5.15,459.0,275.64,-9.8,1.21, , 
,277.02,2304,81.0,0.8,11101001,277.35,2336,38.4,5.15,459.0,276.67,1.2,1.64, , 
,278.04,2400,82.5,0.0,11101001,278.39,2464,76.9,11.33,846.6,277.69,0.0,1.48, , 
,279.04,2592,81.0,0.0,11101001,279.36,2656,85.5,13.39,928.2,278.71,0.0,1.33, , 
,280.05,2816,82.5,-7.4,11101001,280.38,2880,85.5,12.36,928.2,279.71,-5.9,1.41, , 
,281.12,2976,82.5,0.0,11111101,281.45,2432,0.0,0.00,295.8,280.80,-10.2,1.45, , 
,282.13,2240,82.5,0.0,11101001,282.46,2208,36.9,5.15,438.6,281.78,0.0,3.75, , 
,283.14,2240,82.5,4.3,11101001,283.47,2272,47.1,6.18,550.8,282.80,3.1,1.64, , 
,284.15,2272,81.0,7.0,11101001,284.49,2304,53.3,8.24,612.0,283.80,6.3,1.60, , 
,285.17,2304,81.0,6.3,11101001,285.49,2336,62.0,9.27,693.6,284.84,6.3,1.41, , 
,286.16,2368,81.0,0.0,11101001,286.51,2400,84.3,13.39,928.2,285.82,0.0,1.41, , 
,287.19,2464,81.0,0.0,11101001,287.54,2496,90.2,14.42,969.0,286.84,-3.9,1.33, , 
,288.21,2560,82.5,-4.7,11101001,288.53,2560,90.2,13.39,969.0,287.88,-4.3,1.45, , 
,289.25,2624,82.5,-5.9,11101001,289.56,2656,90.2,13.39,969.0,288.88,-5.5,1.52, , 
,290.26,2720,81.0,-7.0,11101001,290.60,2752,90.2,13.39,969.0,289.91,-5.9,1.48, , 
,291.29,2816,81.0,-6.6,11101001,291.65,2816,90.2,13.39,969.0,290.94,-7.0,1.45, , 
,292.28,2880,81.0,-7.8,11101001,292.61,2912,90.2,13.39,969.0,291.97,-7.0,1.52, , 
,293.32,2944,81.0,-9.8,11101001,293.58,2976,90.2,13.39,969.0,293.05,-9.0,1.48, , 
,294.22,3008,81.0,-10.9,11101001,294.52,3040,90.2,13.39,969.0,293.85,-10.5,1.45, , 
,295.21,3072,81.0,-11.7,11101001,295.56,3104,88.6,12.36,948.6,294.86,-11.7,1.45, , 
,296.29,2496,81.0,0.0,11111101,296.66,1984,0.0,0.00,275.4,295.97,0.0,1.29, , 
,297.35,2368,81.0,0.0,11101001,297.68,2336,53.3,8.24,612.0,297.01,0.0,1.91, , 
,298.33,2336,81.0,0.0,11101001,298.66,2336,63.5,9.27,693.6,298.01,0.0,1.33, , 
,299.39,2368,81.0,-2.0,11101001,299.72,2368,60.4,8.24,693.6,299.04,-1.2,1.52, , 
,300.38,2368,81.0,0.0,11101001,300.71,2400,50.2,7.21,591.6,300.04,0.0,1.60, , 
,301.41,2400,82.5,2.7,11101001,301.78,2400,51.8,7.21,591.6,301.05,1.6,1.56, , 
,302.46,2432,82.5,0.0,11101001,302.80,2432,60.4,8.24,673.2,302.10,0.0,1.52, , 
,303.51,2432,82.5,-1.6,11101001,303.88,2432,60.4,8.24,673.2,303.16,-0.8,1.52, , 
,304.59,2464,82.5,-2.0,11101001,304.95,2464,53.3,7.21,612.0,304.24,-2.3,1.48, , 
,305.65,2464,82.5,1.6,11101001,305.96,2464,50.2,7.21,571.2,305.31,0.8,1.52, , 
,306.61,2496,82.5,3.5,11101001,306.97,2496,31.0,3.09,397.8,306.29,3.1,1.52, , 
,307.68,2464,81.0,-6.3,11101001,308.03,2496,17.6,2.06,244.8,307.31,0.0,1.41, , 
,308.72,2432,81.0,-4.3,11101001,309.07,2432,17.6,2.06,244.8,308.36,-3.5,1.52, , 
,309.75,2400,81.0,-5.1,11101001,310.08,2400,17.6,2.06,244.8,309.41,-5.1,1.56, , 
,310.72,2368,81.0,-12.1,11101001,311.04,2368,28.2,3.09,357.0,310.40,-8.6,1.25, , 
,311.72,2368,81.0,-1.6,11101001,312.06,2336,34.1,4.12,418.2,311.42,-4.7,1.64, , 
,312.73,2336,81.0,-0.4,11101001,313.05,2336,22.0,3.09,295.8,312.40,-0.4,1.60, , 
,313.70,2336,81.0,-0.4,11111101,314.02,2304,0.0,0.00,244.8,313.39,-7.8,1.17, , 
,314.66,2304,81.0,0.0,11111101,315.00,2272,0.0,0.00,244.8,314.33,0.0,3.75, , 
,315.67,2240,81.0,0.0,11111101,315.98,2208,0.0,0.00,244.8,315.33,0.0,3.95, , 
,316.65,2176,81.0,0.0,11111101,316.98,2144,0.0,0.00,244.8,316.32,0.0,3.95, , 
,317.69,2112,81.0,0.0,11111101,318.03,2080,0.0,0.00,244.8,317.35,0.0,3.98, , 
,318.73,2048,81.0,0.0,11111101,319.08,2016,0.0,0.00,244.8,318.38,0.0,3.91, , 
,319.80,1984,81.0,0.0,11111111,320.15,1952,0.0,0.00,244.8,319.44,0.0,3.95, , 
,320.85,1888,81.0,0.0,11111111,321.19,1856,0.0,0.00,275.4,320.51,0.0,3.95, , 
,321.91,1728,81.0,0.0,11111111,322.26,1696,0.0,0.00,316.2,321.57,0.0,3.91, , 
,322.89,1664,81.0,0.0,11111111,323.19,1184,23.5,3.09,336.6,322.59,0.0,4.02, , 
,323.84,960,81.0,0.0,11111111,324.16,928,28.2,4.12,397.8,323.50,0.0,3.95, , 
,324.77,1024,81.0,0.0,11101011,325.17,1408,23.5,3.09,336.6,324.45,0.0,1.21, , 
,325.89,1952,81.0,4.3,11101011,326.25,1984,23.5,3.09,316.2,325.54,0.4,1.25, , 
,326.98,1984,81.0,0.0,11101011,327.34,1984,42.7,6.18,499.8,326.63,0.0,1.48, , 
,328.05,2016,81.0,0.0,11101001,328.40,2016,48.6,6.18,571.2,327.69,5.5,1.68, , 
,329.11,2048,81.0,4.3,11101001,329.45,2080,38.4,4.12,479.4,328.75,3.9,1.68, , 
,330.10,2080,81.0,0.0,11101001,330.46,2080,23.5,3.09,336.6,329.77,0.0,1.60, , 
,331.15,2080,81.0,-3.5,11101001,331.50,2080,29.4,4.12,377.4,330.81,-5.1,1.37, , 
,332.21,2080,79.5,-2.7,11101001,332.56,2080,29.4,4.12,377.4,331.85,-2.3,1.56, , 
,333.24,2080,79.5,-2.0,11101001,333.60,2080,36.9,5.15,438.6,332.89,-2.7,1.52, , 
,334.32,2112,81.0,2.3,11101001,334.66,2112,36.9,5.15,438.6,333.97,1.6,1.56, , 
,335.37,2144,79.5,4.7,11101001,335.71,2144,35.3,5.15,438.6,335.01,4.3,1.52, , 
,336.38,2144,79.5,3.5,11101001,336.71,2144,35.3,5.15,438.6,336.04,3.9,1.45, , 
,337.38,2144,79.5,3.5,11101001,337.74,2144,40.0,5.15,479.4,337.03,3.5,1.45, , 
,338.40,2144,79.5,3.5,11101001,338.73,2176,36.9,5.15,438.6,338.08,3.9,1.48, , 
,339.46,2176,79.5,3.1,11101001,339.80,2176,36.9,5.15,438.6,339.09,3.5,1.45, , 
,340.51,2176,79.5,3.5,11101001,340.84,2176,38.4,5.15,459.0,340.16,3.1,1.48, , 
,341.51,2208,79.5,3.5,11101001,341.86,2208,36.9,5.15,459.0,341.17,3.5,1.48, , 
,342.55,2208,79.5,3.9,11101001,342.87,2208,35.3,5.15,438.6,342.20,3.5,1.52, , 
,343.55,2208,79.5,1.6,11101001,343.90,2208,26.7,3.09,336.6,343.21,2.3,1.45, , 
,344.58,2176,79.5,-5.9,11101001,344.89,2176,20.8,2.06,295.8,344.24,-2.7,1.29, , 
,345.57,2176,79.5,-6.6,11101001,345.89,2144,17.6,2.06,244.8,345.24,-10.9,1.25, , 
,346.58,2112,79.5,-3.5,11101001,346.92,2112,17.6,2.06,244.8,346.23,-5.1,1.56, , 
,347.62,2080,81.0,-2.0,11101001,347.95,2080,17.6,2.06,244.8,347.25,-2.3,1.60, , 
,348.66,2048,79.5,1.2,11101001,349.00,2016,17.6,2.06,244.8,348.31,-0.8,1.45, , 
,349.70,2016,79.5,0.4,11101001,350.07,1984,17.6,2.06,275.4,349.35,2.0,1.60, , 
,350.78,1952,79.5,-0.4,11101011,351.14,1952,29.4,4.12,377.4,350.43,-1.2,1.29, , 
,351.85,1984,79.5,0.0,11101011,352.21,1984,44.3,6.18,520.2,351.51,0.0,1.64, , 
,352.92,2016,79.5,7.4,11101001,353.30,2016,44.3,6.18,520.2,352.56,5.5,1.64, , 
,354.01,2016,79.5,10.5,11101001,354.35,2016,41.2,6.18,499.8,353.64,10.2,1.52, , 
,355.07,2016,79.5,11.3,11101001,355.41,2048,35.3,5.15,438.6,354.71,11.3,1.48, , 
,356.14,2016,79.5,3.5,11101001,356.48,2016,28.2,4.12,377.4,355.77,9.4,1.37, , 
,357.17,2016,79.5,1.2,11101001,357.53,1984,14.9,2.06,244.8,356.82,-1.2,1.29, , 
,358.28,1952,81.0,-7.0,11101011,358.64,1952,26.7,3.09,357.0,357.92,0.4,1.41, , 
,359.39,1952,79.5,-3.1,11101011,359.76,1952,50.2,7.21,591.6,359.02,-4.3,1.56, , 
,360.48,1952,79.5,1.2,11101011,360.82,1984,62.0,9.27,693.6,360.11,0.0,1.60, , 
,361.54,1984,79.5,2.3,11101001,361.88,2016,60.4,9.27,693.6,361.17,2.0,1.48, , 
,362.58,2048,79.5,4.3,11101001,362.94,2048,57.6,8.24,673.2,362.23,3.9,1.48, , 
,363.61,2080,79.5,5.5,11101001,363.97,2080,53.3,7.21,612.0,363.27,4.7,1.52, , 
,364.67,2112,79.5,5.1,11101001,365.03,2144,50.2,7.21,591.6,364.32,5.1,1.48, , 
,365.74,2144,79.5,4.3,11101001,366.10,2144,41.2,6.18,499.8,365.38,4.3,1.48, , 
,366.76,2176,81.0,2.7,11101001,367.09,2144,35.3,5.15,438.6,366.43,3.5,1.48, , 
,367.76,2176,81.0,-3.5,11101001,368.11,2176,22.0,3.09,295.8,367.42,-0.4,1.33, , 
,368.79,2144,79.5,-10.5,11101001,369.14,2144,22.0,2.06,295.8,368.44,-8.6,1.25, , 
,369.81,2112,81.0,-14.5,11101001,370.18,2112,22.0,2.06,295.8,369.49,-14.1,1.41, , 
,370.84,2048,79.5,-14.8,11101001,371.18,2048,16.1,2.06,244.8,370.51,-17.2,1.45, , 
,371.87,2048,79.5,-8.6,11101001,372.21,2016,16.1,2.06,244.8,371.52,-5.1,2.03, , 
,372.87,1984,81.0,0.0,11111111,373.20,1952,0.0,0.00,244.8,372.55,-3.9,1.52, , 
,373.91,1920,79.5,0.0,11111111,374.23,1888,0.0,0.00,275.4,373.57,0.0,3.75, , 
,374.98,1888,79.5,0.0,11101011,375.35,1824,50.2,8.24,591.6,374.61,0.0,2.93, , 
,376.12,1888,81.0,0.0,11101011,376.47,1920,73.7,11.33,826.2,375.73,0.0,1.48, , 
,377.17,1952,81.0,0.0,11101011,377.54,1952,56.1,8.24,652.8,376.84,0.0,1.33, , 
,378.25,1984,81.0,1.6,11101011,378.62,1984,47.1,7.21,550.8,377.89,0.8,1.52, , 
,379.32,2016,79.5,4.7,11101001,379.67,2016,47.1,7.21,571.2,378.96,3.9,1.56, , 
,380.39,2016,81.0,0.0,11101001,380.74,2016,26.7,3.09,357.0,380.03,4.7,1.45, , 
,381.45,2016,79.5,-5.9,11101001,381.82,2016,26.7,3.09,357.0,381.08,-3.9,1.33, , 
,382.53,1984,79.5,-7.8,11101001,382.89,1984,29.4,4.12,377.4,382.19,-7.4,1.45, , 
,383.66,1984,81.0,-6.6,11101011,384.01,1984,29.4,4.12,397.8,383.27,-7.0,1.52, , 
,384.72,1952,81.0,-2.3,11101011,385.07,1984,38.4,5.15,479.4,384.36,-5.1,1.60, , 
,385.78,1952,79.5,-1.2,11101011,386.16,1952,28.2,4.12,377.4,385.43,0.0,1.56, , 
,386.91,1952,81.0,-3.9,11101011,387.26,1952,28.2,4.12,377.4,386.54,-3.1,1.41, , 
,387.97,1920,81.0,-3.5,11101011,388.35,1920,34.1,4.12,418.2,387.62,-3.9,1.48, , 
,389.08,1920,79.5,-2.3,11101011,389.45,1920,35.3,5.15,438.6,388.72,-3.1,1.52, , 
,390.17,1920,81.0,0.4,11101011,390.55,1920,35.3,5.15,438.6,389.82,0.0,1.52, , 
,391.29,1920,81.0,1.2,11101011,391.63,1920,23.5,3.09,336.6,390.92,2.0,1.45, , 
,392.34,1888,79.5,-2.0,11101011,392.70,1888,17.6,2.06,275.4,391.99,-2.0,1.37, , 
,393.41,1856,81.0,-1.6,11111111,393.77,1856,0.0,0.00,295.8,393.06,-3.5,1.33, , 
,394.47,1824,79.5,0.0,11111111,394.77,1792,0.0,0.00,295.8,394.12,0.0,3.09, , 
,395.46,1728,81.0,0.0,11111111,395.79,1760,20.8,3.09,295.8,395.13,0.0,3.95, , 
,396.49,1664,81.0,0.0,11101011,396.83,1664,42.7,6.18,499.8,396.14,0.0,1.68, , 
,397.52,1664,81.0,0.0,11101011,397.87,1664,59.2,9.27,693.6,397.18,0.0,1.52, , 
,398.58,1696,79.5,2.7,11101011,398.94,1696,59.2,9.27,693.6,398.20,1.6,1.60, , 
,399.69,1728,81.0,4.3,11101011,400.07,1728,59.2,9.27,673.2,399.30,3.9,1.56, , 
,400.79,1760,81.0,7.4,11101011,401.16,1760,63.5,10.30,734.4,400.41,5.9,1.52, , 
,401.86,1792,81.0,0.0,11101011,402.19,1792,32.5,4.12,418.2,401.54,5.5,1.48, , 
,402.92,1792,81.0,2.0,11101011,403.30,1792,31.0,4.12,418.2,402.59,0.0,1.64, , 
,404.03,1824,79.5,0.4,11101011,404.42,1824,31.0,4.12,397.8,403.66,0.0,1.48, , 
,405.15,1856,81.0,0.0,11101011,405.51,1856,29.4,4.12,397.8,404.78,0.4,1.52, , 
,406.24,1888,81.0,-1.2,11101011,406.61,1888,29.4,4.12,377.4,405.86,-1.6,1.45, , 
,407.32,1920,81.0,-3.1,11101011,407.68,1920,28.2,3.09,377.4,406.96,-2.0,1.45, , 
,408.40,1920,79.5,-5.5,11101011,408.76,1888,17.6,2.06,275.4,408.03,-4.7,1.45, , 
,409.48,1888,79.5,-5.5,11101011,409.84,1920,17.6,2.06,275.4,409.12,-3.5,1.60, , 
,410.57,1888,81.0,-3.5,11101011,410.94,1888,17.6,2.06,275.4,410.20,-4.7,1.56, , 
,411.69,1920,79.5,-7.4,11101011,412.06,1888,20.8,2.06,295.8,411.31,-4.3,1.45, , 
,412.78,1920,81.0,-11.3,11101011,413.14,1920,26.7,3.09,357.0,412.42,-12.1,1.37, , 
,413.86,1888,81.0,-6.6,11101011,414.22,1920,40.0,5.15,479.4,413.50,-9.0,1.60, , 
,414.96,1952,81.0,-0.8,11101011,415.31,1952,45.9,6.18,550.8,414.58,-2.3,1.64, , 
,416.05,1984,79.5,5.1,11101011,416.41,1984,47.1,7.21,571.2,415.67,2.7,1.56, , 
,417.10,2016,81.0,7.0,11101001,417.47,2048,50.2,7.21,591.6,416.76,7.0,1.45, , 
,418.18,2048,81.0,5.1,11101001,418.51,2080,54.5,8.24,632.4,417.83,5.9,1.41, , 
,419.21,2112,79.5,3.9,11101001,419.56,2112,53.3,8.24,632.4,418.85,4.3,1.45, , 
,420.27,2144,79.5,2.0,11101001,420.60,2176,79.6,13.39,867.0,419.91,3.9,1.48, , 
,421.28,2240,79.5,0.0,11101001,421.61,2272,87.1,14.42,948.6,420.94,0.0,1.09, , 
,422.28,2336,79.5,-6.3,11101001,422.66,2368,88.6,13.39,948.6,421.95,-5.1,1.33, , 
,423.35,2432,79.5,-8.2,11101001,423.69,2464,85.5,12.36,928.2,422.98,-7.8,1.52, , 
,424.35,2528,79.5,-11.7,11101001,424.70,2560,81.2,11.33,887.4,424.01,-10.2,1.48, , 
,425.34,2624,79.5,-13.3,11101001,425.68,2656,79.6,11.33,867.0,425.02,-13.3,1.48, , 
,426.37,2688,79.5,-12.9,11101001,426.70,2752,62.0,9.27,693.6,426.04,-13.7,1.52, , 
,427.38,2752,79.5,-1.2,11101001,427.75,2784,51.8,7.21,591.6,427.06,0.0,1.41, , 
,428.42,2816,79.5,1.2,11101001,428.77,2816,63.5,9.27,714.0,428.08,0.8,1.56, , 
,429.46,2848,79.5,-2.3,11101001,429.79,2880,72.2,10.30,795.6,429.14,-2.0,1.48, , 
,430.45,2912,79.5,-6.6,11101001,430.88,2944,72.2,10.30,775.2,430.11,-5.5,1.45, , 
,431.62,2944,81.0,0.0,11101001,432.03,2976,57.6,8.24,652.8,431.15,0.0,1.45, , 
,432.57,2976,79.5,1.2,11101001,433.02,3008,42.7,6.18,499.8,432.30,-0.4,1.52, , 
,433.68,3040,79.5,3.5,11101001,434.12,3008,41.2,6.18,479.4,433.39,2.7,1.48, , 
,434.85,3008,81.0,4.3,11101001,435.14,3008,42.7,6.18,499.8,434.40,3.9,1.52, , 
,435.85,3040,81.0,3.9,11101001,436.25,3040,44.3,6.18,520.2,435.56,3.5,1.48, , 
,437.02,3040,81.0,4.3,11101001,437.38,3072,44.3,6.18,499.8,436.66,4.7,1.48, , 
,438.05,3072,81.0,3.5,11101001,438.37,3072,44.3,6.18,499.8,437.72,3.5,1.48, , 
,439.04,3072,81.0,2.0,11101001,439.35,3072,34.1,4.12,418.2,438.72,3.1,1.45, , 
,440.00,3072,81.0,-1.6,11101001,440.33,3040,28.2,4.12,357.0,439.68,-0.4,1.41, , 
,441.04,3072,81.0,0.0,11101001,441.37,3104,79.6,12.36,867.0,440.69,-3.9,1.45, , 
,442.01,3040,81.0,0.0,11111101,442.32,2656,0.0,0.00,295.8,441.75,0.0,1.17, , 
,443.02,1984,81.0,0.0,11101011,443.33,2368,54.5,9.27,591.6,442.68,0.0,3.95, , 
,443.99,2368,81.0,0.0,11101001,444.31,2400,85.5,14.42,928.2,443.67,0.0,1.21, , 
,445.04,2432,81.0,-5.9,11101001,445.40,2464,81.2,11.33,887.4,444.68,-5.1,1.21, , 
,446.10,2496,81.0,0.0,11101001,446.44,2496,66.3,9.27,734.4,445.74,0.0,1.41, , 
,447.07,2496,81.0,0.0,11101001,447.42,2496,48.6,7.21,571.2,446.76,-3.1,1.45, , 
,448.10,2496,81.0,1.2,11101001,448.41,2496,48.6,7.21,571.2,447.77,0.8,1.56, , 
,449.12,2464,81.0,1.6,11101001,449.46,2464,47.1,7.21,550.8,448.76,1.6,1.48, , 
,450.21,2464,81.0,3.1,11101001,450.54,2464,34.1,4.12,438.6,449.85,3.5,1.52, , 
,451.24,2400,81.0,-6.3,11111101,451.55,2400,0.0,0.00,244.8,450.89,0.0,1.45, , 
,452.21,2336,81.0,0.0,11111101,452.53,2304,0.0,0.00,244.8,451.88,0.0,3.13, , 
,453.20,2240,81.0,0.0,11111101,453.53,2176,0.0,0.00,244.8,452.86,0.0,3.91, , 
,454.21,2016,81.0,0.0,11111101,454.56,1984,0.0,0.00,244.8,453.87,0.0,3.95, , 
,455.27,1824,81.0,0.0,11111111,455.60,1760,0.0,0.00,295.8,454.92,0.0,3.87, , 
,456.28,1664,82.5,0.0,11111111,456.62,1312,0.0,0.00,336.6,455.93,0.0,3.95, , 
,457.23,960,82.5,0.0,11111111,457.52,960,29.4,4.12,418.2,456.94,0.0,3.87, , 
,458.17,1920,81.0,0.0,11101011,458.52,1888,17.6,2.06,275.4,457.84,0.0,1.02, , 
,459.23,1888,81.0,0.0,11101011,459.59,1888,40.0,5.15,479.4,458.88,0.0,1.17, , 
,460.34,1920,81.0,0.0,11101011,460.69,1920,44.3,6.18,550.8,459.97,0.0,1.56, , 
,461.42,1920,81.0,2.0,11101011,461.80,1952,53.3,8.24,632.4,461.05,0.0,1.72, , 
,462.53,1984,82.5,1.6,11101011,462.90,1984,42.7,5.15,520.2,462.16,1.2,1.45, , 
,463.60,1984,82.5,1.2,11101001,463.96,2016,44.3,6.18,520.2,463.25,0.0,1.56, , 
,464.67,2016,81.0,3.9,11101001,465.05,2016,47.1,7.21,571.2,464.32,3.5,1.56, , 
,465.75,2048,81.0,5.9,11101001,466.09,2048,38.4,5.15,479.4,465.38,5.5,1.56, , 
,466.80,2048,81.0,0.0,11101001,467.15,2048,26.7,4.12,357.0,466.47,3.5,1.37, , 
,467.85,2048,81.0,-3.5,11101001,468.19,2016,17.6,2.06,275.4,467.50,-2.0,1.37, , 
,468.90,2016,81.0,-4.7,11101001,469.24,1984,19.2,2.06,275.4,468.54,-3.9,1.45, , 
,469.95,1984,81.0,-8.2,11101011,470.31,1984,32.5,4.12,397.8,469.59,-10.2,1.33, , 
,471.03,1984,81.0,-4.3,11101001,471.40,1984,41.2,5.15,499.8,470.67,-6.6,1.64, , 
,472.10,2016,81.0,1.2,11101001,472.46,2016,41.2,6.18,499.8,471.76,-0.4,1.68, , 
,473.14,2016,81.0,5.9,11101001,473.51,2016,40.0,6.18,479.4,472.80,5.5,1.52, , 
,474.21,2016,81.0,0.0,11101001,474.55,2016,25.1,3.09,336.6,473.86,7.4,1.48, , 
,475.29,2016,81.0,-3.9,11101001,475.63,2016,23.5,3.09,336.6,474.92,-2.7,1.33, , 
,476.35,1984,81.0,-7.4,11101001,476.71,1984,23.5,3.09,336.6,475.99,-6.3,1.37, , 
,477.40,1984,81.0,-7.8,11101011,477.76,1984,25.1,3.09,336.6,477.05,-7.8,1.52, , 
,478.47,1952,81.0,-7.4,11101011,478.84,1952,22.0,2.06,316.2,478.11,-7.0,1.56, , 
,479.56,1952,81.0,-7.4,11101011,479.94,1920,22.0,2.06,316.2,479.19,-6.3,1.45, , 
,480.70,1920,81.0,-9.0,11101011,481.07,1920,22.0,2.06,316.2,480.33,-8.6,1.48, , 
,481.79,1920,81.0,-9.4,11101011,482.15,1888,23.5,3.09,336.6,481.43,-9.8,1.52, , 
,482.88,1888,81.0,-0.8,11101011,483.26,1888,25.1,3.09,336.6,482.51,-2.3,1.60, , 
,483.99,1856,81.0,3.1,11101011,484.35,1856,25.1,3.09,336.6,483.62,2.0,1.60, , 
,485.10,1856,81.0,6.6,11101011,485.47,1856,28.2,3.09,357.0,484.72,5.5,1.52, , 
,486.22,1856,81.0,10.5,11101011,486.59,1856,29.4,4.12,397.8,485.85,10.2,1.52, , 
,487.36,1856,81.0,13.7,11101011,487.76,1856,31.0,4.12,397.8,486.97,12.9,1.48, , 
,488.50,1856,81.0,15.2,11101011,488.87,1856,31.0,4.12,397.8,488.13,15.2,1.45, , 
,489.60,1856,81.0,14.1,11101011,489.97,1856,29.4,4.12,377.4,489.24,14.5,1.41, , 
,490.69,1856,81.0,9.0,11101011,491.06,1824,29.4,4.12,377.4,490.35,9.4,1.41, , 
,491.82,1824,81.0,3.9,11101011,492.20,1824,29.4,4.12,377.4,491.44,4.7,1.48, , 
,492.96,1824,81.0,3.1,11101011,493.32,1824,26.7,3.09,357.0,492.59,3.5,1.45, , 
,494.07,1824,81.0,-0.4,11101011,494.43,1824,26.7,3.09,357.0,493.70,2.0,1.45, , 
,495.17,1824,81.0,-1.2,11101011,495.53,1792,26.7,3.09,357.0,494.81,-1.6,1.48, , 
,496.26,1792,81.0,-2.0,11101011,496.62,1792,26.7,3.09,357.0,495.91,-1.6,1.48, , 
,497.36,1760,81.0,-3.1,11111111,497.74,1760,20.8,2.06,295.8,497.01,-2.3,1.48, , 
,498.45,1728,81.0,0.0,11111111,498.79,1728,0.0,0.00,316.2,498.10,0.0,2.27, , 
,499.48,1664,81.0,0.0,11111111,499.79,1664,0.0,0.00,316.2,499.14,0.0,3.98, , 
,500.49,1632,81.0,0.0,11111111,500.80,1600,0.0,0.00,316.2,500.15,0.0,3.98, , 
,501.48,1568,81.0,0.0,11111111,501.83,1536,0.0,0.00,336.6,501.14,0.0,3.98, , 
,502.36,1472,81.0,0.0,11111111,502.74,1472,0.0,0.00,336.6,502.11,0.0,3.91, , 
,503.39,1440,81.0,0.0,11101011,503.73,1440,29.4,4.12,377.4,503.07,0.0,3.95, , 
,504.44,1408,81.0,0.0,11101011,504.75,1376,59.2,9.27,714.0,504.06,0.0,1.13, , 
,505.38,1216,81.0,0.0,11111111,505.69,1152,29.4,4.12,397.8,505.06,0.0,1.68, , 
,506.35,1760,81.0,0.0,11101011,506.69,1760,23.5,3.09,336.6,506.02,0.0,1.68, , 
,507.42,1728,79.5,2.7,11101011,507.80,1728,32.5,4.12,418.2,507.06,1.6,1.56, , 
,508.50,1760,81.0,9.0,11101011,508.87,1760,40.0,6.18,499.8,508.14,5.9,1.60, , 
,509.58,1760,81.0,12.9,11101011,509.94,1760,40.0,6.18,499.8,509.24,11.7,1.56, , 
,510.68,1760,81.0,12.5,11101011,511.06,1760,36.9,5.15,459.0,510.34,13.3,1.45, , 
,511.81,1760,81.0,12.9,11101011,512.20,1792,35.3,5.15,459.0,511.44,13.3,1.45, , 
,512.92,1792,81.0,7.8,11101011,513.28,1792,29.4,4.12,377.4,512.55,9.0,1.33, , 
,513.92,1792,81.0,4.7,11101011,514.30,1792,47.1,7.21,571.2,513.58,4.7,1.37, , 
,515.03,1824,81.0,3.1,11101011,515.40,1856,54.5,8.24,632.4,514.66,0.0,1.60, , 
,516.12,1888,79.5,5.9,11101011,516.48,1952,53.3,8.24,632.4,515.76,5.1,1.56, , 
,517.21,1952,79.5,9.0,11101011,517.55,1984,50.2,7.21,591.6,516.84,7.8,1.56, , 
,518.26,2016,81.0,10.9,11101001,518.62,2048,48.6,7.21,571.2,517.92,10.9,1.45, , 
,519.34,2080,79.5,10.5,11101001,519.71,2080,32.5,5.15,397.8,518.97,10.9,1.45, , 
,520.42,2080,79.5,3.9,11101001,520.78,2080,34.1,4.12,418.2,520.06,5.5,1.29, , 
,521.48,2048,81.0,5.5,11101001,521.83,2048,25.1,3.09,336.6,521.14,2.0,1.41, , 
,522.52,2016,79.5,3.1,11101001,522.87,2016,25.1,3.09,336.6,522.18,1.2,1.33, , 
,523.56,1984,79.5,4.3,11101011,523.94,1952,25.1,3.09,336.6,523.21,0.8,1.45, , 
,524.64,1952,79.5,7.0,11101011,525.00,1920,28.2,3.09,357.0,524.29,7.4,1.52, , 
,525.74,1920,79.5,9.0,11101011,526.09,1952,28.2,3.09,377.4,525.38,7.8,1.60, , 
,526.82,1952,81.0,11.3,11101011,527.18,1952,28.2,3.09,357.0,526.44,10.2,1.56, , 
,527.88,1984,79.5,11.7,11101001,528.24,2016,25.1,3.09,336.6,527.54,12.5,1.48, , 
,528.96,2048,79.5,10.2,11101001,529.31,2048,25.1,3.09,336.6,528.59,10.5,1.45, , 
,530.02,2080,81.0,7.8,11101001,530.37,2080,25.1,3.09,336.6,529.68,8.6,1.45, , 
,531.06,2112,81.0,5.9,11101001,531.41,2112,25.1,3.09,336.6,530.71,6.3,1.45, , 
,532.12,2144,79.5,5.1,11101000,532.45,2144,25.1,3.09,336.6,531.77,5.5,1.52, , 
,533.14,2176,79.5,5.9,11101001,533.49,2176,23.5,3.09,316.2,532.78,7.0,1.45, , 
,534.15,2176,79.5,4.3,11101001,534.51,2176,23.5,3.09,316.2,533.82,4.7,1.48, , 
,535.18,2176,79.5,9.0,11101001,535.51,2176,32.5,3.09,418.2,534.85,7.8,1.52, , 
,536.17,2144,81.0,18.4,11101001,536.54,2144,32.5,4.12,418.2,535.84,15.6,1.76, , 
,537.21,2144,79.5,25.4,11101001,537.55,2144,32.5,4.12,418.2,536.86,23.8,1.68, , 
,538.25,2144,81.0,30.5,11101001,538.58,2144,32.5,4.12,418.2,537.90,28.5,1.56, , 
,539.27,2112,81.0,32.4,11101001,539.61,2112,32.5,4.12,397.8,538.93,31.6,1.45, , 
,540.29,2080,79.5,32.4,11101001,540.62,2080,32.5,4.12,397.8,539.95,32.4,1.41, , 
,541.31,2080,79.5,10.5,11101001,541.65,2080,42.7,6.18,499.8,540.96,9.8,1.48, , 
,542.32,2080,79.5,13.7,11101001,542.68,2112,48.6,7.21,571.2,541.98,12.9,1.48, , 
,543.38,2144,79.5,14.8,11101001,543.74,2144,47.1,7.21,571.2,543.03,13.7,1.37, , 
,544.42,2176,81.0,0.0,11101001,544.78,2176,25.1,3.09,336.6,544.08,16.4,1.48, , 
,545.45,2176,81.0,-1.2,11101001,545.78,2176,29.4,4.12,377.4,545.12,0.4,1.52, , 
,546.46,2176,81.0,1.6,11101001,546.79,2176,28.2,4.12,377.4,546.13,1.2,1.52, , 
,547.48,2208,81.0,3.1,11101001,547.83,2208,28.2,3.09,357.0,547.13,0.8,1.48, , 
,548.49,2208,81.0,2.7,11101001,548.82,2240,28.2,3.09,357.0,548.14,2.7,1.45, , 
,549.53,2240,81.0,3.5,11101001,549.87,2240,26.7,3.09,357.0,549.17,2.3,1.48, , 
,550.53,2240,81.0,2.0,11101001,550.89,2272,25.1,3.09,336.6,550.20,1.2,1.41, , 
,551.57,2272,81.0,0.0,11101001,551.90,2272,20.8,2.06,295.8,551.23,1.2,1.45, , 
,552.55,2240,81.0,-3.9,11101001,552.89,2240,19.2,2.06,275.4,552.23,-4.7,1.29, , 
,553.56,2272,81.0,-2.0,11101001,553.91,2240,19.2,2.06,275.4,553.23,-3.5,1.45, , 
,554.57,2240,81.0,-4.7,11101001,554.91,2240,19.2,2.06,275.4,554.24,-2.3,1.60, , 
,555.59,2240,81.0,-5.5,11101001,555.94,2240,20.8,2.06,295.8,555.25,-5.5,1.41, , 
,556.63,2240,81.0,-5.1,11101001,556.97,2240,20.8,2.06,295.8,556.29,-7.4,1.41, , 
,557.66,2240,81.0,-8.2,11101001,558.01,2240,20.8,2.06,295.8,557.31,-6.6,1.56, , 
,558.68,2240,81.0,-7.0,11101001,559.03,2272,20.8,2.06,295.8,558.35,-8.2,1.45, , 
,559.71,2208,81.0,-7.8,11101001,560.03,2208,22.0,2.06,295.8,559.36,-6.3,1.52, , 
,560.73,2240,81.0,-7.8,11101001,561.06,2208,22.0,2.06,295.8,560.37,-8.6,1.52, , 
,561.76,2208,81.0,-7.8,11101001,562.09,2208,22.0,2.06,295.8,561.43,-9.4,1.45, , 
,562.78,2208,81.0,-5.1,11101001,563.12,2176,22.0,2.06,316.2,562.43,-6.6,1.48, , 
,563.80,2176,81.0,-7.0,11101001,564.12,2176,22.0,2.06,316.2,563.46,-6.6,1.45, , 
,564.81,2144,81.0,-7.0,11101001,565.16,2144,22.0,2.06,316.2,564.45,-7.4,1.48, , 
,565.86,2112,81.0,-6.3,11101001,566.20,2112,22.0,3.09,316.2,565.51,-6.3,1.48, , 
,566.91,2080,81.0,-7.8,11101001,567.25,2112,29.4,3.09,377.4,566.55,-7.8,1.45, , 
,567.94,2080,81.0,-3.1,11101001,568.31,2112,34.1,4.12,418.2,567.60,-4.7,1.60, , 
,568.98,2112,81.0,3.9,11101001,569.32,2144,40.0,5.15,479.4,568.63,2.3,1.64, , 
,569.97,2144,81.0,5.1,11101001,570.32,2144,28.2,4.12,377.4,569.65,5.5,1.48, , 
,570.97,2144,81.0,-1.2,11101001,571.31,2144,23.5,3.09,316.2,570.65,1.6,1.29, , 
,572.01,2112,81.0,-7.4,11101001,572.34,2048,17.6,2.06,275.4,571.64,-4.3,1.29, , 
,573.06,2016,81.0,-5.9,11101001,573.40,2016,17.6,2.06,275.4,572.70,-5.1,1.56, , 
,574.11,2016,81.0,-2.3,11101001,574.48,2016,20.8,3.09,295.8,573.75,-4.3,1.56, , 
,575.19,1984,81.0,-4.7,11101011,575.55,1952,22.0,3.09,316.2,574.82,-4.7,1.37, , 
,576.28,1952,81.0,-5.9,11101011,576.65,1952,26.7,3.09,357.0,575.92,-5.1,1.48, , 
,577.37,1952,81.0,-2.0,11101011,577.72,1952,40.0,5.15,479.4,577.00,-5.5,1.52, , 
,578.46,1984,81.0,3.9,11101011,578.80,1984,38.4,5.15,479.4,578.10,2.3,1.64, , 
,579.53,2016,81.0,6.6,11101001,579.90,2016,38.4,5.15,459.0,579.17,5.9,1.52, , 
,580.61,2048,81.0,7.0,11101001,580.98,2048,36.9,5.15,459.0,580.25,7.4,1.48, , 
,581.67,2048,81.0,6.3,11101001,582.03,2080,36.9,5.15,438.6,581.32,7.4,1.41, , 
,582.74,2080,81.0,5.1,11101001,583.07,2112,35.3,5.15,438.6,582.39,5.9,1.45, , 
,583.77,2112,81.0,3.5,11101001,584.12,2112,31.0,4.12,397.8,583.42,4.3,1.41, , 
,584.79,2144,81.0,1.6,11101001,585.13,2144,29.4,4.12,377.4,584.44,1.2,1.41, , 
,585.83,2144,81.0,-0.4,11101001,586.16,2144,29.4,4.12,377.4,585.48,0.4,1.45, , 
,586.86,2144,81.0,1.2,11101001,587.22,2176,41.2,6.18,499.8,586.51,-0.8,1.52, , 
,587.90,2176,81.0,4.7,11101001,588.24,2208,40.0,6.18,479.4,587.57,4.3,1.56, , 
,588.94,2208,81.0,5.5,11101001,589.27,2240,38.4,5.15,459.0,588.59,6.6,1.52, , 
,589.95,2240,81.0,5.5,11101001,590.30,2240,36.9,5.15,459.0,589.61,6.3,1.48, , 
,590.98,2240,81.0,5.5,11101001,591.31,2240,38.4,5.15,459.0,590.63,5.5,1.45, , 
,592.00,2240,81.0,5.5,11101001,592.35,2240,36.9,5.15,459.0,591.67,5.5,1.48, , 
,593.03,2208,81.0,1.6,11101001,593.38,2208,31.0,4.12,397.8,592.71,3.1,1.33, , 
,594.07,2208,81.0,-0.4,11101001,594.42,2208,34.1,4.12,418.2,593.72,0.0,1.45, , 
,600.30,2176,81.0,-6.6,11101001,599.59,2208,32.5,4.12,397.8,599.97,-2.0,1.37, , 
,601.35,2144,81.0,-14.1,11101001,600.65,2176,20.8,2.06,295.8,600.99,-12.5,1.21, , 
,602.39,2144,81.0,-9.0,11101001,601.67,2144,26.7,3.09,357.0,602.03,-11.7,1.68, , 
,603.44,2176,81.0,-4.7,11101001,602.74,2144,36.9,4.12,438.6,603.09,-5.9,1.68, , 
,604.47,2176,81.0,-1.6,11101001,603.80,2176,35.3,4.12,438.6,604.13,-3.9,1.52, , 
,605.52,2208,81.0,1.6,11101001,604.82,2176,34.1,4.12,418.2,605.16,-0.4,1.56, , 
,606.57,2208,81.0,3.1,11101001,605.86,2208,34.1,4.12,418.2,606.21,3.1,1.48, , 
1,607.55,2240,81.0,0.0,11101001,606.90,2240,34.1,4.12,418.2,607.22,2.3,1.48, , 
,608.60,2176,81.0,-9.4,11101001,607.91,2208,20.8,3.09,295.8,608.26,-7.4,1.17, , 
,609.60,2176,81.0,-14.1,11101001,608.94,2176,20.8,2.06,295.8,609.27,-12.9,1.37, , 
,610.66,2144,81.0,-14.5,11101001,609.95,2144,22.0,2.06,295.8,610.28,-15.2,1.45, , 
,611.65,2080,81.0,-16.4,11101001,611.00,2112,20.8,2.06,295.8,611.32,-13.3,1.64, , 
,612.69,2080,81.0,-14.5,11101001,611.98,2112,22.0,2.06,316.2,612.33,-14.5,1.48, , 
,613.75,2048,81.0,-7.0,11101001,613.04,2048,25.1,3.09,336.6,613.40,-8.6,1.64, , 
,614.79,2048,81.0,0.4,11101001,614.11,2048,32.5,4.12,418.2,614.46,-1.2,1.68, , 
,615.81,2080,81.0,4.3,11101001,615.14,2080,35.3,5.15,438.6,615.48,3.5,1.60, , 
,616.87,2112,81.0,6.3,11101001,616.18,2112,34.1,4.12,418.2,616.52,5.5,1.48, , 
,617.86,2144,81.0,7.0,11101001,617.19,2112,32.5,4.12,418.2,617.54,6.6,1.45, , 
,618.91,2176,81.0,7.0,11101001,618.21,2144,34.1,4.12,418.2,618.55,6.6,1.45, , 
,619.93,2144,81.0,-1.6,11101001,619.24,2176,25.1,3.09,336.6,619.59,1.2,1.25, , 
,620.98,2144,81.0,-5.9,11101001,620.27,2144,22.0,3.09,316.2,620.63,-4.7,1.33, , 
,622.03,2112,81.0,-6.3,11101001,621.33,2112,23.5,3.09,316.2,621.66,-6.6,1.48, , 
,623.03,2176,81.0,-0.8,11101001,622.37,2144,32.5,4.12,418.2,622.71,-2.7,1.60, , 
,624.06,2176,81.0,-4.7,11101001,623.39,2176,26.7,3.09,336.6,623.72,-2.3,1.37, , 
,625.07,2176,81.0,-9.0,11101001,624.39,2176,22.0,3.09,316.2,624.73,-7.0,1.41, , 
,626.07,2176,81.0,-9.4,11101001,625.39,2176,22.0,2.06,316.2,625.73,-9.8,1.45, , 
,627.14,2112,81.0,-9.8,11101001,626.42,2176,22.0,2.06,316.2,626.78,-10.5,1.45, , 
,628.19,2112,81.0,-10.2,11101001,627.50,2176,19.2,2.06,275.4,627.84,-6.6,1.68, , 
,629.23,2112,81.0,-10.2,11101001,628.55,2176,20.8,2.06,295.8,628.90,-10.9,1.45, , 
,630.23,2144,81.0,-9.8,11101001,629.55,2144,22.0,2.06,316.2,629.89,-10.2,1.52, , 
,631.26,2176,81.0,-7.8,11101001,630.58,2176,23.5,3.09,316.2,630.93,-7.8,1.52, , 
,632.28,2208,81.0,-7.8,11101001,631.60,2176,23.5,3.09,316.2,631.94,-7.8,1.48, , 
,633.31,2240,81.0,-7.4,11101001,632.63,2208,23.5,3.09,316.2,632.95,-6.6,1.48, , 
,634.32,2208,81.0,-5.9,11101001,633.65,2208,23.5,3.09,316.2,633.98,-7.4,1.52, , 
,635.32,2176,81.0,-3.1,11101001,634.65,2208,25.1,3.09,336.6,634.98,-4.7,1.48, , 
,636.34,2176,81.0,0.4,11101001,635.65,2176,31.0,4.12,397.8,635.99,-1.2,1.52, , 
,637.34,2144,81.0,0.0,11101001,636.68,2144,31.0,4.12,397.8,637.00,1.2,1.45, , 
,638.43,2080,81.0,0.4,11101001,637.69,2112,29.4,4.12,377.4,638.06,-0.4,1.45, , 
,639.49,2112,81.0,1.6,11101001,638.78,2080,34.1,4.12,418.2,639.14,1.2,1.48, , 
,640.54,2112,81.0,3.5,11101001,639.83,2112,35.3,5.15,438.6,640.19,2.3,1.48, , 
,641.56,2144,81.0,2.7,11101001,640.89,2112,35.3,5.15,438.6,641.23,2.7,1.45, , 
,642.62,2144,81.0,2.0,11101001,641.91,2144,35.3,5.15,438.6,642.27,2.3,1.45, , 
,643.66,2176,81.0,0.0,11101001,642.96,2144,34.1,4.12,418.2,643.31,0.4,1.45, , 
,644.69,2176,81.0,-1.2,11101001,644.01,2176,32.5,4.12,397.8,644.36,-0.4,1.45, , 
,645.71,2208,81.0,-1.2,11101001,645.03,2176,32.5,4.12,397.8,645.37,-1.6,1.52, , 
,646.73,2208,81.0,-2.3,11101001,646.04,2208,32.5,4.12,397.8,646.38,-2.7,1.45, , 
,647.73,2208,81.0,-2.3,11101001,647.05,2208,28.2,3.09,357.0,647.39,-6.3,1.41, , 
,648.75,2208,81.0,-2.3,11101001,648.06,2208,29.4,4.12,377.4,648.41,-3.1,1.52, , 
,649.79,2208,81.0,1.2,11101001,649.09,2208,32.5,4.12,418.2,649.44,0.4,1.56, , 
,650.81,2208,81.0,2.3,11101001,650.12,2208,32.5,4.12,397.8,650.46,1.2,1.48, , 
,651.80,2240,81.0,1.2,11101001,651.15,2208,32.5,4.12,397.8,651.48,1.6,1.45, , 
,652.82,2240,81.0,2.3,11101001,652.14,2240,31.0,4.12,397.8,652.48,2.7,1.48, , 
,653.84,2240,81.0,1.6,11101001,653.16,2240,29.4,4.12,377.4,653.50,1.2,1.45, , 
,654.87,2240,81.0,2.7,11101001,654.18,2240,31.0,4.12,377.4,654.52,3.5,1.52, , 
,655.87,2272,81.0,2.3,11101001,655.21,2272,29.4,4.12,377.4,655.54,2.0,1.48, , 
,656.90,2272,81.0,1.6,11101001,656.21,2272,29.4,4.12,377.4,656.53,2.3,1.48, , 
,657.92,2272,81.0,-5.1,11101001,657.24,2272,23.5,3.09,316.2,657.59,-4.3,1.37, , 
,658.92,2240,81.0,-9.8,11101001,658.26,2272,22.0,3.09,316.2,658.59,-8.2,1.37, , 
,659.97,2240,81.0,-10.9,11101001,659.26,2272,22.0,3.09,316.2,659.61,-10.2,1.48, , 
,661.02,2240,81.0,-12.1,11101001,660.31,2240,22.0,2.06,316.2,660.67,-11.3,1.52, , 
,662.07,2240,81.0,-5.5,11101001,661.37,2240,23.5,3.09,316.2,661.74,-8.6,1.52, , 
,663.06,2272,81.0,0.8,11101001,662.40,2240,35.3,4.12,438.6,662.73,-0.8,1.68, , 
,664.11,2272,81.0,4.3,11101001,663.42,2272,34.1,4.12,418.2,663.77,3.5,1.56, , 
,665.11,2304,81.0,6.6,11101001,664.41,2272,32.5,4.12,418.2,664.75,5.5,1.52, , 
,666.12,2304,81.0,7.4,11101001,665.46,2304,31.0,4.12,397.8,665.78,8.6,1.48, , 
,667.11,2336,81.0,7.4,11101001,666.45,2304,31.0,4.12,397.8,666.79,7.4,1.41, , 
,668.14,2336,81.0,3.5,11101001,667.45,2336,31.0,4.12,377.4,667.79,6.6,1.48, , 
,669.16,2336,81.0,-1.2,11101001,668.48,2336,25.1,3.09,336.6,668.81,0.0,1.37, , 
,670.21,2368,81.0,-0.4,11101001,669.51,2336,28.2,3.09,357.0,669.86,-1.6,1.48, , 
,671.23,2368,81.0,4.7,11101001,670.56,2368,34.1,4.12,418.2,670.89,3.5,1.60, , 
,672.29,2432,81.0,5.1,11101001,671.58,2400,34.1,5.15,418.2,671.94,6.3,1.45, , 
,673.32,2432,81.0,1.2,11101001,672.61,2432,29.4,4.12,377.4,672.98,3.9,1.41, , 
,674.41,2432,81.0,-1.6,11101001,673.69,2432,25.1,3.09,336.6,674.03,-2.3,1.37, , 
,675.51,2432,81.0,-2.3,11101001,674.75,2432,26.7,3.09,336.6,675.13,-1.6,1.52, , 
,676.56,2464,81.0,-2.0,11101001,675.84,2464,26.7,3.09,336.6,676.22,-2.3,1.52, , 
,677.59,2464,81.0,-3.1,11101001,676.94,2464,26.7,3.09,336.6,677.24,-2.7,1.48, , 
,678.63,2464,81.0,-1.6,11101001,677.93,2464,26.7,3.09,336.6,678.27,-2.0,1.52, , 
,679.69,2432,81.0,-0.8,11101001,678.99,2464,26.7,3.09,336.6,679.34,-0.8,1.48, , 
,680.74,2432,81.0,-2.0,11101001,680.02,2432,26.7,3.09,336.6,680.38,-1.6,1.48, , 
,681.78,2400,81.0,0.4,11101001,681.09,2400,26.7,3.09,357.0,681.45,-0.4,1.52, , 
,682.77,2368,81.0,1.2,11101001,682.13,2400,26.7,3.09,357.0,682.47,1.2,1.45, , 
,683.78,2368,81.0,0.0,11101001,683.11,2368,28.2,4.12,357.0,683.44,0.4,1.45, , 
,684.84,2336,81.0,-2.0,11101001,684.14,2368,26.7,3.09,357.0,684.48,0.0,1.48, , 
,685.83,2336,81.0,-7.4,11101001,685.18,2336,22.0,3.09,316.2,685.51,-5.9,1.33, , 
,686.83,2336,81.0,-9.8,11101001,686.15,2336,22.0,3.09,295.8,686.47,-9.0,1.41, , 
,687.85,2368,81.0,-13.7,11101001,687.17,2336,22.0,2.06,295.8,687.51,-12.1,1.41, , 
,688.93,2368,81.0,-14.5,11101001,688.19,2368,22.0,2.06,295.8,688.58,-14.5,1.45, , 
,689.96,2432,81.0,-11.7,11101001,689.29,2432,20.8,2.06,295.8,689.63,-14.1,1.48, , 
,691.00,2496,81.0,-4.3,11101001,690.31,2432,26.7,3.09,336.6,690.64,-5.5,1.68, , 
,692.03,2528,81.0,-0.8,11101001,691.35,2496,28.2,3.09,357.0,691.67,-2.0,1.60, , 
,693.07,2592,81.0,5.1,11101001,692.39,2560,32.5,4.12,397.8,692.74,3.5,1.60, , 
,694.09,2528,81.0,8.6,11101001,693.41,2560,35.3,5.15,418.2,693.76,8.2,1.52, , 
,695.09,2496,81.0,8.2,11101001,694.44,2528,35.3,5.15,418.2,694.79,8.6,1.45, , 
,696.13,2432,81.0,0.8,11101001,695.44,2464,26.7,3.09,336.6,695.78,3.5,1.25, , 
,697.14,2336,81.0,0.8,11101001,696.49,2400,25.1,3.09,336.6,696.82,0.4,1.48, , 
,698.16,2304,81.0,3.5,11101001,697.47,2336,29.4,4.12,377.4,697.82,2.3,1.56, , 
,699.16,2272,81.0,7.4,11101001,698.50,2304,34.1,4.12,418.2,698.85,5.9,1.56, , 
,700.19,2336,81.0,12.9,11101001,699.51,2304,42.7,6.18,499.8,699.86,10.9,1.52, , 
,701.21,2368,81.0,15.6,11101001,700.52,2336,42.7,6.18,499.8,700.86,14.5,1.48, , 
,702.25,2368,81.0,14.5,11101001,701.55,2368,40.0,6.18,479.4,701.89,15.2,1.41, , 
,703.20,2368,81.0,6.6,11101001,702.57,2368,38.4,5.15,459.0,702.88,8.6,1.33, , 
,704.24,2400,81.0,2.3,11101001,703.53,2400,31.0,4.12,377.4,703.88,5.1,1.45, , 
,705.34,2432,81.0,0.0,11101001,704.60,2400,31.0,4.12,397.8,704.97,0.4,1.45, , 
,706.43,2432,81.0,-1.6,11101001,705.70,2432,29.4,4.12,377.4,706.06,-1.6,1.48, , 
,707.51,2432,81.0,-2.3,11101001,706.78,2432,29.4,4.12,357.0,707.14,-2.0,1.48, , 
,708.58,2464,81.0,0.0,11101001,707.85,2464,31.0,4.12,377.4,708.21,-0.8,1.52, , 
,709.69,2464,81.0,0.0,11101001,708.96,2464,29.4,4.12,377.4,709.33,0.4,1.48, , 
,710.75,2496,81.0,1.6,11101001,710.05,2464,31.0,4.12,377.4,710.40,1.2,1.48, , 
,711.82,2496,81.0,4.3,11101001,711.09,2496,31.0,4.12,377.4,711.47,3.5,1.56, , 
,712.89,2560,81.0,4.7,11101001,712.17,2528,41.2,6.18,479.4,712.54,4.7,1.45, , 
,713.86,2560,81.0,-4.3,11101001,713.21,2560,22.0,3.09,295.8,713.52,0.0,1.17, , 
,714.87,2528,81.0,-14.8,11101001,714.18,2528,20.8,2.06,275.4,714.51,-11.3,1.13, , 
,715.90,2560,81.0,-9.0,11101001,715.22,2528,29.4,3.09,377.4,715.56,-11.3,1.68, , 
,716.93,2560,81.0,-5.5,11101001,716.24,2560,31.0,4.12,377.4,716.59,-7.4,1.64, , 
,717.96,2624,81.0,3.5,11101001,717.26,2592,38.4,5.15,459.0,717.61,1.6,1.60, , 
,718.97,2720,81.0,7.0,11101001,718.28,2656,51.8,7.21,591.6,718.62,6.3,1.48, , 
,720.02,2304,81.0,0.0,11111101,719.33,2784,57.6,8.24,632.4,719.67,0.0,1.48, , 
,721.09,2048,81.0,0.0,11101001,720.35,1792,0.0,0.00,295.8,720.72,0.0,3.98, , 
,722.14,1984,81.0,0.0,11101001,721.43,2048,14.9,2.06,244.8,721.78,0.0,1.13, , 
,723.21,2080,81.0,0.0,11101001,722.50,2048,44.3,6.18,520.2,722.86,0.0,1.41, , 
,724.25,2112,81.0,2.3,11101001,723.56,2080,62.0,8.24,693.6,723.92,2.3,1.60, , 
,725.29,2176,81.0,4.7,11101001,724.61,2144,60.4,8.24,693.6,724.94,3.1,1.52, , 
,726.32,2240,82.5,7.0,11101001,725.63,2208,59.2,8.24,673.2,725.97,6.6,1.52, , 
,727.32,2304,82.5,3.5,11101001,726.65,2272,67.8,10.30,754.8,726.99,4.7,1.41, , 
,728.32,2368,81.0,3.5,11101001,727.67,2336,60.4,8.24,693.6,728.01,3.9,1.45, , 
,729.38,2432,82.5,3.5,11101001,728.67,2400,59.2,9.27,673.2,729.01,3.1,1.48, , 
,730.40,2496,81.0,3.1,11101001,729.74,2464,57.6,8.24,652.8,730.08,3.5,1.48, , 
,731.45,2592,81.0,-4.3,11101001,730.75,2528,75.3,11.33,826.2,731.10,-2.0,1.33, , 
,732.45,2688,81.0,-10.2,11101001,731.80,2624,82.7,12.36,907.8,732.15,-8.2,1.45, , 
,733.43,2752,81.0,0.0,11101001,732.75,2688,72.2,10.30,795.6,733.09,0.0,1.29, , 
,734.44,2784,82.5,1.6,11101001,733.76,2752,53.3,7.21,612.0,734.10,0.0,1.56, , 
,735.49,2784,81.0,2.0,11101001,734.78,2784,36.9,5.15,438.6,735.13,1.6,1.48, , 
,736.46,2816,81.0,3.5,11101001,735.80,2784,50.2,7.21,591.6,736.12,3.1,1.48, , 
,737.48,2880,81.0,2.3,11101001,736.82,2848,54.5,8.24,612.0,737.15,3.1,1.41, , 
,738.42,2912,81.0,1.2,11101001,737.80,2880,59.2,8.24,652.8,738.12,1.6,1.52, , 
,739.41,2944,82.5,0.4,11101001,738.73,2912,60.4,8.24,673.2,739.14,0.4,1.48, , 
,740.50,3040,81.0,-5.9,11101001,739.87,2976,71.0,10.30,775.2,740.18,-4.7,1.37, , 
,741.55,3104,81.0,-9.8,11101001,740.83,3072,76.9,10.30,826.2,741.18,-9.0,1.48, , 
,742.69,3200,81.0,-9.8,11101001,741.94,3136,76.9,10.30,846.6,742.31,-10.2,1.52, , 
,743.72,3264,81.0,-10.2,11101001,743.03,3200,76.9,10.30,826.2,743.39,-9.8,1.52, , 
,744.80,3328,81.0,-9.0,11101001,744.06,3264,76.9,10.30,846.6,744.43,-9.0,1.56, , 
,745.90,3392,81.0,-8.6,11101001,745.16,3360,79.6,11.33,867.0,745.54,-8.6,1.48, , 
,747.00,3456,81.0,-7.8,11101001,746.26,3424,78.4,11.33,846.6,746.62,-7.4,1.48, , 
,748.15,3552,81.0,-6.6,11101001,747.37,3488,78.4,11.33,846.6,747.75,-6.6,1.48, , 
,749.32,3616,81.0,-5.1,11101001,748.53,3552,76.9,11.33,826.2,748.93,-6.3,1.48, , 
,750.50,3680,81.0,-5.1,11101001,749.71,3648,75.3,10.30,795.6,750.08,-5.5,1.48, , 
,751.74,3744,81.0,-4.7,11101001,750.90,3680,73.7,10.30,795.6,751.33,-5.1,1.45, , 
,752.93,3776,81.0,-5.5,11101001,752.13,3744,75.3,10.30,795.6,752.52,-4.7,1.48, , 
,754.13,3840,81.0,-6.3,11101001,753.33,3808,79.6,11.33,846.6,753.72,-5.9,1.45, , 
,755.28,3904,81.0,-5.5,11101001,754.52,3872,78.4,11.33,826.2,754.90,-5.5,1.52, , 
,756.45,3936,82.5,-2.7,11101001,755.66,3904,66.3,9.27,714.0,756.05,0.0,1.29, , 
,757.54,3904,81.0,0.0,11111101,756.82,3936,36.9,3.09,438.6,757.18,0.0,1.37, , 
,758.60,3808,81.0,0.0,11111101,757.88,3872,0.0,0.00,275.4,758.24,0.0,3.91, , 
,759.57,2944,81.0,0.0,11111101,758.96,3776,0.0,0.00,275.4,759.29,0.0,3.87, , 
,760.59,1568,81.0,0.0,11101011,759.88,2464,0.0,0.00,275.4,760.23,0.0,3.83, , 
,761.64,2752,81.0,0.0,11101001,760.94,2144,23.5,3.09,316.2,761.28,0.0,0.59, , 
,762.66,2752,81.0,-2.0,11101001,761.97,2752,67.8,10.30,734.4,762.31,0.0,1.09, , 
,763.68,2784,81.0,0.0,11101001,763.00,2784,66.3,9.27,734.4,763.35,-1.6,1.52, , 
,764.72,2752,81.0,0.0,11101001,764.03,2784,32.5,4.12,418.2,764.37,0.0,1.52, , 
,765.78,2720,81.0,-5.1,11101001,765.07,2752,17.6,2.06,244.8,765.43,-6.6,1.33, , 
,766.78,2656,81.0,-6.6,11101001,766.11,2688,17.6,2.06,244.8,766.42,-4.7,1.56, , 
,767.79,2656,81.0,-9.0,11101001,767.13,2656,25.1,3.09,316.2,767.46,-8.6,1.52, , 
,768.81,2624,82.5,-5.9,11101001,768.12,2656,25.1,3.09,336.6,768.47,-7.8,1.60, , 
,769.81,2624,81.0,0.8,11101001,769.15,2624,42.7,6.18,499.8,769.48,-2.3,1.64, , 
,770.83,2624,81.0,5.1,11101001,770.16,2624,53.3,7.21,591.6,770.49,4.3,1.52, , 
,771.85,2656,81.0,0.0,11101001,771.18,2656,59.2,9.27,652.8,771.52,0.0,1.37, , 
,772.82,2720,81.0,-5.5,11101001,772.17,2688,88.6,14.42,948.6,772.51,-5.1,1.29, , 
,773.87,2752,81.0,-5.9,11101001,773.15,2720,90.2,13.39,969.0,773.51,-5.9,1.45, , 
,774.90,2816,81.0,-5.9,11101001,774.21,2784,90.2,14.42,969.0,774.56,-5.9,1.48, , 
,775.96,2880,81.0,-9.0,11101001,775.25,2816,90.2,13.39,969.0,775.62,-7.8,1.13, , 
,777.03,2912,81.0,-9.0,11101001,776.30,2880,90.2,13.39,969.0,776.68,-8.2,1.48, , 
,778.00,2944,81.0,0.0,11101001,777.32,2912,57.6,7.21,652.8,777.71,0.0,1.68, , 
,779.06,2944,81.0,0.0,11111101,778.27,2944,82.7,12.36,887.4,778.68,-5.5,1.21, , 
,780.04,2912,81.0,0.0,11111101,779.32,2976,17.6,2.06,275.4,779.69,0.0,1.56, , 
,781.05,2848,81.0,0.0,11111101,780.37,2880,0.0,0.00,275.4,780.70,0.0,3.91, , 
,782.00,2784,81.0,0.0,11111101,781.37,2816,0.0,0.00,275.4,781.68,0.0,3.91, , 
,782.96,2752,81.0,0.0,11111101,782.32,2784,0.0,0.00,244.8,782.65,0.0,3.91, , 
,783.92,2688,81.0,0.0,11111101,783.27,2720,0.0,0.00,244.8,783.60,0.0,3.91, , 
,784.93,2624,81.0,0.0,11111101,784.26,2688,0.0,0.00,244.8,784.58,0.0,3.91, , 
,785.90,2624,81.0,0.0,11101001,785.27,2624,0.0,0.00,244.8,785.59,0.0,3.91, , 
,786.90,2592,81.0,0.0,11101001,786.23,2624,42.7,7.21,479.4,786.58,0.0,0.90, , 
,787.85,2624,81.0,0.0,11101001,787.21,2624,85.5,13.39,928.2,787.54,-2.3,1.37, , 
,788.87,2624,81.0,0.0,11101001,788.19,2624,69.4,10.30,775.2,788.53,0.0,1.56, , 
,789.86,2592,81.0,0.0,11111101,789.19,2592,19.2,2.06,275.4,789.53,0.0,1.13, , 
,790.90,2496,81.0,0.0,11101001,790.21,2560,0.0,0.00,244.8,790.56,0.0,3.91, , 
,791.87,2496,81.0,-9.4,11101001,791.22,2496,17.6,2.06,244.8,791.53,0.0,0.74, , 
,792.88,2464,81.0,-10.2,11101001,792.19,2464,20.8,2.06,295.8,792.54,-9.4,1.41, , 
,793.91,2432,81.0,-5.1,11101001,793.21,2432,29.4,4.12,377.4,793.57,-5.9,1.68, , 
,794.97,2432,81.0,3.5,11101001,794.25,2400,44.3,6.18,499.8,794.64,0.0,1.64, , 
,795.97,2368,81.0,-5.5,11111101,795.30,2400,20.8,2.06,295.8,795.64,0.0,1.37, , 
,796.93,2336,81.0,0.0,11111101,796.30,2368,0.0,0.00,244.8,796.62,0.0,3.83, , 
,797.91,2272,81.0,0.0,11111101,797.25,2304,0.0,0.00,244.8,797.58,0.0,3.91, , 
,798.93,2240,79.5,0.0,11101001,798.25,2240,16.1,3.09,244.8,798.60,0.0,0.90, , 
,799.95,2208,79.5,-5.1,11101001,799.26,2240,19.2,2.06,275.4,799.60,-5.1,1.13, , 
,800.96,2208,79.5,0.0,11101001,800.29,2208,34.1,4.12,418.2,800.62,-1.6,1.60, , 
,801.99,2208,79.5,5.1,11101001,801.30,2208,40.0,5.15,479.4,801.65,3.9,1.60, , 
,803.02,2208,79.5,-0.4,11111101,802.34,2208,29.4,3.09,377.4,802.68,0.0,1.45, , 
,804.06,2112,79.5,0.0,11111101,803.37,2144,0.0,0.00,244.8,803.70,0.0,3.01, , 
,805.10,2048,79.5,0.0,11111101,804.41,2112,0.0,0.00,244.8,804.76,0.0,3.98, , 
,806.15,2016,79.5,0.0,11111101,805.45,2048,0.0,0.00,244.8,805.79,0.0,3.98, , 
,807.19,1952,81.0,0.0,11111111,806.49,1984,0.0,0.00,244.8,806.83,0.0,3.95, , 
,808.27,1888,79.5,0.0,11111111,807.53,1920,0.0,0.00,275.4,807.91,0.0,3.95, , 
,809.23,864,79.5,0.0,11111111,808.60,1760,0.0,0.00,295.8,808.91,0.0,3.95, , 
,810.22,2016,79.5,0.0,11111101,809.53,1184,29.4,4.12,397.8,809.90,0.0,1.25, , 
,811.23,2240,79.5,0.0,11101000,810.56,2208,17.6,3.09,244.8,810.89,0.0,0.94, , 
,812.24,2208,79.5,1.2,11101001,811.56,2240,16.1,2.06,244.8,811.90,1.2,1.56, , 
,813.25,2176,79.5,0.4,11101000,812.58,2208,16.1,2.06,244.8,812.92,1.2,1.45, , 
,814.27,2112,79.5,1.2,11111100,813.59,2144,16.1,2.06,244.8,813.95,2.0,1.52, , 
,815.29,2048,79.5,0.0,11111101,814.62,2080,0.0,0.00,244.8,814.95,0.0,3.44, , 
,816.36,1984,79.5,0.0,11111110,815.64,2016,0.0,0.00,244.8,816.00,0.0,3.91, , 
,817.41,1920,79.5,0.0,11101010,816.71,1952,0.0,0.00,244.8,817.05,0.0,3.40, , 
,818.51,1888,79.5,-1.6,11101010,817.77,1888,17.6,3.09,275.4,818.14,0.0,0.90, , 
,819.59,1920,79.5,0.0,11101010,818.87,1888,38.4,5.15,459.0,819.23,0.0,1.64, , 
,820.69,1952,79.5,3.9,11101010,819.94,1920,59.2,8.24,673.2,820.33,2.7,1.60, , 
,821.77,1984,79.5,0.0,11101010,821.05,1984,53.3,8.24,632.4,821.41,0.0,1.72, , 
,822.87,1984,79.5,-2.3,11101010,822.13,1984,25.1,3.09,357.0,822.51,-1.6,1.37, , 
,823.93,1952,79.5,-3.1,11101010,823.22,1952,26.7,3.09,357.0,823.59,-3.5,1.45, , 
,825.01,1952,78.0,1.2,11101010,824.29,1952,32.5,4.12,418.2,824.64,-0.8,1.60, , 
,826.11,1952,78.0,5.9,11101010,825.36,1920,38.4,5.15,479.4,825.74,3.9,1.60, , 
,827.19,1984,79.5,2.7,11101000,826.47,1952,31.0,4.12,397.8,826.83,3.9,1.33, , 
,828.24,2016,79.5,-4.3,11101000,827.54,1984,23.5,3.09,336.6,827.89,-2.3,1.25, , 
,829.33,2016,78.0,-8.2,11101000,828.61,2016,23.5,3.09,336.6,828.97,-7.0,1.37, , 
,830.40,1984,79.5,-6.6,11101010,829.68,1984,23.5,3.09,316.2,830.03,-9.8,1.45, , 
,831.47,1952,79.5,-3.5,11101010,830.75,1952,20.8,2.06,295.8,831.12,-7.0,1.56, , 
,832.56,1920,79.5,-2.7,11101010,831.83,1920,20.8,2.06,295.8,832.19,-4.7,1.45, , 
,833.65,1888,79.5,-4.7,11101010,832.93,1920,22.0,2.06,316.2,833.29,-4.7,1.45, , 
,834.76,1888,79.5,-5.1,11101010,834.02,1888,22.0,2.06,316.2,834.39,-5.5,1.52, , 
,835.87,1824,79.5,-1.6,11111110,835.13,1888,23.5,2.06,316.2,835.50,-3.5,1.56, , 
,836.88,1792,79.5,0.0,11111110,836.21,1824,0.0,0.00,295.8,836.53,0.0,3.09, , 
,837.94,1696,79.5,0.0,11111110,837.23,1728,0.0,0.00,316.2,837.58,0.0,3.91, , 
,838.94,1312,79.5,0.0,11111110,838.29,1664,0.0,0.00,316.2,838.60,0.0,3.98, , 
,839.84,1248,79.5,0.0,11111110,839.24,864,26.7,4.12,377.4,839.55,0.0,2.85, , 
,840.90,2080,79.5,0.0,11101000,840.18,1536,22.0,3.09,316.2,840.53,0.0,1.72, , 
,841.95,2048,79.5,-3.9,11101000,841.25,2048,17.6,2.06,244.8,841.60,0.0,1.13, , 
,842.99,2080,79.5,0.0,11101000,842.30,2048,48.6,7.21,571.2,842.65,0.0,1.48, , 
,844.03,2176,79.5,3.9,11101000,843.33,2112,57.6,8.24,652.8,843.69,2.3,1.60, , 
,845.05,2272,79.5,6.6,11101000,844.38,2208,56.1,8.24,652.8,844.73,5.9,1.52, , 
,846.06,2368,79.5,7.4,11101000,845.38,2304,59.2,9.27,673.2,845.71,7.0,1.45, , 
,847.13,2496,79.5,5.9,11101000,846.43,2400,63.5,9.27,693.6,846.78,5.9,1.45, , 
,848.15,2592,79.5,3.1,11101000,847.48,2528,63.5,9.27,693.6,847.82,3.1,1.37, , 
,849.13,2720,79.5,0.4,11101000,848.48,2624,63.5,9.27,714.0,848.80,1.6,1.45, , 
,850.13,2848,79.5,-2.7,11101000,849.46,2752,71.0,10.30,754.8,849.82,-0.8,1.52, , 
,851.14,2080,79.5,0.0,11111100,850.46,2880,72.2,10.30,775.2,850.78,0.0,3.05, , 
,852.17,2112,79.5,0.0,11101000,851.49,1856,22.0,3.09,316.2,851.83,0.0,0.82, , 
,853.20,2112,79.5,1.2,11101000,852.50,2112,57.6,8.24,652.8,852.84,0.0,1.56, , 
,854.22,2176,79.5,3.1,11101000,853.55,2144,59.2,8.24,673.2,853.89,3.1,1.56, , 
,855.23,2208,79.5,5.5,11101000,854.55,2176,57.6,8.24,652.8,854.89,4.7,1.52, , 
,856.19,2240,79.5,5.5,11101000,855.56,2208,57.6,8.24,652.8,855.87,5.9,1.52, , 
,857.22,2272,79.5,5.9,11101000,856.53,2272,56.1,8.24,632.4,856.88,5.9,1.48, , 
,858.23,2272,79.5,5.9,11101000,857.55,2272,40.0,6.18,479.4,857.90,5.9,1.48, , 
,859.23,2272,79.5,4.7,11101000,858.56,2272,40.0,5.15,479.4,858.90,4.7,1.45, , 
,860.24,2272,79.5,3.5,11101000,859.57,2272,40.0,5.15,479.4,859.89,4.3,1.45, , 
,861.26,2272,79.5,2.3,11101000,860.59,2272,41.2,6.18,499.8,860.92,3.9,1.48, , 
,862.24,2304,79.5,0.4,11101001,861.58,2272,59.2,8.24,673.2,861.91,0.4,1.41, , 
,863.22,2336,79.5,0.8,11101000,862.57,2336,60.4,8.24,673.2,862.89,0.4,1.52, , 
,864.27,2400,79.5,2.3,11101000,863.58,2368,59.2,8.24,673.2,863.93,0.8,1.52, , 
,865.33,2464,79.5,0.8,11101001,864.62,2432,62.0,9.27,693.6,864.96,0.8,1.37, , 
,866.34,2528,79.5,-0.8,11101001,865.68,2464,63.5,9.27,714.0,866.01,0.0,1.48, , 
,867.34,2560,79.5,3.1,11101001,866.67,2528,62.0,9.27,693.6,867.02,-1.2,1.48, , 
,868.34,2624,79.5,4.3,11101001,867.68,2592,62.0,8.24,693.6,868.01,4.7,1.48, , 
,869.34,2656,79.5,3.9,11101001,868.66,2624,60.4,8.24,673.2,869.00,4.3,1.45, , 
,870.32,2720,79.5,2.0,11101001,869.68,2688,66.3,9.27,734.4,869.99,2.0,1.41, , 
,871.30,2784,79.5,2.7,11101001,870.65,2752,66.3,9.27,734.4,870.97,1.6,1.52, , 
,872.32,2848,79.5,-3.1,11101001,871.62,2816,72.2,10.30,775.2,871.94,-1.2,1.41, , 
,873.42,2944,79.5,0.0,11101001,872.67,2880,79.6,11.33,867.0,873.06,-7.0,1.37, , 
,874.52,3008,81.0,-0.4,11101001,873.81,2976,67.8,9.27,754.8,874.09,-0.4,1.48, , 
,875.63,3072,81.0,0.4,11101001,874.87,3008,67.8,9.27,734.4,875.27,0.4,1.52, , 
,876.68,3136,81.0,0.0,11101001,875.98,3104,78.4,11.33,846.6,876.34,-3.9,1.33, , 
,877.72,3264,81.0,-8.6,11101001,877.01,3200,91.4,14.42,969.0,877.37,-6.6,1.25, , 
,878.75,3360,81.0,-12.9,11101001,878.07,3296,91.4,13.39,969.0,878.41,-12.9,1.09, , 
,879.86,3456,81.0,-14.5,11101001,879.11,3392,91.4,13.39,969.0,879.47,-14.1,1.17, , 
,881.00,3552,81.0,-14.1,11101001,880.24,3488,91.4,13.39,969.0,880.62,-13.7,1.21, , 
,882.21,3680,81.0,-13.7,11101001,881.39,3616,91.4,13.39,969.0,881.78,-13.3,1.17, , 
,883.41,3776,81.0,-12.9,11101001,882.62,3712,91.4,14.42,969.0,883.02,-13.3,1.13, , 
,884.55,3872,81.0,-11.7,11101001,883.77,3808,92.9,14.42,969.0,884.16,-12.1,1.13, , 
,885.72,3968,81.0,-11.7,11101001,884.94,3904,92.9,14.42,969.0,885.33,-11.3,1.13, , 
,886.86,4032,81.0,-11.3,11101001,886.11,4000,92.9,14.42,969.0,886.49,-11.3,1.09, , 
,888.05,4128,81.0,-12.1,11101001,887.25,4064,92.9,14.42,969.0,887.65,-10.9,1.09, , 
,889.23,4192,81.0,-10.9,11101001,888.44,4160,91.4,14.42,969.0,888.84,-11.7,1.09, , 
,890.41,4256,81.0,-12.5,11101001,889.62,4224,91.4,14.42,969.0,890.01,-12.1,1.13, , 
,891.60,3712,82.5,0.0,11111101,890.81,4288,91.4,14.42,969.0,891.23,0.0,1.13, , 
,892.59,2240,82.5,0.0,11111101,891.89,3136,0.0,0.00,275.4,892.24,0.0,3.87, , 
,893.58,1056,82.5,0.0,11111111,892.99,1728,0.0,0.00,275.4,893.28,0.0,3.95, , 
,894.49,800,82.5,0.0,11111111,893.89,800,29.4,5.15,418.2,894.19,0.0,1.37, , 
,895.41,928,82.5,0.0,11111111,894.79,960,36.9,4.12,499.8,895.10,0.0,0.20, , 
,896.31,864,82.5,-7.4,11111111,895.72,928,28.2,3.09,397.8,896.01,-6.6,1.17, , 
,897.24,896,82.5,-6.3,11111111,896.63,896,29.4,3.09,418.2,896.93,-6.6,1.56, , 
,898.17,896,82.5,-4.7,11111111,897.56,896,29.4,3.09,397.8,897.88,-4.7,1.56, , 
,899.13,896,82.5,-4.7,11111111,898.50,896,28.2,3.09,397.8,898.83,-4.7,1.48, , 
,900.10,896,84.0,-4.3,11111111,899.45,896,28.2,3.09,397.8,899.77,-4.7,1.52, , 
,900.97,896,84.0,-3.5,11111111,900.40,896,28.2,3.09,397.8,900.68,-3.9,1.56, , 
,901.91,896,84.0,-2.7,11111111,901.29,896,28.2,3.09,397.8,901.59,-2.7,1.52, , 
,902.81,896,84.0,-1.6,11111111,902.21,896,28.2,3.09,397.8,902.51,-2.0,1.52, , 
,903.69,896,84.0,-0.4,11111111,903.10,896,28.2,3.09,397.8,903.40,-0.8,1.56, , 
,904.62,896,84.0,0.8,11111111,903.99,896,26.7,3.09,397.8,904.31,0.4,1.56, , 
,905.55,896,84.0,1.2,11111111,904.92,896,26.7,3.09,377.4,905.25,0.8,1.52, , 
,906.48,896,84.0,1.2,11111111,905.86,896,26.7,3.09,377.4,906.17,1.2,1.48, , 
,907.45,896,82.5,2.0,11111111,906.78,896,26.7,3.09,377.4,907.12,1.6,1.52, , 
,908.36,896,82.5,2.7,11111111,907.76,896,26.7,3.09,377.4,908.07,2.7,1.56, , 
,909.32,1280,82.5,0.0,11101011,908.67,896,26.7,3.09,377.4,908.99,4.7,1.56, , 
,910.34,2144,82.5,0.0,11101001,909.66,2240,28.2,3.09,377.4,910.00,0.0,1.56, , 
,911.35,2208,82.5,-0.8,11101001,910.67,2176,75.3,11.33,846.6,911.00,0.0,1.45, , 
,912.37,2304,82.5,0.0,11101001,911.69,2240,81.2,12.36,907.8,912.03,0.0,1.33, , 
,913.36,2368,82.5,-0.8,11101001,912.70,2304,73.7,10.30,795.6,913.03,-0.4,1.52, , 
,914.41,2432,81.0,0.0,11101001,913.70,2400,72.2,10.30,795.6,914.05,0.0,1.52, , 
,915.45,2496,81.0,2.3,11101001,914.76,2464,69.4,10.30,754.8,915.10,2.7,1.52, , 
,916.47,2560,81.0,3.9,11101001,915.79,2528,66.3,9.27,734.4,916.13,3.1,1.52, , 
,917.49,2560,81.0,8.6,11101001,916.80,2560,48.6,7.21,571.2,917.15,7.4,1.56, , 
,918.47,2592,81.0,11.7,11101001,917.81,2560,44.3,6.18,520.2,918.15,10.5,1.48, , 
,919.48,2592,81.0,11.7,11101001,918.81,2592,45.9,6.18,520.2,919.14,11.7,1.37, , 
,920.49,2560,81.0,3.5,11101001,919.82,2560,31.0,4.12,377.4,920.14,7.4,1.25, , 
,921.46,2528,81.0,-0.4,11101001,920.82,2528,17.6,2.06,244.8,921.14,0.0,1.41, , 
,922.49,2528,81.0,0.0,11101001,921.79,2496,17.6,2.06,244.8,922.12,-5.9,1.17, , 
,923.49,2528,81.0,0.0,11101001,922.81,2496,65.1,9.27,714.0,923.13,0.0,1.48, , 
,924.53,2592,81.0,2.3,11101001,923.83,2560,65.1,9.27,714.0,924.19,1.2,1.48, , 
,925.56,2624,81.0,3.5,11101001,924.89,2592,66.3,9.27,734.4,925.23,3.1,1.48, , 
,926.58,2688,79.5,3.1,11101001,925.93,2656,65.1,9.27,714.0,926.25,3.1,1.48, , 
,927.63,2720,81.0,2.3,11101001,926.95,2688,65.1,9.27,714.0,927.29,3.1,1.52, , 
,928.66,2784,79.5,0.0,11101001,927.98,2752,67.8,10.30,734.4,928.31,0.0,1.25, , 
,929.70,2848,81.0,0.0,11101001,929.01,2816,82.7,12.36,887.4,929.37,0.0,1.37, , 
,930.81,2944,79.5,-5.5,11101000,930.06,2880,79.6,11.33,867.0,930.42,-4.3,1.37, , 
,932.02,3008,79.5,-10.2,11101001,931.21,2944,84.3,12.36,907.8,931.60,-8.2,1.41, , 
,933.00,3072,79.5,-7.4,11101001,932.34,3040,81.2,11.33,887.4,932.66,-9.0,1.52, , 
,934.07,3136,79.5,-3.5,11101001,933.36,3104,72.2,10.30,795.6,933.69,-4.7,1.56, , 
,935.13,3168,79.5,1.6,11101001,934.43,3136,69.4,9.27,754.8,934.78,0.0,1.52, , 
,936.21,3232,79.5,3.1,11101001,935.47,3200,67.8,9.27,734.4,935.84,2.3,1.52, , 
,937.28,3168,79.5,0.0,11111101,936.57,3232,22.0,2.06,316.2,936.92,0.0,1.17, , 
,938.27,3072,79.5,0.0,11111101,937.63,3136,0.0,0.00,275.4,937.95,0.0,3.91, , 
,939.31,3008,79.5,0.0,11101001,938.61,3040,0.0,0.00,275.4,939.03,0.0,3.87, , 
,940.11,2976,79.5,-9.8,11101001,939.57,3008,17.6,2.06,275.4,939.84,0.0,0.74, , 
,941.19,2912,79.5,-4.7,11101001,940.52,2944,17.6,2.06,275.4,940.82,-6.3,1.56, , 
,942.23,2912,79.5,-3.1,11101001,941.54,2880,17.6,2.06,275.4,941.88,-3.9,1.60, , 
,943.24,2848,79.5,2.7,11101001,942.57,2880,36.9,4.12,438.6,942.89,3.9,1.64, , 
,944.24,2816,79.5,0.8,11101001,943.59,2848,26.7,3.09,336.6,943.90,0.4,1.41, , 
,945.24,2784,79.5,3.5,11101001,944.59,2816,28.2,3.09,357.0,944.92,0.8,1.52, , 
,946.23,2784,79.5,6.6,11101001,945.57,2784,32.5,4.12,397.8,945.89,5.9,1.52, , 
,947.25,2784,79.5,9.4,11101001,946.57,2784,31.0,4.12,377.4,946.91,7.8,1.48, , 
,948.28,2784,79.5,10.2,11101001,947.60,2784,31.0,4.12,377.4,947.94,10.5,1.45, , 
,949.31,2752,81.0,5.1,11101001,948.65,2752,31.0,4.12,377.4,948.97,9.0,1.45, , 
,950.36,2720,79.5,-3.5,11101001,949.68,2720,17.6,2.06,244.8,950.03,0.4,1.48, , 
,951.32,2688,79.5,-2.0,11111101,950.70,2688,17.6,2.06,244.8,951.01,-3.5,1.37, , 
,952.31,2624,79.5,0.0,11111101,951.65,2656,17.6,2.06,244.8,951.98,0.0,1.68, , 
,953.27,2528,79.5,0.0,11111101,952.63,2592,0.0,0.00,275.4,952.97,0.0,3.98, , 
,954.24,2432,79.5,0.0,11111101,953.60,2496,0.0,0.00,244.8,953.92,0.0,3.95, , 
,955.18,2336,79.5,0.0,11111101,954.55,2400,0.0,0.00,244.8,954.86,0.0,3.91, , 
,956.17,2304,79.5,0.0,11101001,955.51,2336,0.0,0.00,244.8,955.84,0.0,3.91, , 
,957.14,2272,79.5,0.0,11101001,956.48,2272,20.8,3.09,295.8,956.81,0.0,0.63, , 
,958.14,2336,79.5,0.0,11101000,957.47,2304,60.4,8.24,693.6,957.80,0.0,1.64, , 
,959.19,2400,79.5,-1.2,11101001,958.49,2368,79.6,11.33,867.0,958.83,0.0,1.45, , 
,960.25,2528,79.5,-1.6,11101001,959.57,2464,78.4,11.33,867.0,959.92,-1.2,1.45, , 
,961.28,2592,79.5,-0.8,11101000,960.60,2528,78.4,11.33,846.6,960.95,-2.7,1.45, , 
,962.33,2624,81.0,0.0,11101001,961.63,2624,62.0,8.24,693.6,961.99,2.7,1.68, , 
,963.33,2656,79.5,7.4,11101001,962.68,2656,41.2,5.15,479.4,963.00,5.5,1.72, , 
,964.38,2656,79.5,11.3,11101001,963.67,2656,41.2,5.15,479.4,964.03,10.5,1.56, , 
,965.37,2656,79.5,12.9,11101001,964.72,2656,36.9,5.15,438.6,965.06,12.5,1.45, , 
,966.38,2656,79.5,10.2,11101001,965.70,2656,34.1,5.15,418.2,966.04,10.2,1.37, , 
,967.43,2624,79.5,5.1,11101001,966.73,2624,29.4,4.12,377.4,967.06,8.6,1.45, , 
,968.42,2592,79.5,-0.4,11101001,967.76,2624,25.1,3.09,336.6,968.09,0.4,1.29, , 
,969.42,2592,79.5,-3.1,11101001,968.74,2592,26.7,3.09,336.6,969.09,-1.6,1.45, , 
,970.44,2528,79.5,-4.3,11111101,969.78,2560,19.2,2.06,275.4,970.11,-8.6,1.33, , 
,971.48,2464,79.5,0.0,11111100,970.79,2496,0.0,0.00,244.8,971.13,0.0,3.79, , 
,972.47,2400,79.5,0.0,11111100,971.81,2464,0.0,0.00,244.8,972.13,0.0,3.98, , 
,973.44,2336,79.5,0.0,11111101,972.79,2368,0.0,0.00,244.8,973.11,0.0,3.91, , 
,974.44,2272,79.5,0.0,11111100,973.79,2336,0.0,0.00,244.8,974.11,0.0,3.98, , 
,975.45,2208,79.5,0.0,11111101,974.78,2272,0.0,0.00,244.8,975.11,0.0,3.91, , 
,976.44,2144,79.5,0.0,11111101,975.78,2176,0.0,0.00,244.8,976.11,0.0,3.98, , 
,977.48,2080,79.5,0.0,11111100,976.78,2112,0.0,0.00,244.8,977.14,0.0,3.98, , 
,978.56,2016,79.5,0.0,11101000,977.83,2048,0.0,0.00,244.8,978.20,0.0,3.91, , 
,979.61,2016,79.5,0.0,11101000,978.92,2048,34.1,6.18,397.8,979.26,0.0,1.37, , 
,980.64,2080,79.5,8.2,11101000,979.96,2048,54.5,7.21,632.4,980.29,5.1,1.64, , 
,981.67,2112,79.5,9.8,11101000,980.98,2080,62.0,9.27,714.0,981.32,10.2,1.52, , 
,982.72,2176,79.5,6.3,11101000,982.02,2144,54.5,6.18,632.4,982.38,0.0,1.76, , 
,983.74,2176,79.5,10.9,11101000,983.06,2176,45.9,6.18,550.8,983.40,9.0,1.64, , 
,984.75,2176,79.5,8.6,11101000,984.08,2208,42.7,6.18,499.8,984.42,10.9,1.45, , 
,985.81,2176,79.5,0.4,11101000,985.11,2176,22.0,3.09,295.8,985.47,0.4,1.05, , 
,986.85,2112,79.5,-0.4,11101000,986.15,2144,16.1,2.06,244.8,986.51,-0.4,1.48, , 
,987.91,2048,79.5,1.6,11101000,987.19,2112,16.1,2.06,244.8,987.55,-1.6,1.45, , 
,988.95,2016,79.5,-2.0,11101000,988.26,2048,16.1,2.06,244.8,988.60,0.8,1.52, , 
,990.00,2016,79.5,-4.7,11101000,989.29,2016,20.8,2.06,295.8,989.63,-3.5,1.41, , 
,991.10,1984,79.5,-3.5,11101000,990.36,1984,23.5,3.09,336.6,990.72,-4.3,1.52, , 
,992.19,1984,79.5,-3.9,11101000,991.47,1984,25.1,3.09,336.6,991.83,-2.7,1.52, , 
,993.29,1984,79.5,2.3,11101000,992.55,1984,17.6,2.06,275.4,992.91,-2.0,1.64, , 
,994.36,1952,79.5,2.3,11101010,993.65,1984,14.9,2.06,244.8,994.01,4.3,1.56, , 
,995.44,1920,79.5,3.9,11101010,994.72,1952,16.1,2.06,244.8,995.09,3.1,1.45, , 
,996.50,1888,79.5,0.0,11111110,995.80,1920,17.6,2.06,275.4,996.17,-2.3,1.17, , 
,997.54,1824,79.5,0.0,11111110,996.85,1856,0.0,0.00,295.8,997.20,0.0,3.83, , 
,998.57,1760,79.5,0.0,11111110,997.89,1792,0.0,0.00,295.8,998.23,0.0,3.98, , 
,999.57,1696,79.5,0.0,11111110,998.91,1728,0.0,0.00,316.2,999.24,0.0,3.98, , 
,1000.56,1664,79.5,0.0,11101010,999.89,1696,0.0,0.00,316.2,1000.22,0.0,3.95, , 
,1001.61,1632,79.5,0.0,11101010,1000.90,1664,20.8,3.09,295.8,1001.25,0.0,0.82, , 
,1002.59,1632,79.5,0.4,11101010,1001.94,1632,20.8,2.06,316.2,1002.27,0.0,1.45, , 
,1003.69,1600,79.5,3.5,11101010,1002.94,1600,22.0,3.09,316.2,1003.30,2.3,1.56, , 
,1004.73,1568,79.5,6.3,11101010,1004.07,1600,22.0,3.09,316.2,1004.40,6.6,1.56, , 
,1005.76,1568,79.5,6.3,11101010,1005.10,1568,23.5,3.09,336.6,1005.42,6.6,1.45, , 
,1006.86,1536,79.5,6.3,11101010,1006.13,1568,23.5,3.09,336.6,1006.51,6.6,1.45, , 
,1007.92,1536,78.0,6.6,11101010,1007.20,1536,23.5,3.09,336.6,1007.55,6.6,1.45, , 
,1008.89,1504,79.5,5.1,11111110,1008.27,1536,23.5,3.09,336.6,1008.60,5.5,1.45, , 
,1010.19,1472,79.5,2.7,11111110,1009.35,1504,22.0,3.09,316.2,1009.72,2.3,1.41, , 
,1011.12,1440,79.5,3.9,11111110,1010.47,1440,23.5,3.09,336.6,1010.81,3.5,1.52, , 
,1012.10,1408,78.0,4.3,11101010,1011.45,1440,23.5,3.09,336.6,1011.76,3.5,1.48, , 
,1013.15,1376,78.0,1.6,11101010,1012.45,1376,22.0,3.09,316.2,1012.78,1.6,1.37, , 
,1014.16,1376,79.5,0.0,11101010,1013.49,1376,23.5,3.09,336.6,1013.84,0.4,1.45, , 
,1015.22,1344,78.0,-0.4,11101010,1014.51,1376,23.5,3.09,336.6,1014.86,-0.4,1.48, , 
,1016.19,1344,79.5,-0.8,11101010,1015.56,1344,23.5,3.09,336.6,1015.88,-0.4,1.52, , 
,1017.18,1312,78.0,-0.4,11101010,1016.54,1312,23.5,3.09,336.6,1016.86,-1.2,1.52, , 
,1018.14,1312,78.0,0.4,11101010,1017.49,1312,23.5,3.09,336.6,1017.82,0.0,1.52, , 
,1019.17,1312,79.5,3.5,11101010,1018.49,1312,26.7,3.09,357.0,1018.83,2.7,1.56, , 
,1020.20,1312,78.0,9.8,11101010,1019.49,1280,29.4,4.12,397.8,1019.86,8.2,1.60, , 
,1021.28,1536,78.0,3.9,11111110,1020.52,1312,26.7,3.09,357.0,1020.96,5.1,1.21, , 
,1022.32,1664,78.0,0.0,11111110,1021.65,1600,0.0,0.00,316.2,1021.97,0.0,3.59, , 
,1023.39,1600,78.0,0.0,11101010,1022.68,1632,0.0,0.00,316.2,1023.02,0.0,3.91, , 
,1024.46,1632,78.0,0.0,11101010,1023.76,1568,34.1,5.15,438.6,1024.10,0.0,1.33, , 
,1025.52,1696,79.5,0.0,11101010,1024.81,1632,56.1,8.24,652.8,1025.18,0.0,1.64, , 
,1026.61,1760,78.0,10.9,11101010,1025.86,1728,54.5,8.24,652.8,1026.21,8.6,1.72, , 
,1027.71,1824,79.5,11.7,11101010,1026.96,1792,36.9,5.15,459.0,1027.35,11.7,1.48, , 
,1028.83,1856,79.5,12.5,11101010,1028.09,1824,34.1,5.15,418.2,1028.46,12.1,1.41, , 
,1029.96,1888,79.5,6.3,11101010,1029.21,1856,34.1,5.15,418.2,1029.58,7.8,1.33, , 
2,1031.05,1888,78.0,5.5,11101010,1030.32,1888,29.4,4.12,377.4,1030.68,5.5,1.41, , 
,1032.12,1920,79.5,3.1,11101010,1031.42,1920,31.0,4.12,397.8,1031.78,4.3,1.41, , 
,1033.20,1920,78.0,-0.4,11101010,1032.47,1920,28.2,4.12,377.4,1032.84,1.2,1.37, , 
,1034.27,1952,78.0,-2.3,11101010,1033.55,1920,26.7,3.09,357.0,1033.92,-2.0,1.45, , 
,1035.36,1952,78.0,-3.9,11101010,1034.63,1952,26.7,3.09,357.0,1034.99,-3.9,1.41, , 
,1036.48,1920,78.0,-7.0,11101010,1035.73,1952,17.6,2.06,275.4,1036.11,-4.3,1.56, , 
,1037.56,1920,78.0,-4.3,11101010,1036.84,1888,26.7,3.09,357.0,1037.20,-5.1,1.56, , 
,1038.65,1888,78.0,-2.3,11101010,1037.93,1888,26.7,3.09,357.0,1038.29,-2.3,1.52, , 
,1039.75,1888,78.0,-0.4,11101010,1039.01,1920,26.7,3.09,357.0,1039.39,-0.4,1.52, , 
,1040.85,1920,78.0,2.7,11101010,1040.12,1920,28.2,3.09,377.4,1040.48,1.6,1.52, , 
,1041.97,1920,78.0,2.3,11101010,1041.22,1920,28.2,4.12,377.4,1041.59,2.7,1.45, , 
,1043.06,1920,78.0,1.2,11101010,1042.34,1920,28.2,3.09,357.0,1042.69,1.6,1.45, , 
,1044.18,1952,78.0,0.4,11101010,1043.42,1920,28.2,3.09,357.0,1043.80,1.2,1.48, , 
,1045.27,1952,78.0,-2.0,11101010,1044.55,1952,26.7,3.09,357.0,1044.91,-1.6,1.45, , 
,1046.36,1984,79.5,-2.7,11101010,1045.63,1952,26.7,3.09,357.0,1045.99,-2.3,1.45, , 
,1047.41,2016,78.0,-1.2,11101000,1046.71,1984,26.7,3.09,357.0,1047.06,-1.2,1.48, , 
,1048.52,1984,78.0,-1.6,11101000,1047.77,2016,25.1,3.09,336.6,1048.14,-2.0,1.48, , 
,1049.62,1952,79.5,-1.6,11101010,1048.89,1984,25.1,3.09,336.6,1049.25,-2.0,1.48, , 
,1050.69,1952,79.5,6.3,11101010,1049.97,1920,35.3,4.12,438.6,1050.34,5.1,1.64, , 
,1051.78,1952,79.5,7.4,11101010,1051.07,1952,32.5,4.12,418.2,1051.43,7.4,1.45, , 
,1052.88,1952,79.5,6.6,11101010,1052.13,1952,32.5,4.12,397.8,1052.50,7.0,1.48, , 
,1053.98,1952,79.5,1.6,11101010,1053.26,1952,28.2,4.12,377.4,1053.61,3.1,1.29, , 
,1055.06,1952,79.5,0.0,11101010,1054.33,1952,26.7,3.09,357.0,1054.70,-0.4,1.37, , 
,1056.14,1952,79.5,-0.4,11101010,1055.42,1920,26.7,3.09,357.0,1055.77,0.0,1.52, , 
,1057.22,1920,79.5,-2.0,11101010,1056.49,1952,26.7,3.09,357.0,1056.85,-1.2,1.45, , 
,1058.31,1920,79.5,-1.6,11101010,1057.59,1920,26.7,3.09,357.0,1057.95,-2.0,1.52, , 
,1059.42,1920,79.5,-0.8,11101010,1058.69,1920,26.7,3.09,357.0,1059.06,-1.6,1.52, , 
,1060.55,1888,79.5,-0.4,11101010,1059.78,1888,26.7,3.09,357.0,1060.16,0.4,1.48, , 
,1061.65,1888,79.5,3.5,11101010,1060.93,1888,28.2,3.09,377.4,1061.29,3.5,1.48, , 
,1062.76,1888,79.5,7.4,11101010,1062.02,1888,28.2,3.09,377.4,1062.40,5.1,1.48, , 
,1063.84,1888,79.5,10.9,11101010,1063.12,1888,32.5,4.12,418.2,1063.48,10.2,1.52, , 
,1064.92,1920,79.5,10.9,11101010,1064.20,1888,32.5,4.12,418.2,1064.56,11.3,1.41, , 
,1066.01,1920,79.5,8.6,11101010,1065.27,1920,32.5,4.12,397.8,1065.64,11.3,1.45, , 
,1067.12,1952,79.5,7.8,11101010,1066.38,1952,31.0,4.12,397.8,1066.76,7.8,1.45, , 
,1068.20,1952,79.5,6.6,11101010,1067.47,1952,31.0,4.12,397.8,1067.83,7.0,1.45, , 
,1069.27,1984,79.5,9.0,11101000,1068.55,1952,36.9,5.15,459.0,1068.91,7.4,1.60, , 
,1070.36,2016,79.5,7.8,11101000,1069.63,1984,38.4,5.15,459.0,1070.00,8.6,1.41, , 
,1071.44,2016,79.5,5.9,11101000,1070.72,2016,32.5,4.12,397.8,1071.09,6.6,1.41, , 
,1072.50,2016,79.5,4.3,11101000,1071.81,2016,31.0,4.12,397.8,1072.15,5.1,1.45, , 
,1073.53,2048,79.5,3.1,11101000,1072.85,2048,31.0,4.12,397.8,1073.20,3.9,1.45, , 
,1074.62,2080,79.5,2.0,11101000,1073.90,2048,29.4,4.12,377.4,1074.25,2.3,1.48, , 
,1075.70,2080,79.5,1.6,11101000,1074.97,2048,32.5,4.12,397.8,1075.33,2.0,1.52, , 
,1076.75,2080,79.5,3.5,11101000,1076.04,2080,34.1,4.12,418.2,1076.39,2.3,1.52, , 
,1077.79,2048,79.5,2.7,11101000,1077.09,2080,32.5,4.12,397.8,1077.43,3.5,1.45, , 
,1078.83,2048,79.5,-0.4,11101001,1078.13,2048,31.0,4.12,397.8,1078.48,2.0,1.45, , 
,1079.87,2016,79.5,-6.3,11101001,1079.18,2048,23.5,3.09,316.2,1079.53,-4.7,1.33, , 
,1080.92,2016,79.5,-9.0,11101000,1080.21,2016,23.5,3.09,316.2,1080.56,-8.6,1.41, , 
,1082.00,1984,79.5,-7.4,11101000,1081.27,1984,25.1,3.09,336.6,1081.63,-9.0,1.56, , 
,1083.12,2016,79.5,-1.6,11101001,1082.41,1984,32.5,4.12,397.8,1082.76,-3.1,1.64, , 
,1084.16,2048,79.5,4.3,11101001,1083.46,2016,41.2,5.15,499.8,1083.81,2.7,1.64, , 
,1085.19,2080,79.5,6.6,11101001,1084.50,2048,38.4,5.15,459.0,1084.85,5.5,1.48, , 
,1086.25,2080,79.5,9.8,11101001,1085.55,2080,36.9,5.15,459.0,1085.89,7.8,1.52, , 
,1087.30,2080,79.5,2.0,11101001,1086.59,2112,34.1,4.12,418.2,1086.94,6.3,1.29, , 
,1088.36,2016,79.5,-4.3,11101001,1087.65,2048,23.5,3.09,316.2,1087.99,-2.7,1.21, , 
,1089.47,1920,79.5,-6.6,11101011,1088.72,1984,23.5,3.09,316.2,1089.10,-6.3,1.41, , 
,1090.56,1888,79.5,-5.5,11101011,1089.84,1920,25.1,3.09,357.0,1090.20,-7.0,1.56, , 
,1091.65,1888,79.5,5.1,11101011,1090.91,1888,36.9,4.12,438.6,1091.27,0.0,1.68, , 
,1092.75,1888,79.5,9.8,11101011,1092.03,1888,44.3,6.18,520.2,1092.39,7.8,1.64, , 
,1093.82,1792,79.5,0.0,11111111,1093.12,1920,42.7,6.18,520.2,1093.48,10.9,1.52, , 
,1094.78,1120,79.5,0.0,11111111,1094.14,1312,0.0,0.00,357.0,1094.45,0.0,3.67, , 
,1095.74,1024,79.5,0.0,11111111,1095.07,1120,25.1,3.09,357.0,1095.39,0.0,0.98, , 
,1096.66,864,79.5,0.0,11111111,1096.06,896,23.5,2.06,336.6,1096.36,0.0,1.25, , 
,1097.60,864,79.5,1.2,11111111,1096.97,896,26.7,3.09,377.4,1097.29,0.4,1.56, , 
,1098.50,896,79.5,3.1,11111111,1097.90,864,26.7,3.09,397.8,1098.20,2.3,1.56, , 
,1099.36,1056,79.5,3.9,11111111,1098.79,960,26.7,3.09,377.4,1099.06,3.9,1.52, , 
,1100.35,1568,79.5,8.2,11101011,1099.67,1344,22.0,3.09,316.2,1100.03,6.3,1.56, , 
,1101.45,1600,81.0,0.0,11101011,1100.71,1568,51.8,8.24,612.0,1101.08,0.0,1.68, , 
,1102.48,1600,81.0,6.6,11101011,1101.78,1600,36.9,4.12,459.0,1102.12,6.6,1.76, , 
,1103.55,1632,81.0,12.1,11101011,1102.84,1600,38.4,5.15,479.4,1103.21,10.9,1.60, , 
,1104.63,1664,81.0,17.2,11101011,1103.90,1632,45.9,7.21,571.2,1104.25,14.8,1.52, , 
,1105.75,1920,81.0,0.0,11101011,1105.03,1728,57.6,8.24,652.8,1105.38,0.0,1.52, , 
,1106.80,2080,81.0,4.7,11101001,1106.12,1984,56.1,7.21,652.8,1106.45,3.9,1.68, , 
,1107.83,2144,81.0,2.0,11101001,1107.16,2144,48.6,5.15,591.6,1107.51,0.0,1.72, , 
,1108.88,2144,81.0,0.0,11111101,1108.17,2176,28.2,3.09,377.4,1108.53,0.0,1.48, , 
,1109.92,1152,81.0,0.0,11101011,1109.25,1664,0.0,0.00,336.6,1109.62,0.0,3.67, , 
,1110.91,1312,81.0,0.0,11101011,1110.26,1376,23.5,3.09,336.6,1110.58,0.0,0.94, , 
,1111.87,1280,81.0,2.0,11101011,1111.23,1280,25.1,3.09,357.0,1111.54,0.0,1.45, , 
,1112.84,1248,81.0,7.4,11101011,1112.20,1248,32.5,4.12,438.6,1112.54,4.3,1.56, , 
,1113.80,1280,81.0,11.7,11101011,1113.15,1248,42.7,6.18,550.8,1113.47,11.3,1.64, , 
,1114.80,1312,81.0,0.0,11101011,1114.13,1280,53.3,7.21,632.4,1114.46,0.0,1.56, , 
,1115.84,1408,81.0,6.3,11101011,1115.16,1344,60.4,8.24,714.0,1115.51,4.7,1.64, , 
,1116.85,1472,81.0,10.9,11101011,1116.17,1440,53.3,7.21,652.8,1116.54,10.2,1.60, , 
,1117.96,1536,81.0,15.6,11101011,1117.26,1504,50.2,7.21,612.0,1117.60,14.1,1.56, , 
,1118.98,1600,81.0,17.6,11101011,1118.28,1568,48.6,7.21,591.6,1118.62,17.6,1.48, , 
,1120.05,1632,81.0,14.5,11101011,1119.34,1600,34.1,5.15,438.6,1119.70,17.6,1.45, , 
,1121.14,1632,81.0,11.3,11101011,1120.43,1632,34.1,5.15,418.2,1120.78,14.1,1.41, , 
,1122.20,1664,81.0,11.7,11101011,1121.49,1632,35.3,5.15,438.6,1121.85,11.7,1.48, , 
,1123.28,1696,81.0,12.1,11101011,1122.56,1664,38.4,6.18,479.4,1122.93,12.1,1.52, , 
,1124.40,1728,81.0,11.7,11101011,1123.65,1696,36.9,5.15,459.0,1124.03,12.1,1.45, , 
,1125.49,1792,81.0,11.7,11101011,1124.80,1728,40.0,6.18,479.4,1125.18,11.3,1.41, , 
,1126.60,1824,81.0,9.0,11101011,1125.87,1792,44.3,7.21,550.8,1126.23,10.2,1.45, , 
,1127.72,1888,81.0,7.4,11101011,1126.98,1856,42.7,6.18,520.2,1127.35,7.4,1.45, , 
,1128.84,1888,81.0,6.6,11101011,1128.10,1888,41.2,6.18,499.8,1128.46,6.6,1.48, , 
,1129.93,1920,81.0,5.5,11101011,1129.20,1888,41.2,6.18,499.8,1129.56,5.9,1.52, , 
,1131.03,1888,81.0,1.6,11101011,1130.31,1920,29.4,4.12,377.4,1130.67,2.0,1.41, , 
,1132.12,1888,81.0,3.9,11101011,1131.38,1888,29.4,4.12,377.4,1131.76,0.0,1.48, , 
,1133.22,1888,81.0,7.4,11101011,1132.48,1888,34.1,4.12,418.2,1132.86,5.1,1.60, , 
,1134.32,1952,81.0,10.2,11101011,1133.59,1920,40.0,5.15,479.4,1133.96,9.0,1.56, , 
,1135.42,1952,81.0,10.9,11101011,1134.70,1952,38.4,5.15,479.4,1135.05,11.7,1.48, , 
,1136.50,1952,81.0,9.8,11101011,1135.77,1952,35.3,5.15,459.0,1136.13,10.5,1.48, , 
,1137.61,1952,81.0,8.2,11101011,1136.88,1952,35.3,5.15,438.6,1137.24,8.6,1.45, , 
,1138.70,1952,81.0,5.5,11101011,1137.97,1952,34.1,4.12,438.6,1138.33,6.3,1.45, , 
,1139.77,1920,81.0,0.4,11101011,1139.05,1952,34.1,4.12,438.6,1139.42,4.7,1.45, , 
,1140.89,1856,81.0,-0.4,11101011,1140.15,1888,25.1,3.09,336.6,1140.53,-4.3,1.37, , 
,1141.94,1696,81.0,0.0,11111111,1141.25,1856,26.7,3.09,357.0,1141.61,2.7,1.52, , 
,1142.88,1088,81.0,0.0,11111111,1142.24,1280,0.0,0.00,336.6,1142.55,0.0,3.48, , 
,1143.83,960,81.0,0.0,11111111,1143.20,1120,25.1,3.09,357.0,1143.50,0.0,1.33, , 
,1144.69,896,81.0,0.0,11111111,1144.10,736,26.7,3.09,377.4,1144.40,0.0,1.56, , 
,1145.63,864,79.5,3.9,11101011,1145.01,864,28.2,3.09,397.8,1145.32,2.3,1.64, , 
,1146.64,1440,81.0,0.0,11101011,1145.99,1248,36.9,4.12,479.4,1146.34,0.0,1.76, , 
,1147.76,1600,81.0,0.0,11101011,1147.08,1504,62.0,9.27,714.0,1147.40,0.0,1.68, , 
,1148.79,1760,81.0,5.1,11101011,1148.09,1632,60.4,8.24,693.6,1148.43,3.1,1.56, , 
,1149.88,1888,81.0,6.6,11101011,1149.13,1792,57.6,9.27,673.2,1149.50,5.5,1.48, , 
,1150.96,1952,81.0,3.1,11101011,1150.24,1920,42.7,6.18,520.2,1150.60,0.0,1.64, , 
,1152.05,1952,81.0,6.3,11101011,1151.32,1952,41.2,6.18,499.8,1151.69,5.1,1.52, , 
,1153.14,1920,81.0,7.4,11101011,1152.42,1952,41.2,6.18,499.8,1152.77,6.6,1.52, , 
,1154.25,1920,81.0,8.6,11101011,1153.53,1920,41.2,6.18,499.8,1153.89,7.8,1.45, , 
,1155.34,1952,81.0,7.8,11101011,1154.60,1920,41.2,6.18,499.8,1154.97,8.6,1.45, , 
,1156.41,1984,81.0,8.6,11101011,1155.68,1984,41.2,6.18,499.8,1156.04,8.2,1.48, , 
,1157.48,2016,81.0,6.3,11101001,1156.77,1984,47.1,7.21,571.2,1157.14,7.8,1.45, , 
,1158.49,2112,81.0,3.9,11101001,1157.81,2048,59.2,8.24,673.2,1158.14,4.3,1.41, , 
,1159.54,2176,81.0,3.5,11101001,1158.85,2144,48.6,7.21,571.2,1159.20,3.9,1.52, , 
,1160.55,2176,81.0,5.9,11101001,1159.87,2176,47.1,6.18,550.8,1160.21,5.1,1.52, , 
,1161.55,2176,81.0,3.5,11101001,1160.89,2176,41.2,6.18,499.8,1161.22,4.3,1.41, , 
,1162.58,2144,81.0,4.7,11101001,1161.91,2176,41.2,6.18,499.8,1162.24,3.9,1.52, , 
,1163.62,2176,81.0,4.7,11101001,1162.92,2144,48.6,7.21,571.2,1163.27,6.3,1.52, , 
,1164.61,2272,81.0,6.3,11101001,1163.96,2208,54.5,8.24,632.4,1164.28,5.1,1.52, , 
,1165.65,2336,81.0,5.5,11101001,1164.96,2272,53.3,7.21,612.0,1165.30,6.3,1.45, , 
,1166.65,2400,81.0,5.1,11101001,1165.99,2304,51.8,7.21,591.6,1166.30,6.3,1.45, , 
,1167.68,2464,81.0,5.5,11101001,1166.99,2400,50.2,7.21,591.6,1167.37,4.7,1.52, , 
,1168.69,2528,81.0,3.1,11101001,1168.03,2496,48.6,7.21,571.2,1168.35,3.1,1.45, , 
,1169.74,2592,81.0,3.5,11101001,1169.04,2560,45.9,6.18,520.2,1169.39,3.1,1.48, , 
,1170.76,2560,81.0,2.3,11101001,1170.08,2592,38.4,5.15,459.0,1170.41,2.7,1.45, , 
,1171.76,2560,81.0,1.2,11101001,1171.10,2560,36.9,5.15,438.6,1171.43,1.2,1.48, , 
,1172.78,2560,81.0,-1.6,11101001,1172.11,2560,34.1,5.15,418.2,1172.45,-0.8,1.45, , 
,1173.79,2496,82.5,-5.9,11101001,1173.11,2560,32.5,4.12,397.8,1173.45,-2.7,1.41, , 
,1174.87,2400,81.0,-13.3,11101001,1174.13,2464,22.0,3.09,316.2,1174.50,-12.1,1.25, , 
,1175.84,2400,81.0,-7.4,11101001,1175.18,2368,34.1,4.12,418.2,1175.50,-9.0,1.72, , 
,1176.83,2336,81.0,-9.8,11101001,1176.15,2368,35.3,4.12,418.2,1176.50,-8.6,1.52, , 
,1177.83,2304,82.5,-6.6,11101001,1177.17,2336,28.2,3.09,357.0,1177.49,-9.0,1.52, , 
,1178.85,2144,81.0,0.0,11111101,1178.16,2304,36.9,5.15,459.0,1178.49,-2.3,1.64, , 
,1179.79,1024,82.5,0.0,11111111,1179.17,1600,0.0,0.00,316.2,1179.47,0.0,3.79, , 
,1180.68,928,82.5,0.0,11111111,1180.08,1024,26.7,4.12,377.4,1180.39,0.0,1.33, , 
,1181.58,864,82.5,0.0,11111111,1180.98,896,25.1,3.09,377.4,1181.29,0.0,0.86, , 
,1182.50,864,82.5,-0.4,11111111,1181.90,864,26.7,3.09,397.8,1182.19,-0.8,1.45, , 
,1183.45,1024,82.5,2.0,11111111,1182.81,896,28.2,3.09,397.8,1183.14,0.8,1.56, , 
,1184.36,1024,82.5,5.1,11101011,1183.76,1152,22.0,3.09,336.6,1184.07,3.1,1.56, , 
,1185.34,960,82.5,10.5,11101011,1184.68,1024,29.4,4.12,397.8,1185.00,8.2,1.60, , 
,1186.26,1056,82.5,12.1,11101011,1185.64,1024,41.2,6.18,520.2,1185.95,12.5,1.56, , 
,1187.23,1152,82.5,14.8,11101011,1186.58,1088,40.0,5.15,499.8,1186.91,13.7,1.48, , 
,1188.19,1248,82.5,13.3,11101011,1187.53,1184,42.7,6.18,550.8,1187.85,13.7,1.37, , 
,1189.26,1408,82.5,12.9,11101011,1188.51,1312,44.3,6.18,550.8,1188.88,12.5,1.48, , 
,1190.32,1504,82.5,7.8,11101011,1189.67,1440,40.0,6.18,499.8,1189.95,10.9,1.41, , 
,1191.37,1600,82.5,4.3,11101011,1190.68,1536,36.9,5.15,459.0,1191.03,5.5,1.41, , 
,1192.45,1664,82.5,3.5,11101011,1191.72,1632,32.5,4.12,418.2,1192.10,3.5,1.48, , 
,1193.55,1696,82.5,0.4,11101011,1192.79,1664,28.2,3.09,377.4,1193.18,0.8,1.45, , 
,1194.66,1728,82.5,-0.8,11101011,1193.93,1728,26.7,3.09,357.0,1194.29,-0.8,1.48, , 
,1195.74,1760,82.5,-3.1,11101011,1195.02,1760,23.5,3.09,336.6,1195.37,-3.1,1.48, , 
,1196.82,1728,82.5,-5.5,11101011,1196.10,1760,23.5,3.09,336.6,1196.46,-4.7,1.45, , 
,1197.88,1760,82.5,-3.5,11101011,1197.19,1760,20.8,2.06,295.8,1197.53,-6.6,1.45, , 
,1198.99,1696,82.5,-6.3,11101011,1198.23,1696,22.0,2.06,316.2,1198.61,-6.3,1.52, , 
,1200.06,1728,82.5,-3.9,11111111,1199.35,1696,22.0,2.06,316.2,1199.70,-3.9,1.52, , 
,1201.10,1696,82.5,-0.4,11111111,1200.40,1696,22.0,2.06,316.2,1200.76,-1.6,1.56, , 
,1202.19,1600,82.5,3.5,11111111,1201.47,1632,22.0,3.09,316.2,1201.84,1.6,1.56, , 
,1203.32,1504,82.5,6.3,11111111,1202.54,1568,22.0,3.09,316.2,1202.87,5.1,1.52, , 
,1204.38,1440,82.5,5.5,11111111,1203.72,1504,22.0,3.09,316.2,1204.04,7.0,1.45, , 
,1205.36,1376,82.5,2.3,11111111,1204.70,1408,23.5,3.09,336.6,1205.04,3.1,1.37, , 
,1206.28,896,82.5,3.1,11111111,1205.68,1216,23.5,3.09,336.6,1205.96,3.1,1.52, , 
,1207.23,896,82.5,3.9,11111111,1206.61,864,28.2,3.09,397.8,1206.93,3.9,1.52, , 
,1208.15,896,82.5,5.1,11111111,1207.54,896,28.2,3.09,397.8,1207.85,4.7,1.52, , 
,1209.05,896,82.5,6.3,11111111,1208.44,896,28.2,3.09,397.8,1208.74,6.3,1.56, , 
,1209.98,896,82.5,4.3,11111111,1209.38,896,28.2,3.09,397.8,1209.70,7.0,1.52, , 
,1210.90,896,82.5,5.5,11111111,1210.26,896,28.2,3.09,397.8,1210.57,5.1,1.56, , 
,1211.81,896,82.5,6.6,11111111,1211.20,896,28.2,3.09,397.8,1211.50,6.3,1.56, , 
,1212.75,896,82.5,7.0,11111111,1212.13,896,28.2,3.09,397.8,1212.45,7.8,1.56, , 
,1213.71,896,82.5,5.1,11111111,1213.08,896,26.7,3.09,397.8,1213.38,5.9,1.37, , 
,1214.61,704,82.5,5.5,11101011,1214.01,768,28.2,4.12,418.2,1214.30,3.5,1.41, , 
,1215.51,768,82.5,6.6,11111111,1214.89,736,38.4,5.15,520.2,1215.20,8.2,1.52, , 
,1216.40,832,82.5,3.9,11111111,1215.80,800,34.1,5.15,479.4,1216.10,5.5,1.33, , 
,1217.32,896,82.5,1.2,11111111,1216.71,832,32.5,4.12,459.0,1217.02,2.0,1.37, , 
,1218.27,896,82.5,0.0,11111111,1217.63,896,29.4,3.09,418.2,1217.95,-0.4,1.56, , 
,1219.21,928,82.5,1.6,11111111,1218.57,896,29.4,3.09,418.2,1218.90,1.2,1.56, , 
,1220.11,928,82.5,1.6,11111111,1219.51,928,28.2,3.09,397.8,1219.81,1.6,1.48, , 
,1221.04,928,82.5,3.1,11111111,1220.42,896,28.2,3.09,397.8,1220.73,2.3,1.56, , 
,1221.94,896,82.5,3.1,10111111,1221.34,896,28.2,3.09,397.8,1221.63,3.1,1.48, , 
,1222.84,800,82.5,2.7,10111111,1222.24,800,25.1,3.09,377.4,1222.54,2.7,1.48, , 
,1223.70,800,82.5,0.0,10101011,1223.13,768,26.7,3.09,397.8,1223.41,0.8,1.33, , 
,1224.64,1088,82.5,1.6,10101011,1224.02,960,36.9,4.12,499.8,1224.32,2.0,1.56, , 
,1225.58,1088,82.5,-1.2,10111111,1224.94,1152,25.1,3.09,377.4,1225.25,0.0,1.45, , 
,1226.50,864,82.5,-2.3,10111111,1225.90,992,23.5,3.09,357.0,1226.20,-2.0,1.37, , 
,1227.41,896,82.5,-2.3,10111111,1226.81,864,28.2,3.09,397.8,1227.11,-2.3,1.48, , 
,1228.31,896,84.0,-2.0,10111111,1227.69,864,28.2,3.09,418.2,1227.99,-2.3,1.52, , 
,1229.22,896,82.5,-0.8,10111111,1228.60,896,29.4,3.09,418.2,1228.90,-1.2,1.56, , 
,1230.14,896,82.5,0.0,10111111,1229.54,896,29.4,3.09,418.2,1229.84,-0.4,1.52, , 
,1231.05,832,82.5,0.0,10111111,1230.44,896,29.4,3.09,418.2,1230.75,0.0,1.48, , 
,1231.97,768,82.5,0.0,10111111,1231.37,768,26.7,3.09,397.8,1231.68,0.0,1.52, , 
,1232.85,800,82.5,0.4,10111111,1232.28,768,28.2,3.09,418.2,1232.57,0.0,1.52, , 
,1233.77,800,82.5,2.7,10101011,1233.15,800,28.2,3.09,418.2,1233.46,1.2,1.56, , 
,1234.69,992,82.5,5.1,10101011,1234.08,832,31.0,4.12,418.2,1234.37,3.1,1.56, , 
,1235.63,992,82.5,3.5,10101011,1235.01,1024,29.4,4.12,418.2,1235.32,3.9,1.45, , 
,1236.54,736,82.5,5.1,10101011,1235.95,864,31.0,4.12,438.6,1236.28,5.1,1.52, , 
,1237.45,864,82.5,5.1,10111111,1236.83,768,36.9,5.15,499.8,1237.14,6.3,1.52, , 
,1238.41,832,82.5,0.0,10111111,1237.74,832,29.4,4.12,418.2,1238.05,2.0,1.21, , 
,1239.35,896,82.5,-3.9,10111111,1238.75,832,31.0,4.12,438.6,1239.04,-3.1,1.33, , 
,1240.27,896,82.5,-3.9,10111111,1239.65,896,29.4,3.09,418.2,1239.98,-4.3,1.52, , 
,1241.18,896,82.5,-2.3,10111111,1240.59,896,31.0,3.09,418.2,1240.89,-3.1,1.56, , 
,1242.09,864,84.0,-0.8,10111111,1241.48,928,29.4,3.09,418.2,1241.79,-1.2,1.60, , 
,1242.94,800,84.0,-3.1,10111111,1242.37,832,26.7,3.09,397.8,1242.65,-0.4,1.48, , 
,1243.84,768,84.0,-2.7,10111111,1243.26,800,28.2,3.09,418.2,1243.56,-2.7,1.52, , 
,1244.72,800,84.0,-2.3,10111111,1244.13,768,28.2,3.09,418.2,1244.42,-2.7,1.52, , 
,1245.63,800,84.0,-1.6,10111111,1245.03,800,28.2,3.09,418.2,1245.32,-2.0,1.52, , 
,1246.51,768,84.0,-0.4,10111111,1245.93,800,28.2,3.09,418.2,1246.23,-0.8,1.56, , 
,1247.38,800,84.0,0.4,10111111,1246.81,800,28.2,3.09,418.2,1247.09,0.4,1.52, , 
,1248.27,800,84.0,0.8,10111111,1247.68,800,28.2,3.09,418.2,1247.97,0.8,1.52, , 
